procs -----------memory---------- ---swap-- -----io---- -system-- -------cpu-------
 r  b   swpd   free   buff  cache   si   so    bi    bo   in   cs us sy id wa st gu
 4  0 136544 142312336 1658996 38636372    4    6 30913 33098 19906    7  4  1 95  1  0  0
130  0 136544 142214168 1658996 38636444    0    0     0 127008 90825 37633 95  1  4  0  0  0
130  0 136544 142207100 1658996 38636452    0    0     0 220772 149394 33206 98  1  1  0  0  0
129  0 136544 142200484 1658996 38636460    0    0     0 172964 89746 32517 99  1  0  0  0  0
123  0 136544 142188220 1658996 38636468    0    0     0 119300 114640 27589 98  1  1  0  0  0
120  1 136544 142170896 1659000 38636472    0    0     0 68204 87334 22507 99  1  1  0  0  0
63  0 136544 142158128 1659000 38636488    0    0     0 251900 103337 31847 97  1  2  0  0  0
42 13 136544 141761884 1659000 38636500    0    0 261312 55344 389398 869201 40 25 34  1  0  0
41  4 136544 141714484 1659000 38636508    0    0 489296 358468 273042 1484654 45 27 25  2  0  0
55  5 136544 141697148 1659000 38636516    0    0 480320 109172 264019 1475149 44 28 26  2  0  0
48 11 136544 141693832 1659004 38636520    0    0 483360 133140 265473 1481129 45 29 25  2  0  0
45  2 136544 141683296 1659004 38636540    0    0 478384 147884 268152 1483126 44 28 25  2  0  0
63  7 136544 141675700 1659004 38636552    0    0 483264 172760 268570 1481357 45 28 25  2  0  0
80  0 136544 141673564 1659004 38636560    0    0 487824 184208 271482 1479178 45 28 25  2  0  0
70  5 136544 141656432 1659004 38636612    0    0 483056 197400 267447 1467314 45 28 25  2  0  0
45  7 136544 141652972 1659004 38636576    0    0 483632 210820 273664 1472906 45 28 24  2  0  0
52  0 136544 141649308 1659004 38636588    0    0 485648 223144 274477 1477155 45 28 25  2  0  0
59  1 136544 141640568 1659004 38636600    0    0 489664 232160 273234 1475718 45 29 24  2  0  0
41 30 136544 141630172 1659004 38636608    0    0 496992 237388 280930 1479001 45 28 24  2  0  0
86 13 136544 141620688 1659004 38636612    0    0 485824 235004 274681 1466722 45 29 25  2  0  0
73  4 136544 141624088 1659004 38636708    0    0 458480 294076 267255 1395962 42 27 29  2  0  0
procs -----------memory---------- ---swap-- -----io---- -system-- -------cpu-------
 r  b   swpd   free   buff  cache   si   so    bi    bo   in   cs us sy id wa st gu
59  4 136544 141620484 1659004 38636728    0    0 461952 295500 264697 1368925 41 26 30  2  0  0
71  4 136544 141617204 1659004 38636736    0    0 482688 303416 266357 1359337 42 26 30  3  0  0
28  8 136544 141615692 1659012 38636736    0    0 468832 292608 267723 1364231 41 26 30  2  0  0
41  5 136544 141614260 1659012 38636752    0    0 464496 284508 266939 1362591 42 26 29  2  0  0
58  0 136544 141614228 1659012 38636760    0    0 462416 285484 272457 1369737 42 26 29  2  0  0
41  9 136544 141615900 1659012 38636772    0    0 472160 274596 268004 1344925 41 26 31  2  0  0
15  5 136544 141615396 1659012 38636784    0    0 456560 292888 267070 1372176 42 27 29  2  0  0
60 19 136544 141621132 1659020 38636784    0    0 476720 290008 269115 1367517 42 26 29  2  0  0
37  4 136544 141620928 1659020 38636804    0    0 468880 287620 272671 1356244 42 25 30  2  0  0
77  5 136544 141627636 1659020 38636812    0    0 446464 281508 268397 1377800 42 27 29  2  0  0
53  7 136544 141625108 1659020 38636828    0    0 479904 293572 274841 1361527 42 26 29  2  0  0
71  5 136544 141623000 1659020 38636836    0    0 462608 289704 275153 1360114 42 26 30  2  0  0
95  1 136544 141622956 1659028 38636836    0    0 473216 295164 269626 1366963 42 26 29  2  0  0
36  4 136544 141617020 1659028 38636856    0    0 472848 287604 272552 1361151 42 26 30  2  0  0
82  2 136544 141621776 1659028 38636868    0    0 466704 291076 269619 1362806 42 26 30  2  0  0
112  8 136544 141620912 1659028 38636876    0    0 464384 287084 278739 1373567 42 26 29  2  0  0
72  4 136544 141613336 1659028 38636884    0    0 462384 281072 271024 1365440 43 27 29  2  0  0
34  7 136544 141626420 1659032 38636892    0    0 464432 286528 269654 1358963 42 26 29  2  0  0
70  2 136544 141630348 1659032 38636908    0    0 477488 287116 271582 1329648 42 25 31  2  0  0
88 19 136544 141633172 1659032 38636920    0    0 454896 283948 270276 1331461 41 26 31  2  0  0
32  3 136544 141630396 1659032 38636932    0    0 463600 283676 271859 1331304 41 25 31  2  0  0
procs -----------memory---------- ---swap-- -----io---- -system-- -------cpu-------
 r  b   swpd   free   buff  cache   si   so    bi    bo   in   cs us sy id wa st gu
89  2 136544 141631768 1659032 38636944    0    0 471600 279496 270044 1332119 41 25 31  2  0  0
42  4 136544 141631512 1659032 38636952    0    0 457536 284324 273222 1336542 41 26 30  2  0  0
58  1 136544 141634272 1659032 38636960    0    0 464752 288840 269331 1328824 41 26 32  2  0  0
80  5 136544 141628076 1659032 38636972    0    0 453856 279884 273257 1342358 41 26 31  2  0  0
37  8 136544 141626768 1659032 38636980    0    0 456384 285860 270954 1330555 42 26 30  2  0  0
77 12 136544 141615372 1659032 38636996    0    0 464352 276356 267549 1320727 41 25 31  2  0  0
46  9 136544 141612148 1659032 38637008    0    0 463840 286688 270072 1322343 42 25 31  2  0  0
29  8 136544 141617608 1659032 38637020    0    0 461888 285264 269215 1315643 41 26 31  2  0  0
34 28 136544 141610512 1659032 38637028    0    0 461632 284120 272221 1328906 42 26 30  2  0  0
73  9 136544 141607068 1659032 38637036    0    0 469328 298936 273103 1318519 42 25 31  2  0  0
19  5 136544 141609948 1659032 38637048    0    0 467392 291844 271505 1323792 41 25 31  2  0  0
101  9 136544 141604456 1659036 38637052    0    0 478928 295552 270674 1307057 42 25 31  2  0  0
77 24 136544 141610556 1659036 38637060    0    0 464064 282612 270157 1317376 42 25 31  2  0  0
34  2 136544 141611292 1659036 38637072    0    0 463952 285864 273133 1321970 42 26 30  2  0  0
51  1 136544 141617300 1659036 38637080    0    0 457824 280632 269285 1310159 41 25 31  2  0  0
81 12 136544 141622576 1659036 38637096    0    0 475808 283672 275741 1323046 42 25 31  2  0  0
48  0 136544 141624168 1659044 38637096    0    0 465536 283052 268753 1302782 41 25 32  2  0  0
79 21 136544 141630460 1659044 38637116    0    0 455568 286788 271297 1321557 42 26 30  2  0  0
30  4 136544 141631840 1659044 38637124    0    0 480448 287972 275483 1315423 42 25 31  2  0  0
74 15 136544 141630072 1659044 38637132    0    0 469072 296080 270132 1310215 41 25 32  2  0  0
73 13 136544 141632148 1659044 38637144    0    0 475840 272244 273730 1307246 41 26 31  2  0  0
procs -----------memory---------- ---swap-- -----io---- -system-- -------cpu-------
 r  b   swpd   free   buff  cache   si   so    bi    bo   in   cs us sy id wa st gu
78 13 136544 141626772 1659048 38637148    0    0 483264 310000 272596 1312736 42 25 31  3  0  0
42 10 136544 141631780 1659048 38637160    0    0 470448 276264 270163 1315255 42 25 31  2  0  0
55 19 136544 141638572 1659048 38637172    0    0 478688 309248 269974 1305147 41 25 32  2  0  0
60 12 136544 141639764 1659048 38637188    0    0 461392 282596 273846 1320517 41 26 30  2  0  0
51  9 136544 141645656 1659048 38637200    0    0 464272 269816 271069 1322386 42 25 31  2  0  0
37  1 136544 141650444 1659048 38637208    0    0 450272 279788 268568 1315955 42 25 31  2  0  0
121 10 136544 141648376 1659048 38637220    0    0 482224 283212 272027 1303244 41 25 32  3  0  0
72  6 136544 141646548 1659048 38637232    0    0 459376 284452 266594 1285641 41 24 33  2  0  0
 3  0 136544 141643352 1659048 38637236    0    0 453584 263936 268136 1290339 41 25 32  2  0  0
44  9 136544 141643792 1659048 38637248    0    0 475792 292072 274527 1304698 41 25 32  2  0  0
45 10 136544 141634112 1659048 38637260    0    0 467136 289000 267263 1290917 41 25 32  2  0  0
37  1 136544 141625864 1659052 38637268    0    0 463776 286368 272224 1303865 41 25 32  2  0  0
95  3 136544 141630036 1659052 38637276    0    0 463184 280888 270521 1301463 40 25 32  2  0  0
53  7 136544 141629368 1659052 38637288    0    0 468848 284740 269600 1292541 41 24 32  2  0  0
43 22 136544 141629288 1659052 38637296    0    0 465472 289772 267179 1281890 41 25 32  2  0  0
68 24 136544 141634028 1659052 38637312    0    0 466448 282644 266719 1292679 40 25 32  2  0  0
79 13 136544 141631260 1659052 38637324    0    0 476336 298556 271467 1297274 41 25 32  3  0  0
16 10 136544 141644008 1659052 38637400    0    0 468880 288320 271562 1301065 42 25 31  2  0  0
45 13 136544 141647656 1659052 38637408    0    0 461280 282576 269349 1284522 42 24 32  2  0  0
76  2 136544 141648756 1659052 38637416    0    0 459808 303812 271111 1293426 41 25 32  2  0  0
81  6 136544 141645184 1659052 38637432    0    0 468064 297872 270232 1306414 42 25 31  2  0  0
procs -----------memory---------- ---swap-- -----io---- -system-- -------cpu-------
 r  b   swpd   free   buff  cache   si   so    bi    bo   in   cs us sy id wa st gu
85  2 136544 141636972 1659056 38637436    0    0 465648 282216 269194 1295781 42 25 31  2  0  0
35  5 136544 141636976 1659056 38637452    0    0 470336 290320 280461 1281422 41 24 32  2  0  0
29  3 136544 141638056 1659056 38637460    0    0 462032 285604 268830 1287218 41 25 32  2  0  0
51 11 136544 141636140 1659056 38637472    0    0 471504 287012 270481 1292359 41 24 32  2  0  0
78 27 136544 141642096 1659056 38637480    0    0 464592 283592 268482 1296562 41 25 32  2  0  0
41  5 136544 141645844 1659056 38637488    0    0 463264 281208 270160 1295326 41 26 31  2  0  0
29 14 136544 141646464 1659056 38637496    0    0 467936 287556 270415 1300918 41 25 32  2  0  0
23 11 136544 141640728 1659056 38637504    0    0 479968 281592 271982 1305962 42 25 31  2  0  0
56  3 136544 141639492 1659056 38637512    0    0 461648 283548 272073 1293532 40 25 32  2  0  0
97  1 136544 141637816 1659056 38637528    0    0 466768 284648 269943 1292159 42 25 32  2  0  0
118  5 136544 141632388 1659056 38637540    0    0 465536 287644 273440 1289254 41 25 32  2  0  0
35 17 136544 141625792 1659056 38637548    0    0 462032 272404 268970 1302141 41 25 31  2  0  0
35  6 136544 141634572 1659056 38637556    0    0 457552 283780 267377 1287605 41 25 32  2  0  0
81 20 136544 141629740 1659056 38637576    0    0 472736 289252 271990 1293852 42 25 31  2  0  0
55  7 136544 141629796 1659056 38637588    0    0 464496 281672 274885 1302719 41 25 32  2  0  0
55  3 136544 141629200 1659064 38637588    0    0 470800 279288 269369 1286028 41 25 32  2  0  0
63 16 136544 141626480 1659064 38637604    0    0 458560 286352 267401 1286297 40 24 33  2  0  0
44  7 136544 141619420 1659064 38637616    0    0 450800 274160 269663 1296504 41 25 32  2  0  0
55 10 136544 141617740 1659064 38637628    0    0 452256 271240 265876 1284626 40 25 32  2  0  0
49 14 136544 141611652 1659064 38637644    0    0 470048 280688 269195 1286496 41 25 32  2  0  0
77 10 136544 141604936 1659064 38637652    0    0 463712 281420 268608 1287367 41 25 33  2  0  0
procs -----------memory---------- ---swap-- -----io---- -system-- -------cpu-------
 r  b   swpd   free   buff  cache   si   so    bi    bo   in   cs us sy id wa st gu
82 17 136544 141607984 1659072 38637660    0    0 470544 282724 267104 1290582 41 24 33  2  0  0
36  0 136544 141608608 1659072 38637664    0    0 464656 281712 267524 1281400 40 25 33  2  0  0
121 11 136544 141608460 1659072 38637676    0    0 470160 287452 266873 1277593 41 24 33  2  0  0
66 24 136544 141606880 1659072 38637688    0    0 459424 279832 270130 1286628 41 24 33  2  0  0
11  1 136544 141609456 1659072 38637696    0    0 464080 277292 269235 1289435 41 24 33  2  0  0
31  8 136544 141613572 1659080 38637704    0    0 458752 284332 267298 1293210 41 24 33  2  0  0
84  8 136544 141612416 1659080 38637716    0    0 462544 274528 268600 1297156 42 24 32  2  0  0
61 11 136544 141612832 1659080 38637724    0    0 464688 283556 274611 1288889 41 25 32  2  0  0
14  3 136544 141621028 1659080 38637736    0    0 461312 278448 267602 1285816 41 25 32  2  0  0
17  1 136544 141618932 1659080 38637748    0    0 484816 323720 273728 1271179 40 23 33  4  0  0
 5  0 136544 141622656 1659084 38637760    0    0 473584 285288 268762 1278789 40 25 32  2  0  0
 4  0 136544 141624020 1659084 38637768    0    0 472176 287024 269521 1283450 40 25 33  2  0  0
 6  3 136544 141623156 1659084 38637780    0    0 456432 283808 268227 1287882 40 25 32  2  0  0
25  6 136544 141619428 1659084 38637788    0    0 473824 284468 270748 1284017 41 25 32  2  0  0
102 17 136544 141620640 1659084 38637800    0    0 465680 280400 270022 1291933 41 25 32  2  0  0
50  3 136544 141612916 1659088 38637804    0    0 471872 294132 267085 1272938 40 24 33  2  0  0
25 26 136544 141617820 1659088 38637824    0    0 470576 278792 267285 1288078 41 25 32  2  0  0
 5  2 136544 141622456 1659088 38637832    0    0 476960 291404 268496 1271524 41 24 33  2  0  0
 4  1 136544 141622020 1659088 38637836    0    0 455648 283852 266401 1288649 40 25 33  2  0  0
42  5 136544 141625400 1659088 38637848    0    0 477040 278376 272118 1306878 41 24 32  2  0  0
83  9 136544 141620580 1659092 38637856    0    0 472400 285216 269018 1288754 41 25 32  2  0  0
procs -----------memory---------- ---swap-- -----io---- -system-- -------cpu-------
 r  b   swpd   free   buff  cache   si   so    bi    bo   in   cs us sy id wa st gu
 4  0 136544 141618896 1659092 38637868    0    0 463424 285524 270742 1282275 41 24 33  2  0  0
46  9 136544 141614652 1659092 38637876    0    0 464224 276728 267778 1295573 41 25 32  2  0  0
77 12 136544 141608692 1659092 38637884    0    0 456192 288660 267818 1276067 41 24 32  2  0  0
52  4 136544 141608864 1659092 38637900    0    0 480224 281164 268245 1277320 41 24 33  2  0  0
67  3 136544 141603160 1659096 38637908    0    0 467328 286088 267813 1280875 41 24 33  2  0  0
20  2 136544 141607216 1659096 38637924    0    0 452464 272796 269253 1293920 41 25 32  2  0  0
84  4 136544 141596836 1659096 38637932    0    0 460832 278688 273800 1283457 41 24 33  2  0  0
35  8 136544 141599680 1659096 38637940    0    0 470128 288764 271051 1275380 40 23 34  2  0  0
59  1 136544 141599364 1659096 38637956    0    0 470304 283360 271743 1288661 40 25 33  2  0  0
47  7 136544 141595812 1659096 38637968    0    0 470672 289984 275844 1286523 40 24 33  2  0  0
73  5 136544 141590720 1659096 38637976    0    0 479952 277512 274821 1293654 41 24 33  2  0  0
90  6 136544 141587036 1659096 38637984    0    0 470960 285952 274058 1290127 41 24 33  2  0  0
 3  2 136544 141578164 1659096 38637992    0    0 466816 292320 272241 1284823 41 24 33  2  0  0
 4  0 136544 141575672 1659096 38638008    0    0 480528 291640 273404 1277326 40 24 33  2  0  0
68 13 136544 141586464 1659096 38638080    0    0 483264 284940 276141 1292381 41 25 32  2  0  0
94 15 136544 141586588 1659096 38638088    0    0 478416 295036 276292 1278454 41 24 33  2  0  0
75  9 136544 141592444 1659096 38638096    0    0 467376 284124 273042 1290756 41 24 33  2  0  0
31  9 136544 141593540 1659096 38638104    0    0 486464 287240 272643 1281682 41 24 33  2  0  0
67  3 136544 141595828 1659096 38638116    0    0 469072 285792 272127 1293786 41 23 34  2  0  0
16  1 136544 141600140 1659096 38638128    0    0 464144 317956 276985 1299820 41 24 33  2  0  0
15  1 136544 141601192 1659104 38638140    0    0 451440 283204 271819 1285006 41 24 33  2  0  0
procs -----------memory---------- ---swap-- -----io---- -system-- -------cpu-------
 r  b   swpd   free   buff  cache   si   so    bi    bo   in   cs us sy id wa st gu
60  4 136544 141594968 1659104 38638148    0    0 473648 280188 283522 1309567 41 24 32  2  0  0
65  7 136544 141584940 1659104 38638156    0    0 468144 283256 275858 1289032 41 24 33  2  0  0
 3  0 136544 141585748 1659104 38638172    0    0 466720 283808 274855 1289202 41 24 32  2  0  0
52  1 136544 141583156 1659104 38638184    0    0 474000 279812 274340 1291732 40 24 33  2  0  0
56 15 136544 141584260 1659112 38638192    0    0 468656 286524 278610 1303912 41 24 32  3  0  0
33  2 136544 141592452 1659112 38638200    0    0 477440 289556 274624 1295136 41 24 33  2  0  0
 2  1 136544 141592044 1659112 38638212    0    0 465408 285984 271808 1294946 40 24 33  2  0  0
115  3 136544 141586128 1659112 38638220    0    0 481008 281504 273313 1293572 41 23 33  2  0  0
33  3 136544 141588340 1659112 38638232    0    0 476160 289560 273540 1285981 40 25 33  2  0  0
53  0 136544 141594680 1659120 38638236    0    0 492672 292780 275499 1280577 41 24 33  2  0  0
61  9 136544 141592692 1659120 38638248    0    0 474704 299184 272947 1280134 40 24 34  2  0  0
55  3 136544 141587376 1659120 38638260    0    0 493936 293112 275851 1288386 41 24 33  2  0  0
37 13 136544 141590420 1659124 38638272    0    0 468496 285968 271612 1286572 41 24 33  2  0  0
114 15 136544 141585912 1659124 38638284    0    0 490496 294008 272879 1269046 40 24 34  2  0  0
60  4 136544 141585484 1659128 38638292    0    0 483104 287428 273079 1277708 41 23 33  2  0  0
61  4 136544 141576528 1659128 38638304    0    0 488640 292300 272378 1270040 40 24 33  3  0  0
73 22 136544 141573244 1659128 38638316    0    0 487696 287116 273069 1269907 41 24 33  2  0  0
27 12 136544 141572868 1659128 38638324    0    0 489136 293632 272212 1268713 40 24 34  3  0  0
 5  1 136544 141575960 1659128 38638336    0    0 456144 277668 270288 1289408 41 24 33  2  0  0
90 17 136544 141576528 1659132 38638344    0    0 478192 282444 273127 1277622 40 23 34  2  0  0
45  2 136544 141576576 1659132 38638360    0    0 462144 276988 272873 1298955 40 24 33  2  0  0
procs -----------memory---------- ---swap-- -----io---- -system-- -------cpu-------
 r  b   swpd   free   buff  cache   si   so    bi    bo   in   cs us sy id wa st gu
37 22 136544 141580604 1659132 38638372    0    0 473376 300732 272187 1276938 41 23 34  2  0  0
53  0 136544 141583112 1659132 38638380    0    0 484544 286056 279121 1286885 41 24 33  2  0  0
56  2 136544 141578496 1659132 38638392    0    0 472176 284676 274086 1284388 41 24 33  2  0  0
40  1 136544 141579576 1659132 38638400    0    0 479536 293540 273636 1276750 40 24 34  2  0  0
49  2 136544 141580036 1659132 38638408    0    0 473696 282500 273043 1293627 41 24 33  2  0  0
67  6 136544 141589604 1659132 38638420    0    0 476720 294848 274096 1295896 41 24 33  2  0  0
77  5 136544 141588456 1659132 38638428    0    0 471648 289596 273856 1278887 41 24 33  2  0  0
28  1 136544 141592332 1659132 38638436    0    0 478528 288300 274739 1287665 41 23 34  2  0  0
26 19 136544 141591872 1659132 38638448    0    0 464368 282712 272101 1288158 41 23 33  2  0  0
 7  0 136544 141589528 1659132 38638460    0    0 457728 283428 271883 1288602 40 25 33  2  0  0
 5  0 136544 141588084 1659132 38638468    0    0 469872 278220 284056 1310006 41 24 33  2  0  0
 4  2 136544 141588112 1659132 38638476    0    0 459280 286024 274711 1284277 41 23 33  2  0  0
 2  0 136544 141587224 1659132 38638484    0    0 471008 282756 273135 1277182 40 25 33  2  0  0
88  4 136544 141588900 1659136 38638496    0    0 474032 283364 273674 1293067 41 24 33  2  0  0
61  2 136544 141586940 1659136 38638508    0    0 462848 280468 279520 1302289 40 24 33  2  0  0
73  0 136544 141591656 1659136 38638516    0    0 489264 294996 276024 1276874 41 24 32  2  0  0
12  4 136544 141592708 1659136 38638524    0    0 484960 297496 275409 1272809 41 23 34  2  0  0
 3  1 136544 141586768 1659136 38638532    0    0 470272 286128 272210 1285821 41 24 33  2  0  0
 4  0 136544 141585104 1659136 38638548    0    0 467296 291636 277473 1291017 41 24 33  2  0  0
71  4 136544 141590940 1659140 38638560    0    0 465184 277208 276525 1303486 41 24 33  2  0  0
12  3 136544 141592600 1659140 38638568    0    0 482960 296692 276812 1284070 40 24 33  2  0  0
procs -----------memory---------- ---swap-- -----io---- -system-- -------cpu-------
 r  b   swpd   free   buff  cache   si   so    bi    bo   in   cs us sy id wa st gu
65 30 136544 141589736 1659140 38638576    0    0 474032 288200 271268 1281167 41 23 34  2  0  0
10  1 136544 141584236 1659144 38638584    0    0 463312 283312 272749 1295037 40 24 33  2  0  0
27  3 136544 141576412 1659144 38638600    0    0 470784 283416 273040 1297431 41 24 33  2  0  0
 4  0 136544 141579332 1659152 38638604    0    0 464688 285116 272088 1275344 40 24 34  2  0  0
 4  0 136544 141580016 1659152 38638616    0    0 470672 288160 272614 1277753 41 23 34  2  0  0
16  0 136544 141582808 1659152 38638628    0    0 463344 283588 271594 1277848 40 24 34  2  0  0
 4  2 136544 141585868 1659160 38638644    0    0 466656 282460 277369 1292521 41 24 33  2  0  0
49  5 136544 141586824 1659160 38638660    0    0 464944 281432 274947 1288723 41 24 33  2  0  0
38 16 136544 141579492 1659160 38638668    0    0 478656 318504 274950 1284839 41 24 33  2  0  0
10  1 136544 141577696 1659160 38638680    0    0 483552 291788 273185 1274787 41 23 33  2  0  0
73  0 136544 141585140 1659160 38638688    0    0 482144 300148 276435 1278265 40 23 34  2  0  0
 4  1 136544 141584236 1659164 38638764    0    0 487264 289608 276358 1285212 41 24 33  2  0  0
63 11 136544 141582624 1659164 38638780    0    0 482320 297316 273534 1274778 41 23 33  2  0  0
31 24 136544 141578176 1659164 38638788    0    0 484880 281976 275211 1286925 41 24 32  2  0  0
38  6 136544 141576476 1659164 38638796    0    0 485168 299232 273530 1269168 41 23 33  3  0  0
33  0 136544 141583960 1659164 38638804    0    0 480528 298196 272703 1275476 41 24 33  2  0  0
 8  7 136544 141579352 1659164 38638820    0    0 485600 297020 277421 1287388 40 24 33  2  0  0
19 17 136544 141574320 1659164 38638832    0    0 493520 292564 274087 1281908 41 24 33  2  0  0
48  5 136544 141579508 1659164 38638840    0    0 473936 293988 278570 1283738 40 24 33  2  0  0
30 20 136544 141582312 1659164 38638848    0    0 485168 285928 273598 1289022 41 24 33  2  0  0
 2  1 136544 141579928 1659164 38638852    0    0 471200 299196 271231 1265075 40 24 34  2  0  0
procs -----------memory---------- ---swap-- -----io---- -system-- -------cpu-------
 r  b   swpd   free   buff  cache   si   so    bi    bo   in   cs us sy id wa st gu
26 21 136544 141580988 1659164 38638864    0    0 474688 276696 273562 1295400 41 24 32  2  0  0
91 14 136544 141581528 1659164 38638876    0    0 486896 301104 274809 1263752 40 24 33  2  0  0
 5  0 136544 141586620 1659168 38638880    0    0 463296 277464 273493 1290732 41 24 33  2  0  0
30 21 136544 141589080 1659168 38638896    0    0 484512 288108 274142 1282705 41 23 34  2  0  0
10  8 136544 141584384 1659168 38638904    0    0 470576 287036 275784 1283822 40 24 33  2  0  0
 3  1 136544 141585404 1659168 38638916    0    0 481104 292776 273241 1274579 41 23 33  2  0  0
33 28 136544 141587180 1659168 38638924    0    0 477200 284356 274873 1282236 40 24 33  2  0  0
58  1 136544 141586220 1659176 38638928    0    0 468608 288492 273129 1294577 41 23 33  2  0  0
37 10 136544 141587932 1659176 38638944    0    0 490976 294624 272443 1275239 41 24 33  3  0  0
34 19 136544 141585160 1659176 38638956    0    0 487952 297176 272741 1264954 40 23 34  3  0  0
 5  0 136544 141584408 1659180 38638960    0    0 468496 289764 271377 1273832 40 24 34  2  0  0
32 21 136544 141583140 1659180 38638972    0    0 481168 283972 273818 1285206 41 24 33  2  0  0
37  0 136544 141583196 1659184 38638980    0    0 497072 306368 278719 1267047 39 24 34  3  0  0
 3  0 136544 141582604 1659184 38638996    0    0 463232 292700 270950 1278694 40 24 34  2  0  0
 4  0 136544 141585556 1659184 38639008    0    0 474224 277976 278154 1295070 40 25 33  2  0  0
 5  1 136544 141582932 1659184 38639020    0    0 472544 289192 274350 1278531 40 24 34  2  0  0
26  4 136544 141575464 1659184 38639028    0    0 475840 279696 278010 1289256 40 24 33  2  0  0
39  4 136544 141568840 1659184 38639036    0    0 489184 311940 277987 1281711 41 23 33  3  0  0
47 13 136544 141563912 1659188 38639044    0    0 468624 309144 269207 1267480 40 23 34  3  0  0
37  1 136544 141560628 1659188 38639056    0    0 483616 296764 275603 1273788 40 23 34  3  0  0
59  7 136544 141562472 1659188 38639068    0    0 490032 287648 274313 1290055 41 24 33  3  0  0
procs -----------memory---------- ---swap-- -----io---- -system-- -------cpu-------
 r  b   swpd   free   buff  cache   si   so    bi    bo   in   cs us sy id wa st gu
68  1 136544 141561064 1659188 38639076    0    0 469136 291612 276691 1277618 40 23 34  2  0  0
 7  2 136544 141555232 1659188 38639092    0    0 477120 285380 272111 1287293 41 24 33  2  0  0
46  5 136544 141557012 1659196 38639104    0    0 480400 291276 270430 1276540 41 24 33  2  0  0
 5  0 136544 141560580 1659196 38639116    0    0 474752 288420 273621 1281342 40 24 33  2  0  0
38  6 136544 141561912 1659196 38639124    0    0 488448 299108 270488 1261491 40 23 35  3  0  0
 9  1 136544 141566768 1659196 38639132    0    0 477360 290592 270873 1279355 40 24 34  2  0  0
82 12 136544 141567992 1659196 38639144    0    0 480944 286116 276095 1285438 41 24 32  2  0  0
20 14 136544 141565492 1659204 38639152    0    0 466080 285576 270477 1271273 40 24 34  2  0  0
85 12 136544 141569068 1659204 38639164    0    0 487968 289108 273447 1275596 40 24 33  3  0  0
76  3 136544 141576200 1659204 38639172    0    0 473776 281968 271267 1283264 40 24 33  2  0  0
67 16 136544 141568560 1659204 38639184    0    0 471968 292948 275625 1279825 40 23 34  2  0  0
54  5 136544 141569028 1659204 38639196    0    0 462224 275352 272702 1294476 40 25 33  2  0  0
102 22 136544 141566724 1659208 38639208    0    0 458928 286108 273582 1285567 40 24 33  2  0  0
85  1 136544 141564240 1659208 38639212    0    0 473904 283268 272699 1289085 41 24 33  2  0  0
46 17 136544 141566880 1659208 38639224    0    0 477936 293584 275814 1274272 40 23 34  2  0  0
74  2 136544 141568596 1659208 38639232    0    0 486384 291924 273994 1281523 41 24 33  3  0  0
44  1 136544 141571096 1659208 38639248    0    0 481696 285928 274680 1290036 40 24 33  2  0  0
45  8 136544 141573436 1659216 38639248    0    0 472096 292512 273062 1272972 40 24 34  2  0  0
73  1 136544 141568076 1659216 38639264    0    0 470544 284508 272161 1283000 40 24 33  2  0  0
 5  1 136544 141569236 1659216 38639276    0    0 465264 289236 277886 1280971 40 24 34  2  0  0
87  2 136544 141564248 1659216 38639284    0    0 466160 279920 273153 1289980 40 24 34  2  0  0
procs -----------memory---------- ---swap-- -----io---- -system-- -------cpu-------
 r  b   swpd   free   buff  cache   si   so    bi    bo   in   cs us sy id wa st gu
73  4 136544 141572472 1659216 38639292    0    0 479536 289540 272450 1275159 40 24 34  2  0  0
103  8 136544 141571832 1659216 38639308    0    0 487312 289300 273770 1282989 41 24 33  3  0  0
102  5 136544 141571200 1659216 38639316    0    0 473424 289920 275564 1284561 41 23 34  2  0  0
36  2 136544 141565636 1659216 38639324    0    0 473984 289964 276370 1282418 41 24 33  2  0  0
91  6 136544 141564716 1659216 38639336    0    0 477168 283144 273191 1291975 40 24 33  3  0  0
57  7 136544 141563456 1659216 38639348    0    0 483184 294168 272540 1269168 40 23 34  2  0  0
54  2 136544 141555552 1659216 38639360    0    0 493520 320776 271434 1259197 40 23 34  3  0  0
 4  0 136544 141552596 1659216 38639368    0    0 480016 291440 272562 1272393 40 24 34  3  0  0
113 15 136544 141555516 1659216 38639448    0    0 460224 282292 268575 1265359 40 24 34  2  0  0
 4  2 136544 141558896 1659216 38639452    0    0 476144 291744 269551 1262209 40 23 35  2  0  0
67  1 136544 141566092 1659216 38639468    0    0 495072 298084 273171 1271032 40 23 34  3  0  0
25  0 136544 141565572 1659216 38639480    0    0 479072 287032 274524 1281406 40 23 34  2  0  0
54  4 136544 141564932 1659216 38639488    0    0 483280 284680 273504 1278660 40 24 33  3  0  0
65  3 136544 141563136 1659216 38639496    0    0 454736 279912 274605 1299007 41 24 33  2  0  0
78  2 136544 141570780 1659216 38639504    0    0 460784 278928 271164 1276222 40 24 33  2  0  0
23  0 136544 141572668 1659216 38639516    0    0 476992 282980 273526 1288572 41 24 33  2  0  0
41  1 136544 141581256 1659220 38639528    0    0 473264 296472 271593 1261475 39 24 34  2  0  0
85  9 136544 141574532 1659220 38639540    0    0 479232 285376 276314 1274965 40 23 34  2  0  0
56  5 136544 141571816 1659220 38639548    0    0 474928 287216 273820 1282206 40 24 33  2  0  0
13  0 136544 141576556 1659220 38639560    0    0 468240 278988 273012 1272333 41 23 33  2  0  0
90 16 136544 141569452 1659220 38639568    0    0 487040 301120 273818 1267820 41 24 33  3  0  0
procs -----------memory---------- ---swap-- -----io---- -system-- -------cpu-------
 r  b   swpd   free   buff  cache   si   so    bi    bo   in   cs us sy id wa st gu
37  2 136544 141564128 1659228 38639572    0    0 484048 284452 272387 1288342 41 24 33  3  0  0
61  3 136544 141563088 1659228 38639592    0    0 480256 297016 274825 1279347 40 24 34  2  0  0
51 14 136544 141563740 1659228 38639600    0    0 465008 278460 271546 1287419 41 24 34  2  0  0
84  4 136544 141567736 1659228 38639612    0    0 483840 290384 278645 1298592 41 24 33  2  0  0
 4  1 136544 141566016 1659228 38639620    0    0 472464 296088 271330 1263897 40 23 34  3  0  0
59  2 136544 141560696 1659228 38639632    0    0 497232 289428 274767 1278782 41 23 33  3  0  0
67  5 136544 141564868 1659232 38639640    0    0 475472 284196 271648 1274256 40 24 34  2  0  0
74  4 136544 141557620 1659232 38639648    0    0 474048 291952 278429 1302254 42 23 33  2  0  0
 4  1 136544 141564452 1659232 38639660    0    0 476144 287892 272410 1265312 41 23 33  3  0  0
44 10 136544 141557276 1659232 38639668    0    0 484880 289900 277786 1286528 41 24 33  3  0  0
 5  2 136544 141561532 1659232 38639680    0    0 461760 284192 271773 1273638 40 24 33  2  0  0
81  1 136544 141559444 1659236 38639688    0    0 486864 289172 272417 1270285 40 24 34  3  0  0
74  1 136544 141563456 1659236 38639700    0    0 477376 285440 273456 1279611 41 23 33  2  0  0
67  9 136544 141554768 1659236 38639708    0    0 464784 287008 275281 1287706 41 24 33  2  0  0
96  3 136544 141554860 1659236 38639720    0    0 465904 283056 271764 1261698 40 24 34  2  0  0
50  6 136544 141559444 1659236 38639728    0    0 488512 286500 280086 1289356 41 24 33  3  0  0
80 25 136544 141555396 1659248 38639732    0    0 478816 318292 270463 1255449 40 23 34  3  0  0
46  0 136544 141550224 1659248 38639756    0    0 479680 299916 276803 1280293 40 24 33  2  0  0
99 17 136544 141552220 1659248 38639764    0    0 469216 288416 270395 1256847 40 24 34  2  0  0
79  9 136544 141553452 1659248 38639772    0    0 479488 281492 274141 1284276 41 24 33  2  0  0
 7  0 136544 141547852 1659248 38639780    0    0 460608 283364 272544 1278812 40 24 33  2  0  0
procs -----------memory---------- ---swap-- -----io---- -system-- -------cpu-------
 r  b   swpd   free   buff  cache   si   so    bi    bo   in   cs us sy id wa st gu
31  0 136544 141541960 1659252 38639796    0    0 480688 285428 274049 1286180 41 23 33  2  0  0
53 19 136544 141538632 1659252 38639812    0    0 459936 275700 274954 1287171 40 25 32  2  0  0
 5  0 136544 141542776 1659252 38639816    0    0 472624 287636 274233 1279094 40 24 33  2  0  0
94  9 136544 141546032 1659252 38639828    0    0 480816 285376 272204 1279999 40 24 34  2  0  0
 4  0 136544 141544248 1659252 38639836    0    0 471008 286280 272408 1275754 41 24 33  2  0  0
39  4 136544 141549968 1659252 38639848    0    0 478848 287424 279382 1290040 40 24 34  2  0  0
46  4 136544 141553560 1659252 38639860    0    0 482096 289504 271138 1277361 40 24 33  3  0  0
44  3 136544 141554632 1659252 38639868    0    0 474544 285620 275336 1283900 41 24 33  2  0  0
86  8 136544 141565216 1659252 38639876    0    0 482688 291356 272550 1280053 41 24 33  3  0  0
50  8 136544 141565836 1659252 38639884    0    0 474624 286684 270403 1269252 40 24 34  2  0  0
62 14 136544 141566288 1659260 38639892    0    0 471440 290668 270023 1275012 40 24 34  3  0  0
47  4 136544 141569912 1659260 38639912    0    0 479344 290204 272440 1287770 41 24 33  2  0  0
86  5 136544 141568608 1659260 38639920    0    0 468416 288212 270402 1269654 39 24 34  2  0  0
67 13 136544 141564888 1659260 38639928    0    0 481424 286464 274885 1270702 41 23 33  2  0  0
37  9 136544 141559940 1659260 38639936    0    0 478000 286896 272224 1278214 40 24 34  2  0  0
43 16 136544 141555976 1659260 38639952    0    0 487840 290620 272757 1274259 40 24 33  3  0  0
65  8 136544 141560624 1659260 38639960    0    0 472688 294748 270332 1254785 39 23 35  2  0  0
102  2 136544 141562640 1659260 38639968    0    0 486320 286256 274268 1284763 40 24 33  3  0  0
121 11 136544 141566964 1659260 38639980    0    0 471312 287880 271368 1266710 40 24 34  2  0  0
80  1 136544 141571088 1659268 38639988    0    0 463488 284068 271386 1293782 41 25 32  2  0  0
24  3 136544 141574096 1659268 38640012    0    0 475776 293740 274511 1278748 41 24 33  2  0  0
procs -----------memory---------- ---swap-- -----io---- -system-- -------cpu-------
 r  b   swpd   free   buff  cache   si   so    bi    bo   in   cs us sy id wa st gu
54  7 136544 141572664 1659268 38640024    0    0 472000 283932 273899 1283082 41 23 34  2  0  0
51  4 136544 141574428 1659268 38640032    0    0 469856 281748 273640 1277943 40 24 33  2  0  0
61 17 136544 141574900 1659268 38640040    0    0 471440 292848 272761 1284959 40 24 34  2  0  0
 4  0 136544 141563668 1659272 38640052    0    0 470496 285428 276537 1283487 41 23 34  2  0  0
89 13 136544 141565376 1659272 38640064    0    0 482480 305020 271534 1274580 41 24 33  2  0  0
33  2 136544 141565088 1659272 38640160    0    0 485760 301040 271344 1272123 40 23 34  3  0  0
63 17 136544 141564844 1659272 38640168    0    0 470032 287512 270718 1268592 41 23 33  2  0  0
114  6 136544 141562096 1659272 38640176    0    0 472384 290892 278667 1300888 41 24 32  2  0  0
81 10 136544 141557520 1659276 38640188    0    0 480048 289808 269853 1267329 40 23 34  3  0  0
79  5 136544 141551888 1659276 38640200    0    0 487344 291036 280268 1279328 40 24 33  2  0  0
57  2 136544 141560280 1659276 38640212    0    0 478624 293600 270479 1268710 40 23 34  3  0  0
53 12 136544 141554000 1659276 38640224    0    0 484288 293596 271520 1267793 40 24 34  3  0  0
 6  1 136544 141554180 1659276 38640232    0    0 487840 290360 274075 1280032 41 24 33  3  0  0
81  2 136544 141550060 1659276 38640244    0    0 495712 295140 271253 1264642 40 23 34  3  0  0
43 10 136544 141549388 1659276 38640252    0    0 465680 278696 273642 1287920 40 24 33  2  0  0
100  4 136544 141544300 1659276 38640260    0    0 483520 284924 274124 1292717 41 24 33  3  0  0
49  1 136544 141543440 1659276 38640268    0    0 468816 299332 273601 1271317 40 23 35  2  0  0
63  2 136544 141548876 1659276 38640276    0    0 471760 283476 273903 1284371 40 24 33  2  0  0
76 16 136544 141541236 1659284 38640284    0    0 476816 293068 273473 1271203 40 23 34  3  0  0
61  4 136544 141541416 1659284 38640300    0    0 472192 286616 273197 1275011 41 24 34  2  0  0
 4  0 136544 141536420 1659284 38640312    0    0 473184 286464 275210 1268122 41 23 34  2  0  0
procs -----------memory---------- ---swap-- -----io---- -system-- -------cpu-------
 r  b   swpd   free   buff  cache   si   so    bi    bo   in   cs us sy id wa st gu
62  4 136544 141536516 1659284 38640320    0    0 459984 278156 270748 1287630 40 25 33  2  0  0
61  3 136544 141533796 1659284 38640332    0    0 489392 287948 274631 1276507 41 24 33  2  0  0
75  4 136544 141535560 1659284 38640340    0    0 472224 293736 271441 1266490 40 23 34  2  0  0
93  2 136544 141537488 1659284 38640348    0    0 487664 287816 274339 1275702 40 24 33  3  0  0
96  5 136544 141537696 1659284 38640360    0    0 467968 285112 272251 1282397 41 24 33  2  0  0
41  0 136544 141537468 1659284 38640368    0    0 481792 289524 279129 1282582 40 24 33  3  0  0
42  4 136544 141536224 1659284 38640384    0    0 458096 286336 271197 1267002 40 24 34  2  0  0
82  3 136544 141536624 1659292 38640388    0    0 484016 287724 275384 1277913 40 24 33  3  0  0
47  3 136544 141536288 1659292 38640404    0    0 490752 299428 272207 1263611 40 23 35  3  0  0
40  8 136544 141544812 1659292 38640416    0    0 488336 293868 277961 1279309 41 23 33  3  0  0
63  2 136544 141545924 1659292 38640424    0    0 478128 288000 270180 1264453 40 23 34  3  0  0
69 12 136544 141545112 1659292 38640436    0    0 479792 284596 274426 1274581 41 23 33  2  0  0
49  2 136544 141545988 1659296 38640436    0    0 461504 283592 273955 1278216 40 24 33  2  0  0
55  4 136544 141545228 1659296 38640448    0    0 479712 285896 274375 1280943 40 24 33  2  0  0
70  5 136544 141546096 1659296 38640460    0    0 468304 331288 275095 1262853 40 23 34  3  0  0
38  6 136544 141547672 1659296 38640476    0    0 477904 279584 275655 1294881 41 25 32  2  0  0
52 10 136544 141552736 1659296 38640488    0    0 484128 292820 271741 1267926 40 24 33  3  0  0
58  3 136544 141555576 1659296 38640500    0    0 465840 291232 269340 1269353 40 23 34  2  0  0
47  1 136544 141551976 1659304 38640508    0    0 486864 284864 272763 1274169 40 23 34  2  0  0
72  7 136544 141550936 1659304 38640520    0    0 483072 284372 272734 1273960 40 23 34  2  0  0
70  9 136544 141551244 1659304 38640532    0    0 466320 282704 271873 1285321 40 24 33  2  0  0
procs -----------memory---------- ---swap-- -----io---- -system-- -------cpu-------
 r  b   swpd   free   buff  cache   si   so    bi    bo   in   cs us sy id wa st gu
61 11 136544 141543236 1659304 38640540    0    0 487168 298116 273424 1280557 41 24 33  3  0  0
38  5 136544 141547044 1659304 38640552    0    0 476448 296196 269305 1251304 40 23 34  2  0  0
46  2 136544 141550904 1659308 38640556    0    0 480368 282676 273115 1278724 40 23 34  3  0  0
 3  1 136544 141546340 1659308 38640572    0    0 478672 296524 281116 1295941 40 23 34  3  0  0
61  7 136544 141553804 1659308 38640588    0    0 486912 283836 271575 1278870 40 24 33  3  0  0
68  3 136544 141549460 1659308 38640596    0    0 500592 307348 281115 1281985 40 23 34  3  0  0
71  5 136544 141553488 1659308 38640604    0    0 476864 287340 272217 1276098 41 24 33  3  0  0
54 24 136544 141558252 1659316 38640604    0    0 478000 291748 279680 1277350 40 23 34  3  0  0
19  8 136544 141557864 1659316 38640616    0    0 472656 285168 272619 1273860 40 23 34  2  0  0
75 13 136544 141556528 1659316 38640632    0    0 475824 280868 274743 1291191 41 24 33  2  0  0
85  9 136544 141556236 1659316 38640640    0    0 481664 292000 278999 1289379 41 24 33  2  0  0
79  7 136544 141550200 1659316 38640648    0    0 473440 286228 271310 1272158 40 24 34  2  0  0
59 34 136544 141553792 1659320 38640652    0    0 463104 286464 269213 1271372 40 24 34  2  0  0
31  1 136544 141550812 1659320 38640672    0    0 478720 285664 280324 1296558 40 24 33  2  0  0
100  6 136544 141548056 1659320 38640684    0    0 481824 286852 274916 1278027 40 24 33  3  0  0
85 21 136544 141539936 1659320 38640692    0    0 469456 286816 273031 1270912 40 24 33  2  0  0
 4  2 136544 141536748 1659320 38640700    0    0 473472 286848 272705 1270832 41 24 33  2  0  0
54 22 136544 141531096 1659320 38640708    0    0 494048 298504 274858 1254720 40 23 34  3  0  0
61 18 136544 141533928 1659320 38640720    0    0 470448 279112 272834 1271627 41 24 33  2  0  0
57  1 136544 141539180 1659320 38640732    0    0 472352 288752 274117 1287946 41 24 33  2  0  0
67  9 136544 141536984 1659320 38640740    0    0 469200 282328 269740 1269495 41 23 34  2  0  0
procs -----------memory---------- ---swap-- -----io---- -system-- -------cpu-------
 r  b   swpd   free   buff  cache   si   so    bi    bo   in   cs us sy id wa st gu
41  7 136544 141528756 1659320 38640748    0    0 462336 270428 273241 1298969 40 24 33  2  0  0
 5  4 136544 141534120 1659324 38640756    0    0 468224 290224 273499 1289561 41 24 33  2  0  0
55  4 136544 141540424 1659324 38640840    0    0 495984 314096 272724 1251567 40 23 34  3  0  0
 7  2 136544 141541460 1659324 38640852    0    0 481808 313964 272659 1268691 40 23 33  3  0  0
41  2 136544 141538576 1659324 38640856    0    0 501008 296028 272938 1268532 40 24 34  3  0  0
40  1 136544 141534580 1659324 38640864    0    0 492208 283756 278505 1275659 41 24 33  2  0  0
87  7 136544 141537324 1659324 38640880    0    0 483664 296556 275005 1284965 41 24 33  2  0  0
31  1 136544 141543572 1659324 38640888    0    0 473600 293244 272883 1286452 41 24 33  2  0  0
55 15 136544 141544244 1659324 38640900    0    0 467600 283576 271686 1278602 40 24 33  2  0  0
34  5 136544 141547160 1659324 38640908    0    0 480864 298920 281005 1281752 41 24 33  2  0  0
 5  0 136544 141542764 1659324 38640920    0    0 464560 284236 271022 1267559 40 24 34  2  0  0
22  5 136544 141550628 1659324 38640932    0    0 484032 286516 272377 1283488 41 24 33  3  0  0
62  1 136544 141553036 1659328 38640948    0    0 486128 286368 273842 1273871 41 24 33  3  0  0
100  9 136544 141554808 1659328 38640960    0    0 480448 286100 271657 1273232 40 24 33  3  0  0
94  8 136544 141549036 1659328 38640968    0    0 486480 289912 270285 1259001 40 23 34  3  0  0
47  5 136544 141553672 1659328 38640980    0    0 459408 294552 274217 1285333 40 24 34  2  0  0
84  1 136544 141547052 1659328 38640992    0    0 463200 276912 270840 1281077 41 24 33  2  0  0
18  6 136544 141543540 1659332 38641000    0    0 465248 283968 271255 1262351 40 23 34  2  0  0
34 14 136544 141535076 1659332 38641008    0    0 472208 285356 270429 1273585 40 24 34  3  0  0
 5  1 136544 141530348 1659332 38641024    0    0 490096 292132 276114 1264714 40 23 34  2  0  0
108 12 136544 141539240 1659332 38641036    0    0 472096 281224 272914 1287630 41 24 33  2  0  0
procs -----------memory---------- ---swap-- -----io---- -system-- -------cpu-------
 r  b   swpd   free   buff  cache   si   so    bi    bo   in   cs us sy id wa st gu
67 11 136544 141533256 1659332 38641040    0    0 472800 292600 277682 1274367 40 24 34  2  0  0
 3  0 136544 141534776 1659332 38641048    0    0 471664 278504 271307 1282652 40 24 33  2  0  0
 5  1 136544 141535408 1659332 38641056    0    0 484560 292956 275650 1276936 41 23 34  3  0  0
72  1 136544 141535764 1659332 38641068    0    0 478480 293704 271881 1262760 40 24 34  2  0  0
23  4 136544 141537764 1659332 38641080    0    0 471488 280876 277377 1288432 41 24 33  2  0  0
97 12 136544 141532620 1659332 38641088    0    0 472640 287632 270033 1264921 40 24 34  2  0  0
 5  3 136544 141526432 1659336 38641092    0    0 478368 293732 275268 1270659 41 24 33  3  0  0
70  2 136544 141523388 1659336 38641104    0    0 478176 285308 273095 1279660 41 24 33  2  0  0
51  2 136544 141519828 1659336 38641120    0    0 487280 292720 271687 1261001 40 24 33  3  0  0
41  2 136544 141518644 1659336 38641132    0    0 482384 288204 271408 1258193 40 24 33  3  0  0
67  2 136544 141524520 1659336 38641140    0    0 500608 316148 272052 1251249 40 24 33  3  0  0
72  2 136544 141520020 1659340 38641144    0    0 490944 299808 270922 1248589 40 23 34  3  0  0
39  3 136544 141517556 1659340 38641156    0    0 492112 290608 272586 1260785 40 23 34  2  0  0
22 15 136544 141521172 1659340 38641172    0    0 459520 282504 272194 1272983 41 24 33  2  0  0
 8  0 136544 141524720 1659340 38641180    0    0 467200 292696 270315 1259456 40 24 34  2  0  0
84  2 136544 141523732 1659340 38641188    0    0 480688 283160 271499 1272247 41 23 34  2  0  0
87 10 136544 141526304 1659348 38641192    0    0 485664 287156 271761 1270897 41 23 34  3  0  0
50  3 136544 141526728 1659348 38641212    0    0 483776 275344 272362 1271349 40 24 33  2  0  0
91 17 136544 141529112 1659348 38641224    0    0 494000 277236 271291 1266651 41 23 34  3  0  0
44  5 136544 141530972 1659348 38641232    0    0 488560 287496 273300 1272936 40 24 33  3  0  0
94  0 136544 141530524 1659348 38641240    0    0 481616 288564 271406 1271596 41 24 33  3  0  0
procs -----------memory---------- ---swap-- -----io---- -system-- -------cpu-------
 r  b   swpd   free   buff  cache   si   so    bi    bo   in   cs us sy id wa st gu
38  6 136544 141537976 1659356 38641240    0    0 480208 277400 272188 1278339 40 25 33  3  0  0
114  6 136544 141541308 1659356 38641256    0    0 468592 276212 273591 1279756 40 25 33  2  0  0
63  9 136544 141543460 1659356 38641276    0    0 478224 285564 278875 1281591 40 24 33  3  0  0
 4  0 136544 141544800 1659356 38641284    0    0 465184 274304 273834 1280953 40 25 33  2  0  0
103  5 136544 141542428 1659356 38641292    0    0 476304 278208 272890 1282290 41 24 33  2  0  0
84  5 136544 141538216 1659364 38641296    0    0 473808 288832 271285 1263594 40 24 34  2  0  0
 4  1 136544 141534812 1659364 38641312    0    0 461472 289144 271774 1273529 40 25 33  2  0  0
53  0 136544 141537980 1659364 38641324    0    0 490464 297460 271674 1260208 41 24 33  3  0  0
97  5 136544 141544208 1659364 38641336    0    0 470864 291776 275072 1273079 41 24 33  2  0  0
67  2 136544 141539124 1659364 38641348    0    0 471328 296708 271343 1271148 40 24 33  2  0  0
45  1 136544 141534856 1659372 38641348    0    0 480752 306340 268832 1253971 40 23 34  3  0  0
10  0 136544 141534336 1659372 38641364    0    0 476608 291180 275749 1273833 41 24 33  2  0  0
42  4 136544 141530644 1659372 38641376    0    0 465424 293172 270322 1271096 40 24 33  3  0  0
72  7 136544 141534432 1659372 38641388    0    0 470352 283668 273690 1278653 40 25 32  3  0  0
45  2 136544 141529688 1659372 38641396    0    0 485776 285692 272610 1268017 40 24 33  3  0  0
100  5 136544 141530988 1659376 38641400    0    0 494016 297640 271503 1247391 40 24 33  3  0  0
 4  1 136544 141531440 1659376 38641416    0    0 481920 293948 272663 1262208 40 23 33  3  0  0
15 14 136544 141533780 1659376 38641424    0    0 494208 296820 277751 1268903 41 24 33  3  0  0
50  2 136544 141533872 1659376 38641436    0    0 463696 278460 269139 1276580 40 25 33  3  0  0
 4  0 136544 141543700 1659376 38641444    0    0 476544 290348 271455 1263878 40 24 33  3  0  0
39  8 136544 141540328 1659376 38641516    0    0 471664 307384 271102 1275194 40 24 33  3  0  0
procs -----------memory---------- ---swap-- -----io---- -system-- -------cpu-------
 r  b   swpd   free   buff  cache   si   so    bi    bo   in   cs us sy id wa st gu
63 11 136544 141543000 1659388 38641528    0    0 489712 289488 272623 1269330 40 24 33  3  0  0
65  7 136544 141536276 1659388 38641540    0    0 492256 291028 271108 1275642 41 24 32  3  0  0
47  6 136544 141533472 1659388 38641552    0    0 489056 291104 271296 1270471 41 24 32  3  0  0
84  3 136544 141534272 1659388 38641564    0    0 471344 291756 271188 1278934 40 24 33  3  0  0
37  9 136544 141535328 1659388 38641572    0    0 474736 291252 267853 1262864 40 23 34  3  0  0
67  7 136544 141536988 1659392 38641584    0    0 460208 283496 272880 1281348 40 24 33  2  0  0
105  3 136544 141534960 1659392 38641592    0    0 481408 284144 278738 1288697 41 24 33  3  0  0
28  5 136544 141535912 1659392 38641608    0    0 469488 288236 270553 1268196 40 25 33  3  0  0
 5  0 136544 141539304 1659392 38641616    0    0 482816 290868 272577 1267077 40 24 33  2  0  0
40  7 136544 141528448 1659400 38641620    0    0 455616 281148 268203 1274129 40 24 33  2  0  0
17  2 136544 141523928 1659408 38641668    0    0 474384 294848 272591 1257273 40 23 34  2  0  0
 2  0 136544 141526048 1659408 38641688    0    0 478880 288044 272351 1269451 40 24 33  3  0  0
61  0 136544 141522336 1659408 38641700    0    0 476912 285260 274405 1284064 41 24 32  2  0  0
91 18 136544 141532664 1659408 38641712    0    0 463552 284644 271036 1267975 40 24 33  2  0  0
54 12 136544 141533344 1659408 38641724    0    0 482832 285548 273594 1277409 41 24 33  2  0  0
40  3 136544 141527812 1659412 38641728    0    0 478640 289324 271626 1270814 40 24 33  3  0  0
53  3 136544 141535744 1659412 38641740    0    0 489792 292860 279084 1280553 40 24 33  3  0  0
44  9 136544 141531980 1659412 38641752    0    0 467008 297384 272655 1273589 40 24 33  2  0  0
34 14 136544 141534328 1659412 38641760    0    0 482864 284940 276749 1293435 40 24 33  2  0  0
85  5 136544 141535336 1659412 38641772    0    0 468592 285204 272429 1272804 41 24 33  2  0  0
66  8 136544 141537608 1659412 38641780    0    0 482384 293884 278359 1284401 41 24 33  2  0  0
procs -----------memory---------- ---swap-- -----io---- -system-- -------cpu-------
 r  b   swpd   free   buff  cache   si   so    bi    bo   in   cs us sy id wa st gu
51  3 136544 141536952 1659412 38641792    0    0 499984 298412 270596 1260954 40 23 34  3  0  0
86 25 136544 141539468 1659412 38641800    0    0 478624 298792 273033 1275772 40 24 33  3  0  0
28  5 136544 141538072 1659412 38641816    0    0 452544 277444 270295 1275674 40 25 33  2  0  0
62 19 136544 141535968 1659412 38641824    0    0 479376 288216 273807 1277567 41 25 32  2  0  0
68  1 136544 141536288 1659416 38641828    0    0 478656 287196 271709 1274075 40 24 33  2  0  0
42 19 136544 141537100 1659416 38641844    0    0 475648 290196 276868 1271736 40 24 34  2  0  0
72  8 136544 141537872 1659416 38641848    0    0 473760 293800 268920 1249308 40 23 34  2  0  0
 5  1 136544 141541864 1659416 38641864    0    0 481104 282860 278063 1287240 41 24 32  2  0  0
41  2 136544 141542700 1659420 38641868    0    0 471060 316956 269998 1272484 40 24 34  3  0  0
96  8 136544 141546908 1659428 38641884    0    0 466192 287976 277294 1281544 40 24 34  2  0  0
 4  0 136544 141548884 1659428 38641900    0    0 466704 289936 270981 1275207 40 25 33  2  0  0
90  7 136544 141551396 1659428 38641908    0    0 465296 276232 272081 1281090 40 25 33  2  0  0
66 18 136544 141550376 1659428 38641924    0    0 493328 298556 269069 1254730 40 23 34  3  0  0
84  9 136544 141552748 1659428 38641932    0    0 474192 285444 278383 1291308 40 24 33  3  0  0
15  2 136544 141555220 1659428 38641940    0    0 461936 285776 270467 1272849 40 24 34  2  0  0
62 19 136544 141556532 1659436 38641948    0    0 486144 297012 277061 1270876 40 24 34  3  0  0
65  3 136544 141545140 1659436 38641960    0    0 473936 286560 269932 1277917 40 24 33  2  0  0
 4  1 136544 141546140 1659436 38641972    0    0 485280 289960 277369 1279698 41 24 33  2  0  0
50  2 136544 141547416 1659436 38641988    0    0 481328 295716 272653 1266574 40 24 33  2  0  0
44  6 136544 141552532 1659436 38641996    0    0 466192 283752 273434 1269935 41 24 33  2  0  0
35  6 136544 141548504 1659440 38642004    0    0 452880 279996 270620 1278544 41 24 33  2  0  0
procs -----------memory---------- ---swap-- -----io---- -system-- -------cpu-------
 r  b   swpd   free   buff  cache   si   so    bi    bo   in   cs us sy id wa st gu
61  0 136544 141543444 1659440 38642016    0    0 495312 291912 273627 1275697 41 24 33  3  0  0
73  0 136544 141540968 1659440 38642028    0    0 465376 287788 269571 1272113 40 25 33  2  0  0
36  1 136544 141542688 1659440 38642036    0    0 482272 296184 274284 1281061 41 24 33  2  0  0
13  0 136544 141547788 1659440 38642044    0    0 471840 287244 275596 1273601 39 25 34  2  0  0
76  4 136544 141547400 1659444 38642052    0    0 482272 287988 281667 1293485 40 24 33  3  0  0
 5  1 136544 141552504 1659444 38642064    0    0 466336 285108 272304 1284541 41 25 32  2  0  0
87  8 136544 141553484 1659444 38642080    0    0 477104 293256 273245 1271101 40 24 33  2  0  0
57  4 136544 141555188 1659444 38642088    0    0 492976 294604 273680 1251542 40 23 34  3  0  0
101  4 136544 141548832 1659444 38642100    0    0 476096 287108 276551 1280298 40 24 34  2  0  0
 6  1 136544 141542040 1659448 38642108    0    0 458480 284948 269378 1272014 40 25 33  2  0  0
81 18 136544 141545896 1659448 38642120    0    0 469584 283464 271622 1272950 40 25 33  2  0  0
66  1 136544 141543552 1659448 38642132    0    0 469328 281492 272979 1272728 40 25 33  2  0  0
58  3 136544 141549204 1659448 38642140    0    0 464224 283920 278645 1282042 40 24 34  2  0  0
53  0 136544 141549952 1659448 38642148    0    0 464496 281876 271854 1278969 40 25 33  2  0  0
54  2 136544 141551888 1659456 38642152    0    0 479888 283808 271108 1268433 40 24 33  2  0  0
36  5 136544 141552744 1659456 38642168    0    0 453344 286164 269097 1270949 40 24 34  2  0  0
54 10 136544 141553940 1659456 38642180    0    0 477936 291040 272144 1261508 40 24 34  2  0  0
74  1 136544 141555864 1659456 38642260    0    0 471984 285232 272066 1263009 40 24 33  2  0  0
15  3 136544 141549740 1659456 38642268    0    0 469856 317872 277278 1281809 40 25 33  2  0  0
17  1 136544 141546820 1659464 38642272    0    0 470912 276720 273100 1296532 41 25 32  2  0  0
98  9 136544 141547140 1659464 38642284    0    0 473296 291468 274577 1267610 40 24 34  2  0  0
procs -----------memory---------- ---swap-- -----io---- -system-- -------cpu-------
 r  b   swpd   free   buff  cache   si   so    bi    bo   in   cs us sy id wa st gu
39  2 136544 141557168 1659464 38642292    0    0 470368 281792 272019 1276720 41 24 33  2  0  0
74 17 136544 141559524 1659464 38642304    0    0 464672 292284 277750 1270302 40 24 34  2  0  0
108 14 136544 141551120 1659464 38642320    0    0 474416 284136 272786 1274243 41 24 33  2  0  0
53  4 136544 141553452 1659464 38642332    0    0 484096 289076 273383 1273875 40 23 34  3  0  0
53  0 136544 141552548 1659464 38642340    0    0 466912 287472 271465 1278173 40 24 33  2  0  0
 4  0 136544 141551772 1659464 38642348    0    0 463568 295880 273632 1274299 40 25 32  2  0  0
44  4 136544 141554416 1659464 38642360    0    0 463056 276564 270585 1285455 40 25 33  2  0  0
43  2 136544 141556092 1659464 38642376    0    0 484032 283464 276367 1283901 41 24 33  2  0  0
20  0 136544 141552792 1659468 38642380    0    0 452784 278500 272194 1279699 40 25 33  2  0  0
36  2 136544 141554756 1659468 38642392    0    0 486000 294524 275728 1281931 41 24 32  2  0  0
40  0 136544 141549184 1659468 38642400    0    0 473152 291764 269908 1263505 40 24 34  2  0  0
41  6 136544 141546604 1659468 38642412    0    0 468256 287788 271805 1274601 40 24 33  2  0  0
99  6 136544 141551132 1659468 38642424    0    0 474496 281056 270661 1281033 41 24 33  2  0  0
88  6 136544 141554132 1659468 38642436    0    0 481264 288028 275062 1276175 41 24 33  2  0  0
32  6 136544 141547856 1659468 38642448    0    0 482800 297556 274279 1286525 40 25 33  2  0  0
36  0 136544 141543488 1659468 38642456    0    0 486336 294312 271084 1269172 40 24 33  3  0  0
61 16 136544 141543328 1659468 38642464    0    0 468560 292448 273586 1278144 39 25 34  2  0  0
69  1 136544 141544652 1659468 38642476    0    0 466096 275708 275249 1301288 42 24 33  2  0  0
 4  0 136544 141547436 1659472 38642480    0    0 455808 286280 269207 1273355 40 24 33  2  0  0
100  1 136544 141547840 1659472 38642492    0    0 466320 282748 271032 1280003 40 25 33  2  0  0
53 10 136544 141541868 1659472 38642500    0    0 469696 289648 277324 1269898 40 24 34  2  0  0
procs -----------memory---------- ---swap-- -----io---- -system-- -------cpu-------
 r  b   swpd   free   buff  cache   si   so    bi    bo   in   cs us sy id wa st gu
85  4 136544 141538176 1659472 38642512    0    0 464080 275876 271439 1283502 40 24 34  2  0  0
28  1 136544 141542600 1659472 38642528    0    0 486480 288608 272143 1272515 41 24 33  2  0  0
 5  1 136544 141546968 1659476 38642532    0    0 491440 301248 273124 1273013 41 24 33  2  0  0
62  9 136544 141545148 1659476 38642544    0    0 479424 294836 273521 1278949 40 24 33  2  0  0
 6  1 136544 141543424 1659476 38642552    0    0 473488 287308 270151 1262041 40 24 34  2  0  0
106  2 136544 141548644 1659476 38642568    0    0 472816 287276 271643 1278099 41 24 33  2  0  0
23  5 136544 141541936 1659476 38642576    0    0 467952 294412 272538 1289245 41 24 33  2  0  0
92 14 136544 141537544 1659480 38642580    0    0 464848 316268 272469 1268341 41 24 33  2  0  0
27  4 136544 141532780 1659480 38642592    0    0 486288 286200 270962 1270434 40 24 34  3  0  0
79  9 136544 141546424 1659480 38642604    0    0 475264 296764 278006 1285965 40 25 33  3  0  0
108 11 136544 141545648 1659480 38642616    0    0 463376 276232 272168 1289753 41 24 32  2  0  0
58  1 136544 141544196 1659480 38642628    0    0 470976 289824 282093 1306328 41 25 32  2  0  0
61  8 136544 141541540 1659480 38642636    0    0 462880 278712 270708 1273297 40 24 34  2  0  0
30  1 136544 141542648 1659484 38642640    0    0 470016 290744 273360 1282926 40 24 33  2  0  0
69  2 136544 141539220 1659484 38642648    0    0 485840 288696 270767 1268889 40 24 33  3  0  0
87  5 136544 141540540 1659484 38642660    0    0 475424 295400 277471 1279463 40 24 33  2  0  0
72 11 136544 141542388 1659484 38642676    0    0 477648 288024 270286 1263997 40 24 33  2  0  0
60  8 136544 141542836 1659484 38642684    0    0 467360 281800 271540 1269914 40 25 33  2  0  0
69  3 136544 141549208 1659488 38642692    0    0 465760 283620 270309 1268066 40 24 33  2  0  0
44  3 136544 141543816 1659488 38642712    0    0 461440 289704 277373 1290551 40 25 33  2  0  0
29  1 136544 141547848 1659488 38642720    0    0 468656 281412 270518 1266572 40 24 34  2  0  0
procs -----------memory---------- ---swap-- -----io---- -system-- -------cpu-------
 r  b   swpd   free   buff  cache   si   so    bi    bo   in   cs us sy id wa st gu
71  4 136544 141550124 1659488 38642732    0    0 465216 285808 272640 1280013 40 24 34  2  0  0
19  2 136544 141551140 1659488 38642744    0    0 477056 286248 269657 1270154 40 25 33  3  0  0
56 13 136544 141557372 1659496 38642744    0    0 467008 284828 278214 1294097 41 24 33  2  0  0
80  6 136544 141554496 1659496 38642764    0    0 466016 281868 271800 1275558 40 24 33  2  0  0
35 14 136544 141560960 1659496 38642776    0    0 474912 291160 276342 1273517 40 24 33  2  0  0
48  3 136544 141559484 1659496 38642788    0    0 466544 280576 270880 1272996 40 25 33  2  0  0
48  1 136544 141562272 1659496 38642796    0    0 472336 287956 272362 1270530 40 24 34  2  0  0
94  4 136544 141555884 1659500 38642804    0    0 462544 284036 270253 1270319 40 25 33  2  0  0
44  6 136544 141559136 1659500 38642820    0    0 487744 288832 269691 1267381 40 24 34  3  0  0
45  7 136544 141558388 1659500 38642824    0    0 466672 290204 271638 1269823 41 24 33  2  0  0
103 30 136544 141561020 1659500 38642836    0    0 470416 285756 269958 1265439 40 24 34  2  0  0
93  5 136544 141556456 1659500 38642844    0    0 468400 281880 271760 1273970 41 24 33  2  0  0
103 13 136544 141547528 1659504 38642852    0    0 491392 298232 277369 1269216 40 23 34  3  0  0
49  5 136544 141545440 1659504 38642864    0    0 479440 288124 271487 1269724 40 24 33  2  0  0
24  1 136544 141544128 1659504 38642936    0    0 464240 287356 276601 1276926 41 24 33  2  0  0
99  6 136544 141542900 1659504 38642948    0    0 488880 285736 273674 1279322 40 24 33  3  0  0
50  1 136544 141548680 1659504 38642956    0    0 466624 306324 268064 1246439 40 24 34  3  0  0
64  2 136544 141553688 1659508 38642968    0    0 484816 304456 269007 1260736 40 24 33  3  0  0
25  0 136544 141554916 1659508 38642980    0    0 459424 279808 271741 1275493 40 25 33  2  0  0
80  1 136544 141548536 1659508 38642988    0    0 498368 298996 271378 1254150 40 24 34  3  0  0
82  3 136544 141543948 1659508 38643000    0    0 469152 288020 271505 1274393 40 24 33  2  0  0
procs -----------memory---------- ---swap-- -----io---- -system-- -------cpu-------
 r  b   swpd   free   buff  cache   si   so    bi    bo   in   cs us sy id wa st gu
60  8 136544 141544712 1659508 38643008    0    0 479744 287832 271573 1259099 40 24 34  3  0  0
57  1 136544 141542844 1659512 38643016    0    0 472144 295228 275360 1275825 40 24 34  2  0  0
66 11 136544 141538900 1659512 38643028    0    0 469616 280960 269791 1270680 41 24 34  2  0  0
44  1 136544 141537344 1659512 38643036    0    0 488240 286588 275212 1274538 40 25 33  2  0  0
54  1 136544 141542544 1659512 38643048    0    0 474096 290884 270433 1265217 40 24 34  2  0  0
42  6 136544 141547184 1659512 38643060    0    0 465568 291864 275056 1273618 40 24 33  2  0  0
106 17 136544 141543632 1659516 38643064    0    0 463136 284572 275039 1280303 40 25 33  2  0  0
 5  0 136544 141545964 1659516 38643076    0    0 472864 290124 270754 1260637 40 24 34  2  0  0
 6  0 136544 141541872 1659516 38643088    0    0 493264 287336 272630 1269811 40 24 33  3  0  0
56  5 136544 141536884 1659516 38643096    0    0 477376 298840 273405 1269556 40 24 33  2  0  0
45  1 136544 141534876 1659516 38643112    0    0 459040 269992 274338 1290595 40 25 32  2  0  0
52 23 136544 141537932 1659520 38643116    0    0 477008 291024 273082 1257585 40 24 34  2  0  0
89 11 136544 141534492 1659520 38643128    0    0 470464 276888 270276 1281867 40 25 33  2  0  0
83 10 136544 141537988 1659520 38643136    0    0 471488 295820 272478 1271669 40 23 34  2  0  0
64 14 136544 141538864 1659520 38643148    0    0 470048 285132 271922 1264951 40 24 33  2  0  0
80  1 136544 141540772 1659520 38643168    0    0 464384 280308 270112 1286024 41 24 33  2  0  0
53  5 136544 141544340 1659520 38643176    0    0 462224 278576 266049 1264865 40 23 34  2  0  0
 5  1 136544 141547932 1659520 38643184    0    0 457696 295732 274110 1280414 40 24 34  2  0  0
62  2 136544 141540464 1659520 38643196    0    0 447904 265952 267574 1289035 40 25 32  2  0  0
97  5 136544 141540300 1659520 38643208    0    0 463264 279700 270945 1281498 40 24 33  2  0  0
38  1 136544 141537008 1659520 38643220    0    0 464576 284688 268322 1274485 40 24 33  2  0  0
procs -----------memory---------- ---swap-- -----io---- -system-- -------cpu-------
 r  b   swpd   free   buff  cache   si   so    bi    bo   in   cs us sy id wa st gu
42  5 136544 141533956 1659520 38643228    0    0 462912 280192 266243 1274430 40 24 33  2  0  0
44  8 136544 141526572 1659520 38643232    0    0 459344 283616 266609 1264620 40 24 34  2  0  0
44  1 136544 141525848 1659520 38643248    0    0 471008 297212 269018 1277428 40 24 33  2  0  0
44  1 136544 141524636 1659520 38643256    0    0 460080 270852 267777 1279505 40 24 33  2  0  0
116  5 136544 141519360 1659520 38643272    0    0 464864 289188 274611 1271322 40 24 33  2  0  0
 4  1 136544 141520788 1659520 38643280    0    0 472656 295632 266347 1261735 41 24 34  2  0  0
 6  0 136544 141519532 1659528 38643284    0    0 466900 303752 276344 1278067 40 24 34  2  0  0
 2  0 136544 141515468 1659528 38643304    0    0 464704 281440 267096 1270525 40 24 33  2  0  0
28  4 136544 141512928 1659528 38643316    0    0 460368 287808 269368 1288039 40 25 33  2  0  0
 5  1 136544 141505928 1659528 38643328    0    0 466528 289344 265156 1259821 40 24 34  2  0  0
100  6 136544 141504412 1659528 38643336    0    0 478832 278576 267821 1267652 40 24 34  2  0  0
 5  0 136544 141508928 1659532 38643348    0    0 459552 279524 265307 1272725 40 24 34  2  0  0
 8  0 136544 141508788 1659532 38643360    0    0 466768 290748 265300 1255240 40 24 34  2  0  0
69 12 136544 141513592 1659532 38643368    0    0 455280 278304 264812 1270344 40 24 33  2  0  0
16 11 136544 141510752 1659532 38643380    0    0 476832 282080 269488 1278243 40 24 33  2  0  0
19  0 136544 141517316 1659532 38643388    0    0 486592 291384 266932 1259184 40 24 34  3  0  0
 4  0 136544 141515896 1659540 38643388    0    0 465120 292400 271850 1275056 40 24 33  2  0  0
86  9 136544 141510136 1659540 38643404    0    0 463072 284908 265591 1262221 40 24 34  2  0  0
52  8 136544 141520120 1659540 38643416    0    0 480720 280572 273436 1284498 41 24 33  2  0  0
 2  0 136544 141521976 1659540 38643424    0    0 463232 290428 265161 1252560 40 24 34  2  0  0
93 12 136544 141522372 1659540 38643440    0    0 478080 290508 272153 1266330 40 23 34  2  0  0
procs -----------memory---------- ---swap-- -----io---- -system-- -------cpu-------
 r  b   swpd   free   buff  cache   si   so    bi    bo   in   cs us sy id wa st gu
86 10 136544 141519164 1659544 38643444    0    0 471792 281084 267117 1274714 40 24 33  2  0  0
78  4 136544 141509512 1659544 38643460    0    0 462864 283948 266929 1277962 41 24 33  2  0  0
62 10 136544 141513748 1659544 38643468    0    0 458816 275520 265593 1274995 40 24 33  2  0  0
61  7 136544 141514056 1659544 38643476    0    0 467904 289592 267533 1254809 40 24 34  2  0  0
69  5 136544 141513244 1659556 38643488    0    0 474800 286720 267071 1269178 40 23 34  2  0  0
102  5 136544 141505496 1659556 38643500    0    0 466928 283144 267820 1263379 39 24 34  2  0  0
34  5 136544 141509364 1659556 38643512    0    0 483808 292872 272863 1271989 40 24 34  3  0  0
33 11 136544 141504096 1659556 38643520    0    0 471312 295184 267072 1267238 40 24 34  2  0  0
63  8 136544 141501260 1659556 38643528    0    0 465728 278052 267569 1277769 40 24 34  2  0  0
98 16 136544 141494712 1659556 38643544    0    0 459072 284468 266759 1269729 40 24 33  2  0  0
38 10 136544 141496928 1659556 38643552    0    0 469840 279592 277243 1288466 41 24 33  2  0  0
 4  2 136544 141502552 1659556 38643652    0    0 458864 283760 266350 1269393 40 24 34  2  0  0
95  8 136544 141506084 1659556 38643660    0    0 479376 292928 266382 1254244 40 23 34  3  0  0
51  1 136544 141506700 1659556 38643668    0    0 486384 291764 266973 1253750 40 23 34  3  0  0
29  9 136544 141507392 1659560 38643676    0    0 469952 289920 274755 1276591 40 23 35  2  0  0
51  1 136544 141504272 1659560 38643692    0    0 454336 281696 269914 1280226 40 24 34  2  0  0
71  8 136544 141500292 1659560 38643700    0    0 466320 311444 268237 1275641 40 24 33  2  0  0
52  5 136544 141504748 1659560 38643712    0    0 461360 278808 266696 1262700 40 24 34  2  0  0
85  6 136544 141506344 1659560 38643720    0    0 463872 283696 267646 1270351 40 24 33  2  0  0
36  8 136544 141508956 1659568 38643724    0    0 460576 275920 265911 1273590 40 24 34  2  0  0
71  6 136544 141510692 1659568 38643744    0    0 499680 294244 271906 1259737 40 24 34  3  0  0
procs -----------memory---------- ---swap-- -----io---- -system-- -------cpu-------
 r  b   swpd   free   buff  cache   si   so    bi    bo   in   cs us sy id wa st gu
42  4 136544 141511992 1659568 38643752    0    0 474928 292556 267538 1271530 41 24 33  2  0  0
21  1 136544 141511900 1659568 38643760    0    0 473424 293616 268470 1253799 40 24 34  2  0  0
44 10 136544 141508596 1659568 38643768    0    0 464528 279344 268146 1268465 40 24 33  2  0  0
43  2 136544 141508412 1659572 38643776    0    0 472288 286580 268151 1260696 40 24 33  2  0  0
86  1 136544 141512404 1659572 38643792    0    0 495312 294148 267655 1254483 40 24 33  3  0  0
50  5 136544 141509604 1659572 38643800    0    0 458672 292820 268848 1256928 39 24 35  2  0  0
115 10 136544 141510860 1659572 38643812    0    0 462288 275196 269013 1278624 40 25 33  2  0  0
62  4 136544 141511972 1659572 38643820    0    0 466352 283700 268268 1262099 40 24 34  2  0  0
110 11 136544 141517320 1659572 38643836    0    0 463264 283820 268143 1257600 40 24 33  2  0  0
69  8 136544 141520468 1659572 38643852    0    0 459536 282464 269453 1259817 40 24 34  2  0  0
54  2 136544 141518576 1659572 38643860    0    0 469120 285876 266377 1255418 40 23 34  3  0  0
78  6 136544 141520048 1659572 38643864    0    0 477488 280968 274545 1278598 40 24 33  2  0  0
37  8 136544 141525192 1659572 38643872    0    0 484528 286396 269263 1264787 40 24 33  3  0  0
 2  1 136544 141526944 1659572 38643880    0    0 466304 291704 274448 1272577 40 24 33  2  0  0
 4  0 136544 141537264 1659572 38643900    0    0 468432 284260 271957 1271547 41 24 33  2  0  0
 3  1 136544 141536216 1659572 38643908    0    0 463120 279888 266296 1266335 40 24 34  2  0  0
64  5 136544 141539500 1659572 38643920    0    0 482064 290616 267471 1250968 40 25 33  3  0  0
60  5 136544 141534124 1659572 38643928    0    0 466912 284196 271918 1268589 40 24 34  2  0  0
73  6 136544 141530620 1659576 38643936    0    0 465584 285368 266395 1264384 40 23 34  2  0  0
 4  0 136544 141534104 1659576 38643952    0    0 469264 280776 272359 1283960 40 24 33  2  0  0
 4  0 136544 141533172 1659576 38643960    0    0 466368 280984 271419 1278406 40 24 33  2  0  0
procs -----------memory---------- ---swap-- -----io---- -system-- -------cpu-------
 r  b   swpd   free   buff  cache   si   so    bi    bo   in   cs us sy id wa st gu
 6  0 136544 141528848 1659576 38643968    0    0 468576 284704 269543 1263785 40 24 34  2  0  0
47  0 136544 141529748 1659576 38643980    0    0 472240 283288 273203 1278571 40 24 33  2  0  0
65  2 136544 141529972 1659576 38643988    0    0 459216 284796 268019 1262949 40 24 34  2  0  0
54  2 136544 141529448 1659576 38644004    0    0 464624 280736 272362 1272919 40 24 34  2  0  0
85  1 136544 141523672 1659576 38644012    0    0 472208 279612 267055 1272979 40 24 33  2  0  0
100 12 136544 141525000 1659576 38644020    0    0 482032 318024 270810 1270115 41 24 33  3  0  0
59  4 136544 141531064 1659576 38644032    0    0 461264 274444 267413 1283351 41 25 33  2  0  0
66  8 136544 141539112 1659576 38644040    0    0 476528 299228 268619 1261115 40 24 33  2  0  0
31  0 136544 141540756 1659580 38644048    0    0 463376 280688 267033 1263312 40 24 34  2  0  0
60  2 136544 141532092 1659580 38644056    0    0 466864 282240 270320 1267274 40 24 34  2  0  0
48  9 136544 141525536 1659580 38644064    0    0 473088 283532 269029 1266526 40 24 33  2  0  0
80  2 136544 141530924 1659580 38644076    0    0 479424 291724 273510 1275278 40 24 33  2  0  0
58  1 136544 141528648 1659580 38644092    0    0 472000 282292 267814 1260483 40 24 34  2  0  0
48  3 136544 141528440 1659580 38644104    0    0 473568 287180 269983 1252841 40 23 34  3  0  0
33  1 136544 141531280 1659580 38644112    0    0 468400 284208 266427 1256498 40 24 34  2  0  0
51  2 136544 141528256 1659580 38644124    0    0 468464 280532 268160 1269332 40 24 34  2  0  0
51 11 136544 141528272 1659580 38644132    0    0 470400 290180 267184 1263146 40 24 34  2  0  0
12  1 136544 141522440 1659580 38644140    0    0 472864 282204 273664 1279844 40 24 33  2  0  0
25 10 136544 141527368 1659584 38644148    0    0 467232 285036 266157 1268416 40 24 33  2  0  0
41 12 136544 141533436 1659584 38644164    0    0 466832 282680 270518 1284317 41 24 33  2  0  0
66 13 136544 141535088 1659584 38644172    0    0 459392 284692 266222 1262616 40 25 33  2  0  0
procs -----------memory---------- ---swap-- -----io---- -system-- -------cpu-------
 r  b   swpd   free   buff  cache   si   so    bi    bo   in   cs us sy id wa st gu
18  0 136544 141531036 1659584 38644184    0    0 474320 287524 269740 1262497 40 24 34  2  0  0
90  6 136544 141536352 1659584 38644196    0    0 479728 293744 267680 1258991 40 24 33  2  0  0
29  0 136544 141535540 1659592 38644196    0    0 475648 285048 269185 1267485 41 24 33  2  0  0
59  3 136544 141535996 1659592 38644216    0    0 477072 285540 267108 1272275 40 24 33  2  0  0
42  5 136544 141532656 1659592 38644224    0    0 482496 288840 269061 1261618 41 23 33  2  0  0
39 21 136544 141528908 1659592 38644232    0    0 465744 292256 266155 1256456 40 23 34  2  0  0
85 24 136544 141526464 1659592 38644244    0    0 482080 283168 268700 1265654 41 23 34  2  0  0
86  3 136544 141523684 1659596 38644248    0    0 478080 277132 267946 1271252 41 23 34  2  0  0
98 13 136544 141521372 1659596 38644332    0    0 476944 285532 268138 1270820 40 24 33  2  0  0
84 10 136544 141521432 1659596 38644344    0    0 479184 288480 268124 1269999 40 24 34  2  0  0
38 10 136544 141517828 1659596 38644352    0    0 471520 279444 267786 1271324 40 24 34  2  0  0
48  1 136544 141515792 1659596 38644360    0    0 487488 284808 269957 1272672 40 24 33  3  0  0
49  1 136544 141517112 1659600 38644364    0    0 475184 282684 269441 1277417 40 24 34  2  0  0
70  8 136544 141524912 1659600 38644380    0    0 474592 287804 266851 1260583 39 24 34  3  0  0
 4  1 136544 141527500 1659600 38644392    0    0 469904 280672 268554 1274084 41 24 33  2  0  0
 6  2 136544 141535048 1659600 38644400    0    0 451808 276220 265778 1271389 40 24 33  2  0  0
46  6 136544 141535540 1659600 38644408    0    0 456832 278892 266547 1286829 40 24 34  2  0  0
59  4 136544 141541220 1659608 38644412    0    0 460736 288848 267816 1275761 40 25 33  2  0  0
48  5 136544 141548024 1659608 38644436    0    0 472528 298672 270817 1266186 40 24 33  2  0  0
68 14 136544 141544764 1659608 38644448    0    0 467136 295136 275024 1280824 40 24 34  2  0  0
69  6 136544 141550176 1659608 38644456    0    0 473248 295344 269474 1271613 40 25 33  2  0  0
procs -----------memory---------- ---swap-- -----io---- -system-- -------cpu-------
 r  b   swpd   free   buff  cache   si   so    bi    bo   in   cs us sy id wa st gu
26  1 136544 141553260 1659608 38644460    0    0 468752 284048 274121 1286073 41 24 33  2  0  0
36 23 136544 141556096 1659616 38644460    0    0 467840 287960 269033 1268718 40 24 34  2  0  0
32  2 136544 141552900 1659616 38644480    0    0 464688 286096 267266 1272014 40 24 33  2  0  0
77  4 136544 141557176 1659616 38644492    0    0 475456 285328 267937 1265217 40 24 33  2  0  0
58  4 136544 141557036 1659616 38644500    0    0 469840 278484 274084 1292852 40 25 33  2  0  0
55  0 136544 141563004 1659616 38644508    0    0 466288 283796 267153 1269602 40 24 33  2  0  0
47 11 136544 141565724 1659616 38644516    0    0 476352 295936 266345 1272347 41 23 33  3  0  0
116  5 136544 141560300 1659624 38644536    0    0 473360 284724 268992 1271739 40 24 33  2  0  0
33  4 136544 141560968 1659624 38644544    0    0 461056 286348 271293 1282643 40 24 34  2  0  0
69  2 136544 141556216 1659624 38644556    0    0 480928 285464 268983 1265449 40 24 33  2  0  0
47  4 136544 141551812 1659624 38644568    0    0 473072 295100 274165 1267317 40 24 33  2  0  0
30  1 136544 141553736 1659624 38644580    0    0 455200 275764 265125 1277621 40 24 34  2  0  0
46 12 136544 141547920 1659628 38644588    0    0 479376 288556 273125 1272307 40 24 33  2  0  0
73 17 136544 141546824 1659628 38644600    0    0 463632 276264 267456 1268269 40 24 33  2  0  0
28  0 136544 141548412 1659628 38644608    0    0 465616 285944 272821 1286377 40 24 33  2  0  0
47  1 136544 141548308 1659628 38644616    0    0 462848 282388 268456 1271625 41 24 33  2  0  0
33  2 136544 141544752 1659628 38644628    0    0 468880 278340 273517 1277931 41 24 33  2  0  0
35 15 136544 141541708 1659628 38644640    0    0 456528 281296 267089 1271728 40 25 33  2  0  0
 3  3 136544 141543792 1659628 38644652    0    0 479120 286092 270338 1266737 40 23 34  3  0  0
105  2 136544 141543552 1659628 38644660    0    0 476304 275940 268858 1268227 41 24 33  2  0  0
87 40 136544 141541200 1659628 38644668    0    0 469024 303604 269322 1258103 40 24 33  2  0  0
procs -----------memory---------- ---swap-- -----io---- -system-- -------cpu-------
 r  b   swpd   free   buff  cache   si   so    bi    bo   in   cs us sy id wa st gu
108 11 136544 141546376 1659628 38644680    0    0 478880 281736 268809 1270890 40 24 33  3  0  0
78  2 136544 141546580 1659632 38644684    0    0 466208 282400 274145 1279883 40 24 33  2  0  0
93  8 136544 141543516 1659632 38644700    0    0 466864 279492 268796 1277851 41 24 33  2  0  0
83  8 136544 141538604 1659632 38644708    0    0 462672 283192 268603 1265136 40 23 34  2  0  0
43 11 136544 141545052 1659632 38644724    0    0 477904 316660 269448 1271105 41 24 32  3  0  0
49  2 136544 141545960 1659632 38644732    0    0 500224 296880 270066 1260498 40 24 33  3  0  0
87  6 136544 141553252 1659632 38644740    0    0 472848 293708 269204 1264930 40 24 33  3  0  0
88  8 136544 141558732 1659632 38644752    0    0 478240 287792 270451 1276911 41 23 33  3  0  0
66  4 136544 141553316 1659632 38644760    0    0 475920 281556 268403 1262898 41 23 33  2  0  0
125  6 136544 141553416 1659632 38644768    0    0 477792 293312 268218 1268143 40 24 33  3  0  0
69  3 136544 141553392 1659632 38644780    0    0 468592 280728 267860 1257619 40 24 34  2  0  0
66  1 136544 141546000 1659640 38644780    0    0 477840 286712 265867 1256900 40 23 34  3  0  0
67  1 136544 141544896 1659640 38644800    0    0 470816 288128 267130 1254057 40 24 34  2  0  0
68  5 136544 141558576 1659640 38644808    0    0 466432 280528 266792 1257115 41 24 33  2  0  0
 3  0 136544 141555864 1659640 38644820    0    0 456064 285620 269953 1266927 39 24 34  2  0  0
98 27 136544 141554368 1659640 38644828    0    0 472832 281908 268861 1264565 41 23 33  2  0  0
92  7 136544 141556120 1659644 38644832    0    0 465536 283340 267111 1270046 40 24 33  2  0  0
27  0 136544 141547500 1659644 38644848    0    0 467456 282220 267462 1260800 40 24 33  2  0  0
86  5 136544 141547988 1659644 38644860    0    0 484112 288956 269968 1260670 41 23 33  3  0  0
41  7 136544 141551176 1659644 38644868    0    0 469792 278488 269389 1274814 40 24 33  2  0  0
44  7 136544 141546200 1659644 38644880    0    0 472048 285984 267458 1259911 40 25 33  3  0  0
procs -----------memory---------- ---swap-- -----io---- -system-- -------cpu-------
 r  b   swpd   free   buff  cache   si   so    bi    bo   in   cs us sy id wa st gu
53 30 136544 141552708 1659648 38644884    0    0 453168 274096 268492 1276098 41 24 33  2  0  0
 5  4 136544 141548920 1659648 38644904    0    0 469024 291800 268113 1268601 41 23 33  2  0  0
57  1 136544 141547960 1659648 38644912    0    0 465072 281832 266234 1261105 40 24 33  2  0  0
65  3 136544 141542380 1659648 38644928    0    0 457952 275960 269002 1267758 41 24 34  2  0  0
68 11 136544 141536888 1659648 38644936    0    0 473088 277016 267621 1269388 41 24 33  2  0  0
 4  1 136544 141530752 1659648 38645016    0    0 474304 295824 269164 1246795 40 23 34  2  0  0
65  6 136544 141532500 1659652 38645028    0    0 482096 279876 267246 1275986 41 24 33  3  0  0
86  3 136544 141531832 1659652 38645044    0    0 467216 288536 269204 1276470 40 24 34  3  0  0
15  1 136544 141531704 1659652 38645052    0    0 455408 281608 265292 1256347 40 25 33  2  0  0
119  8 136544 141537476 1659652 38645060    0    0 479536 282424 268652 1262851 41 24 33  3  0  0
34  7 136544 141535184 1659652 38645064    0    0 468688 288736 268982 1268802 40 25 33  3  0  0
99  6 136544 141548548 1659656 38645076    0    0 475392 284552 274695 1291571 41 24 32  2  0  0
41  2 136544 141551456 1659656 38645092    0    0 473584 282056 266660 1265731 40 24 33  3  0  0
 4  0 136544 141546812 1659656 38645100    0    0 468816 284768 269887 1279871 40 24 33  2  0  0
57  1 136544 141545516 1659660 38645116    0    0 478948 315544 268063 1262174 40 23 33  4  0  0
 3  0 136544 141546568 1659660 38645124    0    0 459584 288120 267017 1260180 40 24 34  3  0  0
52  9 136544 141550980 1659664 38645128    0    0 464912 287980 271390 1262121 40 24 33  2  0  0
70  4 136544 141544092 1659664 38645148    0    0 464656 274220 268035 1280593 41 24 33  2  0  0
118  8 136544 141546308 1659664 38645156    0    0 451104 273688 270697 1288002 40 24 34  2  0  0
69  8 136544 141543900 1659664 38645164    0    0 475856 277776 268097 1266863 41 24 33  2  0  0
16  3 136544 141551528 1659664 38645176    0    0 457744 282204 273099 1275892 40 24 33  2  0  0
procs -----------memory---------- ---swap-- -----io---- -system-- -------cpu-------
 r  b   swpd   free   buff  cache   si   so    bi    bo   in   cs us sy id wa st gu
 8  0 136544 141552228 1659668 38645184    0    0 472400 289668 270189 1255738 40 24 34  2  0  0
57  2 136544 141554880 1659668 38645200    0    0 469632 283980 266289 1258092 40 24 34  2  0  0
78  7 136544 141550264 1659668 38645208    0    0 477824 286744 267598 1262667 40 24 33  3  0  0
51  3 136544 141554456 1659668 38645216    0    0 478208 281760 270036 1266403 40 25 33  2  0  0
 5  0 136544 141548760 1659668 38645228    0    0 456240 282028 265142 1260004 40 24 34  2  0  0
24  0 136544 141549568 1659668 38645236    0    0 470768 285560 266495 1270149 40 24 34  2  0  0
58  6 136544 141548992 1659668 38645244    0    0 461968 275960 267393 1278131 40 25 32  2  0  0
36 13 136544 141547068 1659668 38645252    0    0 466336 287564 268044 1264414 40 24 33  2  0  0
61  6 136544 141547036 1659668 38645264    0    0 464848 277844 264985 1273167 40 24 33  2  0  0
17  3 136544 141546264 1659668 38645272    0    0 468688 282544 270682 1267113 40 24 33  2  0  0
 5  0 136544 141548728 1659672 38645280    0    0 481264 292512 269290 1253903 40 24 34  3  0  0
97 10 136544 141555188 1659672 38645300    0    0 489632 293492 269884 1265058 41 24 33  2  0  0
76  4 136544 141551968 1659672 38645308    0    0 450352 276072 266598 1273199 41 24 33  2  0  0
122  2 136544 141554584 1659672 38645316    0    0 459104 279448 268749 1257687 40 24 34  2  0  0
29  0 136544 141556340 1659672 38645328    0    0 461760 285400 266539 1262713 40 24 34  2  0  0
32  5 136544 141553492 1659680 38645328    0    0 473568 281388 271367 1270774 40 24 33  2  0  0
89  4 136544 141551912 1659680 38645348    0    0 458368 279648 267967 1268653 40 24 33  2  0  0
15  0 136544 141553732 1659680 38645360    0    0 467408 281264 267675 1265833 40 24 34  2  0  0
35 14 136544 141548088 1659680 38645376    0    0 479376 280320 268693 1265160 40 24 33  2  0  0
58  0 136544 141547060 1659680 38645384    0    0 472128 284580 270386 1272019 40 24 33  2  0  0
40  1 136544 141544336 1659688 38645384    0    0 456464 286852 268368 1274769 40 25 33  2  0  0
procs -----------memory---------- ---swap-- -----io---- -system-- -------cpu-------
 r  b   swpd   free   buff  cache   si   so    bi    bo   in   cs us sy id wa st gu
47  9 136544 141536128 1659688 38645404    0    0 474160 280820 269479 1268239 40 24 34  2  0  0
24  5 136544 141540916 1659688 38645412    0    0 458816 279712 266124 1260141 40 24 34  2  0  0
82  4 136544 141538244 1659688 38645424    0    0 467536 283372 272039 1284658 41 24 33  2  0  0
26  2 136544 141537136 1659688 38645432    0    0 461776 310124 266174 1266915 40 24 33  2  0  0
73 13 136544 141542156 1659692 38645436    0    0 464192 285416 267867 1261190 41 24 33  2  0  0
87 20 136544 141540084 1659692 38645448    0    0 463360 290488 267584 1263685 40 24 33  2  0  0
52  1 136544 141540688 1659692 38645464    0    0 466800 279804 263984 1251455 39 24 34  2  0  0
44  3 136544 141539684 1659692 38645476    0    0 473040 279344 270068 1275656 41 23 33  2  0  0
 3  0 136544 141542940 1659692 38645484    0    0 457888 292992 265195 1255210 40 24 34  2  0  0
 4  0 136544 141546700 1659692 38645492    0    0 476112 280588 269700 1271029 40 24 34  2  0  0
40  0 136544 141544900 1659692 38645504    0    0 462848 273564 266359 1281439 40 24 33  2  0  0
50  0 136544 141549532 1659692 38645516    0    0 467920 288348 271291 1268114 40 24 34  2  0  0
36 22 136544 141545684 1659692 38645528    0    0 462976 282848 266668 1250621 40 24 34  2  0  0
73  0 136544 141546820 1659692 38645536    0    0 460736 285192 268269 1263200 40 24 34  2  0  0
 3  1 136544 141547896 1659692 38645544    0    0 464704 273660 266593 1273911 40 25 33  2  0  0
44  8 136544 141546396 1659700 38645548    0    0 467424 290672 265832 1241461 40 23 35  2  0  0
84  2 136544 141545704 1659700 38645568    0    0 470480 276900 267861 1270508 40 24 33  2  0  0
111  6 136544 141547496 1659700 38645580    0    0 466304 279340 266314 1274687 40 24 34  2  0  0
109  5 136544 141554396 1659700 38645588    0    0 462704 287904 266126 1248849 40 24 34  2  0  0
48  7 136544 141552192 1659700 38645596    0    0 465712 277848 268612 1268617 40 24 33  2  0  0
86  7 136544 141542708 1659708 38645592    0    0 468448 280608 265607 1262074 40 24 34  2  0  0
procs -----------memory---------- ---swap-- -----io---- -system-- -------cpu-------
 r  b   swpd   free   buff  cache   si   so    bi    bo   in   cs us sy id wa st gu
 3  6 136544 141544484 1659708 38645620    0    0 452752 283112 268928 1270877 40 24 34  2  0  0
27  0 136544 141551020 1659708 38645628    0    0 474640 278772 267773 1261280 40 23 34  2  0  0
46  8 136544 141544924 1659708 38645700    0    0 447552 281264 264616 1251000 40 24 34  2  0  0
60  1 136544 141538020 1659708 38645712    0    0 462544 276656 269634 1268637 39 25 33  2  0  0
73  2 136544 141537824 1659716 38645712    0    0 461904 281064 265467 1257126 39 24 34  2  0  0
80  7 136544 141539748 1659716 38645732    0    0 465488 277736 266729 1259006 40 24 34  2  0  0
74  8 136544 141540292 1659716 38645744    0    0 465600 282096 270384 1269538 40 25 33  2  0  0
63  3 136544 141534828 1659716 38645752    0    0 461392 276172 267141 1265323 40 25 33  2  0  0
71  2 136544 141534128 1659716 38645764    0    0 451408 281316 270181 1266822 40 24 34  2  0  0
52  2 136544 141533100 1659720 38645768    0    0 478480 278248 270433 1274612 40 24 33  3  0  0
56  7 136544 141529552 1659720 38645788    0    0 452224 270396 268763 1268161 40 24 33  2  0  0
25  1 136544 141524508 1659720 38645796    0    0 468608 281416 267931 1268512 41 24 33  2  0  0
40  8 136544 141533436 1659720 38645808    0    0 475312 286092 265643 1250716 39 23 35  3  0  0
 7  1 136544 141527368 1659720 38645816    0    0 467312 316380 265424 1258658 40 24 34  3  0  0
82  3 136544 141532260 1659724 38645824    0    0 465712 292324 270153 1269075 40 24 33  2  0  0
25 14 136544 141534608 1659724 38645840    0    0 472064 281432 267900 1268284 40 24 33  2  0  0
28  0 136544 141538584 1659724 38645844    0    0 469840 286696 271903 1265412 40 24 34  2  0  0
 5  2 136544 141544380 1659724 38645852    0    0 455216 277856 267843 1262762 40 24 34  2  0  0
105 10 136544 141545468 1659724 38645860    0    0 473280 283148 275274 1269932 40 23 34  2  0  0
65  1 136544 141550664 1659728 38645864    0    0 470688 289220 268357 1262480 40 24 34  2  0  0
42  1 136544 141555036 1659728 38645880    0    0 461632 278988 272129 1270824 40 24 34  2  0  0
procs -----------memory---------- ---swap-- -----io---- -system-- -------cpu-------
 r  b   swpd   free   buff  cache   si   so    bi    bo   in   cs us sy id wa st gu
127  7 136544 141550676 1659728 38645896    0    0 469200 282368 266434 1251089 40 24 34  2  0  0
60  5 136544 141545032 1659728 38645908    0    0 478992 284272 269217 1266717 40 24 34  2  0  0
38  2 136544 141543848 1659728 38645916    0    0 456992 278192 265753 1269191 40 25 34  2  0  0
26  0 136544 141544204 1659728 38645928    0    0 468864 278524 276468 1290622 40 25 33  2  0  0
111  5 136544 141542268 1659728 38645936    0    0 465136 284456 268915 1280637 40 25 33  2  0  0
41  2 136544 141543088 1659728 38645948    0    0 464576 284828 267539 1264438 40 24 34  2  0  0
 5  0 136544 141546520 1659728 38645956    0    0 462368 280264 267366 1276153 40 25 33  2  0  0
58 20 136544 141543324 1659728 38645968    0    0 463152 283616 265691 1250669 40 24 35  2  0  0
88  2 136544 141543992 1659736 38645968    0    0 482000 280948 268270 1260959 40 24 34  2  0  0
68 16 136544 141544376 1659736 38645984    0    0 464752 287180 267871 1264577 40 24 34  2  0  0
73  3 136544 141548232 1659736 38646000    0    0 468400 281932 267588 1267517 40 24 33  2  0  0
 3  1 136544 141542272 1659736 38646012    0    0 466832 279308 274541 1287567 41 24 33  2  0  0
 2  0 136544 141546360 1659736 38646016    0    0 465264 289560 265360 1253448 40 24 34  2  0  0
50  4 136544 141547684 1659736 38646028    0    0 479024 285044 272399 1266009 40 24 34  2  0  0
105  2 136544 141545288 1659744 38646036    0    0 463184 279796 266122 1264552 40 24 33  2  0  0
 6  2 136544 141540936 1659744 38646048    0    0 471632 285660 272276 1267399 40 24 33  2  0  0
70  9 136544 141537944 1659744 38646056    0    0 468528 292264 269370 1266694 40 24 33  2  0  0
104  5 136544 141535680 1659744 38646068    0    0 482672 284332 277685 1280501 40 24 33  3  0  0
50 12 136544 141535788 1659744 38646080    0    0 466272 283860 266291 1253021 39 24 34  2  0  0
56  7 136544 141534172 1659748 38646092    0    0 471904 284256 268135 1257560 40 24 33  2  0  0
61  9 136544 141538116 1659748 38646108    0    0 476800 286200 267326 1266777 40 24 33  3  0  0
procs -----------memory---------- ---swap-- -----io---- -system-- -------cpu-------
 r  b   swpd   free   buff  cache   si   so    bi    bo   in   cs us sy id wa st gu
50  5 136544 141535060 1659748 38646116    0    0 457312 291484 269081 1273016 40 24 34  2  0  0
59  3 136544 141537004 1659748 38646128    0    0 471616 303812 269151 1261869 40 23 34  2  0  0
63 18 136544 141541380 1659748 38646136    0    0 464496 285692 270338 1279505 40 24 33  2  0  0
46  5 136544 141547764 1659752 38646140    0    0 473744 277612 267652 1276593 40 24 33  2  0  0
52  6 136544 141545296 1659752 38646156    0    0 468976 285344 273678 1271637 40 24 34  2  0  0
119  7 136544 141543692 1659752 38646164    0    0 482304 279924 271908 1283228 41 25 32  3  0  0
52 10 136544 141541560 1659752 38646176    0    0 460064 290864 267532 1268065 40 25 33  2  0  0
 4  1 136544 141543052 1659752 38646188    0    0 461008 282376 267151 1270247 40 25 33  2  0  0
50  4 136544 141537404 1659756 38646192    0    0 472176 281156 271183 1269575 40 24 34  2  0  0
36  1 136544 141537228 1659756 38646204    0    0 483696 287676 269810 1262843 40 23 34  2  0  0
77  4 136544 141542600 1659756 38646216    0    0 468480 287632 271015 1277387 40 25 33  2  0  0
109  8 136544 141538092 1659756 38646224    0    0 465200 279732 267713 1271102 40 24 34  2  0  0
69  4 136544 141534720 1659756 38646232    0    0 469188 281936 266839 1266586 40 24 34  2  0  0
105 18 136544 141541272 1659756 38646244    0    0 473968 287364 269791 1271962 40 24 34  2  0  0
27  0 136544 141538512 1659756 38646256    0    0 462384 285680 266371 1258651 40 24 34  2  0  0
31  1 136544 141541472 1659756 38646268    0    0 466080 287620 270145 1271541 40 24 34  2  0  0
59 12 136544 141537312 1659756 38646276    0    0 461264 272312 269984 1284372 40 24 33  2  0  0
55  2 136544 141540544 1659756 38646288    0    0 480352 287760 271034 1265454 40 24 34  2  0  0
66  6 136544 141544436 1659760 38646296    0    0 451504 275732 267102 1283442 40 24 33  2  0  0
59  2 136544 141546320 1659760 38646308    0    0 463376 273400 272468 1291851 40 24 33  2  0  0
45  8 136544 141546260 1659760 38646392    0    0 465472 287536 264501 1253722 40 24 34  3  0  0
procs -----------memory---------- ---swap-- -----io---- -system-- -------cpu-------
 r  b   swpd   free   buff  cache   si   so    bi    bo   in   cs us sy id wa st gu
69  3 136544 141549292 1659760 38646400    0    0 474160 284108 272669 1272342 40 24 34  3  0  0
30  1 136544 141544048 1659760 38646412    0    0 474912 286812 267718 1258301 40 24 34  2  0  0
43  0 136544 141549832 1659768 38646412    0    0 481648 279420 271881 1281425 40 25 33  3  0  0
55 11 136544 141547420 1659768 38646432    0    0 473040 297960 267424 1258592 40 24 34  2  0  0
36 12 136544 141549300 1659768 38646448    0    0 475280 282944 274157 1279386 41 24 33  2  0  0
 4  0 136544 141551308 1659768 38646452    0    0 469648 285816 268752 1257372 40 24 34  2  0  0
97  9 136544 141548616 1659768 38646460    0    0 456752 279464 271268 1272051 40 24 34  2  0  0
41 12 136544 141543700 1659772 38646464    0    0 476816 282812 269309 1263754 40 25 33  2  0  0
 8  0 136544 141539788 1659772 38646480    0    0 465904 283424 267632 1270045 41 23 33  2  0  0
57  2 136544 141543244 1659772 38646496    0    0 469440 290092 268563 1268925 40 24 34  2  0  0
82 15 136544 141539316 1659772 38646504    0    0 458480 283136 269949 1269626 40 24 34  2  0  0
68 12 136544 141537132 1659776 38646508    0    0 493396 313724 273051 1262209 40 24 32  4  0  0
 4  1 136544 141532436 1659776 38646528    0    0 469984 285672 266976 1249859 40 24 34  2  0  0
85  1 136544 141527360 1659780 38646540    0    0 488032 279880 266727 1267856 41 24 33  3  0  0
41  3 136544 141527312 1659780 38646556    0    0 462256 291132 272673 1281447 41 24 33  2  0  0
55  3 136544 141526708 1659780 38646564    0    0 468416 280524 267572 1269618 40 24 34  2  0  0
76  3 136544 141528436 1659780 38646572    0    0 472640 298756 272072 1271881 41 23 33  2  0  0
 8  8 136544 141527544 1659780 38646584    0    0 465184 283128 267997 1261720 40 24 34  2  0  0
30  3 136544 141521392 1659788 38646584    0    0 470960 273512 266257 1276202 40 24 34  2  0  0
58  8 136544 141524880 1659788 38646604    0    0 470736 285864 268122 1269930 41 24 33  2  0  0
69  3 136544 141521424 1659788 38646612    0    0 458032 278912 268181 1276508 40 24 33  2  0  0
procs -----------memory---------- ---swap-- -----io---- -system-- -------cpu-------
 r  b   swpd   free   buff  cache   si   so    bi    bo   in   cs us sy id wa st gu
63 10 136544 141523640 1659788 38646620    0    0 474496 291164 272007 1265208 40 23 34  2  0  0
75  5 136544 141525024 1659788 38646624    0    0 472240 280688 266538 1268371 40 24 34  2  0  0
60 15 136544 141531044 1659792 38646636    0    0 468976 283248 268362 1253619 40 24 34  2  0  0
106  5 136544 141529988 1659792 38646652    0    0 467536 280812 267821 1263483 40 24 33  2  0  0
40  3 136544 141532764 1659792 38646664    0    0 475296 285388 268054 1259584 40 24 34  2  0  0
48  2 136544 141528600 1659792 38646672    0    0 478960 298052 268324 1263394 40 24 34  2  0  0
71 14 136544 141531036 1659792 38646684    0    0 471440 279740 267616 1268289 40 25 33  2  0  0
59 12 136544 141530564 1659800 38646684    0    0 465312 287440 272236 1289667 40 24 33  2  0  0
89  5 136544 141528732 1659800 38646700    0    0 467200 280436 267585 1272010 41 24 33  2  0  0
106  4 136544 141521320 1659800 38646712    0    0 457968 280840 265470 1271422 40 24 34  2  0  0
 4  4 136544 141527432 1659800 38646724    0    0 470112 290900 266315 1261787 40 24 34  2  0  0
72 12 136544 141528460 1659800 38646736    0    0 476656 283640 271510 1282077 40 24 33  3  0  0
42 13 136544 141525324 1659804 38646744    0    0 466352 287236 266363 1264624 40 24 34  2  0  0
47  1 136544 141522640 1659804 38646756    0    0 453648 272200 269807 1276154 41 24 33  2  0  0
 6  3 136544 141520592 1659804 38646768    0    0 464384 280120 268219 1268711 41 24 33  2  0  0
80  9 136544 141513600 1659804 38646780    0    0 461760 297484 271674 1270835 40 24 33  2  0  0
20  0 136544 141514336 1659804 38646792    0    0 471120 269336 269933 1282425 41 25 32  2  0  0
 3  0 136544 141513312 1659804 38646800    0    0 464448 300580 266744 1259959 40 24 34  2  0  0
60 11 136544 141511884 1659804 38646808    0    0 466656 273860 267012 1278221 40 25 32  2  0  0
58  7 136544 141521644 1659804 38646816    0    0 471008 289672 269144 1254020 40 24 34  2  0  0
91 11 136544 141528212 1659804 38646836    0    0 486784 287688 268066 1264448 40 24 33  3  0  0
procs -----------memory---------- ---swap-- -----io---- -system-- -------cpu-------
 r  b   swpd   free   buff  cache   si   so    bi    bo   in   cs us sy id wa st gu
 6  0 136544 141525384 1659804 38646844    0    0 486560 334916 274913 1273478 40 24 32  3  0  0
30 11 136544 141522052 1659804 38646852    0    0 473936 286544 264333 1257855 40 23 34  3  0  0
44  4 136544 141523980 1659804 38646860    0    0 478512 289444 270583 1265870 39 24 34  3  0  0
