procs -----------memory---------- ---swap-- -----io---- -system-- -------cpu-------
 r  b   swpd   free   buff  cache   si   so    bi    bo   in   cs us sy id wa st gu
 5  0 112448 129139812 2095108 33626100    0    1 29475 27952 12772    5  3  1 96  1  0  0
67  0 112448 129105872 2095108 33626180    0    0     0 267700 93869 37606 78  1 21  0  0  0
49  0 112448 129092800 2095108 33626184    0    0     0 323028 115356 28666 76  1 23  0  0  0
22 47 112448 128956844 2095112 33626192    0    0 258432 417004 206888 269879 40  4 52  4  0  0
57 22 112448 128887356 2095112 33626204    0    0 1247968 889520 267416 1007911 38 13 33 16  0  0
58 14 112448 128878004 2095112 33626340    0    0 1274368 729588 265496 1023441 38 13 35 14  0  0
 4 10 112448 128869120 2095112 33626356    0    0 1267856 744640 253174 1023218 37 13 36 14  0  0
40 29 112448 128885408 2095112 33626364    0    0 1283952 735508 253773 1028926 37 13 35 14  0  0
42 25 112448 128890292 2095112 33626372    0    0 1278800 752996 258174 1025283 37 13 35 15  0  0
 4  8 112448 128884924 2095112 33626380    0    0 1289280 746760 255306 1031463 38 13 35 14  0  0
 7  7 112448 128878576 2095112 33626392    0    0 1275456 752240 253770 1023437 37 13 36 14  0  0
20 20 112448 128891164 2095112 33626408    0    0 1285472 749712 255109 1032896 37 13 35 15  0  0
14  4 112448 128901336 2095112 33626416    0    0 1279872 730516 253985 1029540 37 13 36 14  0  0
14  3 112448 128908196 2095116 33626424    0    0 1239632 707732 249556 997746 36 12 38 14  0  0
50 22 112448 128919484 2095116 33626440    0    0 1264352 743424 251822 1016355 36 13 36 15  0  0
57 17 112448 128919588 2095116 33626452    0    0 1265328 730288 252076 1016781 36 13 36 15  0  0
 8  9 112448 128920092 2095116 33626464    0    0 1270368 762640 253437 1021522 37 13 36 14  0  0
43 22 112448 128924088 2095116 33626472    0    0 1292800 733324 254453 1035702 38 13 35 15  0  0
54 14 112448 128919248 2095116 33626480    0    0 1274128 748380 254253 1026978 37 13 36 14  0  0
46 21 112448 128921396 2095116 33626488    0    0 1269792 748032 253351 1020528 37 13 36 14  0  0
 2 12 112448 128928772 2095116 33626500    0    0 1267184 763420 253457 1018228 37 13 36 14  0  0
procs -----------memory---------- ---swap-- -----io---- -system-- -------cpu-------
 r  b   swpd   free   buff  cache   si   so    bi    bo   in   cs us sy id wa st gu
10  8 112448 128925896 2095116 33626512    0    0 1266368 763644 253637 1018633 37 13 36 14  0  0
22  3 112448 128934292 2095116 33626520    0    0 1275680 760444 253443 1025977 37 13 36 14  0  0
 8  8 112448 128934236 2095116 33626528    0    0 1276784 776868 255631 1028646 37 13 36 14  0  0
50 20 112448 128939448 2095116 33626536    0    0 1280272 772472 256098 1033710 37 13 35 15  0  0
41 27 112448 128943080 2095116 33626548    0    0 1264688 779608 254001 1020165 37 13 36 15  0  0
46 23 112448 128946564 2095116 33626560    0    0 1251200 748016 251284 1007413 36 12 36 15  0  0
10 13 112448 128944660 2095116 33626568    0    0 1223280 792080 249908 990641 36 12 37 15  0  0
11  4 112448 128944408 2095116 33626580    0    0 1249840 754696 256752 1005487 36 13 36 15  0  0
16 15 112448 128932768 2095116 33626592    0    0 1243792 782060 252403 1003260 36 13 37 15  0  0
23 11 112448 128930300 2095116 33626600    0    0 1254896 798656 254575 1015415 37 13 36 14  0  0
13  3 112448 128925560 2095116 33626612    0    0 1266704 764888 254407 1016596 37 13 36 14  0  0
12  6 112448 128934672 2095116 33626624    0    0 1251552 785816 255461 1007503 36 13 37 14  0  0
36 30 112448 128933992 2095116 33626636    0    0 1254400 776132 254499 1015132 37 13 36 15  0  0
13  6 112448 128928776 2095116 33626648    0    0 1255088 777092 253298 1010362 37 13 37 14  0  0
11  7 112448 128934424 2095116 33626660    0    0 1252544 785212 255349 1016961 37 13 36 14  0  0
11 13 112448 128934620 2095116 33626668    0    0 1262192 788520 254874 1016573 37 13 36 14  0  0
30  8 112448 128930952 2095116 33626676    0    0 1263072 781752 254081 1019406 37 13 36 14  0  0
51 19 112448 128926068 2095116 33626688    0    0 1256320 751664 253393 1014882 37 13 36 15  0  0
46 25 112448 128927500 2095116 33626704    0    0 1223936 779472 251437 988888 35 12 38 15  0  0
55 17 112448 128939052 2095116 33626712    0    0 1246192 768080 252520 1007769 36 12 37 15  0  0
47 20 112448 128943272 2095116 33626720    0    0 1230096 785132 250618 994316 35 12 37 15  0  0
procs -----------memory---------- ---swap-- -----io---- -system-- -------cpu-------
 r  b   swpd   free   buff  cache   si   so    bi    bo   in   cs us sy id wa st gu
53 17 112448 128946864 2095116 33626732    0    0 1247008 784948 253400 1008160 37 13 37 14  0  0
49 20 112448 128941604 2095120 33626812    0    0 1253600 805460 253653 1007310 36 13 37 14  0  0
43 26 112448 128941428 2095120 33626824    0    0 1256560 801400 255292 1018195 37 13 36 14  0  0
51 18 112448 128941048 2095120 33626832    0    0 1239552 795384 253525 1004114 36 13 37 15  0  0
47 23 112448 128937568 2095120 33626840    0    0 1230688 815236 252877 997894 36 12 37 15  0  0
44 21 112448 128929996 2095120 33626860    0    0 1269392 771712 253385 1022824 37 13 35 15  0  0
21 11 112448 128928712 2095120 33626868    0    0 1250208 828456 253628 1012514 37 12 36 15  0  0
11 20 112448 128921896 2095120 33626884    0    0 1256064 795368 254521 1016585 37 13 36 15  0  0
45 22 112448 128924004 2095120 33626892    0    0 1250752 807104 254539 1006923 37 12 36 15  0  0
42 23 112448 128924904 2095120 33626900    0    0 1231872 823980 254512 1001619 36 12 36 15  0  0
45 25 112448 128918380 2095120 33626912    0    0 1195840 796144 249543 977191 35 12 38 15  0  0
51 22 112448 128925956 2095120 33626924    0    0 1224256 811348 251627 994549 36 12 37 15  0  0
40 32 112448 128938160 2095120 33626928    0    0 1226032 801616 250657 996524 36 12 36 16  0  0
15 24 112448 128938636 2095120 33626936    0    0 1228048 824672 253004 997398 36 13 37 14  0  0
32  0 112448 128941240 2095120 33626948    0    0 1246768 797544 253994 1014315 36 13 36 15  0  0
48 21 112448 128940864 2095120 33626968    0    0 1248688 820928 255182 1011800 36 13 36 15  0  0
40 25 112448 128929784 2095120 33626976    0    0 1226112 800392 252508 994680 36 12 37 15  0  0
50 22 112448 128929132 2095120 33626984    0    0 1239952 799112 254014 1006704 37 13 37 14  0  0
37 30 112448 128930948 2095120 33626992    0    0 1245008 809636 254916 1015065 36 13 36 15  0  0
45 22 112448 128935168 2095120 33627000    0    0 1265856 818760 256977 1023872 37 13 36 14  0  0
22  4 112448 128927100 2095120 33627012    0    0 1272224 812552 257331 1024437 38 13 35 14  0  0
procs -----------memory---------- ---swap-- -----io---- -system-- -------cpu-------
 r  b   swpd   free   buff  cache   si   so    bi    bo   in   cs us sy id wa st gu
59 14 112448 128930184 2095120 33627024    0    0 1275392 819296 257100 1029728 37 13 35 15  0  0
38 30 112448 128930308 2095120 33627032    0    0 1247712 808140 255118 1007993 37 13 37 14  0  0
56 18 112448 128936300 2095124 33627044    0    0 1234544 800976 252168 1002863 36 13 37 14  0  0
47 24 112448 128927176 2095124 33627060    0    0 1250992 804844 257937 1011674 36 13 36 14  0  0
51 20 112448 128937172 2095124 33627076    0    0 1252272 798240 253813 1011005 36 12 37 14  0  0
43 24 112448 128936628 2095124 33627084    0    0 1264784 829288 257095 1021317 37 13 36 14  0  0
43 25 112448 128943396 2095124 33627092    0    0 1274192 803140 256086 1026874 38 13 35 14  0  0
56 20 112448 128944064 2095124 33627100    0    0 1261440 822840 257054 1019123 37 13 35 15  0  0
59 16 112448 128940068 2095124 33627104    0    0 1257920 817700 256523 1018009 36 13 37 14  0  0
57 14 112448 128937080 2095124 33627120    0    0 1264528 809188 256864 1024670 37 13 36 14  0  0
51 18 112448 128939232 2095124 33627128    0    0 1267712 812852 256730 1025509 37 13 36 14  0  0
46 22 112448 128933780 2095124 33627136    0    0 1274752 823220 273919 1026489 37 13 35 15  0  0
55 17 112448 128936988 2095128 33627144    0    0 1271424 810152 257005 1024655 37 13 35 14  0  0
37 29 112448 128931852 2095128 33627156    0    0 1246752 826640 255437 1013593 37 13 35 16  0  0
42 25 112448 128924516 2095128 33627168    0    0 1246016 789200 254468 1012720 36 13 36 15  0  0
42 25 112448 128931080 2095128 33627184    0    0 1259536 810320 257016 1019893 37 13 36 15  0  0
51 23 112448 128931580 2095128 33627192    0    0 1238192 811880 254573 1004071 36 12 37 15  0  0
48 24 112448 128938092 2095132 33627196    0    0 1275280 796688 256588 1025273 37 13 36 15  0  0
50 23 112448 128940728 2095132 33627212    0    0 1257808 825284 256544 1018132 37 13 36 14  0  0
49 20 112448 128940820 2095132 33627220    0    0 1255248 810656 255934 1018456 37 13 37 14  0  0
54 16 112448 128937024 2095132 33627232    0    0 1264944 829012 257377 1022832 37 13 36 14  0  0
procs -----------memory---------- ---swap-- -----io---- -system-- -------cpu-------
 r  b   swpd   free   buff  cache   si   so    bi    bo   in   cs us sy id wa st gu
38 29 112448 128940508 2095132 33627244    0    0 1283120 823548 258800 1035491 37 13 34 15  0  0
47 21 112448 128940864 2095132 33627252    0    0 1247760 809524 255582 1013433 37 13 37 14  0  0
44 22 112448 128940560 2095132 33627260    0    0 1272864 826336 257662 1026129 37 13 35 14  0  0
41 27 112448 128941848 2095132 33627272    0    0 1260704 818724 256696 1018612 37 13 36 14  0  0
 8  9 112448 128945112 2095132 33627280    0    0 1247008 815956 255080 1009434 37 13 37 14  0  0
45 20 112448 128947948 2095132 33627288    0    0 1240096 803744 254034 1003143 36 12 37 14  0  0
 7 11 112448 128943440 2095132 33627296    0    0 1261504 813056 256157 1022296 37 13 36 14  0  0
16  8 112448 128942812 2095132 33627308    0    0 1267408 798832 255819 1021322 37 13 36 14  0  0
 9 10 112448 128936748 2095132 33627320    0    0 1243536 798212 252826 1002553 36 13 37 15  0  0
58 15 112448 128936808 2095132 33627336    0    0 1270672 810352 257102 1027914 37 13 36 15  0  0
55 12 112448 128937752 2095132 33627344    0    0 1256816 813492 255430 1012668 37 12 37 14  0  0
 9 14 112448 128935256 2095136 33627352    0    0 1269200 824580 257623 1022268 37 13 36 14  0  0
19  7 112448 128932632 2095136 33627364    0    0 1275440 826020 257813 1028916 37 13 35 14  0  0
15  2 112448 128932144 2095136 33627380    0    0 1274000 809732 258169 1025356 37 13 35 15  0  0
10  8 112448 128939096 2095136 33627396    0    0 1245312 840416 256292 1006188 37 12 37 14  0  0
18  7 112448 128876192 2095136 33627404    0    0 1269616 811900 256301 1021618 37 13 36 14  0  0
15 12 112448 128876896 2095136 33627416    0    0 1262736 830224 257739 1019271 37 13 36 14  0  0
41 28 112448 128867308 2095140 33627428    0    0 1237104 773340 261733 996752 36 12 37 15  0  0
14  8 112448 128871708 2095140 33627436    0    0 1255824 824800 256479 1018524 37 13 36 14  0  0
12  7 112448 128867600 2095140 33627520    0    0 1266064 825356 257544 1021466 37 13 36 14  0  0
18 23 112448 128863808 2095140 33627528    0    0 1228000 803004 252919 1000624 36 13 37 14  0  0
procs -----------memory---------- ---swap-- -----io---- -system-- -------cpu-------
 r  b   swpd   free   buff  cache   si   so    bi    bo   in   cs us sy id wa st gu
17 22 112448 128862296 2095140 33627540    0    0 1263088 827084 256601 1024034 37 13 36 15  0  0
20 12 112448 128864112 2095140 33627544    0    0 1269696 808632 255387 1024042 37 13 36 14  0  0
19  7 112448 128878592 2095140 33627552    0    0 1268992 812548 255928 1022215 37 13 36 14  0  0
10  7 112448 128872540 2095140 33627564    0    0 1265904 836240 259015 1028702 37 13 36 14  0  0
49 20 112448 128875740 2095140 33627572    0    0 1272448 813072 257770 1029169 37 13 35 14  0  0
47 22 112448 128876940 2095140 33627584    0    0 1271616 830336 255913 1024381 37 13 35 15  0  0
42 25 112448 128870584 2095140 33627596    0    0 1276720 825584 258118 1031805 37 13 35 14  0  0
25 24 112448 128867984 2095140 33627604    0    0 1255568 810288 255469 1013614 37 13 37 14  0  0
21 44 112448 128862424 2095140 33627612    0    0 1255920 826176 256607 1019868 37 12 36 15  0  0
31 25 112448 128862968 2095140 33627624    0    0 1245136 809284 254514 1006886 36 13 37 14  0  0
24 38 112448 128863184 2095140 33627636    0    0 1268400 817580 256748 1027228 37 13 35 14  0  0
23 51 112448 128864024 2095144 33627644    0    0 1248048 796112 255168 1012852 37 13 36 14  0  0
25 33 112448 128865668 2095144 33627656    0    0 1265968 819060 256523 1024286 37 13 35 15  0  0
28 38 112448 128870464 2095144 33627664    0    0 1253888 830892 256487 1014763 37 13 36 14  0  0
29 39 112448 128874112 2095144 33627680    0    0 1272592 799880 258160 1026067 37 13 36 14  0  0
19 45 112448 128859324 2095144 33627688    0    0 1259248 832152 257171 1022728 37 13 36 14  0  0
36 27 112448 128854448 2095148 33627696    0    0 1281648 819256 259547 1032678 38 13 35 14  0  0
27 44 112448 128857656 2095148 33627708    0    0 1264784 808064 257021 1022800 37 13 36 14  0  0
26 42 112448 128855008 2095148 33627712    0    0 1250464 842928 256822 1011484 37 13 37 14  0  0
16 45 112448 128863268 2095148 33627728    0    0 1267296 819140 254810 1021661 37 13 36 14  0  0
43 30 112448 128861940 2095148 33627736    0    0 1263008 792716 257418 1021660 37 13 36 14  0  0
procs -----------memory---------- ---swap-- -----io---- -system-- -------cpu-------
 r  b   swpd   free   buff  cache   si   so    bi    bo   in   cs us sy id wa st gu
35 43 112448 128862620 2095148 33627744    0    0 1233264 814584 253092 1000501 36 12 36 15  0  0
32 32 112448 128860980 2095148 33627752    0    0 1262400 809516 256939 1019201 37 13 36 14  0  0
32 24 112448 128849624 2095148 33627760    0    0 1250272 786524 255499 1011153 37 12 37 14  0  0
22 45 112448 128849160 2095148 33627776    0    0 1229024 812732 253798 1001934 36 12 37 14  0  0
23 41 112448 128859756 2095148 33627796    0    0 1262336 812044 259100 1023375 37 13 36 14  0  0
29 33 112448 128854420 2095148 33627804    0    0 1259376 787172 257994 1016116 37 13 36 14  0  0
41 31 112448 128853596 2095148 33627812    0    0 1267376 818156 258976 1028139 37 13 36 14  0  0
40 32 112448 128845808 2095148 33627824    0    0 1266304 821636 258322 1028235 37 13 37 14  0  0
40 39 112448 128852080 2095148 33627836    0    0 1263840 809008 258166 1026417 37 13 36 14  0  0
36 26 112448 128857536 2095148 33627844    0    0 1266368 818096 257557 1026017 37 13 36 14  0  0
30 36 112448 128855668 2095148 33627852    0    0 1265920 830796 259009 1029166 37 13 35 15  0  0
30 38 112448 128847928 2095148 33627860    0    0 1261904 821636 257910 1022033 37 13 36 14  0  0
24 11 112448 128857924 2095148 33627868    0    0 1238080 782756 253944 1004733 36 12 37 14  0  0
48 25 112448 128855952 2095148 33627884    0    0 1258128 821948 256828 1021177 37 13 36 14  0  0
49 25 112448 128852368 2095148 33627892    0    0 1261808 824612 258151 1022796 37 13 36 15  0  0
32 35 112448 128852304 2095148 33627900    0    0 1164032 774940 244269 951467 34 12 39 16  0  0
33 29 112448 128848384 2095152 33627908    0    0 1211504 770524 249672 980946 36 12 37 15  0  0
28 40 112448 128848064 2095152 33627920    0    0 1249168 807964 256560 1014057 37 13 36 15  0  0
29 25 112448 128843336 2095152 33627932    0    0 1260144 820424 257714 1025707 37 13 36 14  0  0
18 11 112448 128843132 2095152 33627940    0    0 1269968 836348 259694 1033989 37 13 35 15  0  0
10 10 112448 128847916 2095152 33627952    0    0 1283360 796716 257872 1036144 38 13 36 14  0  0
procs -----------memory---------- ---swap-- -----io---- -system-- -------cpu-------
 r  b   swpd   free   buff  cache   si   so    bi    bo   in   cs us sy id wa st gu
43 27 112448 128845408 2095156 33627956    0    0 1245424 833364 257579 1015617 37 13 37 14  0  0
44 26 112448 128856984 2095156 33627972    0    0 1277152 818632 259535 1029727 37 13 36 14  0  0
 8  9 112448 128853688 2095156 33627984    0    0 1270976 814652 258371 1029613 37 13 35 15  0  0
48 23 112448 128853328 2095156 33627996    0    0 1236496 802960 255247 1003137 36 13 37 14  0  0
40 26 112448 128855184 2095156 33628004    0    0 1247344 819716 255488 1014422 36 13 37 14  0  0
47 21 112448 128857256 2095156 33628012    0    0 1254032 820144 257522 1015323 36 13 37 14  0  0
 7  6 112448 128861340 2095156 33628024    0    0 1239312 793788 255048 1007696 36 13 37 14  0  0
38 30 112448 128857672 2095156 33628036    0    0 1165968 778188 244173 949244 34 12 39 16  0  0
50 22 112448 128865216 2095156 33628048    0    0 1200480 771316 247912 979144 35 12 38 15  0  0
47 23 112448 128855452 2095156 33628056    0    0 1190304 782472 246922 966537 35 12 38 15  0  0
50 18 112448 128855972 2095160 33628060    0    0 1218720 776876 249547 987552 35 12 37 15  0  0
12  3 112448 128864040 2095160 33628076    0    0 1203648 795532 249101 977910 35 12 38 15  0  0
48 20 112448 128857924 2095160 33628084    0    0 1191952 772672 246812 968205 35 12 38 15  0  0
 7  4 112448 128860020 2095160 33628096    0    0 1231552 802928 252523 1001069 36 12 37 15  0  0
49 24 112448 128868740 2095160 33628104    0    0 1261488 798388 257299 1023303 37 13 36 14  0  0
 8  7 112448 128870736 2095164 33628120    0    0 1250096 813560 254907 1015099 37 13 36 14  0  0
37 33 112448 128869888 2095172 33628208    0    0 1235904 833056 255309 1006841 36 13 37 14  0  0
44 24 112448 128865480 2095172 33628228    0    0 1268768 799412 257062 1025479 37 13 36 14  0  0
38 33 112448 128865824 2095172 33628240    0    0 1247520 838376 256847 1016438 37 13 36 14  0  0
38 29 112448 128864880 2095172 33628248    0    0 1178256 758164 245528 961407 34 12 39 15  0  0
46 21 112448 128863444 2095172 33628260    0    0 1197296 776036 248658 975234 35 12 38 15  0  0
procs -----------memory---------- ---swap-- -----io---- -system-- -------cpu-------
 r  b   swpd   free   buff  cache   si   so    bi    bo   in   cs us sy id wa st gu
52 18 112448 128859576 2095172 33628272    0    0 1235664 804232 253409 1006043 36 13 36 14  0  0
45 24 112448 128858708 2095172 33628280    0    0 1264944 820352 257707 1021779 37 13 36 14  0  0
 3  8 112448 128857516 2095172 33628292    0    0 1289824 814268 260363 1041966 38 13 35 14  0  0
41 30 112448 128860536 2095172 33628304    0    0 1265312 818544 258562 1022091 37 13 36 14  0  0
24 11 112448 128856760 2095172 33628312    0    0 1251360 829476 257171 1012193 37 13 37 14  0  0
11  5 112448 128859252 2095172 33628324    0    0 1256688 826508 259210 1025189 37 13 36 14  0  0
40 28 112448 128863820 2095172 33628332    0    0 1268000 816816 258560 1028630 37 13 36 14  0  0
43 27 112448 128866252 2095172 33628340    0    0 1206880 814852 252396 988345 36 12 38 14  0  0
 6  9 112448 128865564 2095172 33628356    0    0 1280000 803588 257670 1033648 37 13 35 14  0  0
43 27 112448 128868880 2095172 33628364    0    0 1263376 841688 258520 1028759 37 13 35 15  0  0
48 19 112448 128863464 2095172 33628372    0    0 1247200 778040 254693 1006849 36 12 37 15  0  0
10  9 112448 128866568 2095172 33628380    0    0 1166928 773140 244718 948127 34 11 39 15  0  0
42 25 112448 128870904 2095172 33628392    0    0 1201792 801324 249726 977097 35 12 37 15  0  0
41 27 112448 128865068 2095172 33628404    0    0 1269792 800568 257211 1028488 37 13 35 14  0  0
12 18 112448 128866796 2095172 33628412    0    0 1201616 795204 249234 977875 35 12 37 15  0  0
42 27 112448 128869636 2095172 33628420    0    0 1214736 782904 248596 980501 35 12 37 16  0  0
52 15 112448 128868412 2095172 33628428    0    0 1263968 798820 257635 1022388 37 13 36 14  0  0
46 19 112448 128869512 2095172 33628436    0    0 1261792 814764 258758 1024747 37 13 36 14  0  0
62 11 112448 128869712 2095172 33628456    0    0 1251360 821872 257091 1018558 37 13 37 14  0  0
43 27 112448 128865100 2095172 33628464    0    0 1233776 812760 270094 1005333 36 13 37 14  0  0
48 19 112448 128867948 2095180 33628464    0    0 1252368 797304 255258 1012479 37 13 36 15  0  0
procs -----------memory---------- ---swap-- -----io---- -system-- -------cpu-------
 r  b   swpd   free   buff  cache   si   so    bi    bo   in   cs us sy id wa st gu
37 32 112448 128860948 2095184 33628480    0    0 1253040 827320 258579 1015349 37 13 36 14  0  0
44 24 112448 128865884 2095184 33628488    0    0 1264688 826944 257050 1022717 37 13 36 15  0  0
49 23 112448 128862720 2095184 33628504    0    0 1188448 756740 244701 965721 35 12 38 15  0  0
 9 15 112448 128865900 2095184 33628508    0    0 1196864 807352 248232 971306 35 12 38 16  0  0
12  4 112448 128869412 2095184 33628520    0    0 1233456 803300 252370 998002 36 13 37 15  0  0
48 18 112448 128868060 2095184 33628532    0    0 1240576 806832 253348 1003662 36 12 36 15  0  0
53 22 112448 128865708 2095184 33628556    0    0 1219840 767116 249727 987053 36 12 37 15  0  0
43 26 112448 128865160 2095184 33628568    0    0 1226576 786324 251488 993863 36 12 36 15  0  0
38 26 112448 128868468 2095184 33628576    0    0 1260784 840000 257117 1020871 37 12 36 14  0  0
44 27 112448 128869936 2095184 33628584    0    0 1273024 817728 256700 1027756 37 13 36 14  0  0
48 19 112448 128861988 2095184 33628592    0    0 1279312 802648 257750 1030238 37 13 36 14  0  0
54 19 112448 128860416 2095184 33628604    0    0 1230912 790632 252987 1000492 36 13 37 15  0  0
12 20 112448 128863840 2095184 33628616    0    0 1259760 844560 256269 1021449 37 13 36 14  0  0
51 18 112448 128873924 2095184 33628624    0    0 1261024 814816 255818 1021616 37 13 36 14  0  0
33  3 112448 128870536 2095184 33628632    0    0 1278128 795272 258173 1030891 37 13 35 14  0  0
47 20 112448 128860108 2095184 33628644    0    0 1174608 767308 246052 957373 34 12 39 15  0  0
 5  4 112448 128864916 2095184 33628656    0    0 1201664 788312 247384 975167 35 12 37 16  0  0
45 23 112448 128865540 2095184 33628668    0    0 1201120 806380 249329 973645 35 12 38 15  0  0
23 22 112448 128866272 2095184 33628676    0    0 1222656 783368 248801 986910 36 12 35 17  0  0
47 27 112448 128866180 2095188 33628680    0    0 1239248 784264 252679 998888 36 12 36 15  0  0
48 21 112448 128868544 2095188 33628692    0    0 1257504 845340 257939 1018987 37 13 36 14  0  0
procs -----------memory---------- ---swap-- -----io---- -system-- -------cpu-------
 r  b   swpd   free   buff  cache   si   so    bi    bo   in   cs us sy id wa st gu
50 17 112448 128855556 2095188 33628700    0    0 1267120 799088 257385 1025435 37 13 36 14  0  0
19 11 112448 128852312 2095188 33628712    0    0 1272992 819748 257603 1028885 37 13 35 15  0  0
53 21 112448 128852660 2095188 33628720    0    0 1252768 814320 255494 1014085 36 13 36 15  0  0
40 33 112448 128853784 2095192 33628724    0    0 1225248 817904 252102 992296 35 13 38 14  0  0
51 20 112448 128855644 2095192 33628744    0    0 1271920 799864 256443 1025536 37 13 36 14  0  0
46 21 112448 128861720 2095192 33628752    0    0 1260000 811972 257882 1014118 37 13 36 14  0  0
 3 15 112448 128857684 2095192 33628760    0    0 1211760 799440 258534 981346 36 12 37 15  0  0
40 29 112448 128860164 2095192 33628772    0    0 1170992 773408 244752 950291 34 12 39 15  0  0
45 25 112448 128860072 2095192 33628780    0    0 1210624 783376 249094 979556 35 12 37 16  0  0
42 28 112448 128857716 2095196 33628788    0    0 1190784 751204 242393 953578 34 12 38 16  0  0
13 16 112448 128860848 2095196 33628800    0    0 1181216 770104 243073 955542 34 12 37 17  0  0
46 22 112448 128863084 2095196 33628808    0    0 1191616 771068 244048 964568 34 12 38 16  0  0
43 25 112448 128857692 2095196 33628820    0    0 1209552 770392 248604 974330 35 12 38 15  0  0
24  9 112448 128860712 2095196 33628896    0    0 1200000 780240 247473 973309 35 12 37 15  0  0
 9 14 112448 128859076 2095196 33628908    0    0 1234528 818084 251241 995610 36 12 34 18  0  0
15 28 112448 128855080 2095200 33628916    0    0 1205104 784180 246092 976189 35 12 37 17  0  0
15  7 112448 128862800 2095200 33628928    0    0 1226928 796416 251307 994234 36 12 36 16  0  0
42 28 112448 128857884 2095200 33628940    0    0 1227232 764984 249461 984496 36 12 37 15  0  0
50 21 112448 128863232 2095200 33628956    0    0 1207552 805140 249003 976786 35 12 37 15  0  0
53 17 112448 128862204 2095200 33628964    0    0 1213696 774476 249560 982388 35 12 38 15  0  0
46 21 112448 128872556 2095200 33628972    0    0 1193776 775544 246978 964252 35 12 39 15  0  0
procs -----------memory---------- ---swap-- -----io---- -system-- -------cpu-------
 r  b   swpd   free   buff  cache   si   so    bi    bo   in   cs us sy id wa st gu
 9 11 112448 128871816 2095200 33628980    0    0 1204464 806432 248751 980323 35 12 38 15  0  0
21 35 112448 128870100 2095200 33629000    0    0 1214384 798724 249694 985075 35 12 36 16  0  0
50  9 112448 128864508 2095200 33629012    0    0 1235520 755896 248994 991301 36 12 35 16  0  0
45 26 112448 128860480 2095200 33629020    0    0 1251840 852712 257003 1012060 37 13 36 14  0  0
48 22 112448 128862404 2095200 33629028    0    0 1270416 812632 256665 1020643 37 13 36 14  0  0
11  4 112448 128869516 2095200 33629036    0    0 1267584 797156 255407 1017100 37 13 36 14  0  0
19 31 112448 128858768 2095200 33629048    0    0 1268848 817780 256241 1023979 37 13 35 15  0  0
53 19 112448 128861896 2095200 33629060    0    0 1253248 822356 255369 1013835 37 13 35 15  0  0
52 24 112448 128867088 2095200 33629068    0    0 1264096 807372 256198 1022150 37 13 36 14  0  0
52 20 112448 128866620 2095200 33629076    0    0 1273968 822840 259078 1029762 37 13 35 14  0  0
10  8 112448 128866704 2095200 33629088    0    0 1226144 821184 251012 992506 36 12 37 15  0  0
39 28 112448 128865572 2095200 33629104    0    0 1191824 771920 247509 969724 35 12 38 15  0  0
48 21 112448 128862848 2095200 33629112    0    0 1214736 768508 247653 979223 35 12 38 15  0  0
51 22 112448 128870148 2095208 33629112    0    0 1212656 781184 248762 979126 35 12 38 15  0  0
41 31 112448 128865416 2095208 33629132    0    0 1205872 797184 248793 978392 35 12 37 16  0  0
47 20 112448 128867752 2095208 33629140    0    0 1236336 805376 252802 1001823 36 12 36 15  0  0
48 24 112448 128860100 2095208 33629156    0    0 1271040 823452 258273 1026416 37 13 36 14  0  0
50 19 112448 128851392 2095208 33629164    0    0 1267680 811580 257122 1025971 37 13 36 14  0  0
36 32 112448 128852116 2095212 33629168    0    0 1259536 822984 256243 1020057 37 13 36 14  0  0
14  4 112448 128857344 2095216 33629176    0    0 1233264 782852 252833 1003157 36 13 37 14  0  0
52 16 112448 128854808 2095216 33629192    0    0 1248544 836216 256744 1014139 37 13 37 14  0  0
procs -----------memory---------- ---swap-- -----io---- -system-- -------cpu-------
 r  b   swpd   free   buff  cache   si   so    bi    bo   in   cs us sy id wa st gu
49 21 112448 128855508 2095216 33629204    0    0 1273488 810700 257203 1031889 37 13 36 14  0  0
42 28 112448 128861080 2095216 33629216    0    0 1262048 846800 257423 1023211 37 13 35 15  0  0
 9  5 112448 128858208 2095220 33629220    0    0 1282640 824364 259089 1034062 37 13 35 15  0  0
43 26 112448 128857768 2095220 33629232    0    0 1240512 787916 252941 1003502 36 13 37 14  0  0
33 34 112448 128851760 2095220 33629244    0    0 1220608 816200 252140 994586 36 12 38 14  0  0
21  6 112448 128853848 2095220 33629256    0    0 1209952 782180 247655 977076 35 12 38 15  0  0
43 25 112448 128867580 2095220 33629268    0    0 1221712 772224 248740 984829 35 12 37 16  0  0
46 26 112448 128857280 2095220 33629280    0    0 1201792 806764 247672 974598 35 12 37 16  0  0
37 29 112448 128851408 2095220 33629292    0    0 1211744 787100 247720 977561 35 12 37 15  0  0
39 27 112448 128853500 2095220 33629296    0    0 1207904 774400 247461 978338 35 12 37 16  0  0
44 27 112448 128853912 2095220 33629308    0    0 1193600 779068 245953 967697 35 12 38 16  0  0
48 21 112448 128844192 2095220 33629324    0    0 1185872 761112 244758 960768 34 12 38 16  0  0
38 30 112448 128848760 2095224 33629328    0    0 1211776 793864 249901 981710 35 12 37 16  0  0
42 25 112448 128847840 2095224 33629340    0    0 1210176 769096 248218 973747 35 12 38 15  0  0
55 16 112448 128849272 2095224 33629352    0    0 1207936 788312 247899 976050 35 12 37 16  0  0
51 20 112448 128847656 2095224 33629360    0    0 1215072 789500 248504 978863 35 12 37 16  0  0
40 27 112448 128857608 2095224 33629372    0    0 1198896 784920 245468 973061 35 12 37 16  0  0
48 20 112448 128863520 2095224 33629384    0    0 1213168 771948 248759 984873 35 12 37 16  0  0
 8  4 112448 128865868 2095224 33629392    0    0 1218544 793192 248442 987745 36 12 37 16  0  0
 8  8 112448 128864976 2095224 33629404    0    0 1276000 821112 258854 1034561 37 13 36 14  0  0
48 21 112448 128860432 2095224 33629416    0    0 1282256 813904 257811 1037002 37 13 35 15  0  0
procs -----------memory---------- ---swap-- -----io---- -system-- -------cpu-------
 r  b   swpd   free   buff  cache   si   so    bi    bo   in   cs us sy id wa st gu
50 22 112448 128863932 2095224 33629428    0    0 1272544 814896 256594 1024924 37 13 36 14  0  0
27 46 112448 128860320 2095224 33629436    0    0 1261744 829448 255372 1020952 37 13 35 15  0  0
53 19 112448 128862768 2095224 33629444    0    0 1251328 776732 254927 1013801 37 13 36 14  0  0
43 26 112448 128850852 2095224 33629456    0    0 1244976 836828 254813 1012315 36 13 37 14  0  0
48 20 112448 128855528 2095224 33629464    0    0 1277584 801892 256801 1027767 38 13 36 14  0  0
50 19 112448 128849472 2095224 33629472    0    0 1272768 822008 257476 1027854 37 13 36 14  0  0
40  4 112448 128852480 2095224 33629484    0    0 1271488 816008 257538 1028834 37 13 35 14  0  0
49 21 112448 128856804 2095228 33629492    0    0 1228432 813972 251920 995957 36 12 37 14  0  0
16 13 112448 128858352 2095228 33629504    0    0 1186784 803120 246747 966422 34 12 39 15  0  0
10 12 112448 128862476 2095228 33629512    0    0 1212272 783280 247366 984240 35 12 37 15  0  0
47 23 112448 128859980 2095228 33629592    0    0 1261040 803448 255076 1016412 37 13 35 15  0  0
18  3 112448 128863100 2095228 33629600    0    0 1282448 810396 257880 1032237 37 13 36 14  0  0
40 29 112448 128866004 2095228 33629608    0    0 1275024 842492 258032 1033431 37 13 35 15  0  0
47 23 112448 128857268 2095228 33629620    0    0 1260656 816648 256505 1019712 37 13 36 14  0  0
54 16 112448 128855952 2095228 33629628    0    0 1261600 819772 257426 1019852 36 13 36 15  0  0
47 19 112448 128845988 2095228 33629640    0    0 1219424 821972 254419 993197 36 12 38 14  0  0
50 18 112448 128852188 2095228 33629656    0    0 1269312 814580 256800 1023502 37 13 36 14  0  0
49 23 112448 128851304 2095228 33629668    0    0 1285040 815844 257086 1036064 38 13 35 15  0  0
44 24 112448 128858620 2095228 33629676    0    0 1277696 837884 258447 1029645 37 13 35 15  0  0
43 26 112448 128851300 2095228 33629688    0    0 1259248 827332 256246 1018032 37 13 36 14  0  0
12  4 112448 128864760 2095228 33629696    0    0 1200448 772596 244714 975834 35 12 38 15  0  0
procs -----------memory---------- ---swap-- -----io---- -system-- -------cpu-------
 r  b   swpd   free   buff  cache   si   so    bi    bo   in   cs us sy id wa st gu
46 25 112448 128855616 2095228 33629716    0    0 1205680 781444 247008 977488 35 12 37 16  0  0
47 23 112448 128854804 2095228 33629724    0    0 1226144 813696 251965 992031 35 12 37 15  0  0
41 27 112448 128861864 2095228 33629728    0    0 1287664 805076 256883 1027990 37 13 36 14  0  0
44 24 112448 128869560 2095228 33629740    0    0 1267920 833824 256941 1026411 37 13 36 14  0  0
45 23 112448 128866628 2095228 33629748    0    0 1275904 804764 256000 1026855 37 13 35 15  0  0
48 25 112448 128867688 2095228 33629764    0    0 1251280 814780 254011 1011649 37 13 37 14  0  0
49 24 112448 128867524 2095228 33629776    0    0 1235616 802220 252876 1002941 36 12 37 15  0  0
48 24 112448 128874216 2095228 33629784    0    0 1248976 837256 255085 1011899 36 13 37 15  0  0
49 22 112448 128875384 2095228 33629796    0    0 1262624 809460 255585 1019783 37 13 36 14  0  0
51 21 112448 128874512 2095228 33629804    0    0 1268960 826848 256570 1022809 37 13 36 14  0  0
27 39 112448 128868968 2095228 33629820    0    0 1231632 808164 254219 1000732 36 13 37 15  0  0
27 40 112448 128860884 2095232 33629828    0    0 1154720 748788 240749 936341 34 11 39 16  0  0
 7  9 112448 128868412 2095232 33629844    0    0 1164272 749152 239820 946081 34 11 39 16  0  0
50 21 112448 128865512 2095232 33629852    0    0 1178256 751352 242122 952857 34 12 38 17  0  0
45 24 112448 128862228 2095232 33629864    0    0 1215760 797184 249492 987514 35 12 36 16  0  0
48 23 112448 128859372 2095232 33629876    0    0 1229920 767404 248940 992124 36 12 37 15  0  0
48 18 112448 128869388 2095232 33629888    0    0 1226736 801040 249763 987215 35 12 36 16  0  0
49 17 112448 128866420 2095232 33629896    0    0 1203824 791476 248318 975367 35 12 38 15  0  0
49 21 112448 128858516 2095232 33629904    0    0 1212480 782776 248277 983111 35 12 36 16  0  0
44 26 112448 128867328 2095232 33629908    0    0 1215408 786032 248915 984956 35 12 37 15  0  0
48 23 112448 128862072 2095232 33629924    0    0 1224672 790980 250103 991312 36 12 36 16  0  0
procs -----------memory---------- ---swap-- -----io---- -system-- -------cpu-------
 r  b   swpd   free   buff  cache   si   so    bi    bo   in   cs us sy id wa st gu
41 26 112448 128852392 2095232 33629932    0    0 1236544 800156 251191 998839 36 12 36 16  0  0
47 21 112448 128850324 2095232 33629944    0    0 1232976 792740 250392 991548 36 12 36 16  0  0
51 19 112448 128850736 2095232 33629956    0    0 1262064 832448 257228 1020553 37 13 36 15  0  0
38 28 112448 128849596 2095232 33629968    0    0 1217904 761092 247930 987323 35 12 37 15  0  0
50 19 112448 128840948 2095232 33629980    0    0 1189888 795112 246821 970558 35 12 38 15  0  0
38 28 112448 128850128 2095232 33629988    0    0 1238192 781952 252241 1003036 36 12 36 15  0  0
45 22 112448 128851012 2095236 33629996    0    0 1268800 838712 257978 1027344 37 13 35 14  0  0
21  3 112448 128851556 2095236 33630008    0    0 1286592 817920 258386 1032213 37 13 35 14  0  0
38 30 112448 128852028 2095236 33630020    0    0 1260880 834756 256553 1023036 37 13 36 14  0  0
46 20 112448 128850108 2095236 33630036    0    0 1274768 804132 257090 1027463 37 13 36 15  0  0
17 13 112448 128859896 2095236 33630048    0    0 1228512 803544 252517 994912 36 12 37 15  0  0
13  5 112448 128857532 2095236 33630056    0    0 1259472 817540 256673 1017802 37 13 36 14  0  0
26  1 112448 128860848 2095236 33630068    0    0 1273248 807680 257071 1028473 38 13 35 15  0  0
58 12 112448 128857896 2095236 33630080    0    0 1280336 835088 258628 1037094 37 13 35 15  0  0
46 20 112448 128859440 2095236 33630088    0    0 1268208 829764 256682 1024698 37 13 36 15  0  0
35 36 112448 128855824 2095236 33630096    0    0 1191536 803212 247350 973194 35 12 38 16  0  0
51 21 112448 128854880 2095244 33630096    0    0 1206576 758684 246783 980745 35 12 38 15  0  0
44 22 112448 128852684 2095244 33630116    0    0 1227728 806704 250991 992185 36 12 37 15  0  0
52 17 112448 128851664 2095244 33630124    0    0 1286512 804852 256957 1032023 37 13 35 15  0  0
44 25 112448 128854992 2095244 33630136    0    0 1263312 852888 258161 1023840 37 13 36 14  0  0
49 21 112448 128844724 2095244 33630148    0    0 1283792 803252 257496 1033876 37 13 35 14  0  0
procs -----------memory---------- ---swap-- -----io---- -system-- -------cpu-------
 r  b   swpd   free   buff  cache   si   so    bi    bo   in   cs us sy id wa st gu
28 41 112448 128852220 2095244 33630156    0    0 1249632 841056 255848 1014166 36 13 37 14  0  0
46 25 112448 128866548 2095244 33630164    0    0 1227216 779172 250419 990714 36 13 38 14  0  0
48 24 112448 128863644 2095244 33630176    0    0 1285984 815788 258709 1031434 38 13 35 15  0  0
41 28 112448 128866836 2095244 33630184    0    0 1267360 824572 255915 1022539 37 13 36 14  0  0
45 21 112448 128866356 2095244 33630196    0    0 1276320 833868 257942 1033931 37 13 35 15  0  0
49 19 112448 128865188 2095244 33630204    0    0 1287376 819500 258641 1036123 37 13 35 14  0  0
 9 16 112448 128865584 2095244 33630216    0    0 1211952 806404 249174 985106 35 12 37 15  0  0
41 26 112448 128864956 2095244 33630296    0    0 1202176 766436 246824 975137 35 12 38 16  0  0
40 28 112448 128859492 2095244 33630308    0    0 1216368 822352 252388 990180 36 12 37 15  0  0
41 25 112448 128855448 2095244 33630320    0    0 1284288 810464 257766 1035855 37 13 35 15  0  0
50 24 112448 128853620 2095244 33630332    0    0 1268736 836232 256706 1022180 37 13 36 14  0  0
44 22 112448 128855816 2095248 33630340    0    0 1277440 828996 257698 1031887 37 13 35 14  0  0
17  7 112448 128850556 2095248 33630344    0    0 1264576 824688 257393 1023976 37 13 36 14  0  0
55 22 112448 128856300 2095248 33630356    0    0 1198448 770404 247014 971441 35 12 38 15  0  0
60 11 112448 128856300 2095248 33630368    0    0 1166160 766476 241771 942443 33 11 39 16  0  0
49 20 112448 128862076 2095248 33630376    0    0 1194624 777696 247571 968051 35 12 38 15  0  0
46 24 112448 128864640 2095248 33630392    0    0 1197296 773448 248162 969821 35 12 38 15  0  0
46 23 112448 128863684 2095248 33630404    0    0 1201520 798596 247445 973381 35 12 37 16  0  0
 9  9 112448 128859524 2095248 33630412    0    0 1191728 784408 244318 960840 35 12 38 15  0  0
43 25 112448 128850524 2095248 33630424    0    0 1209104 774928 247580 977287 35 12 36 16  0  0
49 24 112448 128863408 2095248 33630440    0    0 1174448 772288 244308 954950 34 12 39 15  0  0
procs -----------memory---------- ---swap-- -----io---- -system-- -------cpu-------
 r  b   swpd   free   buff  cache   si   so    bi    bo   in   cs us sy id wa st gu
54 16 112448 128859476 2095252 33630444    0    0 1211376 766912 256526 983834 35 12 37 15  0  0
42 26 112448 128856024 2095252 33630456    0    0 1201264 799020 248248 973727 35 12 38 15  0  0
26 18 112448 128849976 2095252 33630464    0    0 1215872 786732 249541 980849 35 12 37 16  0  0
50 23 112448 128854252 2095252 33630472    0    0 1209648 771592 249233 980505 35 12 37 16  0  0
39 28 112448 128847936 2095252 33630488    0    0 1213568 771068 247729 980401 35 12 37 16  0  0
36 35 112448 128841808 2095252 33630500    0    0 1170560 781412 256038 951385 34 12 38 16  0  0
48 24 112448 128840640 2095252 33630508    0    0 1207504 750580 247370 980091 35 12 38 16  0  0
41 25 112448 128854140 2095252 33630516    0    0 1206528 782428 248065 975963 35 12 37 16  0  0
56 17 112448 128855904 2095256 33630516    0    0 1213312 783636 247797 981656 35 12 37 16  0  0
17  9 112448 128854296 2095256 33630536    0    0 1214720 777192 247693 978066 35 12 37 15  0  0
38 29 112448 128857180 2095256 33630544    0    0 1206176 782772 247426 976204 35 12 37 16  0  0
32 35 112448 128853872 2095256 33630552    0    0 1164624 762684 240594 942544 34 12 37 17  0  0
 8 26 112448 128861472 2095256 33630564    0    0 1146816 751972 239298 930331 33 11 40 16  0  0
50 23 112448 128862068 2095256 33630576    0    0 1167344 732936 238821 942427 34 11 38 17  0  0
46 24 112448 128855492 2095256 33630592    0    0 1169888 765576 242206 950460 34 12 38 16  0  0
42 28 112448 128852588 2095256 33630600    0    0 1186336 747124 242616 958573 34 12 38 16  0  0
 8 11 112448 128854440 2095256 33630608    0    0 1184768 780156 245055 959562 34 12 38 16  0  0
12 13 112448 128851392 2095256 33630616    0    0 1190800 761688 243868 961457 34 12 38 16  0  0
43 29 112448 128845804 2095260 33630624    0    0 1161664 730596 241786 942533 34 11 39 16  0  0
49 19 112448 128855744 2095260 33630640    0    0 1170544 759208 241097 950608 34 11 38 17  0  0
47 21 112448 128858540 2095260 33630648    0    0 1210896 779984 248659 980330 35 12 37 16  0  0
procs -----------memory---------- ---swap-- -----io---- -system-- -------cpu-------
 r  b   swpd   free   buff  cache   si   so    bi    bo   in   cs us sy id wa st gu
38 34 112448 128866332 2095260 33630656    0    0 1195136 798648 248977 971244 35 12 38 15  0  0
50 22 112448 128868828 2095260 33630664    0    0 1231024 775228 249422 990242 36 12 37 15  0  0
46 22 112448 128861644 2095260 33630680    0    0 1217424 787372 250030 984058 35 12 37 15  0  0
12  5 112448 128859220 2095260 33630692    0    0 1214064 777644 248162 981199 36 12 37 15  0  0
48 19 112448 128848888 2095260 33630696    0    0 1195712 789940 249507 974337 35 12 38 15  0  0
43 25 112448 128862224 2095260 33630704    0    0 1234336 794484 251056 1001076 36 12 36 15  0  0
36 29 112448 128850484 2095260 33630720    0    0 1243904 828520 254307 1011854 36 13 36 15  0  0
50 22 112448 128849944 2095264 33630724    0    0 1254992 801840 254594 1017076 37 13 36 15  0  0
45 23 112448 128840668 2095264 33630740    0    0 1253648 803896 254199 1013453 36 13 36 15  0  0
44 26 112448 128842960 2095264 33630752    0    0 1246272 812844 254954 1009984 36 13 36 15  0  0
44 22 112448 128845888 2095264 33630764    0    0 1200608 778948 249691 974875 35 12 38 15  0  0
44 28 112448 128846692 2095264 33630776    0    0 1218016 810348 250912 986476 36 12 38 14  0  0
50 18 112448 128847168 2095264 33630788    0    0 1248784 797884 253997 1014672 36 13 36 15  0  0
45 22 112448 128843928 2095264 33630804    0    0 1236480 823704 252680 999920 36 12 37 14  0  0
49 22 112448 128844916 2095264 33630812    0    0 1248944 803168 253844 1008078 36 12 36 15  0  0
44 28 112448 128845020 2095264 33630824    0    0 1252272 785936 254076 1009330 36 13 36 15  0  0
16 15 112448 128852476 2095264 33630836    0    0 1233936 832000 253660 1002562 36 12 36 15  0  0
54 16 112448 128849556 2095264 33630844    0    0 1236592 787636 252848 996171 36 13 37 14  0  0
43 25 112448 128852836 2095264 33630852    0    0 1243024 800236 252534 1005309 36 12 37 15  0  0
11  5 112448 128846904 2095264 33630864    0    0 1239824 809316 253278 1007861 36 13 37 14  0  0
46 22 112448 128846468 2095264 33630872    0    0 1251168 810960 254147 1014048 36 13 36 15  0  0
procs -----------memory---------- ---swap-- -----io---- -system-- -------cpu-------
 r  b   swpd   free   buff  cache   si   so    bi    bo   in   cs us sy id wa st gu
43 24 112448 128853176 2095264 33630884    0    0 1237648 805876 252980 1000579 36 13 37 14  0  0
51 20 112448 128849104 2095264 33630896    0    0 1225568 789136 252902 995974 35 12 37 15  0  0
49 24 112448 128854776 2095264 33630904    0    0 1217344 807112 251073 989062 35 12 38 15  0  0
42 25 112448 128858852 2095264 33630916    0    0 1255600 793852 253695 1016461 37 13 36 15  0  0
18 12 112448 128856840 2095264 33630988    0    0 1236336 835768 254254 1006669 36 12 36 15  0  0
46 22 112448 128868280 2095264 33631000    0    0 1254640 796852 253131 1009829 37 12 36 15  0  0
55 13 112448 128866752 2095264 33631008    0    0 1247664 814908 255059 1011821 36 13 36 14  0  0
41 27 112448 128855952 2095264 33631016    0    0 1244896 795620 253035 1006507 36 13 37 15  0  0
10  5 112448 128861020 2095264 33631028    0    0 1238256 822344 252839 1003914 36 12 37 15  0  0
44 24 112448 128860956 2095264 33631040    0    0 1230528 791860 252002 999450 36 12 37 15  0  0
11  4 112448 128859820 2095264 33631052    0    0 1231296 813240 252984 1000719 36 13 37 15  0  0
39 29 112448 128866668 2095268 33631056    0    0 1256400 815216 253874 1018143 37 12 35 16  0  0
40 28 112448 128859156 2095268 33631068    0    0 1248144 785072 253803 1009389 36 13 37 14  0  0
 9 16 112448 128855292 2095268 33631080    0    0 1240528 813508 255615 1009967 36 13 36 15  0  0
49 21 112448 128853320 2095268 33631092    0    0 1207968 787408 248944 978612 35 12 38 15  0  0
51 16 112448 128864588 2095268 33631100    0    0 1244800 807992 252650 1010902 36 12 36 16  0  0
33 23 112448 128861680 2095268 33631108    0    0 1217200 820508 251284 988574 36 12 38 14  0  0
24  9 112448 128855064 2095268 33631120    0    0 1267136 792032 255485 1019546 37 13 36 15  0  0
54 21 112448 128863152 2095268 33631136    0    0 1258208 839664 255650 1015219 36 13 36 15  0  0
60 13 112448 128864768 2095268 33631144    0    0 1220208 770656 248824 985368 36 12 37 15  0  0
11 17 112448 128870400 2095268 33631152    0    0 1192960 763352 243246 964326 34 12 38 16  0  0
procs -----------memory---------- ---swap-- -----io---- -system-- -------cpu-------
 r  b   swpd   free   buff  cache   si   so    bi    bo   in   cs us sy id wa st gu
46 23 112448 128859352 2095268 33631164    0    0 1189008 774992 245690 966726 35 12 38 16  0  0
43 30 112448 128856796 2095268 33631176    0    0 1147792 753296 241078 934013 33 11 39 16  0  0
47 23 112448 128873456 2095268 33631192    0    0 1217120 756192 245746 976464 35 12 36 16  0  0
45 27 112448 128870176 2095268 33631200    0    0 1182800 770580 243837 956749 34 12 39 15  0  0
27 41 112448 128861620 2095268 33631208    0    0 1185088 798068 246767 969112 35 12 38 15  0  0
 9  9 112448 128861252 2095268 33631216    0    0 1202528 756204 245046 968962 35 12 38 15  0  0
19 10 112448 128858560 2095268 33631228    0    0 1179360 779440 242452 956389 34 12 38 17  0  0
29 38 112448 128860372 2095268 33631248    0    0 1185280 791076 245543 966066 34 12 38 16  0  0
22 46 112448 128854152 2095268 33631256    0    0 1237392 807140 253090 1003221 36 12 37 15  0  0
50 18 112448 128849220 2095268 33631264    0    0 1263824 802916 256090 1021403 37 13 35 15  0  0
16  5 112448 128839644 2095268 33631280    0    0 1253664 817000 254183 1009229 37 13 36 14  0  0
42 29 112448 128846496 2095268 33631288    0    0 1251984 800664 254160 1014060 36 13 36 15  0  0
46 23 112448 128848736 2095268 33631300    0    0 1232400 809708 252507 1000980 36 12 37 15  0  0
13  3 112448 128848840 2095268 33631312    0    0 1228448 788020 251884 999644 36 12 37 14  0  0
52 20 112448 128851660 2095268 33631316    0    0 1225232 810684 251548 992464 36 12 38 15  0  0
17  5 112448 128849120 2095268 33631324    0    0 1243120 813004 253574 1002519 36 12 37 14  0  0
37 29 112448 128852572 2095268 33631336    0    0 1272256 818464 256570 1023787 37 13 35 15  0  0
44 24 112448 128855504 2095268 33631348    0    0 1269792 809528 257097 1020941 37 13 36 14  0  0
35 17 112448 128853332 2095268 33631360    0    0 1233168 830648 253876 1000459 36 12 37 15  0  0
57 17 112448 128849788 2095276 33631360    0    0 1263200 789444 256046 1019051 37 13 36 14  0  0
48 23 112448 128849472 2095276 33631376    0    0 1260000 823224 256232 1022912 37 13 36 14  0  0
procs -----------memory---------- ---swap-- -----io---- -system-- -------cpu-------
 r  b   swpd   free   buff  cache   si   so    bi    bo   in   cs us sy id wa st gu
48 22 112448 128853016 2095276 33631388    0    0 1267168 821476 256580 1019708 37 13 36 14  0  0
51 18 112448 128859872 2095276 33631400    0    0 1274384 824808 258599 1026427 37 13 35 14  0  0
51 17 112448 128847324 2095276 33631412    0    0 1272080 814140 257782 1027565 37 13 36 14  0  0
53 17 112448 128851352 2095276 33631420    0    0 1251584 821156 256044 1014989 36 13 37 14  0  0
50 20 112448 128850632 2095276 33631432    0    0 1254624 828580 256046 1012792 36 13 37 14  0  0
50 23 112448 128851984 2095276 33631444    0    0 1245104 803180 253557 1005249 36 13 37 14  0  0
45 22 112448 128857376 2095276 33631452    0    0 1264144 823144 257454 1025096 37 13 36 14  0  0
48 20 112448 128862644 2095276 33631468    0    0 1257536 833816 256674 1016454 37 13 36 14  0  0
47 21 112448 128862276 2095276 33631476    0    0 1266976 822560 257140 1019204 37 13 36 14  0  0
41 25 112448 128822928 2095276 33631484    0    0 1245296 809116 254363 1011541 37 13 36 14  0  0
51 20 112448 128828140 2095276 33631536    0    0 1250096 798560 254521 1011569 37 12 37 14  0  0
55 12 112448 128829896 2095276 33631544    0    0 1258272 821996 256678 1014386 36 13 36 15  0  0
49 19 112448 128833184 2095276 33631560    0    0 1264000 823824 256711 1020474 37 13 36 14  0  0
43 24 112448 128839336 2095280 33631568    0    0 1272288 833108 258018 1029216 37 13 36 14  0  0
47 21 112448 128836944 2095280 33631584    0    0 1278544 816568 258998 1033241 37 13 36 14  0  0
 7  8 112448 128837760 2095280 33631592    0    0 1255024 810580 254519 1018183 37 13 36 14  0  0
49 21 112448 128832088 2095280 33631600    0    0 1252144 830800 255533 1012464 36 13 37 14  0  0
50 19 112448 128827228 2095280 33631612    0    0 1265376 790828 254343 1019729 37 13 36 15  0  0
14  8 112448 128828812 2095280 33631620    0    0 1249232 824536 256751 1017106 37 13 37 14  0  0
 5  8 112448 128846128 2095280 33631632    0    0 1256256 827304 256123 1018216 37 13 37 14  0  0
17  4 112448 128851388 2095280 33631640    0    0 1280064 809848 256627 1029464 38 13 35 15  0  0
procs -----------memory---------- ---swap-- -----io---- -system-- -------cpu-------
 r  b   swpd   free   buff  cache   si   so    bi    bo   in   cs us sy id wa st gu
46 21 112448 128854508 2095280 33631648    0    0 1262464 815308 256661 1019510 37 13 35 15  0  0
51 19 112448 128857340 2095280 33631748    0    0 1226672 822328 253991 997854 36 12 37 15  0  0
42 25 112448 128857340 2095280 33631768    0    0 1263248 812736 255773 1026077 37 13 36 15  0  0
 9  2 112448 128859568 2095284 33631780    0    0 1275872 821568 257957 1032577 37 13 35 15  0  0
50 22 112448 128851844 2095284 33631788    0    0 1268864 840572 257287 1022893 37 13 36 14  0  0
49 22 112448 128849260 2095284 33631796    0    0 1285376 824028 258354 1032419 37 13 35 14  0  0
10 13 112448 128854432 2095284 33631800    0    0 1222320 820708 252090 992381 35 12 37 15  0  0
53 15 112448 128851676 2095284 33631816    0    0 1210112 756096 246177 973219 35 12 37 16  0  0
42 25 112448 128847540 2095284 33631828    0    0 1201952 797408 249181 972462 35 12 38 16  0  0
47 27 112448 128838788 2095284 33631836    0    0 1158960 768684 243587 944275 34 11 39 16  0  0
45 28 112448 128855388 2095284 33631844    0    0 1202672 781708 246900 968341 35 12 38 15  0  0
48 19 112448 128858956 2095284 33631852    0    0 1215232 764356 248161 977563 35 12 38 15  0  0
52 17 112448 128854952 2095284 33631868    0    0 1218720 785276 248825 990983 35 12 37 16  0  0
 5 14 112448 128857096 2095288 33631876    0    0 1211104 790072 246888 981294 35 12 37 16  0  0
 8  6 112448 128848888 2095288 33631888    0    0 1203808 769252 246815 977024 35 12 38 15  0  0
53 19 112448 128840188 2095288 33631896    0    0 1214352 774232 248030 983378 35 12 37 16  0  0
 8 11 112448 128847436 2095288 33631904    0    0 1215488 812892 248651 984782 35 12 37 16  0  0
55 18 112448 128834264 2095288 33631920    0    0 1233312 768308 250283 995473 36 12 37 15  0  0
10 16 112448 128843892 2095296 33631924    0    0 1222768 811860 250780 988673 36 12 37 15  0  0
23 22 112448 128853096 2095296 33631940    0    0 1250512 829468 255392 1010382 36 13 36 15  0  0
12 17 112448 128848584 2095296 33631952    0    0 1262288 814168 256238 1019364 37 13 36 14  0  0
procs -----------memory---------- ---swap-- -----io---- -system-- -------cpu-------
 r  b   swpd   free   buff  cache   si   so    bi    bo   in   cs us sy id wa st gu
 8  4 112448 128844600 2095296 33631964    0    0 1243712 807800 253880 1005864 36 13 37 14  0  0
53 18 112448 128840828 2095296 33631976    0    0 1248832 808480 255058 1014283 37 13 37 14  0  0
57 15 112448 128848432 2095300 33631984    0    0 1273696 810220 256590 1023228 37 13 36 14  0  0
43 24 112448 128849520 2095300 33631992    0    0 1250208 838012 256432 1011705 36 13 37 14  0  0
 8 14 112448 128846688 2095300 33632000    0    0 1245104 815188 255025 1009354 36 13 37 14  0  0
10  9 112448 128848448 2095300 33632008    0    0 1251264 804604 254198 1011178 37 13 36 14  0  0
45 26 112448 128852724 2095300 33632024    0    0 1257680 805568 254504 1012205 36 13 37 14  0  0
46 25 112448 128852204 2095304 33632028    0    0 1269360 815152 255879 1022853 37 13 36 14  0  0
50 20 112448 128849588 2095304 33632044    0    0 1273776 826600 258708 1030934 37 13 36 14  0  0
40 30 112448 128844160 2095304 33632060    0    0 1285472 821428 257848 1031482 37 13 35 14  0  0
50 24 112448 128837792 2095304 33632072    0    0 1269120 815808 257124 1024508 37 13 36 14  0  0
45 24 112448 128846616 2095304 33632084    0    0 1251904 825292 254449 1011856 37 13 37 14  0  0
55 17 112448 128849056 2095304 33632092    0    0 1275312 814988 258136 1025686 37 13 36 14  0  0
30 37 112448 128849604 2095304 33632100    0    0 1217536 812256 251648 990906 36 12 38 14  0  0
44 25 112448 128854136 2095304 33632108    0    0 1261488 817488 255200 1019144 37 13 36 14  0  0
47 23 112448 128846780 2095304 33632116    0    0 1272480 793100 257370 1030533 37 13 36 14  0  0
60 13 112448 128855528 2095304 33632128    0    0 1266848 820456 257035 1019407 37 13 36 14  0  0
48 20 112448 128855204 2095308 33632136    0    0 1202528 824652 252784 982773 35 12 39 14  0  0
52 21 112448 128853176 2095308 33632152    0    0 1253584 816876 255502 1012374 37 13 37 13  0  0
55 14 112448 128858576 2095308 33632160    0    0 1259744 807788 254714 1014285 37 13 36 14  0  0
51 17 112448 128856208 2095308 33632168    0    0 1276720 812488 257019 1025388 37 13 36 14  0  0
procs -----------memory---------- ---swap-- -----io---- -system-- -------cpu-------
 r  b   swpd   free   buff  cache   si   so    bi    bo   in   cs us sy id wa st gu
49 20 112448 128848988 2095308 33632176    0    0 1274240 838040 258898 1027593 37 13 35 15  0  0
56 14 112448 128843788 2095308 33632192    0    0 1262512 817552 255746 1013728 37 13 36 15  0  0
14 16 112448 128845692 2095308 33632200    0    0 1259264 826812 256677 1015553 37 13 36 14  0  0
 7 14 112448 128838228 2095308 33632212    0    0 1265088 805400 256248 1020735 37 13 37 14  0  0
59 14 112448 128840776 2095308 33632220    0    0 1264880 809364 255780 1021149 37 13 35 15  0  0
23 18 112448 128839028 2095308 33632228    0    0 1239648 836104 253528 1006834 36 12 37 15  0  0
55 13 112448 128837076 2095308 33632244    0    0 1268560 800188 257245 1027693 37 13 36 14  0  0
20  5 112448 128841780 2095308 33632256    0    0 1257840 831228 255469 1017491 37 13 36 14  0  0
48 21 112448 128842512 2095308 33632264    0    0 1228784 803968 252512 993829 36 12 38 14  0  0
48 20 112448 128835116 2095308 33632276    0    0 1253840 823892 255545 1013038 37 13 37 14  0  0
52 18 112448 128846984 2095308 33632284    0    0 1259840 822468 256141 1016642 37 13 36 14  0  0
48 18 112448 128845276 2095308 33632296    0    0 1275424 806348 256216 1027585 37 13 35 14  0  0
42 29 112448 128844020 2095312 33632308    0    0 1274320 845444 260288 1037338 37 13 35 15  0  0
51 19 112448 128844028 2095312 33632316    0    0 1278224 811272 257551 1029863 37 13 36 14  0  0
47 24 112448 128835940 2095312 33632328    0    0 1256096 821084 256612 1014177 37 13 36 14  0  0
48 22 112448 128830812 2095312 33632340    0    0 1264800 827012 257692 1019951 37 13 36 14  0  0
45 25 112448 128825680 2095312 33632348    0    0 1276688 820476 257240 1030634 37 13 36 14  0  0
43 26 112448 128829028 2095312 33632360    0    0 1223712 812880 253181 994385 36 12 37 14  0  0
53 20 112448 128837440 2095312 33632368    0    0 1280784 824488 258612 1034978 37 13 35 15  0  0
42 30 112448 128834956 2095312 33632444    0    0 1254656 830568 255535 1017665 37 13 36 15  0  0
 6  9 112448 128832400 2095312 33632452    0    0 1251408 796128 255301 1013501 36 13 36 15  0  0
procs -----------memory---------- ---swap-- -----io---- -system-- -------cpu-------
 r  b   swpd   free   buff  cache   si   so    bi    bo   in   cs us sy id wa st gu
55 19 112448 128848912 2095312 33632464    0    0 1246544 820372 254875 1011771 36 13 37 14  0  0
 8 11 112448 128845972 2095312 33632472    0    0 1256736 833488 255688 1014758 37 13 36 14  0  0
55 16 112448 128850184 2095312 33632488    0    0 1264800 803716 255535 1015998 37 13 36 14  0  0
48 18 112448 128845472 2095312 33632496    0    0 1271008 827532 258146 1028822 37 13 36 14  0  0
 9 10 112448 128846080 2095312 33632508    0    0 1258032 847424 257446 1021843 37 13 36 15  0  0
48 22 112448 128840748 2095312 33632520    0    0 1246640 805712 253098 1009098 36 13 37 15  0  0
46 23 112448 128842036 2095312 33632532    0    0 1211120 772244 247321 975726 35 12 38 16  0  0
47 26 112448 128848700 2095312 33632540    0    0 1195216 776552 247721 973657 35 12 38 15  0  0
15 23 112448 128845776 2095312 33632548    0    0 1164400 791632 246042 947099 34 12 39 16  0  0
44 28 112448 128836708 2095312 33632556    0    0 1200112 771156 248700 972908 35 12 38 15  0  0
51 22 112448 128833824 2095312 33632564    0    0 1201744 761032 248805 974053 35 12 38 15  0  0
50 22 112448 128833408 2095312 33632576    0    0 1200816 797924 249606 978631 35 12 37 16  0  0
42 23 112448 128823360 2095312 33632588    0    0 1209568 772480 248063 982256 35 12 37 16  0  0
46 24 112448 128841716 2095312 33632596    0    0 1219808 792072 250106 987030 36 12 37 15  0  0
53 17 112448 128845836 2095312 33632604    0    0 1204608 795416 249516 978727 35 12 38 15  0  0
17 10 112448 128847936 2095312 33632612    0    0 1253968 799600 254546 1013031 37 13 36 15  0  0
43 25 112448 128845748 2095316 33632628    0    0 1271312 826116 259500 1027880 37 13 36 14  0  0
 8 10 112448 128842580 2095316 33632640    0    0 1257152 816740 256319 1018609 37 13 36 14  0  0
13 22 112448 128841488 2095316 33632660    0    0 1271184 818416 257879 1030588 37 13 36 14  0  0
11  6 112448 128838980 2095316 33632668    0    0 1268608 839844 259154 1027572 37 13 35 15  0  0
51 23 112448 128847716 2095316 33632680    0    0 1281328 812064 258895 1035121 37 13 35 15  0  0
procs -----------memory---------- ---swap-- -----io---- -system-- -------cpu-------
 r  b   swpd   free   buff  cache   si   so    bi    bo   in   cs us sy id wa st gu
50 24 112448 128842060 2095324 33632688    0    0 1255424 821032 256179 1020858 37 13 34 16  0  0
51 18 112448 128843720 2095324 33632704    0    0 1264416 818232 258219 1023992 37 13 36 14  0  0
44 22 112448 128842592 2095324 33632712    0    0 1268336 825048 257921 1027567 37 13 35 15  0  0
40 27 112448 128837860 2095324 33632720    0    0 1230320 799852 253888 1002982 36 13 37 14  0  0
48 20 112448 128841424 2095324 33632732    0    0 1267648 817344 258245 1024957 37 13 36 14  0  0
47 22 112448 128839128 2095324 33632748    0    0 1260160 827428 257618 1017431 37 13 36 14  0  0
46 24 112448 128839172 2095324 33632756    0    0 1269408 819424 258676 1028289 37 13 35 14  0  0
48 22 112448 128841116 2095324 33632764    0    0 1266080 836912 258398 1026527 37 13 36 14  0  0
52 18 112448 128842476 2095324 33632772    0    0 1254240 823652 257560 1018065 37 13 36 14  0  0
50 20 112448 128841388 2095324 33632780    0    0 1271984 807552 259721 1029186 37 13 36 14  0  0
42 27 112448 128841200 2095324 33632792    0    0 1273648 816752 258518 1029666 37 13 36 14  0  0
40 27 112448 128858144 2095324 33632804    0    0 1263072 824032 258171 1023876 37 13 36 14  0  0
42 27 112448 128844476 2095324 33632812    0    0 1235664 821856 255883 1004213 36 12 37 14  0  0
49 23 112448 128845672 2095324 33632824    0    0 1250256 793392 255760 1015817 36 13 37 14  0  0
45 26 112448 128839592 2095324 33632832    0    0 1242784 820292 254760 1006833 36 12 38 14  0  0
33 33 112448 128844240 2095324 33632844    0    0 1229376 811964 255540 1005086 36 12 37 14  0  0
59 13 112448 128842136 2095324 33632852    0    0 1274672 811604 258448 1028784 37 13 36 14  0  0
40 30 112448 128837204 2095324 33632860    0    0 1269504 826236 258395 1028999 37 13 36 14  0  0
52 19 112448 128832932 2095324 33632872    0    0 1272960 815548 258383 1034404 37 13 35 15  0  0
45 27 112448 128832116 2095324 33632884    0    0 1266016 822664 257448 1029156 37 13 36 14  0  0
53 19 112448 128838404 2095328 33632892    0    0 1215136 772716 249560 984386 35 12 37 15  0  0
procs -----------memory---------- ---swap-- -----io---- -system-- -------cpu-------
 r  b   swpd   free   buff  cache   si   so    bi    bo   in   cs us sy id wa st gu
52 20 112448 128843700 2095328 33632904    0    0 1200720 783252 248743 978631 35 12 37 16  0  0
55 18 112448 128850668 2095328 33632912    0    0 1239472 824764 255499 1008590 36 12 36 15  0  0
35 39 112448 128848228 2095328 33632924    0    0 1268448 840876 259198 1030957 37 13 35 14  0  0
 8  5 112448 128842100 2095328 33632932    0    0 1267008 813720 256925 1024935 37 13 36 14  0  0
10 11 112448 128839852 2095328 33632940    0    0 1244736 793240 254858 1009948 36 13 37 14  0  0
21  3 112448 128841108 2095328 33632952    0    0 1259200 811196 257285 1019511 37 13 36 14  0  0
37 41 112448 128844192 2095328 33632960    0    0 1222192 819224 254941 999867 36 12 38 14  0  0
19  8 112448 128849884 2095328 33632972    0    0 1270112 792748 256306 1024593 37 13 36 14  0  0
14  5 112448 128844356 2095328 33632988    0    0 1268880 812444 257614 1024785 37 13 36 14  0  0
35 38 112448 128844048 2095328 33632996    0    0 1250944 853128 258416 1015480 37 13 37 14  0  0
44 28 112448 128838952 2095328 33633008    0    0 1276272 793204 257079 1030993 37 13 36 14  0  0
52 18 112448 128841964 2095328 33633016    0    0 1226496 796136 253164 1002576 36 12 37 15  0  0
49 23 112448 128848300 2095328 33633028    0    0 1183040 783984 246839 962451 34 12 38 15  0  0
15  9 112448 128842988 2095328 33633036    0    0 1216688 803912 251252 991782 35 12 38 15  0  0
56 18 112448 128846156 2095328 33633044    0    0 1225568 773944 251218 992219 35 12 37 15  0  0
38 31 112448 128841648 2095332 33633060    0    0 1174096 797900 246645 961157 34 12 39 15  0  0
54 17 112448 128846656 2095332 33633144    0    0 1224672 771144 248631 987752 36 12 36 16  0  0
51 21 112448 128839264 2095332 33633160    0    0 1161984 764992 245295 954110 34 12 39 16  0  0
17 25 112448 128844340 2095332 33633168    0    0 1178096 784048 244594 957392 34 12 39 16  0  0
50 22 112448 128845624 2095332 33633176    0    0 1208928 761748 246188 978604 35 12 38 15  0  0
47 24 112448 128839380 2095332 33633188    0    0 1214912 793400 250229 985500 35 12 38 15  0  0
procs -----------memory---------- ---swap-- -----io---- -system-- -------cpu-------
 r  b   swpd   free   buff  cache   si   so    bi    bo   in   cs us sy id wa st gu
52 16 112448 128833232 2095332 33633200    0    0 1219136 790064 249915 988238 36 12 37 15  0  0
43 26 112448 128839932 2095332 33633204    0    0 1211648 804780 250838 984267 35 12 37 15  0  0
41 26 112448 128839724 2095332 33633216    0    0 1254064 794980 254013 1012144 36 12 35 16  0  0
46 20 112448 128841524 2095332 33633224    0    0 1199840 791584 248798 976278 35 12 38 15  0  0
47 25 112448 128839448 2095332 33633236    0    0 1205280 775632 249065 978861 35 12 37 16  0  0
 8  5 112448 128838252 2095332 33633252    0    0 1237408 822436 254980 1007451 36 13 36 15  0  0
52 21 112448 128842796 2095332 33633260    0    0 1285712 810004 260079 1039342 37 13 35 15  0  0
45 25 112448 128841000 2095332 33633268    0    0 1268640 814380 258816 1025232 37 13 36 14  0  0
46 24 112448 128838316 2095332 33633280    0    0 1253744 829424 256407 1013562 37 13 36 14  0  0
 7  7 112448 128843312 2095332 33633292    0    0 1236224 801780 253627 1006870 36 12 37 15  0  0
54 16 112448 128847920 2095332 33633300    0    0 1215920 803284 251867 991465 35 12 38 14  0  0
47 21 112448 128848412 2095332 33633308    0    0 1271888 806728 257368 1032322 37 13 35 15  0  0
 9 11 112448 128840824 2095332 33633316    0    0 1249952 840300 257072 1017338 36 13 37 14  0  0
22 29 112448 128854388 2095332 33633340    0    0 1283632 833476 259011 1038328 37 13 34 15  0  0
47 21 112448 128861004 2095332 33633352    0    0 1271280 807904 258037 1029384 37 13 36 14  0  0
44 26 112448 128854048 2095332 33633368    0    0 1213088 810424 250675 988927 36 12 37 15  0  0
46 26 112448 128849808 2095332 33633368    0    0 1200928 756004 246806 973796 35 12 37 15  0  0
 6  6 112448 128843184 2095332 33633376    0    0 1230512 814444 252215 996965 36 12 37 15  0  0
52 17 112448 128841944 2095332 33633384    0    0 1273104 817144 259107 1035443 37 13 36 14  0  0
50 20 112448 128840484 2095332 33633400    0    0 1268032 819516 259197 1030578 37 13 36 14  0  0
 7  6 112448 128852924 2095332 33633408    0    0 1264768 843288 259383 1028269 37 13 35 15  0  0
procs -----------memory---------- ---swap-- -----io---- -system-- -------cpu-------
 r  b   swpd   free   buff  cache   si   so    bi    bo   in   cs us sy id wa st gu
46 22 112448 128848504 2095332 33633424    0    0 1237552 784904 253998 1007632 36 12 37 15  0  0
51 15 112448 128852024 2095332 33633424    0    0 1250480 792612 255444 1013637 36 13 37 14  0  0
 6  9 112448 128860388 2095332 33633444    0    0 1245120 813432 254601 1010268 36 13 37 14  0  0
12 11 112448 128855260 2095336 33633460    0    0 1261568 841304 258500 1021744 37 13 36 14  0  0
 4 13 112448 128854620 2095336 33633464    0    0 1275712 814280 258829 1030556 38 13 35 14  0  0
40 28 112448 128847720 2095336 33633472    0    0 1277696 830960 260112 1033236 37 13 35 15  0  0
43 24 112448 128852920 2095336 33633484    0    0 1260832 784420 254718 1020700 37 13 35 15  0  0
43 30 112448 128851584 2095336 33633492    0    0 1187984 773260 246837 965109 35 12 38 15  0  0
50 22 112448 128843388 2095344 33633504    0    0 1227072 786324 251286 992484 36 12 37 15  0  0
12 12 112448 128837888 2095344 33633516    0    0 1267216 857232 259230 1027194 37 13 35 15  0  0
13 10 112448 128838600 2095344 33633524    0    0 1280352 813900 259403 1034481 37 13 36 14  0  0
47 23 112448 128841692 2095344 33633536    0    0 1268016 804296 257086 1026373 37 13 36 14  0  0
43 24 112448 128849420 2095344 33633552    0    0 1253360 824024 256825 1018273 37 13 36 15  0  0
50 16 112448 128856480 2095348 33633568    0    0 1235904 807736 253858 1002088 36 13 37 14  0  0
54 17 112448 128850580 2095348 33633576    0    0 1231152 794496 253381 1004805 36 12 37 15  0  0
47 21 112448 128850240 2095348 33633584    0    0 1272000 822484 258134 1034098 37 13 35 15  0  0
42 27 112448 128850180 2095348 33633592    0    0 1263344 808592 256844 1022201 37 13 36 14  0  0
47 26 112448 128848264 2095348 33633596    0    0 1282960 823996 259604 1037746 37 13 35 14  0  0
33 34 112448 128849284 2095352 33633608    0    0 1246784 829888 257091 1015050 37 13 37 14  0  0
49 22 112448 128850432 2095352 33633616    0    0 1195936 773372 246201 970630 34 12 38 16  0  0
 9 11 112448 128839716 2095352 33633628    0    0 1187120 785652 247162 968659 35 12 38 15  0  0
procs -----------memory---------- ---swap-- -----io---- -system-- -------cpu-------
 r  b   swpd   free   buff  cache   si   so    bi    bo   in   cs us sy id wa st gu
35 34 112448 128836136 2095352 33633636    0    0 1209440 780704 248573 980520 35 12 37 16  0  0
 7 14 112448 128835200 2095352 33633648    0    0 1181104 752868 242060 955870 34 12 37 17  0  0
39 29 112448 128833900 2095356 33633660    0    0 1169152 764984 240721 947311 34 11 38 17  0  0
 6 10 112448 128838988 2095356 33633668    0    0 1175680 747708 241450 949659 34 11 38 16  0  0
15 16 112448 128837996 2095356 33633676    0    0 1154192 740412 239704 938264 33 11 39 17  0  0
49 23 112448 128844244 2095356 33633688    0    0 1130848 730692 236720 919355 33 11 40 16  0  0
 9 10 112448 128839428 2095356 33633696    0    0 1148272 769712 241161 939215 33 11 39 16  0  0
52 16 112448 128838808 2095356 33633712    0    0 1187488 734320 241854 957283 34 11 37 17  0  0
 8  9 112448 128839544 2095356 33633724    0    0 1174544 785416 243139 955713 34 12 38 17  0  0
 9 10 112448 128836908 2095356 33633744    0    0 1210384 786016 248334 979809 35 12 37 16  0  0
55 15 112448 128830500 2095356 33633752    0    0 1214224 755304 246231 979266 35 12 36 17  0  0
54 21 112448 128833272 2095356 33633756    0    0 1166880 766972 241152 945915 33 12 39 16  0  0
37 30 112448 128834440 2095356 33633764    0    0 1183920 786924 243274 958157 34 12 38 16  0  0
 6  5 112448 128830192 2095356 33633840    0    0 1277552 816648 258522 1030869 38 13 35 14  0  0
47 22 112448 128839080 2095356 33633860    0    0 1273408 826440 257520 1028000 37 13 36 14  0  0
13 17 112448 128839460 2095356 33633872    0    0 1272544 827948 256044 1024336 37 13 36 14  0  0
48 22 112448 128837208 2095356 33633884    0    0 1265744 814288 256954 1019574 37 13 36 15  0  0
48 21 112448 128832708 2095356 33633896    0    0 1223264 814432 252709 995000 36 12 38 14  0  0
51 22 112448 128842024 2095356 33633908    0    0 1224192 802836 253569 995805 36 12 37 15  0  0
44 23 112448 128844680 2095356 33633920    0    0 1253408 819596 254723 1012060 36 13 37 14  0  0
31 37 112448 128842752 2095356 33633932    0    0 1257744 825372 257738 1018476 37 13 36 14  0  0
procs -----------memory---------- ---swap-- -----io---- -system-- -------cpu-------
 r  b   swpd   free   buff  cache   si   so    bi    bo   in   cs us sy id wa st gu
43 22 112448 128833152 2095356 33633940    0    0 1268880 826036 259580 1030214 37 13 36 14  0  0
61 14 112448 128831340 2095356 33633948    0    0 1253056 777972 255110 1010958 36 13 36 14  0  0
10  7 112448 128818620 2095356 33633960    0    0 1211360 783316 251219 984702 35 12 37 16  0  0
15 13 112448 128820496 2095356 33633972    0    0 1176544 791608 248929 958159 34 12 39 15  0  0
18  6 112448 128820908 2095356 33633984    0    0 1255776 811732 258610 1016107 37 13 36 14  0  0
45 25 112448 128819072 2095356 33633992    0    0 1269296 820956 260768 1022621 37 13 36 14  0  0
15  4 112448 128813420 2095356 33634004    0    0 1286512 802208 260871 1034700 38 13 35 14  0  0
10  8 112448 128810444 2095356 33634012    0    0 1272592 805708 259889 1027585 37 13 36 14  0  0
21  4 112448 128804196 2095356 33634028    0    0 1248032 837740 258643 1013929 36 13 36 14  0  0
58 16 112448 128820812 2095356 33634028    0    0 1241168 770544 254625 1000854 36 13 37 15  0  0
 8  9 112448 128823436 2095356 33634036    0    0 1222528 808708 254128 991956 36 12 38 13  0  0
47 20 112448 128823600 2095356 33634044    0    0 1268800 797260 259221 1022921 37 13 36 14  0  0
30 38 112448 128818920 2095356 33634056    0    0 1253840 848040 259727 1019873 37 13 36 14  0  0
58 16 112448 128816924 2095356 33634068    0    0 1284480 799296 261627 1035195 38 13 35 14  0  0
46 21 112448 128812176 2095356 33634076    0    0 1206464 780324 250861 977708 35 12 38 15  0  0
43 26 112448 128814468 2095356 33634084    0    0 1195552 773240 248741 967410 35 12 38 15  0  0
41 27 112448 128815136 2095356 33634096    0    0 1228592 805648 253713 996782 36 13 37 15  0  0
56 19 112448 128815416 2095356 33634108    0    0 1272720 817552 260476 1027905 37 13 36 14  0  0
46 26 112448 128818972 2095356 33634120    0    0 1278512 821656 260430 1029165 37 13 35 15  0  0
46 22 112448 128818248 2095356 33634132    0    0 1274816 820436 261822 1025375 37 13 36 14  0  0
44 25 112448 128813040 2095356 33634140    0    0 1247488 828200 258211 1014189 37 13 36 14  0  0
procs -----------memory---------- ---swap-- -----io---- -system-- -------cpu-------
 r  b   swpd   free   buff  cache   si   so    bi    bo   in   cs us sy id wa st gu
41 26 112448 128806836 2095356 33634152    0    0 1235696 794976 255751 998207 36 13 38 14  0  0
31 37 112448 128806308 2095356 33634172    0    0 1231968 794612 254374 998392 36 13 37 15  0  0
56 13 112448 128813728 2095356 33634180    0    0 1253248 810632 257645 1013827 37 13 37 14  0  0
47 22 112448 128805536 2095356 33634184    0    0 1270832 813364 260074 1026319 37 13 36 14  0  0
11 13 112448 128804972 2095356 33634192    0    0 1275392 816092 260810 1028321 37 13 35 14  0  0
 9 20 112448 128809992 2095356 33634208    0    0 1232672 779176 252936 993011 36 12 36 16  0  0
 6 14 112448 128807792 2095356 33634216    0    0 1214592 779720 251968 987520 36 12 36 16  0  0
13 13 112448 128813668 2095356 33634228    0    0 1223456 809604 255025 993479 36 12 37 15  0  0
51 20 112448 128816752 2095356 33634240    0    0 1277136 797928 260484 1030396 37 13 35 15  0  0
11  8 112448 128816484 2095356 33634240    0    0 1262352 828620 260473 1023353 37 13 36 14  0  0
54 16 112448 128819112 2095356 33634252    0    0 1282496 811212 262331 1031950 37 13 35 14  0  0
37 29 112448 128822736 2095360 33634256    0    0 1272304 826248 259110 1021318 37 13 35 15  0  0
29 38 112448 128827200 2095360 33634268    0    0 1260112 804792 257447 1009264 37 13 36 14  0  0
53 28 112448 128836152 2095360 33634284    0    0 1216976 801168 252611 988783 35 12 37 15  0  0
46 22 112448 128831900 2095360 33634292    0    0 1239296 806488 253202 1000076 36 12 37 14  0  0
26 20 112448 128834796 2095360 33634300    0    0 1267120 830492 255743 1017861 36 13 36 15  0  0
11 18 112448 128830964 2095360 33634320    0    0 1267504 820388 256832 1020499 37 13 36 15  0  0
45 25 112448 128828432 2095360 33634324    0    0 1231600 793552 251774 990903 36 12 37 15  0  0
30 41 112448 128829216 2095360 33634336    0    0 1219488 782888 249588 987989 36 12 37 16  0  0
49 23 112448 128835184 2095360 33634348    0    0 1215776 799960 248284 980554 35 12 37 16  0  0
52 17 112448 128834080 2095360 33634356    0    0 1260080 818756 255963 1016383 37 12 36 14  0  0
procs -----------memory---------- ---swap-- -----io---- -system-- -------cpu-------
 r  b   swpd   free   buff  cache   si   so    bi    bo   in   cs us sy id wa st gu
27 17 112448 128841992 2095360 33634360    0    0 1269248 814944 255050 1020122 37 13 36 14  0  0
35 34 112448 128841460 2095360 33634380    0    0 1205184 791220 247941 972691 35 12 37 16  0  0
21 15 112448 128841800 2095360 33634392    0    0 1213520 785548 247827 976465 35 12 37 16  0  0
26 31 112448 128844120 2095360 33634404    0    0 1204048 788532 247677 974796 35 12 37 16  0  0
26 31 112448 128842592 2095360 33634416    0    0 1201600 769520 245864 970618 35 12 38 16  0  0
20 19 112448 128840976 2095364 33634412    0    0 1164592 762824 242673 946196 34 11 39 16  0  0
38 37 112448 128835060 2095364 33634428    0    0 1205344 769788 247493 978099 35 12 37 16  0  0
30 26 112448 128840960 2095364 33634436    0    0 1201808 805096 249098 979225 35 12 37 16  0  0
24 41 112448 128847076 2095364 33634448    0    0 1208160 780740 246080 972459 35 12 38 16  0  0
17 40 112448 128852936 2095364 33634460    0    0 1200832 779820 244392 971549 35 12 36 17  0  0
26 45 112448 128853380 2095364 33634540    0    0 1191696 774212 246053 968371 35 12 38 15  0  0
15 53 112448 128850896 2095364 33634556    0    0 1268544 818996 255790 1023870 37 13 35 16  0  0
27 33 112448 128852288 2095364 33634568    0    0 1268416 834440 258147 1025253 37 13 36 14  0  0
43 31 112448 128845340 2095364 33634576    0    0 1288480 820064 258400 1034540 37 13 35 15  0  0
23 34 112448 128842140 2095364 33634584    0    0 1270432 811880 257018 1021982 37 13 36 14  0  0
31 28 112448 128840788 2095364 33634592    0    0 1287088 816240 257824 1037245 37 13 35 15  0  0
35 40 112448 128841672 2095364 33634600    0    0 1260560 811060 255169 1018713 37 13 37 14  0  0
27 21 112448 128850556 2095364 33634616    0    0 1223168 792940 251561 993093 36 12 38 14  0  0
24 34 112448 128847584 2095364 33634632    0    0 1235104 808684 253440 1003768 36 12 37 15  0  0
20 34 112448 128844348 2095364 33634640    0    0 1250224 839896 255410 1015152 36 13 36 15  0  0
27 41 112448 128830736 2095368 33634640    0    0 1263552 808712 255629 1020822 37 13 36 14  0  0
procs -----------memory---------- ---swap-- -----io---- -system-- -------cpu-------
 r  b   swpd   free   buff  cache   si   so    bi    bo   in   cs us sy id wa st gu
26 28 112448 128831912 2095368 33634660    0    0 1218656 776252 249157 985741 35 12 38 15  0  0
40 39 112448 128841484 2095368 33634660    0    0 1221552 782728 248292 990413 35 12 37 16  0  0
21 38 112448 128847084 2095368 33634684    0    0 1210944 821252 250303 986618 35 12 37 15  0  0
36 27 112448 128846196 2095368 33634692    0    0 1263440 835536 256807 1024911 37 13 36 15  0  0
44 38 112448 128848492 2095368 33634700    0    0 1265984 822228 256444 1018900 37 13 36 14  0  0
21 38 112448 128838800 2095368 33634704    0    0 1277440 815636 258440 1029619 37 13 36 14  0  0
30 31 112448 128842832 2095368 33634712    0    0 1272736 820456 257195 1024211 37 13 36 14  0  0
35 27 112448 128845632 2095368 33634724    0    0 1258912 827460 254151 1015883 37 13 36 15  0  0
32 28 112448 128850328 2095368 33634752    0    0 1259968 794056 254970 1015378 36 13 36 15  0  0
34 38 112448 128843072 2095372 33634748    0    0 1219072 793852 249850 992792 35 12 38 14  0  0
19 28 112448 128844596 2095372 33634760    0    0 1253840 829376 255806 1016775 37 13 36 14  0  0
28 43 112448 128843800 2095372 33634784    0    0 1272704 810392 258893 1024381 37 13 36 14  0  0
21 44 112448 128841644 2095372 33634784    0    0 1249632 790592 254307 1005848 36 13 36 15  0  0
44 18 112448 128841272 2095372 33634796    0    0 1222704 791924 250883 981372 36 12 37 15  0  0
29 33 112448 128846200 2095372 33634804    0    0 1192224 802312 248856 964034 35 12 38 15  0  0
22 37 112448 128851068 2095372 33634812    0    0 1253248 801960 255286 1007918 36 13 37 14  0  0
21 38 112448 128843292 2095372 33634828    0    0 1263952 826580 259337 1021767 37 13 36 14  0  0
31 42 112448 128851496 2095372 33634840    0    0 1280752 812472 259586 1023779 37 13 35 14  0  0
30 31 112448 128847492 2095372 33634848    0    0 1276864 829324 259380 1025863 37 13 35 15  0  0
42 21 112448 128843504 2095372 33634864    0    0 1280432 814628 259511 1027360 37 13 35 14  0  0
27 27 112448 128843664 2095380 33634864    0    0 1261472 822628 257653 1013979 37 13 36 15  0  0
procs -----------memory---------- ---swap-- -----io---- -system-- -------cpu-------
 r  b   swpd   free   buff  cache   si   so    bi    bo   in   cs us sy id wa st gu
29 46 112448 128844844 2095380 33634888    0    0 1221392 770080 250733 983923 35 12 38 14  0  0
32 29 112448 128845616 2095380 33634900    0    0 1233120 810700 254530 996649 36 12 37 14  0  0
37 28 112448 128854944 2095380 33634908    0    0 1258368 830080 256743 1012844 36 13 36 15  0  0
37 41 112448 128845888 2095380 33634920    0    0 1248368 768868 252568 1001575 36 12 36 15  0  0
38 32 112448 128836676 2095380 33634936    0    0 1210112 793436 250287 974035 35 12 37 16  0  0
26 44 112448 128849636 2095384 33634944    0    0 1224480 787812 250122 986115 35 12 36 17  0  0
25 39 112448 128844568 2095384 33634964    0    0 1255008 804712 256988 1009696 37 13 36 14  0  0
22 37 112448 128847112 2095384 33634972    0    0 1260656 837344 257625 1016242 36 13 36 15  0  0
31 40 112448 128851880 2095384 33634976    0    0 1281936 803724 257945 1025756 37 13 35 15  0  0
20 57 112448 128858820 2095384 33634992    0    0 1204928 779100 247547 964563 35 12 38 15  0  0
16 55 112448 128852548 2095388 33634992    0    0 1196160 786244 247508 964327 35 12 38 15  0  0
31 41 112448 128846752 2095388 33635012    0    0 1207232 755580 247738 970663 35 12 37 16  0  0
22 49 112448 128849172 2095388 33635020    0    0 1185952 769076 246206 958745 34 12 39 15  0  0
15 40 112448 128847380 2095388 33635032    0    0 1158656 740252 242090 936944 34 11 39 16  0  0
22 26 112448 128849300 2095388 33635040    0    0 1197312 799464 249673 966496 35 12 37 16  0  0
16 44 112448 128849104 2095392 33635040    0    0 1198320 794364 249864 973516 35 12 37 15  0  0
29 31 112448 128854512 2095392 33635056    0    0 1198400 741756 245844 965949 35 12 38 16  0  0
22 34 112448 128849148 2095392 33635064    0    0 1174528 785904 244705 947679 34 12 38 17  0  0
19 49 112448 128848132 2095392 33635084    0    0 1217600 756476 247880 978197 35 12 37 16  0  0
20 38 112448 128839376 2095392 33635092    0    0 1202176 786976 249333 969689 35 12 38 15  0  0
25 49 112448 128840504 2095396 33635100    0    0 1229392 783152 251935 986265 35 12 37 16  0  0
procs -----------memory---------- ---swap-- -----io---- -system-- -------cpu-------
 r  b   swpd   free   buff  cache   si   so    bi    bo   in   cs us sy id wa st gu
32 36 112448 128845260 2095396 33635112    0    0 1276080 808948 257658 1023650 37 13 35 15  0  0
24 32 112448 128840404 2095396 33635124    0    0 1267040 827348 260386 1022299 37 13 36 14  0  0
34 31 112448 128847244 2095396 33635124    0    0 1278192 797848 258538 1027365 37 13 35 14  0  0
23 30 112448 128839612 2095396 33635144    0    0 1254528 817768 257315 1008725 37 13 36 14  0  0
24 34 112448 128840944 2095396 33635152    0    0 1232288 801308 254185 994565 36 12 37 15  0  0
42 30 112448 128841784 2095396 33635160    0    0 1232064 794780 253522 996291 36 12 38 14  0  0
20 47 112448 128847176 2095396 33635236    0    0 1264448 794216 257118 1020140 37 13 36 14  0  0
44 26 112448 128842880 2095396 33635264    0    0 1223200 779112 250976 988324 35 12 37 16  0  0
23  9 112448 128840056 2095396 33635280    0    0 1236304 771224 251746 990682 36 12 37 15  0  0
43 30 112448 128827080 2095396 33635288    0    0 1227376 790844 252223 985189 36 12 37 15  0  0
33 39 112448 128834696 2095396 33635300    0    0 1260224 819696 258310 1015938 37 13 36 14  0  0
11 54 112448 128845356 2095396 33635308    0    0 1266480 806052 258102 1021197 37 13 36 14  0  0
27 40 112448 128836548 2095396 33635320    0    0 1276784 818028 259027 1027046 37 13 35 14  0  0
44 31 112448 128842684 2095396 33635332    0    0 1272880 840120 259181 1026991 37 13 36 15  0  0
31 33 112448 128853404 2095396 33635340    0    0 1295872 812008 259580 1038278 38 13 34 15  0  0
34 36 112448 128851420 2095396 33635356    0    0 1257984 839156 258295 1016246 37 13 36 15  0  0
30 42 112448 128845520 2095396 33635364    0    0 1241216 793684 255967 1004841 36 13 37 15  0  0
46 29 112448 128848944 2095396 33635372    0    0 1240112 783960 254973 1002504 36 13 37 14  0  0
14 14 112448 128856884 2095396 33635380    0    0 1247824 824812 256473 1012088 37 12 36 15  0  0
49 20 112448 128857232 2095396 33635392    0    0 1238880 774184 252699 998109 36 13 37 15  0  0
48 23 112448 128861996 2095396 33635404    0    0 1206816 794720 250221 975106 35 12 38 15  0  0
procs -----------memory---------- ---swap-- -----io---- -system-- -------cpu-------
 r  b   swpd   free   buff  cache   si   so    bi    bo   in   cs us sy id wa st gu
44 24 112448 128856200 2095396 33635424    0    0 1210448 784036 249737 972197 35 12 38 15  0  0
13 15 112448 128851896 2095396 33635432    0    0 1278672 798936 258979 1029655 37 13 34 15  0  0
 8  5 112448 128851236 2095396 33635436    0    0 1271456 812376 257296 1020489 37 13 36 15  0  0
57 16 112448 128853068 2095396 33635448    0    0 1262144 806800 257969 1020959 37 13 36 14  0  0
21  6 112448 128851692 2095396 33635460    0    0 1265568 830476 257305 1016954 37 13 36 14  0  0
47 23 112448 128845412 2095396 33635472    0    0 1276672 807324 257559 1019234 37 13 36 14  0  0
43 24 112448 128845052 2095396 33635480    0    0 1253536 831976 257070 1008320 36 13 37 14  0  0
48 21 112448 128852504 2095396 33635488    0    0 1249056 789220 255526 1007384 37 13 37 14  0  0
17 13 112448 128848584 2095396 33635496    0    0 1258192 806308 255773 1009075 37 13 36 15  0  0
47 22 112448 128842400 2095396 33635512    0    0 1241712 798544 256073 1004976 36 13 36 15  0  0
47 23 112448 128844992 2095396 33635524    0    0 1253472 813120 254572 1004521 36 13 36 15  0  0
14 13 112448 128843196 2095396 33635536    0    0 1205568 793280 249081 976351 35 12 37 15  0  0
49 18 112448 128834548 2095396 33635544    0    0 1225760 761116 250394 979231 35 12 37 16  0  0
41 30 112448 128833776 2095396 33635552    0    0 1234640 826944 256083 994182 36 13 37 15  0  0
48 22 112448 128839136 2095396 33635560    0    0 1280512 801436 259856 1028280 37 13 35 14  0  0
46 21 112448 128828716 2095396 33635576    0    0 1256880 823768 256913 1009169 36 13 36 14  0  0
46 23 112448 128830268 2095396 33635584    0    0 1272304 838000 259886 1025661 37 13 36 14  0  0
49 19 112448 128830036 2095396 33635592    0    0 1276768 817776 259337 1025680 37 13 36 14  0  0
21  0 112448 128830944 2095396 33635604    0    0 1290224 807572 261102 1036989 37 13 34 15  0  0
46 20 112448 128831760 2095396 33635616    0    0 1254240 815936 257570 1010697 37 13 37 14  0  0
40 30 112448 128838556 2095396 33635628    0    0 1236096 807004 252984 993603 36 12 37 15  0  0
procs -----------memory---------- ---swap-- -----io---- -system-- -------cpu-------
 r  b   swpd   free   buff  cache   si   so    bi    bo   in   cs us sy id wa st gu
43 28 112448 128842528 2095396 33635636    0    0 1240320 822016 255940 1000868 36 13 37 14  0  0
52 19 112448 128833444 2095396 33635644    0    0 1238016 799168 255336 1000219 36 13 37 14  0  0
38 29 112448 128838528 2095396 33635652    0    0 1216880 800092 250470 977711 35 12 37 15  0  0
16  8 112448 128834096 2095396 33635664    0    0 1221408 770804 249714 978718 35 12 38 15  0  0
40 29 112448 128839404 2095396 33635676    0    0 1218592 786276 251574 984140 35 12 37 15  0  0
16  9 112448 128843928 2095396 33635684    0    0 1263792 820248 257249 1014994 37 13 36 15  0  0
17 13 112448 128839336 2095396 33635692    0    0 1264688 811800 258400 1014293 37 13 36 14  0  0
 8  8 112448 128839336 2095396 33635708    0    0 1258016 823508 256859 1019096 37 13 36 15  0  0
48 27 112448 128827932 2095396 33635716    0    0 1214336 788156 250859 981152 35 12 37 16  0  0
14  7 112448 128829528 2095396 33635732    0    0 1217424 772424 249673 978980 35 12 37 16  0  0
47 21 112448 128828604 2095396 33635740    0    0 1198736 771608 247482 967381 34 12 37 16  0  0
35 25 112448 128837588 2095396 33635752    0    0 1179968 791828 245017 957890 34 12 38 16  0  0
19 12 112448 128845696 2095396 33635760    0    0 1219296 770396 248753 983565 35 12 37 15  0  0
45 24 112448 128851640 2095396 33635768    0    0 1187584 782112 247821 960354 34 12 39 15  0  0
47 21 112448 128853540 2095396 33635780    0    0 1209616 767928 249346 977087 35 12 37 16  0  0
50 20 112448 128850532 2095396 33635784    0    0 1220720 786080 250707 988137 35 12 36 16  0  0
55 16 112448 128850884 2095396 33635792    0    0 1210784 779952 250244 975714 35 12 38 15  0  0
35 21 112448 128844760 2095396 33635812    0    0 1248096 822780 256645 1005389 36 13 36 15  0  0
 7  5 112448 128850752 2095396 33635820    0    0 1266016 824096 258909 1017590 37 13 36 14  0  0
27  5 112448 128847984 2095396 33635828    0    0 1265488 803916 257909 1017089 37 13 36 14  0  0
57 15 112448 128839588 2095396 33635840    0    0 1262368 824892 257585 1018943 37 13 36 14  0  0
procs -----------memory---------- ---swap-- -----io---- -system-- -------cpu-------
 r  b   swpd   free   buff  cache   si   so    bi    bo   in   cs us sy id wa st gu
48 18 112448 128837696 2095396 33635852    0    0 1291296 807428 259762 1035070 38 13 35 15  0  0
45 19 112448 128838568 2095396 33635860    0    0 1261072 816192 257595 1019118 37 13 36 14  0  0
46 21 112448 128831904 2095396 33635868    0    0 1246640 803772 256680 1005586 36 13 37 14  0  0
51 18 112448 128837640 2095396 33635944    0    0 1237904 814896 254822 998271 36 13 37 14  0  0
35 32 112448 128841184 2095396 33635960    0    0 1256224 801824 256261 1011881 37 13 36 15  0  0
 5 11 112448 128849132 2095396 33635972    0    0 1222320 769732 249930 983897 36 12 38 14  0  0
43 27 112448 128850380 2095396 33635980    0    0 1207904 798164 249108 974730 35 12 37 15  0  0
49 23 112448 128851480 2095396 33635988    0    0 1220720 786044 249999 980102 35 12 37 16  0  0
 9 12 112448 128843884 2095396 33635996    0    0 1255696 815200 256428 1011407 37 13 36 15  0  0
42 26 112448 128841736 2095396 33636012    0    0 1277632 814208 259057 1025530 37 13 35 15  0  0
47 21 112448 128839364 2095396 33636024    0    0 1261264 823356 258556 1017110 37 13 36 14  0  0
52 16 112448 128838936 2095396 33636028    0    0 1269600 809064 257407 1017575 37 13 36 14  0  0
50 17 112448 128839116 2095396 33636036    0    0 1267664 814224 258207 1019347 37 13 36 14  0  0
48 21 112448 128837700 2095396 33636044    0    0 1269456 832452 258509 1024910 37 13 35 15  0  0
14  9 112448 128841580 2095396 33636064    0    0 1283312 800852 259401 1031368 38 13 35 15  0  0
46 27 112448 128837536 2095396 33636072    0    0 1220304 802448 252869 986358 36 12 38 14  0  0
43 24 112448 128843432 2095396 33636080    0    0 1239680 819568 256108 999383 36 13 38 14  0  0
55 18 112448 128837736 2095400 33636088    0    0 1236256 775348 253447 997485 36 12 37 15  0  0
16  6 112448 128837248 2095400 33636108    0    0 1209552 786076 250334 976845 35 12 38 15  0  0
51 21 112448 128845724 2095400 33636120    0    0 1221232 770748 248787 982234 36 12 37 15  0  0
39 31 112448 128835672 2095400 33636128    0    0 1221984 823400 253663 987017 35 12 37 15  0  0
procs -----------memory---------- ---swap-- -----io---- -system-- -------cpu-------
 r  b   swpd   free   buff  cache   si   so    bi    bo   in   cs us sy id wa st gu
44 27 112448 128840148 2095400 33636140    0    0 1269040 811188 258718 1022290 37 13 35 15  0  0
13  9 112448 128839476 2095400 33636148    0    0 1285024 803308 259771 1031612 37 13 35 15  0  0
10 10 112448 128845708 2095400 33636160    0    0 1261856 822564 258081 1018455 37 13 36 15  0  0
48 20 112448 128836580 2095400 33636176    0    0 1240464 793688 254309 997470 36 12 37 15  0  0
52 21 112448 128843172 2095400 33636184    0    0 1221520 768084 249413 983950 36 12 36 16  0  0
51 17 112448 128844220 2095400 33636192    0    0 1204368 799320 248475 972276 35 12 37 16  0  0
39 32 112448 128843452 2095404 33636200    0    0 1194416 781260 247453 967986 35 12 38 16  0  0
42 26 112448 128849248 2095404 33636212    0    0 1217952 781668 249293 979807 35 12 37 16  0  0
38 29 112448 128838384 2095404 33636220    0    0 1210720 782716 250361 979123 35 12 37 16  0  0
34  4 112448 128842268 2095404 33636232    0    0 1181952 730132 244262 952969 34 12 38 16  0  0
43 26 112448 128846248 2095404 33636240    0    0 1170144 784084 242959 946194 34 11 39 16  0  0
10  5 112448 128855532 2095408 33636252    0    0 1182528 758676 243186 957392 34 12 38 17  0  0
51 16 112448 128854920 2095408 33636264    0    0 1233168 775524 251467 993571 36 12 36 16  0  0
46 26 112448 128852068 2095408 33636276    0    0 1214688 802800 250151 982220 36 12 37 15  0  0
35 36 112448 128843668 2095408 33636288    0    0 1224176 789892 252347 988897 35 12 37 15  0  0
49 25 112448 128835732 2095408 33636296    0    0 1224208 760352 249538 979509 36 12 37 15  0  0
46 24 112448 128845052 2095408 33636304    0    0 1253184 815116 257582 1009951 36 13 37 14  0  0
42 28 112448 128842480 2095408 33636316    0    0 1266240 835432 259540 1022008 37 13 36 15  0  0
49 21 112448 128837080 2095408 33636328    0    0 1260240 796536 256000 1011337 37 13 36 14  0  0
43 22 112448 128831636 2095408 33636340    0    0 1244720 798332 256507 1006550 36 13 36 15  0  0
48 23 112448 128824368 2095408 33636356    0    0 1257776 823964 258170 1016312 37 13 36 14  0  0
procs -----------memory---------- ---swap-- -----io---- -system-- -------cpu-------
 r  b   swpd   free   buff  cache   si   so    bi    bo   in   cs us sy id wa st gu
47 24 112448 128832608 2095408 33636368    0    0 1244064 813232 255905 1004064 36 13 37 14  0  0
35 36 112448 128835288 2095408 33636376    0    0 1208928 785264 250080 978052 35 12 37 15  0  0
49 21 112448 128834244 2095408 33636384    0    0 1224784 778160 250627 990174 36 12 37 16  0  0
45 24 112448 128840916 2095408 33636396    0    0 1229488 786844 253234 989296 35 13 37 15  0  0
55 19 112448 128842908 2095408 33636404    0    0 1271040 806228 258407 1018340 37 13 36 14  0  0
55 17 112448 128833940 2095408 33636412    0    0 1269808 820676 258567 1017813 37 13 36 14  0  0
53 19 112448 128839480 2095408 33636420    0    0 1273056 819260 258297 1024828 37 13 36 14  0  0
50 19 112448 128842196 2095408 33636428    0    0 1260064 822392 257996 1013521 37 13 36 14  0  0
14  9 112448 128842112 2095408 33636440    0    0 1288656 810412 259757 1030498 37 13 35 15  0  0
43 24 112448 128839520 2095408 33636452    0    0 1263440 822176 256746 1016085 37 13 36 14  0  0
50 20 112448 128834724 2095408 33636464    0    0 1242864 810388 255082 1005435 36 12 35 16  0  0
45 25 112448 128840080 2095408 33636476    0    0 1262880 805092 257872 1015603 37 13 36 14  0  0
48 20 112448 128833300 2095408 33636484    0    0 1268464 814432 256611 1016302 37 13 35 15  0  0
18  8 112448 128840028 2095408 33636496    0    0 1223008 784500 250397 985614 36 12 37 15  0  0
49 20 112448 128841240 2095408 33636508    0    0 1217216 780912 249341 982247 35 12 37 16  0  0
14 17 112448 128842160 2095408 33636516    0    0 1210848 810760 252041 979391 35 12 38 15  0  0
41 26 112448 128838500 2095412 33636524    0    0 1260080 812216 257845 1017008 37 13 36 14  0  0
47 21 112448 128840628 2095412 33636532    0    0 1274352 816608 259373 1025459 37 13 35 14  0  0
50 18 112448 128844064 2095412 33636544    0    0 1284880 802368 258443 1030036 37 13 36 14  0  0
42 26 112448 128846180 2095412 33636560    0    0 1253648 829128 257612 1013920 37 13 36 14  0  0
48 20 112448 128847672 2095412 33636568    0    0 1287408 795492 259670 1033286 38 13 35 14  0  0
procs -----------memory---------- ---swap-- -----io---- -system-- -------cpu-------
 r  b   swpd   free   buff  cache   si   so    bi    bo   in   cs us sy id wa st gu
47 22 112448 128845924 2095412 33636636    0    0 1266144 832576 259133 1023246 37 13 35 15  0  0
53 23 112448 128840736 2095412 33636644    0    0 1260032 806980 256649 1013397 37 13 36 15  0  0
41 26 112448 128839012 2095412 33636656    0    0 1248128 806344 256521 1005400 37 13 37 14  0  0
32 41 112448 128838848 2095412 33636672    0    0 1250080 814504 257095 1010788 37 13 37 14  0  0
45 25 112448 128837944 2095412 33636680    0    0 1258496 798964 254788 1007172 36 13 35 16  0  0
 7 12 112448 128854892 2095412 33636688    0    0 1195056 785208 247424 966484 35 12 38 15  0  0
43 23 112448 128849836 2095412 33636700    0    0 1235280 767440 252048 995221 36 13 36 16  0  0
19  0 112448 128839928 2095412 33636712    0    0 1244672 800856 255078 1002841 36 13 37 14  0  0
46  5 112448 128842960 2095412 33636724    0    0 1272608 818816 257992 1022011 37 13 36 14  0  0
25 36 112448 128845548 2095412 33636736    0    0 1259216 849508 259184 1017034 37 13 36 14  0  0
43 25 112448 128848256 2095412 33636748    0    0 1270352 800860 258184 1020423 37 13 36 14  0  0
48 22 112448 128843032 2095412 33636760    0    0 1250304 816432 258163 1008527 37 13 37 14  0  0
54 16 112448 128841948 2095412 33636768    0    0 1278192 810272 259856 1027512 37 13 35 15  0  0
49 20 112448 128844524 2095412 33636780    0    0 1273504 826024 259587 1024224 37 13 35 15  0  0
49 17 112448 128851364 2095412 33636788    0    0 1228960 809012 254687 995459 35 13 37 15  0  0
47 22 112448 128835980 2095412 33636796    0    0 1283136 805560 268475 1031059 37 13 34 15  0  0
38 32 112448 128839936 2095412 33636808    0    0 1238576 826260 261281 1002480 36 12 37 14  0  0
38 28 112448 128843516 2095412 33636820    0    0 1204144 757476 247530 970230 35 12 38 15  0  0
17 10 112448 128836796 2095412 33636828    0    0 1212240 783976 249234 978961 35 12 37 15  0  0
47 23 112448 128841868 2095412 33636836    0    0 1232272 816136 253792 992504 36 12 36 15  0  0
50 20 112448 128837624 2095412 33636844    0    0 1273024 818708 258687 1020306 37 13 35 15  0  0
