procs -----------memory---------- ---swap-- -----io---- -system-- -------cpu-------
 r  b   swpd   free   buff  cache   si   so    bi    bo   in   cs us sy id wa st gu
 4  0 115568 135774052 2144152 52202112   31   40 237328 251716 90191   44 24  4 69  3  0  0
 3  2 115568 135737096 2144152 52202172    0    0 51008 38584 86795 42433  2  1 96  1  0  0
 3  2 115568 135743116 2144152 52202216    0    0 205024 35148 99185 115489  3  2 93  2  0  0
 4  2 115568 135744024 2144152 52202236    0    0 205888 33924 99224 114623  3  2 93  2  0  0
 4  2 115568 135734892 2144152 52202256    0    0 204272 45088 99844 115054  3  2 93  2  0  0
 0  4 115568 135746680 2144152 52202284    0    0 204096 46796 99511 112668  3  2 93  2  0  0
 4  1 115568 135739848 2144152 52202304    0    0 202544 82788 100973 110486  3  1 94  2  0  0
 5  2 115568 135737344 2144156 52202312    0    0 204016 78348 100940 116568  3  2 93  2  0  0
 7  1 115568 135744144 2144156 52202336    0    0 202032 71524 100762 114549  3  2 93  2  0  0
 6  1 115568 135731988 2144156 52202372    0    0 204256 71720 100465 115744  3  2 93  2  0  0
 4  2 115568 135748016 2144156 52202400    0    0 205200 73348 100924 116247  3  2 93  2  0  0
 3  1 115568 135747816 2144156 52202420    0    0 203712 71960 100850 110901  3  1 94  2  0  0
 2  4 115568 135745916 2144160 52202424    0    0 205776 72444 100976 113704  3  1 94  2  0  0
 4  1 115568 135741060 2144160 52202444    0    0 203536 67740 100603 118041  3  2 93  2  0  0
 8  2 115568 135729212 2144160 52202464    0    0 204880 70176 100821 116499  3  2 93  2  0  0
 4  1 115568 135710140 2144160 52202492    0    0 206432 67816 100964 117428  3  2 93  2  0  0
 4  2 115568 135709452 2144160 52202516    0    0 204896 68824 100898 116790  3  2 93  2  0  0
 5  2 115568 135731180 2144160 52202536    0    0 205248 70064 100648 110804  2  1 94  2  0  0
 5  1 115568 135729228 2144160 52202556    0    0 204384 72360 100819 115919  3  2 93  2  0  0
 2  3 115568 135735824 2144160 52202568    0    0 204656 72844 100900 115888  3  2 93  2  0  0
 9  0 115568 135734684 2144160 52202600    0    0 201744 74824 100884 115262  3  2 93  2  0  0
procs -----------memory---------- ---swap-- -----io---- -system-- -------cpu-------
 r  b   swpd   free   buff  cache   si   so    bi    bo   in   cs us sy id wa st gu
 2  4 115568 135732028 2144160 52202628    0    0 202592 76224 100962 116363  3  2 93  2  0  0
 4  1 115568 135753588 2144160 52202648    0    0 202624 77464 100593 113538  3  2 93  2  0  0
 5  2 115568 135761148 2144160 52202656    0    0 204320 78560 100718 111941  3  1 94  2  0  0
 2  3 115568 135751440 2144160 52202676    0    0 203328 80744 101325 116052  3  2 93  2  0  0
11  0 115568 135751464 2144160 52202704    0    0 203040 82200 101281 116742  3  2 93  2  0  0
 2  3 115568 135758708 2144160 52202728    0    0 202656 84316 101200 116516  3  2 93  2  0  0
 4  2 115568 135740404 2144164 52202744    0    0 202816 84560 101118 115719  3  2 93  2  0  0
 3  3 115568 135739324 2144164 52202764    0    0 204048 85500 101230 111790  2  1 94  2  0  0
 6  0 115568 135733092 2144164 52202776    0    0 203024 85992 101275 113592  3  2 93  2  0  0
 8  1 115568 135737388 2144164 52202796    0    0 201152 88108 101557 115734  3  2 93  2  0  0
 2  3 115568 135730524 2144164 52202820    0    0 200304 88092 101209 115459  3  2 93  2  0  0
 5  2 115568 135725688 2144164 52202840    0    0 199520 106864 102243 116856  3  2 93  2  0  0
20  2 115568 135721292 2144164 52202868    0    0 198544 111888 102300 116107  3  2 93  2  0  0
 5  2 115568 135750096 2144164 52202892    0    0 200896 107424 101935 112185  2  1 94  2  0  0
 5  2 115568 135743672 2144164 52202912    0    0 198544 110096 102233 116725  3  2 93  2  0  0
 5  2 115568 135758164 2144164 52202924    0    0 200208 114596 102556 116939  3  2 93  2  0  0
 4  3 115568 135746084 2144164 52202948    0    0 190256 277080 108519 119442  3  2 93  2  0  0
 5  2 115568 135749128 2144164 52202972    0    0 198288 119960 102341 117626  3  2 93  2  0  0
 4  2 115568 135732604 2144164 52202996    0    0 198672 134160 102791 118826  3  2 93  2  0  0
 6  2 115568 135728428 2144164 52203016    0    0 199840 129912 102794 111642  2  1 94  2  0  0
 7  2 115568 135735580 2144164 52203032    0    0 199712 103516 102007 116831  3  2 93  2  0  0
procs -----------memory---------- ---swap-- -----io---- -system-- -------cpu-------
 r  b   swpd   free   buff  cache   si   so    bi    bo   in   cs us sy id wa st gu
 3  2 115568 135726512 2144164 52203052    0    0 197280 103664 101753 114251  3  2 93  2  0  0
 4  2 115568 135739648 2144164 52203076    0    0 199696 105680 102010 115339  3  2 93  2  0  0
 4  2 115568 135742072 2144164 52203100    0    0 200880 106408 102223 117107  3  2 93  2  0  0
 2  3 115568 135733500 2144164 52203120    0    0 199520 106504 101878 116073  3  2 93  2  0  0
 5  1 115568 135731760 2144164 52203140    0    0 198784 106932 101373 108858  3  1 94  2  0  0
 6  0 115568 135736236 2144164 52203156    0    0 199408 105476 101858 116303  3  2 93  2  0  0
 8  1 115568 135731248 2144164 52203184    0    0 199008 108084 102156 116353  3  2 93  2  0  0
 3  2 115568 135728668 2144164 52203212    0    0 199488 108656 102083 116637  3  2 93  2  0  0
 4  2 115568 135726256 2144164 52203224    0    0 188464 317792 109867 122357  3  2 92  2  0  0
 3  3 115568 135736720 2144164 52203252    0    0 199136 121640 102529 116579  3  2 93  2  0  0
 6  1 115568 135735028 2144164 52203268    0    0 200224 118588 101563 113917  3  1 94  2  0  0
 4  3 115568 135745164 2144164 52203284    0    0 199344 128468 102670 120644  3  2 93  2  0  0
 6  1 115568 135726840 2144164 52203304    0    0 199040 110940 102125 115886  3  2 93  2  0  0
 3  2 115568 135749176 2144164 52203324    0    0 199136 103032 101747 115301  3  2 93  2  0  0
 5  2 115568 135727856 2144164 52203348    0    0 199712 104496 102115 116347  3  2 93  2  0  0
 2  2 115568 135717480 2144164 52203436    0    0 200592 104160 101820 114679  3  2 93  2  0  0
 4  1 115568 135725464 2144164 52203452    0    0 197920 106044 101745 112243  3  1 94  2  0  0
 2  3 115568 135734332 2144164 52203464    0    0 194096 105448 101765 114052  3  2 93  2  0  0
 4  1 115568 135725636 2144164 52203492    0    0 194960 105876 101703 115759  3  2 93  2  0  0
 6  1 115568 135713324 2144164 52203508    0    0 195056 105596 101896 115029  3  2 93  2  0  0
 6  3 115568 135711104 2144168 52203528    0    0 199344 118604 102626 117530  3  2 93  2  0  0
procs -----------memory---------- ---swap-- -----io---- -system-- -------cpu-------
 r  b   swpd   free   buff  cache   si   so    bi    bo   in   cs us sy id wa st gu
 1  3 115568 135715984 2144168 52203552    0    0 200624 118592 102527 113535  3  1 94  2  0  0
 3  2 115568 135726684 2144168 52203572    0    0 200272 119572 102506 114510  3  2 93  2  0  0
 3  5 115568 135730004 2144168 52203600    0    0 193776 271124 108390 123743  3  2 92  2  0  0
 6  2 115568 135728028 2144168 52203628    0    0 186800 404008 113175 126841  3  2 92  3  0  0
 6  1 115568 135722228 2144168 52203652    0    0 196816 129548 102570 118644  3  2 93  2  0  0
 7  3 115568 135713076 2144168 52203680    0    0 202880 116664 101997 123158  3  2 93  2  0  0
 2  4 115568 135721336 2144168 52203692    0    0 202512 122824 102116 114515  2  1 94  2  0  0
10  2 115568 135714204 2144168 52203700    0    0 199312 134432 102756 119081  3  2 93  2  0  0
 6  2 115568 135714308 2144168 52203724    0    0 199408 142436 103958 118833  3  2 93  2  0  0
 1  4 115568 135738000 2144168 52203748    0    0 198880 108644 102196 115621  3  2 93  2  0  0
 5  2 115568 135728272 2144168 52203768    0    0 196016 108144 101748 114549  3  2 93  2  0  0
 3  3 115568 135717888 2144168 52203796    0    0 196480 110640 102174 114773  3  2 93  2  0  0
 4  3 115568 135720092 2144168 52203808    0    0 200368 104460 101492 113411  3  1 94  2  0  0
 3  3 115568 135727272 2144168 52203824    0    0 199264 117928 102670 116661  3  2 93  2  0  0
 5  1 115568 135708232 2144168 52203848    0    0 200368 111184 102248 116143  3  2 93  2  0  0
 5  2 115568 135712604 2144168 52203876    0    0 200544 112236 102561 116747  3  2 93  2  0  0
 6  1 115568 135726000 2144168 52203892    0    0 199632 111748 102221 117580  3  2 93  2  0  0
 3  3 115568 135709072 2144168 52203916    0    0 200384 117456 102797 116691  3  2 93  2  0  0
 7  2 115568 135702664 2144168 52203928    0    0 200912 115120 102237 110419  3  1 94  2  0  0
12  2 115568 135707916 2144172 52203940    0    0 199536 110868 102264 116946  3  2 93  2  0  0
 4  4 115568 135710584 2144172 52203968    0    0 197952 118068 102269 116735  3  2 93  2  0  0
procs -----------memory---------- ---swap-- -----io---- -system-- -------cpu-------
 r  b   swpd   free   buff  cache   si   so    bi    bo   in   cs us sy id wa st gu
 3  2 115568 135692140 2144172 52204000    0    0 198304 118252 102810 116759  3  2 93  2  0  0
 8  1 115568 135697508 2144172 52204024    0    0 197904 116056 102309 116061  3  2 93  2  0  0
 2  2 115568 135701404 2144172 52204044    0    0 199248 117212 102521 115120  2  2 93  2  0  0
 6  2 115568 135691620 2144172 52204056    0    0 201648 116392 102061 114478  3  1 94  2  0  0
 4  2 115568 135692412 2144172 52204076    0    0 202000 115908 102898 119118  3  2 93  2  0  0
 5  2 115568 135694264 2144172 52204100    0    0 196400 154068 103764 118482  3  2 93  2  0  0
 5  2 115568 135702008 2144172 52204120    0    0 188880 348164 111027 126006  3  2 92  3  0  0
23  2 115568 135688192 2144172 52204144    0    0 200912 126476 102623 120591  3  2 93  2  0  0
 4  2 115568 135697684 2144172 52204160    0    0 199200 128080 102655 115749  3  1 94  2  0  0
 2  3 115568 135704508 2144172 52204180    0    0 197760 140704 103196 114434  3  2 93  2  0  0
 3  2 115568 135699232 2144172 52204196    0    0 199264 114700 102434 116208  3  2 93  2  0  0
 4  2 115568 135701660 2144172 52204216    0    0 200560 116016 102381 118040  3  2 93  2  0  0
 2  3 115568 135697988 2144172 52204244    0    0 200944 115564 102511 119743  3  2 93  2  0  0
 3  1 115568 135706172 2144172 52204272    0    0 200672 115556 102530 117599  3  2 93  2  0  0
 4  1 115568 135710904 2144172 52204288    0    0 203216 118320 102333 114182  2  1 94  2  0  0
 4  4 115568 135716512 2144172 52204304    0    0 200640 117020 102497 116072  3  2 93  2  0  0
 5  1 115568 135703660 2144172 52204332    0    0 198032 117396 102677 117493  3  2 93  2  0  0
 6  3 115568 135704992 2144172 52204360    0    0 200704 116596 102551 117582  3  2 93  2  0  0
 5  1 115568 135715780 2144172 52204384    0    0 198912 117276 102714 116775  3  2 93  2  0  0
 2  2 115568 135722920 2144176 52204408    0    0 199280 119684 102499 115222  3  2 93  2  0  0
 1  4 115568 135727484 2144176 52204416    0    0 197696 120392 102438 111178  3  1 94  2  0  0
procs -----------memory---------- ---swap-- -----io---- -system-- -------cpu-------
 r  b   swpd   free   buff  cache   si   so    bi    bo   in   cs us sy id wa st gu
 3  2 115568 135736784 2144176 52204428    0    0 201504 120444 102781 118371  3  2 93  2  0  0
 3  3 115568 135730572 2144176 52204460    0    0 199008 120180 102357 117395  3  2 93  2  0  0
 1  4 115568 135726860 2144176 52204476    0    0 197856 119452 102503 116058  3  2 93  2  0  0
 3  2 115568 135732692 2144180 52204500    0    0 198688 120036 102720 116066  3  2 93  2  0  0
 3  1 115568 135735744 2144180 52204516    0    0 199104 119124 102398 112625  3  2 93  2  0  0
 4  3 115568 135743500 2144180 52204532    0    0 200128 119568 102326 113313  3  1 94  2  0  0
 4  1 115568 135746764 2144180 52204556    0    0 199136 117856 102262 117309  3  2 93  2  0  0
 3  2 115568 135745680 2144180 52204580    0    0 199328 118272 102692 117172  3  2 93  2  0  0
 3  2 115568 135736248 2144180 52204592    0    0 199808 116916 102421 116565  3  2 93  2  0  0
 6  1 115568 135728100 2144180 52204632    0    0 188464 307044 109854 121220  3  2 93  2  0  0
 2  3 115568 135715084 2144180 52204640    0    0 183872 440792 114271 121610  3  1 93  3  0  0
19  2 115568 135714256 2144180 52204732    0    0 189024 342708 110685 121846  3  2 93  3  0  0
21  2 115568 135727376 2144180 52204752    0    0 198128 98804 101245 115668  3  2 93  2  0  0
 4  2 115568 135741340 2144180 52204768    0    0 200464 105496 101628 118036  3  2 93  2  0  0
 6  1 115568 135739980 2144180 52204792    0    0 199072 107512 101439 117940  3  2 93  2  0  0
 7  1 115568 135741436 2144180 52204820    0    0 200656 108604 101867 119587  3  2 93  2  0  0
 5  2 115568 135732104 2144180 52204840    0    0 201824 112156 101594 115356  3  1 94  2  0  0
 6  1 115568 135735548 2144180 52204852    0    0 202208 115584 101791 117566  3  2 93  2  0  0
 3  4 115568 135724848 2144184 52204868    0    0 200144 130588 102860 118666  3  2 93  2  0  0
 4  3 115568 135733392 2144184 52204900    0    0 198400 139860 103163 117754  3  2 93  2  0  0
 4  2 115568 135731616 2144184 52204916    0    0 199536 132800 103294 117736  3  2 93  2  0  0
procs -----------memory---------- ---swap-- -----io---- -system-- -------cpu-------
 r  b   swpd   free   buff  cache   si   so    bi    bo   in   cs us sy id wa st gu
 2  4 115568 135728996 2144184 52204928    0    0 194944 109256 101776 113623  3  2 93  2  0  0
 3  3 115568 135729628 2144184 52204952    0    0 196128 108388 101657 109273  2  1 94  2  0  0
 5  2 115568 135725736 2144184 52204972    0    0 194720 110432 101732 111816  3  2 93  2  0  0
 6  2 115568 135717344 2144184 52204988    0    0 198960 109080 102340 116174  3  2 93  2  0  0
 6  2 115568 135716412 2144184 52205028    0    0 199440 110788 102307 117310  3  2 93  2  0  0
 4  2 115568 135718972 2144184 52205044    0    0 199184 108372 101687 118214  3  2 93  2  0  0
 4  3 115568 135710648 2144184 52205068    0    0 197824 121260 102435 115778  3  2 93  2  0  0
 3  2 115568 135719500 2144188 52205080    0    0 199616 112356 102259 112408  2  1 94  2  0  0
 3  3 115568 135714204 2144188 52205108    0    0 200160 114356 102304 116208  3  2 93  2  0  0
 6  3 115568 135727508 2144188 52205128    0    0 200096 115532 102601 116115  3  2 93  2  0  0
 6  2 115568 135721132 2144188 52205152    0    0 200704 109492 101922 119496  3  2 93  2  0  0
 6  1 115568 135722560 2144188 52205164    0    0 198384 119080 102441 117695  3  2 93  2  0  0
 5  1 115568 135732068 2144188 52205188    0    0 198336 114724 101879 117017  3  2 93  2  0  0
 3  3 115568 135736300 2144188 52205208    0    0 199840 121088 102501 111128  2  1 94  2  0  0
 5  2 115568 135738024 2144188 52205220    0    0 197808 112336 102056 117305  3  2 93  2  0  0
 4  4 115568 135735232 2144188 52205248    0    0 196240 118980 102248 116811  3  2 93  2  0  0
 6  0 115568 135712860 2144188 52205268    0    0 198896 115988 102402 116371  3  2 93  2  0  0
 6  1 115568 135710824 2144188 52205288    0    0 197504 113704 102323 115695  3  2 93  2  0  0
 3  3 115568 135700440 2144188 52205312    0    0 195552 115824 102283 114027  3  2 93  2  0  0
 3  3 115568 135688232 2144188 52205328    0    0 195056 121020 102051 110129  2  1 94  3  0  0
 3  3 115568 135696676 2144188 52205344    0    0 191952 119488 102270 114167  3  2 93  2  0  0
procs -----------memory---------- ---swap-- -----io---- -system-- -------cpu-------
 r  b   swpd   free   buff  cache   si   so    bi    bo   in   cs us sy id wa st gu
 5  2 115568 135701904 2144188 52205376    0    0 196352 115608 102225 116225  3  2 93  2  0  0
 7  1 115568 135692444 2144192 52205400    0    0 197840 116372 102296 116603  3  2 93  2  0  0
 3  3 115568 135699180 2144192 52205420    0    0 197632 125620 102441 117038  3  2 93  2  0  0
 4  3 115568 135710804 2144192 52205444    0    0 201232 116968 102475 114373  3  2 93  2  0  0
 6  1 115568 135716124 2144192 52205456  176    0 200172 107804 101268 115589  3  1 94  2  0  0
 2  4 115568 135710512 2144192 52205536    0    0 197344 127908 102864 117007  3  2 93  2  0  0
19  1 115568 135705856 2144196 52205560    0    0 196976 117936 102064 115873  3  2 93  2  0  0
 4  3 115568 135722360 2144196 52205580    0    0 198128 119068 102430 116030  3  2 93  2  0  0
 7  3 115568 135703992 2144196 52205608    0    0 186672 390276 113157 122012  3  2 92  3  0  0
 4  2 115568 135711616 2144196 52205624    0    0 193344 275544 108166 117552  3  2 93  2  0  0
 8  3 115568 135717460 2144196 52205632    0    0 201168 111632 101518 116274  3  1 94  2  0  0
 3  3 115568 135720432 2144196 52205664    0    0 201264 112440 102053 120123  3  2 93  2  0  0
 2  4 115568 135709240 2144196 52205676    0    0 197520 119912 101944 117900  3  2 93  2  0  0
 6  2 115568 135696060 2144196 52205704    0    0 198096 134508 102806 119262  3  2 93  2  0  0
 3  2 115568 135684716 2144196 52205732    0    0 198544 139628 103376 117312  3  2 93  2  0  0
 2  2 115568 135694516 2144196 52205744    0    0 202768 110184 101998 111124  2  1 94  2  0  0
 7  0 115568 135701652 2144196 52205772    0    0 199504 110928 101880 115709  3  2 93  2  0  0
 2  3 115568 135699608 2144196 52205796    0    0 201488 111116 102176 118038  3  2 93  2  0  0
 3  2 115568 135690452 2144196 52205820    0    0 198928 109852 101964 116233  3  2 93  2  0  0
 6  0 115568 135699744 2144196 52205844    0    0 200416 111872 102155 116589  3  2 93  2  0  0
 4  0 115568 135692072 2144196 52205868    0    0 200944 114148 102258 116553  3  2 93  2  0  0
procs -----------memory---------- ---swap-- -----io---- -system-- -------cpu-------
 r  b   swpd   free   buff  cache   si   so    bi    bo   in   cs us sy id wa st gu
 3  3 115568 135700804 2144200 52205880    0    0 200672 114056 102290 110810  2  1 94  2  0  0
 6  3 115568 135708640 2144200 52205900    0    0 200592 116096 102513 117630  3  2 93  2  0  0
 3  2 115568 135710364 2144200 52205928    0    0 200464 114708 102447 118580  3  2 93  2  0  0
 3  2 115568 135714020 2144200 52205948    0    0 202080 113532 102173 119394  3  2 93  2  0  0
 4  1 115568 135734072 2144200 52205972    0    0 199920 115924 102578 117506  3  2 93  2  0  0
 3  1 115568 135725944 2144200 52205988    0    0 200880 116260 102253 114732  3  2 93  2  0  0
 3  3 115568 135729316 2144200 52206000    0    0 201040 116872 102429 113467  3  1 94  2  0  0
 3  3 115568 135723280 2144200 52206020    0    0 200816 117192 102422 117978  3  2 93  2  0  0
 5  2 115568 135726464 2144200 52206120    0    0 198128 116452 102371 115753  3  2 93  2  0  0
 6  0 115568 135724448 2144200 52206140    0    0 199392 115844 102427 116740  3  2 93  2  0  0
 4  2 115568 135710828 2144200 52206156    0    0 199568 114896 102453 116937  3  2 93  2  0  0
 6  2 115568 135707924 2144200 52206180    0    0 197552 116480 101929 111976  2  1 94  2  0  0
 6  1 115568 135710424 2144200 52206192    0    0 197776 114728 101560 116783  3  1 94  2  0  0
 5  1 115568 135706780 2144200 52206220    0    0 198496 116052 102134 115671  3  2 93  2  0  0
 4  3 115568 135695136 2144200 52206240    0    0 200048 114608 102480 116431  3  2 93  2  0  0
 4  2 115568 135699872 2144200 52206260    0    0 196304 115528 102087 115755  3  2 93  2  0  0
 8  1 115568 135687476 2144200 52206284    0    0 195920 117036 102213 116307  3  2 93  2  0  0
 4  1 115568 135699252 2144200 52206300    0    0 195056 117368 101575 110538  2  1 94  2  0  0
 4  3 115568 135701048 2144200 52206328    0    0 196048 115540 102114 113229  3  2 93  2  0  0
 3  2 115568 135696204 2144200 52206348    0    0 196544 117680 102244 116089  3  2 93  2  0  0
 4  1 115568 135687404 2144200 52206372    0    0 197552 118288 102319 116980  3  2 93  2  0  0
procs -----------memory---------- ---swap-- -----io---- -system-- -------cpu-------
 r  b   swpd   free   buff  cache   si   so    bi    bo   in   cs us sy id wa st gu
 2  3 115568 135685492 2144200 52206392    0    0 199264 118904 102440 116208  3  2 93  2  0  0
 2  2 115568 135683096 2144200 52206412    0    0 199808 117108 102606 116674  3  2 93  2  0  0
 3  3 115568 135685652 2144200 52206428    0    0 202176 117556 102424 111408  2  1 94  2  0  0
 4  1 115568 135695636 2144200 52206444    0    0 197408 118340 102355 116173  3  2 93  2  0  0
 3  4 115568 135695372 2144200 52206464    0    0 197392 132928 102801 116720  3  2 93  2  0  0
 5  2 115568 135717856 2144200 52206492    0    0 190528 337792 110816 123907  3  2 92  3  0  0
 8  2 115568 135707444 2144200 52206516    0    0 200928 121480 102151 119802  3  2 93  2  0  0
 3  3 115568 135707120 2144200 52206540    0    0 199152 145892 103394 116125  3  2 93  2  0  0
 5  0 115568 135707300 2144200 52206568    0    0 201472 120764 102241 114455  2  1 94  2  0  0
 3  3 115568 135692084 2144200 52206580    0    0 199264 110196 102098 116208  3  2 93  2  0  0
 4  2 115568 135685512 2144200 52206600    0    0 198064 109712 102063 115501  3  2 93  2  0  0
 3  2 115568 135696016 2144200 52206628    0    0 196608 111716 102094 114758  3  2 93  2  0  0
 3  2 115568 135685332 2144200 52206648    0    0 194592 114076 102112 114046  3  2 93  2  0  0
 4  0 115568 135682592 2144200 52206672    0    0 193632 115628 101853 110853  3  1 94  2  0  0
 2  3 115568 135680404 2144200 52206688    0    0 195200 116096 101959 110914  3  1 94  2  0  0
 2  3 115568 135699864 2144200 52206708    0    0 197456 116160 102278 115658  3  2 93  2  0  0
 4  1 115568 135718480 2144200 52206740    0    0 199760 116000 102212 118552  3  2 93  2  0  0
 6  0 115568 135724440 2144200 52206760    0    0 197696 116336 102502 115417  3  2 93  2  0  0
 7  2 115568 135720276 2144200 52206784    0    0 198112 116068 102280 115398  3  2 93  2  0  0
 4  2 115568 135721100 2144204 52206800    0    0 198448 114424 101919 111364  2  1 94  2  0  0
 2  4 115568 135726128 2144204 52206812    0    0 198528 114520 102085 113388  3  2 93  2  0  0
procs -----------memory---------- ---swap-- -----io---- -system-- -------cpu-------
 r  b   swpd   free   buff  cache   si   so    bi    bo   in   cs us sy id wa st gu
 7  1 115568 135704420 2144204 52206832    0    0 197760 115436 101707 117988  3  2 93  2  0  0
 7  1 115568 135695676 2144204 52206848    0    0 197248 114780 102203 115023  3  2 93  2  0  0
 2  3 115568 135701736 2144204 52206872    0    0 196976 115584 102336 115823  3  2 93  2  0  0
 5  1 115568 135690164 2144208 52206908    0    0 198608 117264 102265 116758  3  2 93  2  0  0
 2  2 115568 135682408 2144208 52206912    0    0 202384 116312 102294 112677  2  1 94  2  0  0
 5  1 115568 135670456 2144208 52206932    0    0 199760 117116 102404 114878  3  2 93  2  0  0
 5  0 115568 135684584 2144208 52206960    0    0 202560 116520 102579 117806  3  2 93  2  0  0
 2  3 115568 135697924 2144208 52206980    0    0 199520 116456 102470 117164  3  2 93  2  0  0
 5  1 115568 135683372 2144208 52207000    0    0 199296 116432 102487 116411  3  2 93  2  0  0
 3  3 115568 135682492 2144208 52207032    0    0 194864 115844 101561 116073  3  2 93  3  0  0
 4  1 115568 135702876 2144208 52207032    0    0 194752 115856 101659 107516  2  1 94  3  0  0
 3  2 115568 135707316 2144208 52207064    0    0 195856 116000 102240 115049  3  2 93  2  0  0
 3  2 115568 135708404 2144208 52207080    0    0 198848 117084 102357 115994  3  2 93  2  0  0
 2  3 115568 135705864 2144212 52207104    0    0 198496 118832 102457 115441  3  2 93  2  0  0
 3  2 115568 135695632 2144212 52207136    0    0 198080 120592 102731 116012  3  2 93  2  0  0
 3  1 115568 135697484 2144212 52207148    0    0 197072 118948 102340 113683  3  2 93  2  0  0
 7  1 115568 135706612 2144212 52207160    0    0 198768 116672 101930 109728  2  1 94  2  0  0
 4  1 115568 135708352 2144212 52207188    0    0 198144 116028 102372 117095  3  2 93  2  0  0
 2  3 115568 135729740 2144212 52207208    0    0 198944 115424 102236 115775  3  2 93  2  0  0
 4  3 115568 135729516 2144212 52207232    0    0 185552 348112 110841 124370  3  2 92  3  0  0
 6  0 115568 135718852 2144212 52207244    0    0 195760 141012 102215 121326  3  2 93  2  0  0
procs -----------memory---------- ---swap-- -----io---- -system-- -------cpu-------
 r  b   swpd   free   buff  cache   si   so    bi    bo   in   cs us sy id wa st gu
 0  4 115568 135707908 2144212 52207268    0    0 197520 135908 102978 116029  3  2 93  2  0  0
 4  2 115568 135715240 2144212 52207292    0    0 198592 131304 102816 111142  3  1 94  2  0  0
 4  1 115568 135681024 2144216 52207304    0    0 201872 112224 102023 120501  3  2 93  2  0  0
 3  2 115568 135707584 2144216 52207336    0    0 197936 112312 101836 117442  3  2 93  2  0  0
 4  1 115568 135710664 2144216 52207364    0    0 197968 111952 102253 115418  3  2 93  2  0  0
 2  3 115568 135711968 2144216 52207448    0    0 198208 112112 101640 119791  3  2 93  2  0  0
 3  1 115568 135710620 2144216 52207476    0    0 197568 111528 101758 112852  3  2 93  2  0  0
 4  1 115568 135705416 2144216 52207488    0    0 198528 114960 102116 111581  3  1 94  2  0  0
 3  3 115568 135707708 2144216 52207504    0    0 197056 114616 102238 115158  3  2 93  2  0  0
 4  1 115568 135709332 2144216 52207536    0    0 197072 113720 102346 116002  3  2 93  2  0  0
 8  0 115568 135699380 2144216 52207548    0    0 198976 112812 102274 116454  3  2 93  2  0  0
 4  1 115568 135699136 2144216 52207564    0    0 197648 111128 101749 115488  3  2 93  2  0  0
 1  3 115568 135693312 2144220 52207596    0    0 199024 112748 101937 114199  3  2 93  2  0  0
 4  1 115568 135691924 2144220 52207600    0    0 199568 113364 101981 113060  3  1 94  2  0  0
 4  2 115568 135691320 2144220 52207632    0    0 197328 114164 101820 118420  3  2 93  2  0  0
 3  2 115568 135701684 2144220 52207652    0    0 198128 114748 102229 115807  3  2 93  2  0  0
 2  3 115568 135712548 2144220 52207656    0    0 197296 115216 101725 119650  3  2 93  2  0  0
 5  1 115568 135701264 2144228 52207700    0    0 197984 116088 102031 119068  3  2 93  2  0  0
 0  4 115568 135706832 2144228 52207724    0    0 199184 115640 102348 114615  3  2 93  2  0  0
 3  2 115568 135703376 2144228 52207732    0    0 200848 114628 102167 111684  3  1 94  2  0  0
 4  1 115568 135699268 2144228 52207752    0    0 198928 113484 101845 118624  3  2 93  2  0  0
procs -----------memory---------- ---swap-- -----io---- -system-- -------cpu-------
 r  b   swpd   free   buff  cache   si   so    bi    bo   in   cs us sy id wa st gu
 3  3 115568 135691828 2144228 52207768    0    0 196512 113104 102218 115279  3  2 93  2  0  0
 5  0 115568 135693128 2144232 52207800    0    0 197104 113764 101937 115280  3  2 93  2  0  0
 3  2 115568 135699668 2144232 52207824    0    0 196608 115692 102054 114445  3  2 93  2  0  0
 2  2 115568 135705700 2144232 52207832    0    0 196160 115576 101903 112475  3  2 93  2  0  0
 5  1 115568 135700196 2144232 52207848    0    0 199120 115784 102211 111539  3  1 94  2  0  0
 4  3 115568 135704140 2144232 52207876    0    0 196448 117304 102063 115316  3  2 93  2  0  0
 3  2 115568 135712920 2144236 52207904    0    0 196288 118944 102380 115592  3  2 93  2  0  0
 6  1 115568 135712276 2144236 52207924    0    0 195008 119612 101766 117101  3  2 93  2  0  0
 3  3 115568 135712584 2144236 52207944    0    0 196992 119636 102569 116265  3  2 93  2  0  0
 4  1 115568 135718720 2144236 52207960    0    0 196752 120712 102234 112813  2  1 94  2  0  0
 4  1 115568 135715148 2144236 52207976    0    0 199120 121000 102531 113454  3  1 94  2  0  0
 2  3 115568 135715032 2144240 52207992    0    0 197840 118872 102222 116373  3  2 93  2  0  0
 4  1 115568 135703996 2144240 52208024    0    0 198800 118004 102373 118372  3  2 93  2  0  0
 6  1 115568 135725548 2144240 52208044    0    0 197520 118456 102190 115645  3  2 93  2  0  0
 4  2 115568 135730828 2144240 52208048    0    0 185968 349880 110777 124149  3  2 92  2  0  0
 0  4 115568 135729760 2144240 52208084    0    0 197248 135188 102266 114466  3  1 94  2  0  0
 3  2 115568 135717448 2144240 52208108    0    0 195440 139684 102302 118308  3  2 93  2  0  0
 4  1 115568 135695252 2144240 52208132    0    0 195472 121228 101935 115890  3  2 93  2  0  0
 3  2 115568 135702504 2144240 52208152    0    0 200224 110284 102224 116202  3  2 93  2  0  0
 1  4 115568 135705876 2144240 52208176    0    0 198304 110548 101941 115655  3  2 93  2  0  0
 5  2 115568 135709084 2144240 52208208    0    0 198000 108040 102168 116271  3  2 93  2  0  0
procs -----------memory---------- ---swap-- -----io---- -system-- -------cpu-------
 r  b   swpd   free   buff  cache   si   so    bi    bo   in   cs us sy id wa st gu
 2  2 115568 135717484 2144240 52208228    0    0 200064 109652 101696 111329  2  1 94  2  0  0
 2  3 115568 135721400 2144240 52208236    0    0 198048 113332 102032 113229  3  2 93  2  0  0
 4  1 115568 135714480 2144240 52208268    0    0 193040 113896 101919 113725  3  2 93  2  0  0
 4  2 115568 135710144 2144240 52208288    0    0 191856 113888 101780 113860  3  2 93  2  0  0
 3  3 115568 135693596 2144240 52208312    0    0 197520 114032 102170 116019  3  2 93  2  0  0
 3  2 115568 135690972 2144240 52208336    0    0 199152 115788 102078 118604  3  2 93  2  0  0
 2  2 115568 135705484 2144240 52208348    0    0 201232 114956 102099 110864  2  1 94  2  0  0
 4  1 115568 135713124 2144240 52208368    0    0 198480 114416 102186 115496  3  2 93  2  0  0
 4  1 115568 135702944 2144240 52208392    0    0 195680 114356 101847 117875  3  2 93  2  0  0
 5  0 115568 135710772 2144240 52208412    0    0 196672 113524 102056 115565  3  2 93  2  0  0
 3  2 115568 135716236 2144240 52208432    0    0 196144 114124 102004 116097  3  2 93  2  0  0
 2  2 115568 135711412 2144240 52208456    0    0 198368 113312 102038 114746  3  2 93  2  0  0
 3  2 115568 135715532 2144240 52208472    0    0 197920 114064 101598 111867  3  1 94  2  0  0
 3  2 115568 135707916 2144240 52208496    0    0 198288 113156 102289 116992  3  2 93  2  0  0
 3  3 115568 135725852 2144240 52208516    0    0 197584 115408 102063 116884  3  2 93  2  0  0
 4  4 115568 135714420 2144240 52208544    0    0 199248 115508 102359 117069  3  2 93  2  0  0
 1  4 115568 135717344 2144240 52208568    0    0 199440 114160 102174 116612  3  2 93  2  0  0
 2  2 115568 135720888 2144240 52208584    0    0 198496 114140 101967 111979  2  1 94  2  0  0
 4  2 115568 135731072 2144240 52208600    0    0 196208 115684 101931 112235  3  2 93  2  0  0
 3  2 115568 135725176 2144240 52208620    0    0 196512 115412 102260 115939  3  2 93  2  0  0
 3  2 115568 135725340 2144244 52208644    0    0 198320 116496 102357 116268  3  2 93  2  0  0
procs -----------memory---------- ---swap-- -----io---- -system-- -------cpu-------
 r  b   swpd   free   buff  cache   si   so    bi    bo   in   cs us sy id wa st gu
 2  3 115568 135729012 2144244 52208680    0    0 196816 115800 102012 116370  3  2 93  2  0  0
 4  2 115568 135725964 2144244 52208704    0    0 194848 115624 101654 115207  3  2 93  3  0  0
 3  1 115568 135729340 2144244 52208808    0    0 193648 116472 101597 108368  2  1 94  3  0  0
 5  0 115568 135726196 2144244 52208824    0    0 198624 116684 102279 114993  3  2 93  2  0  0
 6  0 115568 135744304 2144244 52208844    0    0 197024 114784 101980 116882  3  2 93  2  0  0
 2  3 115568 135748500 2144244 52208868    0    0 196800 114720 101999 115157  3  2 93  2  0  0
 3  2 115568 135725776 2144244 52208892    0    0 195968 115196 101521 118348  3  2 93  2  0  0
 5  2 115568 135722812 2144244 52208912    0    0 196624 115956 102203 114936  3  2 93  2  0  0
 2  2 115568 135716768 2144244 52208928    0    0 197664 115940 101667 109093  2  1 94  2  0  0
 3  3 115568 135698388 2144248 52208940    0    0 192848 115776 101484 115770  3  2 93  2  0  0
 5  2 115568 135715340 2144248 52208972    0    0 192656 116440 101924 113709  3  2 93  2  0  0
 6  0 115568 135721600 2144248 52209000    0    0 177296 359572 110785 117276  3  2 92  3  0  0
 4  1 115568 135733140 2144248 52209020    0    0 193168 126288 102123 115287  3  2 93  2  0  0
 5  3 115568 135722824 2144252 52209040    0    0 192512 134104 102122 116707  3  2 93  2  0  0
 4  1 115568 135734024 2144252 52209052    0    0 191808 124416 101336 108280  2  1 94  2  0  0
 4  1 115568 135728964 2144252 52209072    0    0 195360 107632 101685 115300  3  2 93  3  0  0
 7  0 115568 135710044 2144252 52209100    0    0 195808 109584 101113 118299  3  2 93  2  0  0
 3  4 115568 135690648 2144252 52209120    0    0 193120 109168 101501 113349  3  2 93  2  0  0
 4  3 115568 135692836 2144252 52209140    0    0 193040 110176 101405 116351  3  2 93  2  0  0
 2  2 115568 135695080 2144252 52209164    0    0 193408 109404 101746 110928  3  2 93  2  0  0
 7  1 115568 135702744 2144252 52209176    0    0 192176 110960 100844 111682  2  1 94  2  0  0
procs -----------memory---------- ---swap-- -----io---- -system-- -------cpu-------
 r  b   swpd   free   buff  cache   si   so    bi    bo   in   cs us sy id wa st gu
 4  1 115568 135700148 2144252 52209204    0    0 195584 112248 101582 115978  3  2 93  2  0  0
 6  0 115568 135687772 2144252 52209232    0    0 194192 111584 101819 114277  3  2 93  2  0  0
 2  3 115568 135684048 2144252 52209252    0    0 192912 111200 101552 113610  3  2 93  2  0  0
 4  1 115568 135681648 2144252 52209272    0    0 197072 111060 101843 116813  3  2 93  3  0  0
 3  3 115568 135676396 2144252 52209292    0    0 196592 113804 101829 110749  2  1 94  3  0  0
 4  2 115568 135685212 2144252 52209308    0    0 196560 113916 102025 113012  3  2 93  2  0  0
 3  2 115568 135687784 2144252 52209332    0    0 196432 114608 102243 116437  3  2 93  2  0  0
 4  2 115568 135678692 2144260 52209344    0    0 195264 112600 102084 115406  3  2 93  2  0  0
 4  1 115568 135678216 2144260 52209376    0    0 196000 112728 101836 115403  3  2 93  2  0  0
 2  3 115568 135690188 2144260 52209400    0    0 193568 113068 101860 113082  3  2 93  2  0  0
 2  2 115568 135708948 2144260 52209420    0    0 193136 116488 101415 106750  2  1 94  2  0  0
 4  2 115568 135714484 2144260 52209440    0    0 191456 116580 101879 112356  3  2 93  2  0  0
 2  4 115568 135716304 2144260 52209460    0    0 195184 114908 101957 114218  3  2 93  2  0  0
 4  1 115568 135689316 2144260 52209484    0    0 192704 114740 101729 113113  3  2 93  2  0  0
 3  4 115568 135688732 2144260 52209500    0    0 195600 116144 102010 114201  3  2 93  2  0  0
 4  1 115568 135683352 2144260 52209528    0    0 192416 115468 101411 114775  3  2 93  2  0  0
 3  2 115568 135691384 2144260 52209540    0    0 193872 116864 101779 108139  2  1 94  2  0  0
 4  1 115568 135707392 2144260 52209560    0    0 194272 111444 101982 114226  3  2 93  2  0  0
 6  1 115568 135699608 2144260 52209584    0    0 194992 111756 101588 117566  3  2 93  2  0  0
 4  4 115568 135707260 2144260 52209604    0    0 193088 111332 101584 115367  3  2 93  2  0  0
 7  3 115568 135705888 2144260 52209628    0    0 193104 111004 101578 112896  2  2 93  2  0  0
procs -----------memory---------- ---swap-- -----io---- -system-- -------cpu-------
 r  b   swpd   free   buff  cache   si   so    bi    bo   in   cs us sy id wa st gu
 1  3 115568 135718540 2144260 52209660    0    0 196192 112520 101899 113265  2  2 93  2  0  0
 5  2 115568 135717908 2144260 52209668    0    0 196688 112820 101666 111717  3  1 94  2  0  0
 3  3 115568 135706316 2144260 52209692    0    0 194560 111604 101744 113862  3  2 93  2  0  0
 4  1 115568 135706796 2144260 52209712    0    0 194320 113040 101936 114383  3  2 93  2  0  0
 4  1 115568 135712360 2144260 52209736    0    0 196576 112212 101330 120407  3  2 93  2  0  0
 3  3 115568 135711216 2144260 52209760    0    0 196816 112400 101824 115094  3  2 93  2  0  0
 2  2 115568 135722428 2144260 52209780    0    0 193824 113984 101839 111356  2  2 93  2  0  0
 2  3 115568 135717464 2144260 52209800    0    0 197760 113976 101756 112919  3  1 94  2  0  0
 6  1 115568 135723516 2144260 52209820    0    0 195600 112976 101930 114670  3  2 93  2  0  0
 4  1 115568 135718980 2144260 52209840    0    0 196640 115056 101809 117057  3  2 93  2  0  0
 4  1 115568 135708132 2144260 52209864    0    0 189312 235704 106501 121374  3  2 93  2  0  0
 4  1 115568 135697624 2144260 52209884    0    0 194208 141300 102527 118864  3  2 93  2  0  0
 1  3 115568 135695096 2144268 52209900    0    0 198112 109508 101867 112279  2  1 94  2  0  0
 2  3 115568 135699276 2144268 52209912    0    0 197712 110808 101791 111934  3  2 93  2  0  0
 4  3 115568 135683388 2144268 52209936    0    0 195888 109680 101746 113967  3  2 93  2  0  0
 4  2 115568 135673304 2144268 52209960    0    0 197648 109472 101896 115902  3  2 93  2  0  0
 3  3 115568 135683760 2144268 52209984    0    0 195856 110600 101935 114827  3  2 93  2  0  0
 5  2 115568 135670796 2144268 52210012    0    0 196464 111736 101865 115686  3  2 93  2  0  0
 2  2 115568 135673280 2144268 52210024    0    0 195824 111568 101624 108842  2  1 94  2  0  0
 5  2 115568 135672376 2144268 52210044    0    0 197440 111624 101818 114961  3  2 93  2  0  0
 6  2 115568 135691660 2144268 52210140    0    0 196320 111556 102221 115285  3  2 93  2  0  0
procs -----------memory---------- ---swap-- -----io---- -system-- -------cpu-------
 r  b   swpd   free   buff  cache   si   so    bi    bo   in   cs us sy id wa st gu
 2  3 115568 135688292 2144268 52210168    0    0 195968 114196 102097 115346  3  2 93  2  0  0
 6  1 115568 135700384 2144268 52210192    0    0 197648 112440 102081 116280  3  2 93  2  0  0
 3  1 115568 135688372 2144268 52210216    0    0 196368 113484 101881 114319  3  2 93  2  0  0
 7  1 115568 135690244 2144268 52210228    0    0 197888 113204 101845 109574  2  1 94  2  0  0
 2  3 115568 135712828 2144268 52210248    0    0 196672 112384 101814 116424  3  2 93  2  0  0
 4  1 115568 135705208 2144268 52210272    0    0 196240 112980 102032 115362  3  2 93  2  0  0
 2  3 115568 135711720 2144268 52210296    0    0 196208 114284 102084 115126  3  2 93  2  0  0
 2  3 115568 135708044 2144268 52210312    0    0 195072 114336 102165 115035  3  2 93  2  0  0
 2  2 115568 135707364 2144268 52210332    0    0 195280 114028 101923 113109  3  2 93  2  0  0
 7  1 115568 135706440 2144268 52210344    0    0 198832 113332 101803 112179  2  1 94  2  0  0
 6  1 115568 135700284 2144272 52210364    0    0 197568 113432 102059 116362  3  2 93  2  0  0
 2  3 115568 135688452 2144272 52210388    0    0 196096 111356 101931 115157  3  2 93  2  0  0
 6  2 115568 135691940 2144272 52210416    0    0 194912 112064 101898 114536  3  2 93  2  0  0
 2  3 115568 135707580 2144272 52210436    0    0 195648 111368 101937 114887  3  2 93  2  0  0
 2  2 115568 135714524 2144272 52210464    0    0 196352 111412 101614 113478  3  2 93  2  0  0
 8  2 115568 135707932 2144272 52210476    0    0 196496 113448 101951 111877  3  1 94  2  0  0
 4  2 115568 135699008 2144272 52210500    0    0 194752 112908 101610 116471  3  2 93  2  0  0
 3  2 115568 135713196 2144272 52210520    0    0 190880 113448 101650 113173  3  2 93  2  0  0
 8  1 115568 135725432 2144272 52210540    0    0 190320 111244 101708 113067  3  2 93  2  0  0
 3  3 115568 135704332 2144272 52210568    0    0 195504 111960 101982 113946  3  2 93  2  0  0
 3  2 115568 135701664 2144272 52210588    0    0 196752 114156 101745 111518  2  1 94  2  0  0
procs -----------memory---------- ---swap-- -----io---- -system-- -------cpu-------
 r  b   swpd   free   buff  cache   si   so    bi    bo   in   cs us sy id wa st gu
 5  1 115568 135713836 2144276 52210604    0    0 196368 117016 101945 111980  3  2 93  2  0  0
 7  2 115568 135696396 2144276 52210624    0    0 195744 116336 101898 116250  3  2 93  2  0  0
 2  3 115568 135698664 2144276 52210644    0    0 197504 114548 102153 114691  3  2 93  2  0  0
 9  2 115568 135703884 2144276 52210664    0    0 194032 114508 101563 113116  3  2 93  2  0  0
 3  2 115568 135703316 2144276 52210688    0    0 195120 114344 102103 114169  3  2 93  2  0  0
 1  3 115568 135696812 2144280 52210704    0    0 181584 425360 113954 119991  3  1 93  3  0  0
 5  3 115568 135702552 2144280 52210716    0    0 189488 276032 107912 118497  3  2 93  3  0  0
 1  4 115568 135710048 2144280 52210740    0    0 197424 110060 101538 116726  3  2 93  2  0  0
 6  3 115568 135695272 2144280 52210764    0    0 197936 110708 101512 117343  3  2 93  2  0  0
 4  1 115568 135687768 2144280 52210788    0    0 197184 116336 101471 118647  3  2 93  2  0  0
 1  4 115568 135694108 2144280 52210812    0    0 196816 129332 102458 116127  3  2 93  2  0  0
 1  3 115568 135709020 2144280 52210824    0    0 199792 129468 102805 111989  2  1 94  2  0  0
 4  1 115568 135703584 2144280 52210852    0    0 200784 108096 101852 115255  3  2 93  2  0  0
 2  3 115568 135721508 2144280 52210872    0    0 199616 107248 102262 116689  3  2 93  2  0  0
 3  2 115568 135698532 2144280 52210896    0    0 199552 106228 102094 116291  3  2 93  2  0  0
 4  2 115568 135709556 2144280 52210920    0    0 200032 105960 101591 119118  3  2 93  2  0  0
 5  0 115568 135721572 2144280 52210944    0    0 198896 105140 101904 115988  3  2 93  2  0  0
 3  2 115568 135720808 2144280 52210960    0    0 201792 104160 101732 110648  2  1 94  2  0  0
 3  3 115568 135727284 2144280 52210980    0    0 198560 103652 101732 115412  3  2 93  2  0  0
 5  2 115568 135716476 2144280 52211004    0    0 197488 102780 101548 114220  3  2 93  2  0  0
 2  4 115568 135710708 2144280 52211024    0    0 198624 105248 101770 115627  3  2 93  2  0  0
procs -----------memory---------- ---swap-- -----io---- -system-- -------cpu-------
 r  b   swpd   free   buff  cache   si   so    bi    bo   in   cs us sy id wa st gu
 3  3 115568 135711016 2144280 52211044    0    0 198608 105464 101974 116297  3  2 93  2  0  0
 3  1 115568 135728232 2144280 52211068    0    0 199920 106488 101720 115488  3  2 93  2  0  0
 4  1 115568 135724816 2144280 52211076    0    0 200288 106764 101629 112853  3  1 94  2  0  0
 4  1 115568 135713980 2144280 52211100    0    0 198144 109276 101919 116031  3  2 93  2  0  0
 5  0 115568 135714960 2144280 52211128    0    0 197904 110008 101942 115384  3  2 93  2  0  0
 3  2 115568 135713388 2144280 52211152    0    0 198352 111452 102050 115456  3  2 93  2  0  0
 3  2 115568 135718428 2144280 52211180    0    0 198096 110076 101902 115230  3  2 93  2  0  0
 1  3 115568 135710296 2144280 52211204    0    0 198112 110556 101516 115039  3  2 93  2  0  0
 3  2 115568 135720784 2144280 52211216    0    0 198336 108568 101636 110957  3  1 94  2  0  0
 4  2 115568 135712044 2144284 52211236    0    0 196528 107884 101895 116915  3  2 93  2  0  0
 4  1 115568 135698772 2144284 52211260    0    0 196672 106724 101645 115261  3  2 93  2  0  0
 4  1 115568 135716416 2144284 52211284    0    0 197040 108276 101709 115232  3  2 93  2  0  0
 3  2 115568 135729036 2144284 52211304    0    0 197232 108280 101851 115032  3  2 93  2  0  0
 3  1 115568 135721132 2144284 52211320    0    0 196320 111328 101891 113107  3  1 94  2  0  0
 5  2 115568 135721396 2144284 52211332    0    0 195216 112492 101666 111163  2  1 94  2  0  0
 4  1 115568 135727568 2144284 52211360    0    0 196304 112796 101920 114898  3  2 93  2  0  0
 4  2 115568 135726668 2144284 52211384    0    0 196944 111480 101516 117558  3  2 93  2  0  0
 5  0 115568 135713448 2144284 52211468    0    0 197040 109292 101926 115526  3  2 93  2  0  0
 6  1 115568 135720180 2144284 52211492    0    0 198480 107988 101802 115978  3  2 93  2  0  0
 1  3 115568 135722288 2144288 52211508    0    0 199312 110636 101686 112729  2  1 94  2  0  0
 4  2 115568 135713256 2144288 52211528    0    0 198400 110460 101804 113523  3  2 93  2  0  0
procs -----------memory---------- ---swap-- -----io---- -system-- -------cpu-------
 r  b   swpd   free   buff  cache   si   so    bi    bo   in   cs us sy id wa st gu
 2  3 115568 135703104 2144288 52211548    0    0 196048 110884 101886 114957  3  2 93  2  0  0
 2  3 115568 135713376 2144288 52211568    0    0 195696 111964 101783 115137  3  2 93  2  0  0
 5  1 115568 135695372 2144288 52211592    0    0 196496 110840 101861 114882  3  2 93  2  0  0
 4  1 115568 135695204 2144288 52211624    0    0 196064 112292 101807 114920  3  2 93  2  0  0
 4  3 115568 135690544 2144288 52211640    0    0 196960 113660 101779 110460  2  1 94  2  0  0
 3  2 115568 135697100 2144288 52211652    0    0 197888 115296 101984 115585  3  2 93  2  0  0
 3  2 115568 135690332 2144288 52211672    0    0 197152 112408 101805 117372  3  2 93  2  0  0
 4  2 115568 135691980 2144288 52211692    0    0 196944 113604 101999 116443  3  2 93  2  0  0
 5  3 115568 135701256 2144288 52211832    0    0 198064 110744 101892 115490  3  2 93  2  0  0
 1  3 115568 135697612 2144288 52211856    0    0 190288 259300 107264 121498  3  2 93  2  0  0
 4  2 115568 135695600 2144288 52211868    0    0 195984 134532 102170 112226  2  1 94  2  0  0
 4  0 115568 135688512 2144288 52211884    0    0 197536 116432 102029 114262  3  2 93  2  0  0
 4  2 115568 135690192 2144288 52211904    0    0 198576 107040 102142 116137  3  2 93  2  0  0
 5  0 115568 135707592 2144288 52211932    0    0 197712 107272 101816 115189  3  2 93  2  0  0
 4  1 115568 135700520 2144288 52211964    0    0 197552 107792 101790 115203  3  2 93  2  0  0
 2  2 115568 135692244 2144288 52211984    0    0 200560 107720 101789 115465  3  2 93  2  0  0
 3  2 115568 135697116 2144288 52211996    0    0 200480 106708 101805 109672  2  1 94  2  0  0
 3  2 115568 135695400 2144288 52212012    0    0 197984 107552 101852 114894  3  2 93  2  0  0
 5  1 115568 135691576 2144288 52212044    0    0 197920 111220 102000 114623  3  2 93  2  0  0
 2  3 115568 135679896 2144288 52212064    0    0 197728 112208 102025 114503  3  2 93  2  0  0
 3  2 115568 135680172 2144288 52212084    0    0 197136 112776 102263 115154  3  2 93  2  0  0
procs -----------memory---------- ---swap-- -----io---- -system-- -------cpu-------
 r  b   swpd   free   buff  cache   si   so    bi    bo   in   cs us sy id wa st gu
 3  1 115568 135684392 2144288 52212104    0    0 197920 111856 101853 113175  3  2 93  2  0  0
 5  2 115568 135705012 2144288 52212120    0    0 197680 112360 101829 109389  3  1 94  2  0  0
 4  1 115568 135717192 2144288 52212152    0    0 197056 115016 101910 116534  3  2 93  2  0  0
 7  1 115568 135697708 2144288 52212172    0    0 197872 113740 101800 117672  3  2 93  2  0  0
 5  1 115568 135701560 2144288 52212192    0    0 198032 114052 101998 114829  3  2 93  2  0  0
 4  2 115568 135692152 2144288 52212212    0    0 197808 113012 102274 116040  3  2 93  2  0  0
 1  3 115568 135705164 2144288 52212232    0    0 198160 112436 101730 112204  2  1 94  2  0  0
 4  1 115568 135720776 2144292 52212244    0    0 197904 111248 101969 112286  3  1 94  2  0  0
 1  4 115568 135703592 2144292 52212268    0    0 198496 110948 101637 119181  3  2 93  2  0  0
 5  0 115568 135702792 2144292 52212284    0    0 198912 110788 102000 115271  3  2 93  2  0  0
 5  1 115568 135687280 2144292 52212356    0    0 196336 111724 102414 116192  3  2 92  2  0  0
 5  1 115568 135698104 2144292 52212380    0    0 192928 111336 101706 113932  3  2 93  2  0  0
 3  1 115568 135691216 2144292 52212396    0    0 192320 113532 101427 108023  2  1 94  2  0  0
 4  2 115568 135687388 2144292 52212416    0    0 195552 112448 101817 111885  3  2 93  2  0  0
 4  2 115568 135691100 2144292 52212440    0    0 196464 113056 101904 114591  3  2 93  2  0  0
 4  2 115568 135696576 2144292 52212464    0    0 195648 112632 101807 117452  3  2 93  2  0  0
 3  2 115568 135695620 2144292 52212484    0    0 198496 112112 102245 116125  3  2 93  2  0  0
 4  1 115568 135715312 2144292 52212504    0    0 197056 113908 101965 114944  3  2 93  2  0  0
 0  4 115568 135714444 2144292 52212524    0    0 195904 112380 101648 110105  2  1 94  2  0  0
 4  3 115568 135714148 2144292 52212540    0    0 197472 113508 102092 114898  3  2 93  2  0  0
 5  1 115568 135716820 2144292 52212564    0    0 197104 112328 102015 115657  3  2 93  2  0  0
procs -----------memory---------- ---swap-- -----io---- -system-- -------cpu-------
 r  b   swpd   free   buff  cache   si   so    bi    bo   in   cs us sy id wa st gu
 3  4 115568 135729872 2144292 52212588    0    0 196784 112876 102036 115290  3  2 93  2  0  0
 5  2 115568 135715008 2144292 52212612    0    0 196960 111708 101344 118966  3  2 93  2  0  0
 2  3 115568 135728284 2144296 52212632    0    0 198592 111044 101825 117478  3  2 93  2  0  0
 4  1 115568 135725840 2144296 52212644    0    0 200576 111016 101871 110701  2  1 94  2  0  0
 3  2 115568 135733016 2144296 52212664    0    0 197600 144952 103112 118287  3  2 93  2  0  0
 3  3 115568 135713468 2144296 52212684    0    0 184256 389372 112193 127840  3  2 92  3  0  0
 3  2 115568 135711632 2144296 52212704    0    0 197088 114196 101320 120315  3  2 93  2  0  0
 2  3 115568 135707976 2144296 52212732    0    0 195584 120628 101695 118931  3  2 93  2  0  0
 3  2 115568 135703256 2144296 52212756    0    0 195408 131588 102155 117873  3  2 93  2  0  0
 2  3 115568 135703252 2144296 52212772    0    0 196608 124996 102189 109143  2  1 94  2  0  0
 4  1 115568 135712328 2144296 52212788    0    0 196928 103216 101507 116878  3  2 93  2  0  0
 5  0 115568 135712264 2144296 52212816    0    0 198624 100012 101478 115158  3  2 93  2  0  0
 3  2 115568 135702108 2144296 52212844    0    0 197792 103332 101506 115046  3  2 93  2  0  0
 6  2 115568 135705076 2144296 52212864    0    0 197104 105012 101678 115194  3  2 93  2  0  0
 3  1 115568 135709388 2144296 52212956    0    0 198784 108620 101694 113757  2  2 94  2  0  0
 4  2 115568 135704844 2144296 52212964    0    0 200624 107880 101685 112603  3  1 94  2  0  0
 4  1 115568 135696236 2144296 52212984    0    0 199088 108436 101437 119648  3  2 93  2  0  0
 5  1 115568 135698044 2144300 52213008    0    0 198560 107412 101818 116356  3  2 93  2  0  0
 3  2 115568 135701660 2144300 52213036    0    0 197808 107588 102031 115644  3  2 93  2  0  0
 3  2 115568 135692168 2144300 52213060    0    0 196336 105800 101539 114175  3  2 93  2  0  0
 3  1 115568 135692148 2144300 52213076    0    0 196704 105384 101294 111499  2  1 94  2  0  0
procs -----------memory---------- ---swap-- -----io---- -system-- -------cpu-------
 r  b   swpd   free   buff  cache   si   so    bi    bo   in   cs us sy id wa st gu
 7  2 115568 135698116 2144300 52213088    0    0 199312 107016 101469 113216  3  2 93  2  0  0
 3  2 115568 135686080 2144300 52213108    0    0 196896 108596 101842 114912  3  2 93  2  0  0
 4  3 115568 135688556 2144300 52213132    0    0 196576 110284 102032 114827  3  2 93  2  0  0
 5  1 115568 135687348 2144300 52213152    0    0 196224 110504 101913 114816  3  2 93  2  0  0
 3  3 115568 135680816 2144300 52213172    0    0 197136 110264 102025 117449  3  2 93  2  0  0
 1  3 115568 135706032 2144300 52213196    0    0 197552 111624 101797 111282  3  1 94  2  0  0
 3  3 115568 135703140 2144300 52213212    0    0 195888 112012 101846 113332  3  2 93  2  0  0
 2  4 115568 135695100 2144300 52213236    0    0 196304 111884 101331 118852  3  2 93  2  0  0
10  1 115568 135700444 2144300 52213264    0    0 195440 110656 101786 114476  3  2 93  2  0  0
 4  2 115568 135698288 2144300 52213292    0    0 196992 111088 101906 115201  3  2 93  2  0  0
 1  4 115568 135695868 2144300 52213308    0    0 195696 109800 101787 115399  3  2 93  2  0  0
 1  3 115568 135699904 2144304 52213324    0    0 197312 110296 101475 109478  2  1 94  2  0  0
 4  1 115568 135694800 2144304 52213344    0    0 196720 109648 101831 113327  3  2 93  2  0  0
 2  1 115568 135686560 2144304 52213372    0    0 195872 110372 101978 115038  3  2 93  2  0  0
 2  3 115568 135682552 2144304 52213396    0    0 194768 109412 101702 114341  3  2 93  2  0  0
 8  2 115568 135707404 2144304 52213416    0    0 196528 110128 101984 114833  3  2 93  2  0  0
 5  3 115568 135718640 2144304 52213440    0    0 195136 111048 101771 114235  3  2 93  2  0  0
 2  3 115568 135714056 2144304 52213456    0    0 199040 111348 101438 111521  2  1 94  2  0  0
 6  2 115568 135710252 2144304 52213472    0    0 196032 109760 101828 114870  3  2 93  2  0  0
 5  1 115568 135729452 2144304 52213488    0    0 196336 109380 101785 115535  3  2 93  2  0  0
 4  1 115568 135704060 2144304 52213516    0    0 196736 109948 101893 116184  3  2 93  2  0  0
procs -----------memory---------- ---swap-- -----io---- -system-- -------cpu-------
 r  b   swpd   free   buff  cache   si   so    bi    bo   in   cs us sy id wa st gu
 6  2 115568 135689796 2144308 52213540    0    0 197280 112792 101836 115735  3  2 93  2  0  0
 2  2 115568 135704584 2144308 52213564    0    0 196336 114044 101938 115193  3  2 93  2  0  0
 6  1 115568 135708180 2144308 52213572    0    0 199712 113728 101722 111779  2  1 94  2  0  0
 4  3 115568 135706384 2144308 52213596    0    0 195552 113308 101842 115908  3  2 93  2  0  0
 2  3 115568 135707916 2144308 52213620    0    0 197056 113496 102215 115888  3  2 93  2  0  0
 4  1 115568 135701548 2144308 52213640    0    0 184496 390120 112261 123310  3  2 92  3  0  0
 4  2 115568 135691740 2144308 52213664    0    0 192128 246616 106512 124560  3  2 93  2  0  0
 3  1 115568 135691812 2144308 52213688    0    0 196272 110684 101165 111677  3  2 93  2  0  0
 4  2 115568 135694120 2144308 52213700    0    0 194080 116032 101004 112358  3  1 94  3  0  0
 5  2 115568 135707740 2144308 52213720    0    0 189168 122304 101374 115020  3  2 93  2  0  0
 4  1 115568 135697700 2144312 52213748    0    0 190048 131840 101578 117083  3  2 93  2  0  0
 4  2 115568 135710704 2144312 52213772    0    0 192992 101520 101214 112075  3  2 93  2  0  0
 4  1 115568 135704832 2144312 52213796    0    0 192624 101780 101347 112364  3  2 93  2  0  0
 1  3 115568 135696736 2144312 52213816    0    0 194656 103596 101027 109433  2  1 94  2  0  0
 5  0 115568 135696524 2144312 52213828    0    0 194720 103100 101497 110266  2  1 94  2  0  0
 4  3 115568 135701924 2144312 52213848    0    0 191840 104508 101072 112954  3  2 93  2  0  0
 3  2 115568 135709548 2144312 52213872    0    0 193024 102740 101443 112587  3  2 93  2  0  0
 3  2 115568 135702656 2144312 52213896    0    0 190624 103184 100531 115072  3  2 93  2  0  0
 4  3 115568 135695608 2144312 52213916    0    0 193104 103260 101309 112829  2  2 93  2  0  0
 2  3 115568 135691452 2144312 52213932    0    0 191280 104692 100499 109482  2  1 94  2  0  0
 5  1 115568 135689436 2144312 52213952    0    0 193024 106484 101454 110248  3  2 93  2  0  0
procs -----------memory---------- ---swap-- -----io---- -system-- -------cpu-------
 r  b   swpd   free   buff  cache   si   so    bi    bo   in   cs us sy id wa st gu
 1  4 115568 135686960 2144312 52213976    0    0 190864 108708 101300 111980  3  2 93  2  0  0
 4  1 115568 135690308 2144312 52213996    0    0 191824 109028 101552 112703  3  2 93  2  0  0
 4  1 115568 135683284 2144312 52214016    0    0 191152 107404 101199 111809  3  2 93  2  0  0
 4  1 115568 135687412 2144312 52214044    0    0 190896 107388 101395 112410  3  2 93  2  0  0
 2  1 115568 135690216 2144312 52214056    0    0 196368 107020 101367 108498  2  1 94  2  0  0
 2  4 115568 135694932 2144312 52214072    0    0 191872 106724 101252 110948  3  2 93  2  0  0
 3  2 115568 135697392 2144312 52214096    0    0 192400 106964 101275 112910  3  2 93  2  0  0
 4  1 115568 135696788 2144312 52214120    0    0 191392 105408 100752 116362  3  2 93  2  0  0
 6  2 115568 135690708 2144312 52214144    0    0 193936 106936 101548 112937  3  2 93  2  0  0
 6  0 115568 135693608 2144312 52214172    0    0 191648 107500 101226 112541  3  2 93  2  0  0
 3  2 115568 135696264 2144312 52214184    0    0 194368 108972 100706 108447  2  1 94  3  0  0
 3  2 115568 135698200 2144312 52214276    0    0 193056 109924 101714 113296  3  2 93  2  0  0
 6  3 115568 135703876 2144312 52214296    0    0 193456 108716 101378 114762  3  2 93  2  0  0
 7  1 115568 135718624 2144312 52214320    0    0 195296 108272 101320 114437  2  2 93  2  0  0
 3  2 115568 135712676 2144312 52214344    0    0 193280 107636 101203 114533  3  2 93  2  0  0
 0  3 115568 135713472 2144312 52214364    0    0 192416 109304 101379 112814  3  2 93  2  0  0
 3  3 115568 135711412 2144312 52214380    0    0 196384 110348 101559 110269  3  1 94  2  0  0
 5  0 115568 135706200 2144312 52214404    0    0 190752 108448 101374 113023  3  2 93  2  0  0
 3  2 115568 135694408 2144312 52214428    0    0 190128 108136 101216 112241  3  2 93  2  0  0
 6  2 115568 135695412 2144316 52214448    0    0 195440 108056 101874 114973  3  2 93  2  0  0
 4  1 115568 135708420 2144316 52214468    0    0 194592 109800 101715 114778  3  2 93  2  0  0
procs -----------memory---------- ---swap-- -----io---- -system-- -------cpu-------
 r  b   swpd   free   buff  cache   si   so    bi    bo   in   cs us sy id wa st gu
 1  4 115568 135712292 2144316 52214488    0    0 194992 110584 101696 112215  3  2 93  2  0  0
 2  3 115568 135708912 2144316 52214504    0    0 197104 108756 100952 116065  2  1 94  2  0  0
 3  2 115568 135698780 2144316 52214524    0    0 196720 108664 102086 115137  3  2 93  2  0  0
 1  3 115568 135691968 2144320 52214548    0    0 198976 105892 101967 116382  3  2 93  2  0  0
 5  1 115568 135681956 2144320 52214568    0    0 195024 108996 101766 114618  3  2 93  2  0  0
 2  3 115568 135684252 2144320 52214596    0    0 195808 109024 101770 114824  3  2 93  2  0  0
 1  3 115568 135687732 2144320 52214628    0    0 196096 109696 101662 111117  2  1 94  2  0  0
 4  3 115568 135683508 2144320 52214640    0    0 198272 110708 101950 113874  3  2 93  2  0  0
 5  1 115568 135682180 2144320 52214656    0    0 198032 109992 102057 115712  2  2 93  2  0  0
 3  3 115568 135678052 2144320 52214680    0    0 198192 108856 101925 115983  3  2 93  2  0  0
 5  2 115568 135683104 2144320 52214704    0    0 189264 315692 109255 127673  3  2 93  3  0  0
 1  3 115568 135697216 2144320 52214736    0    0 198832 119236 102015 117687  3  2 93  2  0  0
 5  0 115568 135696668 2144320 52214748    0    0 199008 130896 102575 110389  2  1 94  2  0  0
 4  1 115568 135686740 2144320 52214764    0    0 196864 115704 102073 114833  3  2 93  2  0  0
 3  2 115568 135680700 2144320 52214784    0    0 197216 103364 101619 115255  3  2 93  2  0  0
 3  2 115568 135686924 2144320 52214812    0    0 196032 102480 101452 113874  3  2 93  2  0  0
 5  1 115568 135692468 2144320 52214840    0    0 195952 104280 101505 114683  3  2 93  2  0  0
 2  2 115568 135696872 2144320 52214860    0    0 195424 104508 101457 112291  3  2 93  2  0  0
 4  2 115568 135713580 2144324 52214868    0    0 197408 106444 101579 110388  3  1 94  2  0  0
 4  2 115568 135704140 2144324 52214888    0    0 195312 107900 101926 114975  3  2 93  2  0  0
 2  3 115568 135685700 2144324 52214912    0    0 196560 107900 101626 115133  3  2 93  2  0  0
procs -----------memory---------- ---swap-- -----io---- -system-- -------cpu-------
 r  b   swpd   free   buff  cache   si   so    bi    bo   in   cs us sy id wa st gu
 2  3 115568 135691972 2144324 52214940    0    0 197312 108452 101852 115036  3  2 93  2  0  0
 3  2 115568 135689244 2144324 52214960    0    0 196704 107160 101616 115138  3  2 93  2  0  0
 4  2 115568 135705908 2144324 52214976    0    0 196928 109072 101575 111156  2  1 94  2  0  0
 4  1 115568 135716552 2144324 52214992    0    0 197104 108352 101650 111565  3  1 94  2  0  0
 5  0 115568 135727096 2144324 52215016    0    0 195632 107032 101707 114411  3  2 93  2  0  0
 2  3 115568 135702612 2144324 52215148    0    0 195232 105992 101540 117762  3  3 92  2  0  0
 3  2 115568 135700344 2144324 52215124    0    0 195520 108196 101804 115417  3  2 93  2  0  0
 4  1 115568 135696536 2144328 52215148    0    0 194880 111104 101756 114756  3  2 93  2  0  0
 0  4 115568 135698596 2144328 52215172    0    0 197440 109576 101779 111316  2  1 94  2  0  0
 4  1 115568 135712876 2144328 52215188    0    0 197616 108956 101748 113776  3  2 93  2  0  0
 3  2 115568 135709756 2144328 52215212    0    0 197264 107724 102014 116204  3  2 93  2  0  0
 2  3 115568 135704040 2144328 52215232    0    0 194880 109600 101729 114487  3  2 93  2  0  0
 3  2 115568 135707684 2144332 52215252    0    0 195440 111576 102038 114321  3  2 93  2  0  0
 4  1 115568 135700336 2144332 52215276    0    0 195840 110724 102020 115061  3  2 93  2  0  0
 4  0 115568 135696840 2144332 52215296    0    0 196528 109268 101651 109118  2  1 94  2  0  0
 4  2 115568 135702680 2144332 52215332    0    0 195168 109668 101528 113765  3  2 93  2  0  0
 4  1 115568 135703012 2144332 52215360    0    0 193968 109944 101802 114701  3  2 93  2  0  0
 7  1 115568 135690656 2144336 52215380    0    0 193680 109596 101789 113590  3  2 93  2  0  0
 3  4 115568 135688920 2144336 52215408    0    0 196448 109628 101492 116662  3  2 93  2  0  0
 2  2 115568 135698648 2144336 52215428    0    0 195664 108552 101545 114351  3  2 93  2  0  0
 5  0 115568 135703044 2144336 52215432    0    0 195840 109284 101147 110363  2  1 94  2  0  0
procs -----------memory---------- ---swap-- -----io---- -system-- -------cpu-------
 r  b   swpd   free   buff  cache   si   so    bi    bo   in   cs us sy id wa st gu
 3  2 115568 135716208 2144336 52215448    0    0 194880 109536 101484 116258  3  2 93  2  0  0
 4  1 115568 135712392 2144336 52215472    0    0 198240 111936 101856 117290  3  2 93  2  0  0
 4  2 115568 135713280 2144336 52215504    0    0 195920 111648 101810 114957  3  2 93  2  0  0
 4  1 115568 135699104 2144336 52215524    0    0 196608 111432 101991 115271  3  2 93  2  0  0
 2  2 115568 135694164 2144336 52215548    0    0 196224 111768 102117 113481  3  2 93  2  0  0
 3  2 115568 135704148 2144336 52215564    0    0 198384 111452 101742 110103  2  1 94  2  0  0
 4  1 115568 135711240 2144336 52215584    0    0 193616 111672 101727 114259  3  2 93  2  0  0
 4  1 115568 135720400 2144336 52215608    0    0 193648 112392 101879 114568  3  2 93  2  0  0
 3  2 115568 135708504 2144336 52215716    0    0 195232 111592 101865 114699  3  2 93  2  0  0
 6  1 115568 135709912 2144336 52215736    0    0 187056 291216 108923 118725  3  2 92  2  0  0
 1  3 115568 135703156 2144336 52215768    0    0 195824 129856 102043 116269  3  2 93  2  0  0
 4  1 115568 135692644 2144336 52215780    0    0 196096 132776 101791 114394  3  1 94  2  0  0
 6  3 115568 135697064 2144336 52215800    0    0 197440 102652 101481 114529  2  2 93  2  0  0
 4  1 115568 135689276 2144336 52215824    0    0 196960 105856 101472 117223  3  2 93  2  0  0
 6  1 115568 135706116 2144336 52215844    0    0 196448 105976 101622 115142  3  2 93  2  0  0
 2  3 115568 135682128 2144336 52215868    0    0 196736 105436 101602 114935  3  2 93  2  0  0
 5  0 115568 135688208 2144336 52215896    0    0 197968 104440 101651 111781  2  1 94  2  0  0
 4  1 115568 135699128 2144336 52215908    0    0 196560 104812 100922 112330  3  1 94  2  0  0
 4  2 115568 135714160 2144336 52215920    0    0 195856 107268 101727 114352  3  2 93  2  0  0
 2  3 115568 135701020 2144344 52215936    0    0 195808 108948 101477 116016  3  2 93  2  0  0
 2  3 115568 135710732 2144344 52215972    0    0 196016 108056 101662 116709  3  2 93  2  0  0
procs -----------memory---------- ---swap-- -----io---- -system-- -------cpu-------
 r  b   swpd   free   buff  cache   si   so    bi    bo   in   cs us sy id wa st gu
 3  2 115568 135710972 2144344 52215996    0    0 196368 107300 101552 114786  3  2 93  2  0  0
 1  3 115568 135712316 2144344 52216012    0    0 197664 106860 101636 110446  2  1 94  2  0  0
 2  3 115568 135707320 2144344 52216024    0    0 196048 106956 101496 112110  3  2 93  2  0  0
 3  3 115568 135718592 2144344 52216044    0    0 195728 107836 101588 115849  3  2 93  2  0  0
 2  3 115568 135702452 2144344 52216072    0    0 195344 107832 101769 115002  3  2 93  2  0  0
 4  1 115568 135706176 2144344 52216096    0    0 196576 105692 101613 114383  3  2 93  2  0  0
 7  2 115568 135700428 2144344 52216116    0    0 194576 108124 101250 115910  2  2 93  2  0  0
 3  1 115568 135707416 2144344 52216140    0    0 196224 107512 101634 109461  2  1 94  2  0  0
 3  2 115568 135709312 2144344 52216156    0    0 197232 107528 101412 116069  3  2 93  2  0  0
 5  0 115568 135710884 2144344 52216180    0    0 196048 106724 101596 114140  3  2 93  2  0  0
 3  2 115568 135699460 2144344 52216212    0    0 197168 109396 101745 113953  3  2 93  2  0  0
 4  1 115568 135687572 2144344 52216228    0    0 196144 111572 102145 115473  3  2 93  2  0  0
 2  2 115568 135694056 2144344 52216252    0    0 195824 111376 101838 114402  3  2 93  2  0  0
 1  4 115568 135696536 2144344 52216264    0    0 197808 109112 101508 107927  2  1 94  2  0  0
 2  3 115568 135691768 2144348 52216280    0    0 195200 108716 101525 113339  3  2 93  2  0  0
 3  3 115568 135689940 2144348 52216304    0    0 194656 108640 101826 114138  3  2 93  2  0  0
 4  2 115568 135695908 2144348 52216324    0    0 195344 108156 101590 114245  3  2 93  2  0  0
 3  2 115568 135683436 2144348 52216348    0    0 194576 109572 101811 114171  3  2 93  2  0  0
 3  2 115568 135702316 2144348 52216368    0    0 195648 110576 101708 113064  3  2 93  2  0  0
 5  1 115568 135707264 2144348 52216384    0    0 195344 110688 101572 109313  3  1 94  2  0  0
 5  0 115568 135699668 2144348 52216404    0    0 194896 110296 101703 114166  3  2 93  2  0  0
procs -----------memory---------- ---swap-- -----io---- -system-- -------cpu-------
 r  b   swpd   free   buff  cache   si   so    bi    bo   in   cs us sy id wa st gu
 6  1 115568 135705084 2144348 52216428    0    0 194576 109704 101706 114326  3  2 93  2  0  0
 8  1 115568 135697524 2144348 52216452    0    0 195824 110336 101876 115169  2  2 93  2  0  0
 3  2 115568 135699944 2144348 52216472    0    0 196016 109040 101671 115546  3  2 93  2  0  0
 1  3 115568 135701084 2144348 52216496    0    0 195088 110572 101723 111704  3  2 93  2  0  0
 4  1 115568 135712804 2144348 52216508    0    0 194304 111928 101587 110894  2  1 94  2  0  0
 2  3 115568 135700108 2144348 52216536    0    0 194672 111412 101659 114459  3  2 93  2  0  0
 2  3 115568 135705640 2144348 52216556    0    0 194880 111076 101806 114840  3  2 93  2  0  0
 6  0 115568 135697996 2144348 52216580    0    0 192352 180976 104357 118157  3  2 93  2  0  0
 5  1 115568 135694512 2144348 52216608    0    0 194000 137536 102298 118225  3  2 93  2  0  0
 2  2 115568 135690192 2144348 52216636    0    0 195200 129700 102063 113538  2  1 94  2  0  0
 5  0 115568 135705796 2144348 52216640    0    0 196976 108300 101467 111646  3  1 94  2  0  0
 4  2 115568 135705772 2144348 52216660    0    0 196224 108416 101493 117466  3  2 93  2  0  0
 2  3 115568 135720816 2144348 52216684    0    0 196064 105476 101663 114508  3  2 93  2  0  0
 6  1 115568 135729584 2144348 52216708    0    0 195072 105312 101506 114146  3  2 93  2  0  0
 6  0 115568 135703908 2144348 52216736    0    0 196592 106244 101846 114458  3  2 93  2  0  0
 2  2 115568 135700540 2144348 52216752    0    0 196896 109204 101124 112150  2  1 94  2  0  0
 5  3 115568 135708108 2144348 52216764    0    0 195632 110284 101524 110952  3  2 93  2  0  0
 3  2 115568 135718696 2144348 52216788    0    0 194592 109136 101647 113184  3  2 93  2  0  0
 3  2 115568 135709692 2144348 52216808    0    0 193328 109368 101439 114831  3  2 93  2  0  0
 2  3 115568 135710500 2144348 52216832    0    0 195232 110204 101937 114182  3  2 93  2  0  0
 2  3 115568 135695232 2144348 52216856    0    0 194256 110236 101587 112783  3  2 93  2  0  0
procs -----------memory---------- ---swap-- -----io---- -system-- -------cpu-------
 r  b   swpd   free   buff  cache   si   so    bi    bo   in   cs us sy id wa st gu
 4  1 115568 135707712 2144348 52216872    0    0 195696 110312 101568 109507  3  1 94  2  0  0
 3  2 115568 135709424 2144348 52216888    0    0 194656 107932 101319 111768  3  2 94  2  0  0
 4  2 115568 135687528 2144348 52216912    0    0 195024 108104 101555 115669  3  2 93  2  0  0
 3  1 115568 135683908 2144348 52216932    0    0 196144 110040 101719 114187  3  2 93  2  0  0
 3  2 115568 135697612 2144348 52216960    0    0 197440 111140 101679 116575  3  2 93  2  0  0
 1  4 115568 135707480 2144348 52217048    0    0 195520 112860 102047 114377  3  2 93  2  0  0
 2  2 115568 135691336 2144348 52217076    0    0 196080 112924 101789 111978  3  2 93  2  0  0
 4  1 115568 135699580 2144352 52217080    0    0 197568 113332 101650 110730  3  1 94  2  0  0
 5  0 115568 135688940 2144352 52217100    0    0 196688 111740 101888 114526  3  2 93  2  0  0
 5  1 115568 135693652 2144352 52217124    0    0 195424 112056 101785 114959  3  2 93  2  0  0
 6  0 115568 135683920 2144352 52217140    0    0 196816 111444 102086 114822  3  2 93  2  0  0
 4  3 115568 135673056 2144352 52217168    0    0 195680 110484 101095 118211  2  2 93  2  0  0
 1  3 115568 135683504 2144352 52217192    0    0 195888 109352 101138 116045  3  2 93  2  0  0
 4  2 115568 135677388 2144352 52217200    0    0 196848 108688 101312 110830  2  1 94  2  0  0
 5  0 115568 135714836 2144352 52217220    0    0 194768 108036 101572 113592  3  2 93  2  0  0
 5  1 115568 135697700 2144352 52217244    0    0 194016 112440 101779 114209  3  2 93  2  0  0
 3  2 115568 135682160 2144356 52217264    0    0 196208 113276 102041 114247  3  2 93  2  0  0
 3  1 115568 135678300 2144356 52217284    0    0 197040 114336 102011 113956  3  2 93  2  0  0
 1  3 115568 135688592 2144356 52217304    0    0 196688 112520 101806 114706  3  2 93  2  0  0
 4  2 115568 135694048 2144356 52217328    0    0 199808 112556 101906 109843  3  1 94  2  0  0
 4  2 115568 135700536 2144356 52217348    0    0 195872 111632 101867 113381  3  2 93  2  0  0
procs -----------memory---------- ---swap-- -----io---- -system-- -------cpu-------
 r  b   swpd   free   buff  cache   si   so    bi    bo   in   cs us sy id wa st gu
 2  3 115568 135696864 2144360 52217372    0    0 194688 113180 101791 114543  3  2 93  2  0  0
 5  1 115568 135691796 2144360 52217392    0    0 193808 112036 101703 112301  3  2 93  2  0  0
 3  2 115568 135695996 2144360 52217412    0    0 193712 147296 103051 116441  3  2 93  2  0  0
 2  2 115568 135694572 2144360 52217432    0    0 182288 446600 114377 124869  3  2 92  3  0  0
 5  0 115568 135688788 2144360 52217452    0    0 194016 250948 107216 116042  2  1 94  3  0  0
 6  2 115568 135684608 2144360 52217468    0    0 198112 108564 102098 115804  3  2 93  2  0  0
 3  2 115568 135690824 2144360 52217488    0    0 197888 108904 101277 118394  3  2 93  2  0  0
 2  3 115568 135705044 2144360 52217508    0    0 199344 108548 101592 118268  3  2 93  2  0  0
 5  0 115568 135697360 2144360 52217544    0    0 197920 116140 101896 118211  3  2 93  2  0  0
 4  1 115568 135689008 2144360 52217564    0    0 197520 126032 102562 114688  3  2 93  2  0  0
 3  3 115568 135699224 2144364 52217580    0    0 198352 120424 102066 110088  2  1 94  2  0  0
 2  3 115568 135694196 2144364 52217596    0    0 196384 104308 101766 114318  3  2 93  2  0  0
 1  4 115568 135696404 2144364 52217620    0    0 196848 102148 101658 114060  3  2 93  2  0  0
 3  2 115568 135706504 2144364 52217644    0    0 198096 102468 101441 115902  3  2 93  2  0  0
 4  1 115568 135696052 2144364 52217668    0    0 196704 102252 101424 115951  3  2 93  2  0  0
 0  4 115568 135699212 2144368 52217688    0    0 196416 101496 101501 112751  3  2 93  2  0  0
 2  2 115568 135691956 2144368 52217700    0    0 196624 102860 101345 109318  2  1 94  2  0  0
 3  2 115568 135702000 2144368 52217724    0    0 196784 104928 101586 114312  3  2 93  2  0  0
 3  2 115568 135700848 2144368 52217752    0    0 197840 105808 101720 114869  3  2 93  2  0  0
 2  3 115568 135692860 2144368 52217776    0    0 198224 107224 101884 115707  3  2 93  2  0  0
 5  2 115568 135699980 2144368 52217792    0    0 198528 104348 101809 115948  3  2 93  2  0  0
procs -----------memory---------- ---swap-- -----io---- -system-- -------cpu-------
 r  b   swpd   free   buff  cache   si   so    bi    bo   in   cs us sy id wa st gu
 5  1 115568 135691356 2144368 52217812    0    0 200256 103240 101511 112403  2  2 94  2  0  0
 4  1 115568 135703940 2144368 52217824    0    0 197808 103448 101088 115444  3  1 94  2  0  0
 3  2 115568 135711348 2144368 52217852    0    0 197744 102076 101367 115106  3  2 93  2  0  0
 4  2 115568 135692000 2144368 52217876    0    0 198688 102964 101838 115000  3  2 93  2  0  0
 2  3 115568 135697056 2144368 52217896    0    0 195552 101272 101761 114500  3  2 93  2  0  0
 2  3 115568 135706356 2144368 52217916    0    0 194672 102616 101499 113853  3  2 93  2  0  0
 3  1 115568 135704116 2144368 52217944    0    0 198000 103752 101391 110148  3  1 94  2  0  0
 1  4 115568 135706268 2144368 52217952    0    0 196336 104992 101588 110697  3  2 93  2  0  0
 4  1 115568 135697512 2144368 52217976    0    0 194976 105024 101116 115190  3  2 93  2  0  0
 5  1 115568 135706660 2144368 52217996    0    0 196592 105968 101585 116224  3  2 93  2  0  0
 2  3 115568 135712320 2144368 52218016    0    0 195872 108856 101714 115292  3  2 93  2  0  0
 2  2 115568 135709856 2144368 52218040    0    0 196176 109684 101908 115405  3  2 93  2  0  0
 3  2 115568 135702228 2144368 52218072    0    0 196256 108040 101379 110470  2  1 94  2  0  0
 5  1 115568 135686048 2144368 52218088    0    0 195808 107112 101586 111298  3  1 94  2  0  0
 3  3 115568 135692020 2144376 52218104    0    0 195504 104492 101226 114183  3  2 93  2  0  0
 6  2 115568 135710004 2144376 52218132    0    0 195408 103852 101278 113648  3  2 93  2  0  0
 3  2 115568 135718780 2144376 52218152    0    0 196064 106676 101501 114261  3  2 93  2  0  0
 5  0 115568 135698704 2144376 52218176    0    0 196880 108984 101994 115076  3  2 93  2  0  0
 2  2 115568 135698448 2144376 52218196    0    0 197664 109780 101766 112321  2  2 93  2  0  0
 5  1 115568 135714828 2144384 52218204    0    0 195696 108000 101107 114404  3  1 94  2  0  0
 1  4 115568 135711752 2144384 52218232    0    0 193776 107508 101402 113933  3  2 93  2  0  0
procs -----------memory---------- ---swap-- -----io---- -system-- -------cpu-------
 r  b   swpd   free   buff  cache   si   so    bi    bo   in   cs us sy id wa st gu
 4  1 115568 135706920 2144384 52218256    0    0 195424 107872 101635 114348  3  2 93  2  0  0
 4  1 115568 135710208 2144384 52218276    0    0 195136 108412 101669 114407  3  2 93  2  0  0
 3  2 115568 135694104 2144384 52218368    0    0 196080 109552 102025 114663  3  2 93  2  0  0
 4  0 115568 135696956 2144388 52218392    0    0 195728 109424 101670 112177  3  2 93  2  0  0
 2  3 115568 135695768 2144388 52218408    0    0 194624 109584 101241 108887  2  1 94  2  0  0
 4  1 115568 135699648 2144388 52218428    0    0 194896 107164 101622 114112  3  2 93  2  0  0
 3  2 115568 135696100 2144388 52218448    0    0 195360 108552 101476 116532  3  2 93  2  0  0
 5  1 115568 135687692 2144388 52218468    0    0 196224 107976 101721 114752  3  2 93  2  0  0
 3  3 115568 135685656 2144392 52218496    0    0 195824 107152 101717 114305  3  2 93  2  0  0
 6  1 115568 135678808 2144392 52218524    0    0 196448 108076 101536 113566  3  2 93  2  0  0
 5  2 115568 135688096 2144392 52218536    0    0 196224 152780 103232 111091  2  1 94  2  0  0
 3  2 115568 135688576 2144392 52218552    0    0 184816 365432 111526 124318  3  2 93  3  0  0
 3  3 115568 135689976 2144392 52218576    0    0 196704 112256 101572 116236  3  2 93  2  0  0
 5  1 115568 135687652 2144392 52218596    0    0 196176 117596 101807 116661  3  2 93  2  0  0
 4  1 115568 135694680 2144392 52218620    0    0 196624 126220 102079 119403  3  2 93  2  0  0
 2  2 115568 135683128 2144392 52218640    0    0 196800 120524 101985 116212  3  2 93  2  0  0
 2  3 115568 135683856 2144392 52218652    0    0 198640 99152 101187 109197  3  1 94  2  0  0
 3  2 115568 135681032 2144392 52218668    0    0 197072 100988 101142 114462  3  2 93  2  0  0
 5  0 115568 135694024 2144392 52218692    0    0 198448 101992 101668 114796  3  2 93  2  0  0
 4  2 115568 135690808 2144392 52218720    0    0 197232 103240 101707 114693  3  2 93  2  0  0
 5  1 115568 135692612 2144392 52218740    0    0 197232 104392 101664 115646  3  2 93  2  0  0
procs -----------memory---------- ---swap-- -----io---- -system-- -------cpu-------
 r  b   swpd   free   buff  cache   si   so    bi    bo   in   cs us sy id wa st gu
 2  2 115568 135697772 2144392 52218760    0    0 195184 103804 101254 110595  3  2 93  2  0  0
 4  3 115568 135690380 2144392 52218776    0    0 196128 103884 101307 109914  3  1 94  2  0  0
 4  2 115568 135695552 2144396 52218800    0    0 196176 105240 101704 114897  3  2 93  2  0  0
 3  3 115568 135695504 2144396 52218832    0    0 198576 104108 101884 115370  3  2 93  2  0  0
 8  1 115568 135695836 2144396 52218856    0    0 198320 105304 101607 114592  3  2 93  2  0  0
 3  2 115568 135686820 2144396 52218880    0    0 198064 106204 101921 114789  3  2 93  2  0  0
 5  0 115568 135695044 2144396 52218900    0    0 199392 104692 101550 110778  2  1 94  2  0  0
 7  0 115568 135685260 2144396 52218916    0    0 198304 106220 101564 112283  3  1 94  2  0  0
 3  2 115568 135695100 2144396 52218936    0    0 196496 106092 101777 113687  3  2 93  2  0  0
 5  0 115568 135692168 2144396 52218956    0    0 195664 106292 101603 113963  3  2 93  2  0  0
 5  0 115568 135699812 2144396 52218976    0    0 198512 106728 101810 114431  3  2 93  2  0  0
 3  2 115568 135699408 2144396 52219000    0    0 195568 108208 101631 114055  3  2 93  2  0  0
 5  1 115568 135701508 2144396 52219020    0    0 199488 107968 101725 111221  2  1 94  2  0  0
 6  0 115568 135702032 2144396 52219032    0    0 198752 105408 101641 113030  3  2 93  2  0  0
 5  1 115568 135705756 2144396 52219056    0    0 196352 105576 101766 113673  3  2 93  2  0  0
 4  1 115568 135701932 2144396 52219076    0    0 195824 106308 101630 113504  3  2 93  2  0  0
 2  3 115568 135710276 2144396 52219096    0    0 196768 107580 101789 114565  3  2 93  2  0  0
 3  2 115568 135702996 2144400 52219124    0    0 196640 106964 101723 115991  3  2 93  2  0  0
 2  2 115568 135704872 2144400 52219144    0    0 197376 108340 101442 110748  2  1 94  2  0  0
 5  3 115568 135711756 2144400 52219160    0    0 195888 107728 101284 111840  3  2 93  2  0  0
 4  1 115568 135703920 2144400 52219188    0    0 196768 107036 101636 114101  3  2 93  2  0  0
procs -----------memory---------- ---swap-- -----io---- -system-- -------cpu-------
 r  b   swpd   free   buff  cache   si   so    bi    bo   in   cs us sy id wa st gu
 1  4 115568 135704720 2144400 52219212    0    0 196960 107644 101716 114474  3  2 93  2  0  0
 3  2 115568 135695376 2144404 52219236    0    0 194592 109372 101722 113816  3  2 93  2  0  0
 5  1 115568 135684244 2144404 52219264    0    0 195280 111304 101694 115538  3  2 93  2  0  0
 3  1 115568 135684724 2144404 52219280    0    0 194720 110944 101370 107650  2  1 94  2  0  0
 3  2 115568 135687324 2144404 52219292    0    0 195296 108808 101322 116689  3  2 93  2  0  0
 3  2 115568 135679480 2144404 52219316    0    0 196208 107708 101674 114881  3  2 93  2  0  0
 3  2 115568 135682792 2144412 52219352    0    0 194672 108712 101573 114213  3  2 93  2  0  0
 3  2 115568 135682496 2144412 52219356    0    0 195152 107960 101123 117837  3  2 93  2  0  0
 1  3 115568 135683632 2144412 52219380    0    0 195984 106224 101601 113400  3  2 93  2  0  0
 5  1 115568 135691752 2144412 52219396    0    0 197168 107296 101408 109542  2  1 94  2  0  0
 3  2 115568 135685468 2144412 52219416    0    0 196752 107800 101821 113676  3  2 93  2  0  0
 2  3 115568 135691656 2144412 52219432    0    0 194800 109368 101466 116536  3  2 93  2  0  0
 2  3 115568 135687980 2144412 52219456    0    0 196432 111792 101200 120932  3  2 93  2  0  0
 5  0 115568 135693604 2144412 52219476    0    0 191712 208808 105176 121572  3  2 93  2  0  0
 6  3 115568 135687956 2144412 52219500    0    0 196208 136132 102422 119155  3  2 93  2  0  0
 4  0 115568 135693712 2144412 52219516    0    0 199296 124608 102306 110282  2  1 94  2  0  0
 4  2 115568 135680732 2144420 52219544    0    0 197120 106280 101678 114171  3  2 93  2  0  0
 5  0 115568 135670172 2144420 52219564    0    0 197920 104804 101769 115224  3  2 93  2  0  0
 3  2 115568 135686492 2144420 52219584    0    0 195888 105304 101648 114554  3  2 93  2  0  0
 4  1 115568 135680660 2144420 52219608    0    0 196752 104912 101628 114712  3  2 93  2  0  0
 3  2 115568 135671192 2144420 52219700    0    0 195952 107484 101748 114228  3  2 93  2  0  0
procs -----------memory---------- ---swap-- -----io---- -system-- -------cpu-------
 r  b   swpd   free   buff  cache   si   so    bi    bo   in   cs us sy id wa st gu
 4  0 115568 135674712 2144420 52219716    0    0 199024 108416 101630 109877  2  1 94  2  0  0
 3  2 115568 135682828 2144420 52219732    0    0 196752 109472 101664 113987  3  2 93  2  0  0
 4  3 115568 135697116 2144420 52219752    0    0 195680 108820 101462 114707  3  2 93  2  0  0
 2  4 115568 135692332 2144420 52219772    0    0 195680 108948 101667 115657  3  2 93  2  0  0
 4  1 115568 135703476 2144420 52219796    0    0 194496 109260 101089 117405  3  2 93  2  0  0
 4  2 115568 135713764 2144424 52219820    0    0 195504 107292 101249 116706  3  2 93  2  0  0
 2  2 115568 135712304 2144424 52219840    0    0 197888 108844 101319 111602  2  1 94  2  0  0
 4  1 115568 135712472 2144424 52219852    0    0 196272 107996 101691 114129  3  2 93  2  0  0
 7  1 115568 135701104 2144424 52219876    0    0 193824 109140 101440 114031  3  2 93  2  0  0
 3  2 115568 135697696 2144424 52219896    0    0 194944 108252 101546 113800  2  2 93  2  0  0
 4  1 115568 135691784 2144428 52219920    0    0 195008 109016 101877 114757  3  2 93  2  0  0
 1  4 115568 135695032 2144428 52219944    0    0 193392 107720 101783 113827  3  2 93  2  0  0
 1  3 115568 135689136 2144428 52219964    0    0 198992 107860 101375 110554  2  1 94  2  0  0
 2  3 115568 135706664 2144428 52219980    0    0 198176 108860 101844 113372  3  2 93  2  0  0
 3  2 115568 135697596 2144428 52220004    0    0 195328 110244 101900 115212  3  2 93  2  0  0
 4  1 115568 135690448 2144428 52220024    0    0 196192 109368 101941 115122  3  2 93  2  0  0
 3  2 115568 135706108 2144428 52220044    0    0 195040 108504 101587 113524  3  2 93  2  0  0
 2  3 115568 135696252 2144428 52220072    0    0 194768 109224 101641 114151  3  2 93  2  0  0
 2  2 115568 135691468 2144428 52220088    0    0 194432 110084 100958 112866  2  1 94  2  0  0
 3  2 115568 135700924 2144428 52220100    0    0 194016 109268 101520 112639  3  2 93  2  0  0
 2  3 115568 135691416 2144428 52220116    0    0 195920 109224 101517 116415  3  2 93  2  0  0
procs -----------memory---------- ---swap-- -----io---- -system-- -------cpu-------
 r  b   swpd   free   buff  cache   si   so    bi    bo   in   cs us sy id wa st gu
 2  3 115568 135695144 2144428 52220136    0    0 196064 109968 101744 115041  3  2 93  2  0  0
 4  1 115568 135686100 2144428 52220164    0    0 194208 109832 101527 114112  3  2 93  2  0  0
 5  0 115568 135687932 2144428 52220192    0    0 197776 110244 101900 115511  3  2 93  2  0  0
 7  1 115568 135692868 2144428 52220208    0    0 195168 109792 101287 108590  2  1 94  2  0  0
 5  2 115568 135691444 2144428 52220220    0    0 195504 110244 101697 113400  3  2 93  2  0  0
 4  2 115568 135696020 2144428 52220240    0    0 197856 111556 101886 114940  3  2 93  2  0  0
 4  1 115568 135698760 2144428 52220268    0    0 195984 111536 101959 115309  3  2 93  2  0  0
 2  3 115568 135698192 2144428 52220292    0    0 197936 112480 101544 119279  3  2 93  2  0  0
 0  4 115568 135690908 2144428 52220312    0    0 197648 110944 101804 115202  3  2 93  2  0  0
 5  2 115568 135689296 2144432 52220328    0    0 197392 146216 103124 110193  2  1 94  2  0  0
 3  2 115568 135689836 2144432 52220352    0    0 195568 139736 102911 116397  3  2 93  2  0  0
 1  4 115568 135684164 2144432 52220376    0    0 196768 109316 101859 115213  3  2 93  2  0  0
 3  2 115568 135689592 2144432 52220396    0    0 197216 108072 101630 117051  3  2 93  2  0  0
 4  2 115568 135697476 2144432 52220416    0    0 198336 106804 101900 115864  3  2 93  2  0  0
 2  2 115568 135704092 2144432 52220436    0    0 195776 108308 101577 116310  3  2 93  2  0  0
 4  2 115568 135700196 2144432 52220452    0    0 199552 108004 101593 109936  2  1 94  2  0  0
 4  1 115568 135700272 2144432 52220472    0    0 197072 108884 101616 116157  3  2 93  2  0  0
 4  2 115568 135695124 2144432 52220492    0    0 196352 108600 101611 114857  3  2 93  2  0  0
 7  1 115568 135692708 2144432 52220512    0    0 196864 109008 101906 117256  3  2 93  2  0  0
 3  3 115568 135684844 2144432 52220532    0    0 197872 110296 101585 119338  3  2 93  2  0  0
 5  1 115568 135678556 2144432 52220564    0    0 196224 110116 101683 114351  3  2 93  2  0  0
procs -----------memory---------- ---swap-- -----io---- -system-- -------cpu-------
 r  b   swpd   free   buff  cache   si   so    bi    bo   in   cs us sy id wa st gu
 5  1 115568 135676500 2144432 52220580    0    0 198544 111276 101666 110281  2  1 94  2  0  0
 3  2 115568 135682688 2144432 52220596    0    0 197088 109844 102002 115993  3  2 93  2  0  0
 3  2 115568 135684184 2144432 52220616    0    0 198192 108464 101859 115426  3  2 93  2  0  0
 3  2 115568 135682972 2144432 52220636    0    0 197856 107484 101752 114649  3  2 93  2  0  0
 2  3 115568 135673812 2144432 52220656    0    0 196512 110236 101309 118194  3  2 93  2  0  0
 2  2 115568 135682112 2144432 52220680    0    0 195056 111488 101870 114981  3  2 93  2  0  0
 3  1 115568 135703984 2144432 52220700    0    0 196944 112628 101897 109435  2  1 94  2  0  0
 3  2 115568 135696296 2144432 52220716    0    0 196192 110596 101925 115804  3  2 93  2  0  0
 5  1 115568 135692368 2144436 52220736    0    0 193680 110808 101467 115540  3  2 93  2  0  0
 3  2 115568 135675836 2144436 52220768    0    0 192896 109656 101679 113582  3  2 93  2  0  0
 2  3 115568 135683376 2144436 52220784    0    0 195632 110132 101768 116336  3  2 93  2  0  0
 6  0 115568 135674140 2144436 52220808    0    0 195344 109316 101329 117230  3  2 93  2  0  0
 4  0 115568 135674884 2144436 52220820    0    0 198592 109528 101771 109739  2  1 94  2  0  0
 8  1 115568 135673916 2144436 52220832    0    0 194832 110720 101744 113557  3  2 93  2  0  0
 2  3 115568 135674704 2144436 52220856    0    0 196032 112092 101889 113679  3  2 93  2  0  0
 3  2 115568 135681672 2144436 52220876    0    0 195408 112608 101804 113683  3  2 93  2  0  0
 5  1 115568 135696424 2144436 52220904    0    0 195712 110712 102062 114874  3  2 93  2  0  0
 4  1 115568 135675720 2144436 52220996    0    0 195648 109952 101486 116338  3  2 93  2  0  0
 3  2 115568 135682704 2144440 52221024    0    0 198704 110296 101427 112868  2  1 94  2  0  0
 4  0 115568 135683848 2144440 52221036    0    0 197344 111836 101539 115675  3  2 93  2  0  0
 1  4 115568 135701064 2144440 52221060    0    0 196240 110116 101791 114363  3  2 93  2  0  0
procs -----------memory---------- ---swap-- -----io---- -system-- -------cpu-------
 r  b   swpd   free   buff  cache   si   so    bi    bo   in   cs us sy id wa st gu
 2  3 115568 135697976 2144440 52221084    0    0 195664 111604 101846 114933  3  2 93  2  0  0
 2  3 115568 135707676 2144440 52221104    0    0 196432 112676 102028 115359  3  2 93  2  0  0
 1  4 115568 135690000 2144440 52221128    0    0 196000 114528 102084 115827  3  2 93  2  0  0
 3  1 115568 135703188 2144440 52221148    0    0 195232 180880 104518 112764  3  1 94  2  0  0
 4  2 115568 135700164 2144440 52221160    0    0 181520 450636 114534 121210  3  2 93  3  0  0
 3  2 115568 135697924 2144440 52221184    0    0 191472 224080 105973 117783  3  2 93  2  0  0
 3  2 115568 135686040 2144440 52221208    0    0 195792 107704 101148 117763  3  2 93  2  0  0
 7  1 115568 135680700 2144444 52221232    0    0 196496 108056 101079 118536  3  2 93  2  0  0
 4  1 115568 135675328 2144444 52221252    0    0 195776 107700 101124 117134  2  2 93  2  0  0
 0  4 115568 135673316 2144444 52221268    0    0 199088 112000 101327 113780  2  1 94  2  0  0
 5  2 115568 135674860 2144444 52221280    0    0 195952 125504 101507 116916  3  2 93  2  0  0
 3  2 115568 135672948 2144444 52221304    0    0 196720 126892 102086 119229  3  2 93  2  0  0
 4  2 115568 135669336 2144448 52221324    0    0 199504 106792 101501 118743  3  2 93  2  0  0
 3  2 115568 135679400 2144448 52221348    0    0 197072 96952 101277 113989  3  2 93  2  0  0
 6  1 115568 135685320 2144448 52221372    0    0 197104 97272 101299 114427  3  2 93  2  0  0
 4  1 115568 135693052 2144448 52221392    0    0 199296 99724 101358 111465  2  1 94  2  0  0
 6  0 115568 135683556 2144448 52221412    0    0 199504 103216 101672 113089  3  1 93  2  0  0
 4  1 115568 135681620 2144452 52221436    0    0 198672 106240 101427 120620  3  2 93  2  0  0
 4  2 115568 135662336 2144452 52221456    0    0 197408 105548 101569 116404  3  2 93  2  0  0
 3  3 115568 135661360 2144452 52221476    0    0 196704 104924 101667 115098  3  2 93  2  0  0
 3  3 115568 135681064 2144452 52221500    0    0 196640 107156 101609 114100  3  2 93  2  0  0
procs -----------memory---------- ---swap-- -----io---- -system-- -------cpu-------
 r  b   swpd   free   buff  cache   si   so    bi    bo   in   cs us sy id wa st gu
 2  2 115568 135677152 2144452 52221524    0    0 197984 108100 101475 108657  2  1 94  2  0  0
 2  3 115568 135677968 2144452 52221536    0    0 197824 107688 101836 114309  3  2 93  2  0  0
 6  2 115568 135689408 2144452 52221556    0    0 195920 105564 101606 114586  2  2 93  2  0  0
 2  3 115568 135705728 2144452 52221580    0    0 197024 103028 101389 114325  3  2 93  2  0  0
 4  1 115568 135703080 2144452 52221600    0    0 196208 104696 101582 114658  3  2 93  2  0  0
 3  2 115568 135684692 2144452 52221628    0    0 196096 105380 101826 114804  3  2 93  2  0  0
 5  0 115568 135686784 2144456 52221644    0    0 196048 108232 101498 109294  2  1 94  2  0  0
 5  1 115568 135704100 2144456 52221656    0    0 196192 107388 101568 114041  3  2 93  2  0  0
 5  0 115568 135694964 2144456 52221676    0    0 196160 105576 101476 113567  3  2 93  2  0  0
 5  0 115568 135676512 2144456 52221700    0    0 196736 109236 101763 115363  3  2 93  2  0  0
 4  2 115568 135666660 2144456 52221724    0    0 198832 107564 101575 118034  3  2 93  2  0  0
 4  1 115568 135673796 2144456 52221744    0    0 199584 107536 102154 116618  3  2 93  2  0  0
 2  2 115568 135691720 2144456 52221776    0    0 199104 107124 101129 112573  2  1 94  2  0  0
 5  2 115568 135706632 2144456 52221788    0    0 197952 103832 101437 115915  3  2 93  2  0  0
 5  2 115568 135701244 2144456 52221808    0    0 197520 104116 101595 115760  3  2 93  2  0  0
 3  2 115568 135687884 2144456 52221836    0    0 194144 103740 101614 113172  3  2 93  2  0  0
 3  2 115568 135689656 2144456 52221868    0    0 195024 104140 101345 112818  3  2 93  2  0  0
 5  2 115568 135676692 2144456 52221884    0    0 197648 104040 101851 114644  3  2 93  2  0  0
 3  2 115568 135687200 2144456 52221904    0    0 199408 104396 101441 108350  2  1 94  2  0  0
 2  3 115568 135703240 2144456 52221920    0    0 197200 104404 101262 117707  3  2 93  2  0  0
 4  1 115568 135704016 2144456 52221944    0    0 196624 104028 101373 113187  3  2 93  2  0  0
procs -----------memory---------- ---swap-- -----io---- -system-- -------cpu-------
 r  b   swpd   free   buff  cache   si   so    bi    bo   in   cs us sy id wa st gu
 3  2 115568 135703668 2144456 52221968    0    0 197504 104468 101618 114372  3  2 93  2  0  0
 2  3 115568 135700940 2144456 52221984    0    0 197008 105336 101560 114382  3  2 93  2  0  0
 2  2 115568 135711688 2144456 52222012    0    0 195760 107376 101456 114802  3  2 93  2  0  0
 5  1 115568 135704904 2144456 52222028    0    0 199856 107424 101092 111669  2  1 94  2  0  0
 5  0 115568 135697324 2144456 52222044    0    0 196192 108576 101701 113880  3  2 93  2  0  0
 4  1 115568 135705544 2144456 52222072    0    0 196000 109052 101613 114596  3  2 93  2  0  0
 5  2 115568 135711160 2144456 52222092    0    0 196240 108568 101851 113836  3  2 93  2  0  0
 5  3 115568 135698944 2144456 52222108    0    0 196560 109832 101017 119592  3  2 93  2  0  0
 3  1 115568 135693336 2144456 52222136    0    0 198608 110156 101884 116714  3  2 93  2  0  0
 2  3 115568 135691108 2144456 52222148    0    0 201584 109136 101697 111823  2  1 94  2  0  0
 4  2 115568 135700620 2144460 52222172    0    0 198016 109520 101821 116810  3  2 93  2  0  0
 5  1 115568 135685348 2144460 52222192    0    0 197680 109332 101978 115698  3  2 93  2  0  0
 6  2 115568 135696444 2144460 52222216    0    0 192864 219168 105794 120426  3  2 93  2  0  0
 4  1 115568 135678692 2144460 52222236    0    0 182304 450764 115409 123713  3  2 92  3  0  0
 3  1 115568 135675800 2144460 52222340    0    0 197504 132104 102434 117040  3  2 93  2  0  0
 3  2 115568 135682364 2144468 52222348    0    0 198624 105884 101295 110321  3  1 94  2  0  0
 2  3 115568 135686196 2144468 52222372    0    0 199248 105044 101257 119191  3  2 93  2  0  0
 3  2 115568 135681348 2144468 52222396    0    0 198672 107576 101661 117776  3  2 93  2  0  0
 3  2 115568 135670792 2144468 52222420    0    0 200112 113088 101352 120910  3  2 93  2  0  0
