procs -----------memory---------- ---swap-- -----io---- -system-- -------cpu-------
 r  b   swpd   free   buff  cache   si   so    bi    bo   in   cs us sy id wa st gu
 4  0 115568 128855052 2141608 47785328   31   40 236511 251405 90060   44 24  4 69  3  0  0
33  0 115568 128796436 2141612 47785420    0    0     0 320004 97238 42252 20  1 79  0  0  0
28  8 115568 128724456 2141612 47785436    0    0 23840 320532 122421 78005 39  2 58  0  0  0
28  8 115568 128714604 2141612 47785460    0    0 889216 423800 214525 749764 23  9 55 13  0  0
22 11 115568 128702660 2141612 47785476    0    0 918736 315616 209029 769263 24  9 55 13  0  0
23 13 115568 128703644 2141612 47785500    0    0 924144 320644 209378 773371 23  9 55 13  0  0
26 10 115568 128706052 2141612 47785520    0    0 919216 328292 208938 778274 24  9 55 13  0  0
26 11 115568 128727400 2141612 47785532    0    0 923120 326268 210083 773116 23  8 56 13  0  0
29 10 115568 128716644 2141612 47785548    0    0 922240 332004 209288 778986 24  9 55 13  0  0
28 11 115568 128708164 2141612 47785564    0    0 917680 330208 210623 777266 24  9 54 13  0  0
26 10 115568 128701500 2141612 47785588    0    0 917104 325220 207903 771714 24  9 55 13  0  0
30  7 115568 128713528 2141612 47785612    0    0 915088 332248 208155 773522 23  9 55 13  0  0
24 12 115568 128709912 2141612 47785632    0    0 919648 333468 208791 775466 24  9 55 13  0  0
29 13 115568 128706336 2141612 47785648    0    0 918432 331500 207516 772876 23  9 55 13  0  0
29  7 115568 128704240 2141612 47785664    0    0 919968 334704 208098 772874 23  9 55 13  0  0
30  7 115568 128727972 2141612 47785676    0    0 930016 336488 208860 774690 23  8 56 13  0  0
29 13 115568 128694680 2141612 47785696    0    0 920976 334716 208304 773897 23  9 55 13  0  0
23 16 115568 128695760 2141612 47785716    0    0 919312 337504 208491 775240 23  9 55 13  0  0
24 14 115568 128702752 2141612 47785736    0    0 917312 337816 208181 773799 24  9 55 13  0  0
29 10 115568 128698332 2141612 47785752    0    0 916944 341012 209009 775253 24  9 55 13  0  0
31  8 115568 128700876 2141612 47785776    0    0 916512 345000 209271 773383 24  9 55 13  0  0
procs -----------memory---------- ---swap-- -----io---- -system-- -------cpu-------
 r  b   swpd   free   buff  cache   si   so    bi    bo   in   cs us sy id wa st gu
27 15 115568 128697320 2141612 47785796    0    0 918560 347464 208727 776002 23  9 55 13  0  0
27 10 115568 128706216 2141612 47785812    0    0 924672 345776 209501 778217 23  8 56 13  0  0
31  9 115568 128701088 2141612 47785824    0    0 920400 345160 209625 774098 23  8 55 13  0  0
22 13 115568 128701728 2141612 47785840    0    0 915360 342940 208403 772767 23  9 55 13  0  0
22 15 115568 128636664 2141616 47785876    0    0 915072 346944 209744 775798 24  9 55 13  0  0
33  6 115568 128625608 2141616 47785896    0    0 917072 353936 209766 774928 23  9 55 13  0  0
27 14 115568 128640996 2141616 47785916    0    0 911728 358980 210080 773992 24  9 55 13  0  0
31  9 115568 128631004 2141616 47785936    0    0 910912 360436 208668 775126 23  9 55 13  0  0
25 12 115568 128626240 2141616 47785956    0    0 914256 360708 209903 772760 24  9 55 13  0  0
21 11 115568 128630380 2141616 47785968    0    0 924112 366976 208339 778941 23  8 56 13  0  0
31 10 115568 128614624 2141616 47785988    0    0 913904 364352 208760 773734 24  9 55 13  0  0
18 18 115568 128623400 2141616 47786008    0    0 910128 363772 208459 773595 24  9 55 13  0  0
19 16 115568 128622736 2141616 47786024    0    0 910848 366156 209131 773023 23  9 55 13  0  0
32  8 115568 128623332 2141616 47786052    0    0 904704 367488 208654 772482 24  9 55 13  0  0
32  7 115568 128620584 2141620 47786072    0    0 911344 366112 208632 770763 23  9 55 13  0  0
25 11 115568 128602892 2141620 47786088    0    0 906384 366584 208254 769164 23  9 55 13  0  0
23 14 115568 128610476 2141620 47786104    0    0 910000 365716 208637 771428 24  8 55 13  0  0
26 13 115568 128626704 2141620 47786120    0    0 920608 365720 209359 774881 23  8 56 13  0  0
26 12 115568 128619352 2141620 47786140    0    0 910560 367592 209446 773759 23  9 55 13  0  0
30 10 115568 128619208 2141620 47786160    0    0 908688 367188 208195 769224 23  9 55 13  0  0
30 11 115568 128635200 2141620 47786180    0    0 913008 369184 210073 775839 24  9 55 13  0  0
procs -----------memory---------- ---swap-- -----io---- -system-- -------cpu-------
 r  b   swpd   free   buff  cache   si   so    bi    bo   in   cs us sy id wa st gu
30  9 115568 128624788 2141620 47786200    0    0 912112 370744 209919 773498 24  9 55 13  0  0
39  4 115568 128618876 2141620 47786220    0    0 913552 369308 209799 772489 23  9 55 13  0  0
27 13 115568 128617288 2141620 47786240    0    0 911248 372660 209439 773911 23  9 55 13  0  0
29 11 115568 128630264 2141624 47786256    0    0 918336 370888 209388 774665 23  8 56 13  0  0
31  8 115568 128646092 2141624 47786272    0    0 918736 371200 209072 771058 23  8 55 13  0  0
32  6 115568 128629200 2141624 47786296    0    0 909888 363812 209026 768029 23  9 55 13  0  0
30 10 115568 128619896 2141624 47786316    0    0 910704 361696 208526 765228 23  9 54 13  0  0
28 10 115568 128617264 2141624 47786424    0    0 912736 370276 208716 771670 23  9 55 13  0  0
33  6 115568 128622840 2141628 47786440    0    0 906384 369332 207985 768620 23  9 55 13  0  0
27  9 115568 128614960 2141628 47786460    0    0 904560 370964 208569 767710 24  9 55 13  0  0
26 14 115568 128602612 2141628 47786484    0    0 903360 402952 213190 767783 23  9 55 13  0  0
28 11 115568 128631164 2141628 47786492    0    0 914400 413828 210932 769055 23  8 56 14  0  0
32  9 115568 128639376 2141628 47786508    0    0 900496 420572 212532 766213 24  9 55 13  0  0
26 16 115568 128626620 2141628 47786524    0    0 898864 429664 211068 766204 23  9 55 13  0  0
29  8 115568 128627788 2141628 47786548    0    0 898080 428572 210338 763297 23  9 55 13  0  0
33  6 115568 128631908 2141628 47786568    0    0 896624 427264 210327 765499 24  9 55 13  0  0
23 13 115568 128618856 2141628 47786592    0    0 900160 425888 211162 769549 23  9 54 13  0  0
21 18 115568 128604548 2141628 47786608    0    0 903536 422116 210976 771370 23  9 55 13  0  0
22 12 115568 128607912 2141632 47786628    0    0 907632 419840 211330 769191 23  8 55 13  0  0
27  8 115568 128627336 2141632 47786640    0    0 907600 419888 210372 769138 23  8 55 13  0  0
25 10 115568 128622048 2141632 47786660    0    0 902720 417884 210818 767691 23  9 55 13  0  0
procs -----------memory---------- ---swap-- -----io---- -system-- -------cpu-------
 r  b   swpd   free   buff  cache   si   so    bi    bo   in   cs us sy id wa st gu
29 11 115568 128612444 2141632 47786684    0    0 904144 413712 210663 767467 23  9 55 13  0  0
30 12 115568 128626464 2141632 47786700    0    0 903280 416548 210779 768416 23  9 55 13  0  0
26 11 115568 128624736 2141636 47786724    0    0 898176 414212 211653 763980 23  9 55 13  0  0
24 11 115568 128624988 2141636 47786744    0    0 900448 412860 210491 767657 23  9 55 13  0  0
26  9 115568 128614044 2141636 47786772    0    0 900992 410024 209669 767431 23  9 55 13  0  0
22 12 115568 128620040 2141636 47786788    0    0 906464 409408 209380 763933 23  8 56 14  0  0
29 12 115568 128623340 2141636 47786800    0    0 907680 409296 210616 768578 23  9 55 13  0  0
24 12 115568 128614240 2141636 47786820    0    0 907856 408160 210758 768784 23  9 55 13  0  0
24 12 115568 128622420 2141636 47786832    0    0 905824 409432 210666 769144 23  9 55 13  0  0
26 12 115568 128622024 2141636 47786856    0    0 903408 408920 210063 768201 23  9 55 13  0  0
26  9 115568 128629996 2141636 47786876    0    0 906480 410072 211720 770475 23  9 55 13  0  0
32  9 115568 128627008 2141636 47786900    0    0 904400 407284 210885 769226 23  9 55 13  0  0
27  9 115568 128626944 2141636 47786920    0    0 905664 407408 210238 771699 23  9 55 13  0  0
30 11 115568 128630096 2141636 47786928    0    0 912880 404392 210086 768164 23  8 56 14  0  0
23 13 115568 128629556 2141636 47786952    0    0 901200 402760 209498 767035 23  9 55 13  0  0
29 13 115568 128620476 2141636 47786976    0    0 905568 402244 209733 768239 23  9 55 13  0  0
26  8 115568 128614028 2141636 47787000    0    0 898688 401240 210488 763696 24  9 54 13  0  0
25 10 115568 128624832 2141636 47787020    0    0 896336 401072 209222 762994 23  9 55 13  0  0
27 11 115568 128622056 2141636 47787036    0    0 906416 399284 209576 768715 24  9 55 13  0  0
22 12 115568 128614832 2141636 47787064    0    0 903056 422252 210692 766019 23  9 55 13  0  0
24 14 115568 128630108 2141636 47787088    0    0 905200 423096 210705 767856 23  8 55 13  0  0
procs -----------memory---------- ---swap-- -----io---- -system-- -------cpu-------
 r  b   swpd   free   buff  cache   si   so    bi    bo   in   cs us sy id wa st gu
25 10 115568 128639596 2141636 47787096    0    0 907456 421184 210907 767404 23  8 56 13  0  0
26 12 115568 128615368 2141636 47787116    0    0 903360 420976 210369 768264 23  9 55 13  0  0
26 13 115568 128602912 2141636 47787132    0    0 902160 420368 210443 767450 24  9 54 13  0  0
28  8 115568 128600724 2141636 47787156    0    0 903824 421372 210317 768614 23  9 55 13  0  0
25 10 115568 128603064 2141636 47787172    0    0 903584 422060 211280 767010 23  9 55 13  0  0
25 10 115568 128606476 2141636 47787188    0    0 903664 420844 210667 767217 23  9 55 13  0  0
25 11 115568 128595268 2141636 47787208    0    0 901040 420108 210125 767634 23  9 54 13  0  0
21 15 115568 128608208 2141636 47787224    0    0 904320 415692 209526 763417 23  8 56 13  0  0
32  8 115568 128618884 2141636 47787236    0    0 904432 419364 210873 768556 23  8 55 13  0  0
22 13 115568 128608320 2141636 47787264    0    0 902592 417632 210337 766693 23  9 55 13  0  0
31 11 115568 128616860 2141636 47787280    0    0 901280 420536 210419 766794 23  9 55 13  0  0
27 10 115568 128619704 2141636 47787300    0    0 902432 418724 210295 767283 23  9 55 13  0  0
27 10 115568 128615820 2141636 47787320    0    0 898944 417620 210214 766114 23  9 55 13  0  0
28 13 115568 128601212 2141636 47787352    0    0 899344 417212 209837 767955 23  9 55 13  0  0
29  5 115568 128603484 2141636 47787376    0    0 898768 417156 208888 767169 23  9 55 13  0  0
29  8 115568 128626804 2141636 47787384    0    0 905968 418268 209105 765627 23  8 56 14  0  0
25 12 115568 128622080 2141640 47787404    0    0 903920 419680 210845 768180 23  9 55 13  0  0
29  8 115568 128608908 2141640 47787428    0    0 903904 417952 210511 767895 23  9 55 13  0  0
22 14 115568 128601732 2141640 47787452    0    0 903168 417128 210400 767943 23  9 55 13  0  0
26  9 115568 128595332 2141640 47787472    0    0 903168 417032 210319 767313 23  9 55 13  0  0
26  9 115568 128591440 2141640 47787488    0    0 900800 416640 210710 766657 23  9 55 13  0  0
procs -----------memory---------- ---swap-- -----io---- -system-- -------cpu-------
 r  b   swpd   free   buff  cache   si   so    bi    bo   in   cs us sy id wa st gu
28  9 115568 128604356 2141644 47787508    0    0 904368 415904 214576 768168 23  9 55 13  0  0
23 14 115568 128612804 2141644 47787524    0    0 905136 416816 210453 767722 23  8 56 13  0  0
27 10 115568 128626724 2141644 47787532    0    0 904416 413176 210245 763670 23  8 55 13  0  0
34  4 115568 128609836 2141644 47787556    0    0 893968 410416 208026 757046 23  9 55 13  0  0
26  9 115568 128605788 2141644 47787640    0    0 901232 411584 210171 767767 23  9 55 13  0  0
25 10 115568 128602712 2141648 47787660    0    0 901200 413052 210645 769907 24  9 54 13  0  0
29  8 115568 128604172 2141648 47787684    0    0 900048 416124 210917 768456 23  9 55 13  0  0
28  7 115568 128605912 2141648 47787704    0    0 899280 426368 211196 766743 23  9 55 13  0  0
25 13 115568 128611924 2141648 47787720    0    0 897424 425780 211109 766993 23  9 55 13  0  0
24 12 115568 128628420 2141648 47787736    0    0 908048 427364 210705 773948 23  8 56 14  0  0
24 11 115568 128618592 2141652 47787752    0    0 904192 428648 211441 769916 23  9 55 13  0  0
29  9 115568 128608424 2141652 47787772    0    0 900272 429176 211281 768816 24  9 55 13  0  0
23 12 115568 128612740 2141652 47787788    0    0 903296 427552 211048 770024 23  9 55 13  0  0
29 13 115568 128604772 2141652 47787812    0    0 903344 427252 211201 767300 23  9 55 13  0  0
27  8 115568 128589976 2141652 47787832    0    0 905392 426088 210551 772274 23  9 55 13  0  0
28 11 115568 128602436 2141656 47787860    0    0 901936 427740 210408 768936 23  9 54 13  0  0
28  9 115568 128618980 2141656 47787884    0    0 905136 427436 211133 767321 23  9 55 13  0  0
31  6 115568 128637664 2141656 47787892    0    0 907184 428568 210906 767691 23  8 56 14  0  0
25 10 115568 128605872 2141656 47787904    0    0 902800 428548 210850 769420 23  9 55 13  0  0
26 12 115568 128605636 2141656 47787924    0    0 897216 431548 210414 768958 23  9 55 13  0  0
31  9 115568 128602700 2141656 47787948    0    0 897232 429032 210439 764733 23  9 55 13  0  0
procs -----------memory---------- ---swap-- -----io---- -system-- -------cpu-------
 r  b   swpd   free   buff  cache   si   so    bi    bo   in   cs us sy id wa st gu
24 16 115568 128599352 2141656 47787964    0    0 900560 429208 210221 765181 23  9 55 13  0  0
25 12 115568 128610924 2141656 47787984    0    0 892448 433088 210777 764026 23  9 55 13  0  0
28  9 115568 128614016 2141656 47788000    0    0 893184 430928 210900 765277 23  9 55 13  0  0
24 12 115568 128621732 2141656 47788028    0    0 904352 433256 212273 770153 23  8 55 13  0  0
30 12 115568 128607180 2141656 47788048    0    0 901280 434376 211536 768962 23  8 55 13  0  0
21 15 115568 128605780 2141656 47788064    0    0 899248 433576 211152 771368 23  9 55 13  0  0
23 12 115568 128614840 2141656 47788088    0    0 902272 433500 215149 770329 23  9 55 13  0  0
21 16 115568 128604296 2141656 47788104    0    0 898016 431388 211521 769713 23  9 55 13  0  0
30 14 115568 128589592 2141656 47788132    0    0 901472 433120 211334 768514 23  9 55 13  0  0
26 10 115568 128598412 2141656 47788148    0    0 900864 434256 211291 770028 23  9 55 13  0  0
27 11 115568 128597144 2141656 47788168    0    0 893728 429096 210338 760384 23  9 55 13  0  0
25 12 115568 128611760 2141656 47788176    0    0 905424 432584 211224 765463 23  8 56 14  0  0
25 13 115568 128606700 2141656 47788196    0    0 901552 432092 210732 770389 23  9 55 13  0  0
23 13 115568 128610000 2141656 47788220    0    0 900944 431972 211924 769969 23  9 55 13  0  0
20 16 115568 128601896 2141660 47788240    0    0 899856 430372 211026 768546 23  9 55 13  0  0
22 13 115568 128601044 2141660 47788260    0    0 900432 429212 211221 768305 23  9 55 13  0  0
27 12 115568 128591308 2141660 47788276    0    0 901184 436664 211294 768408 23  9 55 13  0  0
28  8 115568 128582068 2141660 47788292    0    0 900784 436620 211679 769038 23  9 54 13  0  0
22 12 115568 128595272 2141660 47788320    0    0 907072 436620 211897 768428 23  8 55 13  0  0
27 10 115568 128604860 2141660 47788328    0    0 905472 427960 210518 763213 23  8 55 13  0  0
24 12 115568 128593392 2141660 47788348    0    0 898560 431584 211572 767598 23  9 55 13  0  0
procs -----------memory---------- ---swap-- -----io---- -system-- -------cpu-------
 r  b   swpd   free   buff  cache   si   so    bi    bo   in   cs us sy id wa st gu
22 16 115568 128598348 2141660 47788372    0    0 894688 435000 212421 771158 23  9 55 13  0  0
29 10 115568 128595304 2141660 47788396    0    0 901344 435636 212553 770951 23  9 54 13  0  0
22 14 115568 128596704 2141660 47788412    0    0 904272 432320 212408 767170 23  9 55 13  0  0
23 16 115568 128584484 2141664 47788436    0    0 902368 428236 210832 765630 23  9 55 13  0  0
28  9 115568 128596848 2141664 47788456    0    0 899824 432796 211066 768443 23  9 55 13  0  0
27  8 115568 128612516 2141664 47788468    0    0 885856 426680 208361 753717 22  8 56 14  0  0
30 10 115568 128599668 2141664 47788480    0    0 868672 421620 206399 737208 23  8 55 14  0  0
29  7 115568 128600224 2141664 47788504    0    0 870880 420508 206041 742630 23  9 55 14  0  0
25 11 115568 128596364 2141664 47788528    0    0 894720 429532 210331 762789 23  9 55 13  0  0
29 10 115568 128585228 2141664 47788544    0    0 894064 428612 209986 759657 23  9 55 13  0  0
31  8 115568 128597432 2141664 47788564    0    0 899280 431520 211650 768519 23  9 55 13  0  0
33  7 115568 128594376 2141664 47788588    0    0 898672 430092 210710 765433 23  9 55 13  0  0
25 11 115568 128580376 2141664 47788604    0    0 901248 429900 211044 767539 23  8 55 13  0  0
29  9 115568 128601868 2141668 47788612    0    0 900720 431964 211166 763405 23  8 56 14  0  0
23 13 115568 128596072 2141668 47788632    0    0 897232 431592 211128 767508 23  9 55 13  0  0
26 12 115568 128591540 2141668 47788656    0    0 897904 431952 211625 767735 23  9 55 13  0  0
29 10 115568 128594336 2141668 47788680    0    0 906160 429832 211267 768325 23  9 55 13  0  0
25 12 115568 128592284 2141668 47788696    0    0 889936 426744 209221 759893 23  9 55 13  0  0
31  8 115568 128586324 2141668 47788724    0    0 895872 427760 210290 759805 23  9 55 13  0  0
27 11 115568 128600288 2141668 47788744    0    0 900832 431400 211432 765874 23  9 55 13  0  0
24 12 115568 128612640 2141668 47788760    0    0 905168 430788 211413 768945 23  8 56 14  0  0
procs -----------memory---------- ---swap-- -----io---- -system-- -------cpu-------
 r  b   swpd   free   buff  cache   si   so    bi    bo   in   cs us sy id wa st gu
25 13 115568 128604792 2141668 47788772    0    0 900240 430740 210963 767567 23  8 55 14  0  0
29  8 115568 128598680 2141668 47788860    0    0 900080 426368 210927 768028 23  9 55 13  0  0
27 11 115568 128585232 2141668 47788884    0    0 901840 427996 211833 770506 23  9 55 13  0  0
25 11 115568 128579636 2141668 47788900    0    0 901856 428604 212595 768957 23  9 55 13  0  0
27 11 115568 128589900 2141668 47788916    0    0 899072 433108 211377 766241 23  9 55 13  0  0
27 10 115568 128585184 2141668 47788940    0    0 899504 431880 213628 767494 23  9 55 13  0  0
20 14 115568 128590104 2141668 47788956    0    0 901872 436004 212023 768125 23  9 55 13  0  0
24 10 115568 128603968 2141668 47788968    0    0 908608 433520 211903 768410 23  7 56 14  0  0
32 10 115568 128604608 2141668 47788988    0    0 897552 432192 210967 765476 23  9 55 13  0  0
35  5 115568 128598268 2141668 47789004    0    0 896272 430112 211095 764819 23  9 55 13  0  0
23 12 115568 128586184 2141668 47789028    0    0 893776 432164 209694 764302 23  9 55 13  0  0
23 13 115568 128592596 2141668 47789044    0    0 896320 432104 211072 769034 23  9 55 13  0  0
26 13 115568 128596352 2141668 47789068    0    0 879840 424544 208014 749107 23  9 55 14  0  0
28 10 115568 128597224 2141668 47789084    0    0 871216 420540 205811 742154 23  9 55 14  0  0
21 15 115568 128600084 2141668 47789108    0    0 860896 417800 205100 735358 22  8 56 14  0  0
18 19 115568 128613480 2141668 47789120    0    0 859696 418304 204766 732402 22  8 56 14  0  0
29  9 115568 128603836 2141668 47789136    0    0 862992 420900 205736 739908 23  9 55 14  0  0
27 11 115568 128600548 2141668 47789164    0    0 864832 420436 205141 736285 23  9 55 14  0  0
23 13 115568 128592844 2141668 47789184    0    0 864384 419564 205087 736125 22  9 55 14  0  0
26 11 115568 128584908 2141668 47789208    0    0 869104 424428 206114 740148 23  9 55 14  0  0
30  9 115568 128584572 2141668 47789224    0    0 864032 422388 205489 740201 22  9 55 14  0  0
procs -----------memory---------- ---swap-- -----io---- -system-- -------cpu-------
 r  b   swpd   free   buff  cache   si   so    bi    bo   in   cs us sy id wa st gu
25 13 115568 128581812 2141668 47789240    0    0 869312 422940 206607 740442 23  9 55 14  0  0
20 14 115568 128597796 2141668 47789256    0    0 876400 415444 204862 733161 22  7 56 14  0  0
27 11 115568 128578280 2141668 47789272    0    0 872928 419516 205140 735687 23  8 55 14  0  0
31  8 115568 128584176 2141668 47789292    0    0 867568 422732 205602 738880 23  9 55 14  0  0
28  8 115568 128585408 2141668 47789308    0    0 864544 421064 205632 737195 22  9 55 14  0  0
26 13 115568 128591980 2141668 47789336    0    0 867376 420292 205985 738850 23  8 55 14  0  0
34  7 115568 128585524 2141668 47789356    0    0 776160 411628 194441 664408 20  8 59 13  0  0
25 12 115568 128583760 2141668 47789384    0    0 866208 425456 206064 740529 23  8 55 14  0  0
25 10 115568 128581756 2141668 47789412    0    0 872784 423996 206519 741131 22  8 55 14  0  0
25 10 115568 128594984 2141668 47789420    0    0 878720 425868 208270 744821 22  8 56 14  0  0
23 12 115568 128592652 2141668 47789440    0    0 866880 421540 206012 737788 23  8 55 14  0  0
20 16 115568 128585244 2141672 47789456    0    0 871744 426472 207082 741551 23  9 55 14  0  0
27 10 115568 128581200 2141672 47789484    0    0 867904 424700 206122 740332 22  9 55 14  0  0
24 12 115568 128588132 2141672 47789500    0    0 869248 429672 206455 742493 23  9 55 14  0  0
29  8 115568 128578496 2141672 47789524    0    0 871488 427008 207175 740313 23  8 55 14  0  0
25 11 115568 128581732 2141672 47789544    0    0 864880 426228 206113 737984 23  8 55 14  0  0
30 10 115568 128581756 2141672 47789560    0    0 873760 419816 205094 734799 22  8 56 14  0  0
26 12 115568 128594516 2141672 47789576    0    0 866384 422556 204791 735322 22  8 56 14  0  0
22 15 115568 128604212 2141672 47789596    0    0 866480 428316 206430 738747 23  8 55 14  0  0
29  6 115568 128590108 2141672 47789620    0    0 868624 424972 206305 738986 23  8 55 14  0  0
20 16 115568 128593348 2141672 47789636    0    0 860016 425312 205372 734425 22  8 55 14  0  0
procs -----------memory---------- ---swap-- -----io---- -system-- -------cpu-------
 r  b   swpd   free   buff  cache   si   so    bi    bo   in   cs us sy id wa st gu
30  9 115568 128578744 2141672 47789652    0    0 856608 425096 205508 731012 22  8 55 14  0  0
20 15 115568 128572308 2141672 47789680    0    0 869344 428848 206986 740104 23  8 55 14  0  0
23 12 115568 128582012 2141672 47789700    0    0 876880 429656 206956 750066 23  8 55 14  0  0
23 11 115568 128593112 2141672 47789712    0    0 879184 429592 207728 744726 22  7 56 14  0  0
28  9 115568 128590048 2141672 47789728    0    0 888016 433112 209683 754171 23  9 55 14  0  0
31  9 115568 128578084 2141672 47789748    0    0 886368 434456 210120 757431 23  9 55 14  0  0
24 13 115568 128587428 2141676 47789768    0    0 893440 433236 210021 760879 23  9 55 13  0  0
21 15 115568 128577000 2141676 47789788    0    0 896976 436624 210784 768160 23  9 55 13  0  0
30  9 115568 128589964 2141676 47789808    0    0 899696 434280 210357 763938 23  9 55 13  0  0
29  9 115568 128569056 2141676 47789824    0    0 896880 434248 210534 762190 23  9 55 13  0  0
25  9 115568 128589344 2141676 47789840    0    0 901680 438024 211093 766837 23  8 55 13  0  0
26 11 115568 128590932 2141684 47789860    0    0 900992 436552 211113 764816 23  8 55 14  0  0
25 11 115568 128585076 2141684 47789884    0    0 899040 434100 210531 765070 23  9 55 13  0  0
23 13 115568 128577168 2141684 47789904    0    0 901072 435356 211995 766636 23  9 55 13  0  0
24  9 115568 128575976 2141684 47789924    0    0 902512 436616 211421 766591 23  9 55 13  0  0
25  9 115568 128575916 2141684 47789940    0    0 900192 438604 211971 769128 23  9 54 13  0  0
28  9 115568 128574900 2141688 47789964    0    0 901776 437028 211075 768141 23  9 55 13  0  0
26 13 115568 128578640 2141688 47789984    0    0 900448 433804 211284 768944 23  9 55 13  0  0
19 17 115568 128597480 2141688 47789996    0    0 906880 437720 211846 769819 23  8 56 14  0  0
27 12 115568 128596328 2141688 47790084    0    0 902896 436724 212015 767895 23  9 55 13  0  0
23 14 115568 128586184 2141688 47790108    0    0 897264 435312 211291 767270 23  9 55 13  0  0
procs -----------memory---------- ---swap-- -----io---- -system-- -------cpu-------
 r  b   swpd   free   buff  cache   si   so    bi    bo   in   cs us sy id wa st gu
23 13 115568 128590628 2141688 47790128    0    0 895008 435144 211012 764197 23  9 55 13  0  0
25 13 115568 128585832 2141688 47790152    0    0 891504 436820 210326 764482 23  9 55 13  0  0
26 10 115568 128579164 2141688 47790168    0    0 898496 438108 211254 766921 23  9 55 13  0  0
24 15 115568 128565360 2141688 47790188    0    0 899008 436144 211026 767523 23  9 55 13  0  0
24 11 115568 128579188 2141688 47790208    0    0 899360 435564 210964 767482 23  9 55 13  0  0
35  4 115568 128603316 2141692 47790220    0    0 907104 436908 212062 769170 23  8 56 14  0  0
31  9 115568 128581536 2141692 47790244    0    0 890384 434052 210369 761978 23  9 55 13  0  0
27 12 115568 128588348 2141692 47790256    0    0 893024 428576 210063 758845 23  9 55 13  0  0
23 16 115568 128577552 2141692 47790276    0    0 897296 433348 211274 766129 23  9 55 13  0  0
27 10 115568 128580388 2141692 47790308    0    0 901024 434968 211566 767438 23  9 55 13  0  0
32  6 115568 128577444 2141692 47790324    0    0 898192 431848 210897 762742 23  9 55 13  0  0
27  8 115568 128589636 2141692 47790348    0    0 897952 435976 210788 766882 23  9 55 13  0  0
27  8 115568 128602664 2141692 47790368    0    0 908160 437368 211592 765794 23  8 55 14  0  0
24 12 115568 128597576 2141692 47790376    0    0 901488 433348 210848 765468 23  8 55 13  0  0
27  8 115568 128580808 2141692 47790400    0    0 898544 434548 212332 765874 23  9 55 13  0  0
28 11 115568 128575152 2141692 47790416    0    0 893632 431528 209818 761121 23  9 55 13  0  0
26 12 115568 128583864 2141692 47790436    0    0 892048 433660 212008 759893 23  9 55 13  0  0
26 15 115568 128575720 2141692 47790456    0    0 897488 431608 210206 763461 23  9 55 13  0  0
26 12 115568 128575716 2141692 47790480    0    0 900128 431640 211867 768397 23  9 55 13  0  0
22 15 115568 128568788 2141692 47790500    0    0 896736 435124 210498 772544 23  9 55 13  0  0
28 11 115568 128588440 2141692 47790512    0    0 903408 434936 210541 769005 23  7 56 14  0  0
procs -----------memory---------- ---swap-- -----io---- -system-- -------cpu-------
 r  b   swpd   free   buff  cache   si   so    bi    bo   in   cs us sy id wa st gu
21 15 115568 128596416 2141692 47790524    0    0 902144 434764 211069 767770 23  8 55 13  0  0
25 12 115568 128592900 2141692 47790548    0    0 900208 434856 211406 769553 23  9 55 13  0  0
32  8 115568 128592664 2141692 47790568    0    0 898912 434028 210889 768006 23  9 55 13  0  0
27 10 115568 128596696 2141692 47790588    0    0 899168 431864 211572 767623 23  9 55 13  0  0
34  9 115568 128587128 2141692 47790608    0    0 897712 432536 211808 768837 23  9 55 13  0  0
21 15 115568 128582660 2141692 47790624    0    0 900864 431628 211159 769138 23  9 55 13  0  0
28 11 115568 128584088 2141692 47790652    0    0 901696 432492 211031 768834 23  8 55 13  0  0
28 10 115568 128598100 2141692 47790668    0    0 908608 430852 210557 766230 23  8 56 14  0  0
22 17 115568 128578040 2141692 47790688    0    0 899952 433508 210756 765241 23  9 55 13  0  0
27 11 115568 128574824 2141692 47790700    0    0 900864 431968 211226 766778 23  9 55 13  0  0
31 11 115568 128574348 2141692 47790724    0    0 899456 434236 210949 765043 23  9 55 13  0  0
24 17 115568 128581240 2141692 47790744    0    0 898992 436164 211648 767076 23  9 55 13  0  0
22 16 115568 128581476 2141692 47790764    0    0 896224 437188 211432 763967 23  9 55 13  0  0
28 10 115568 128589568 2141692 47790784    0    0 894336 433808 210480 761768 23  9 55 13  0  0
27 12 115568 128599324 2141696 47790800    0    0 899136 432560 209114 760279 23  8 56 14  0  0
25 13 115568 128599624 2141696 47790812    0    0 904256 435812 210855 764881 23  8 55 14  0  0
21 15 115568 128582132 2141696 47790836    0    0 898416 437988 211689 768121 23  9 55 13  0  0
31  6 115568 128585164 2141696 47790856    0    0 898768 436776 211269 765716 23  9 55 13  0  0
30  8 115568 128567844 2141696 47790876    0    0 898272 439996 210607 769960 23  9 55 13  0  0
28 12 115568 128561964 2141696 47790892    0    0 899104 435736 211780 766644 23  9 55 13  0  0
33  7 115568 128584300 2141696 47790912    0    0 899088 436236 211391 765785 23  9 54 13  0  0
procs -----------memory---------- ---swap-- -----io---- -system-- -------cpu-------
 r  b   swpd   free   buff  cache   si   so    bi    bo   in   cs us sy id wa st gu
30  9 115568 128583940 2141696 47790936    0    0 893216 435692 210412 764000 23  9 54 13  0  0
28 10 115568 128595688 2141696 47790948    0    0 899744 436064 210592 762937 23  8 56 14  0  0
30 10 115568 128601856 2141696 47790964    0    0 897664 430232 209743 758764 23  9 55 13  0  0
37  5 115568 128590344 2141696 47790984    0    0 898368 439964 211944 767686 23  9 55 13  0  0
22 16 115568 128585080 2141696 47791004    0    0 896048 439960 211874 767321 23  9 55 13  0  0
27 12 115568 128585500 2141696 47791028    0    0 897792 440584 213008 766355 23  9 55 13  0  0
36  6 115568 128569672 2141696 47791048    0    0 896448 439376 211223 766576 23  9 55 13  0  0
30  9 115568 128573428 2141696 47791064    0    0 901056 441604 213086 769386 23  9 55 13  0  0
33  8 115568 128577628 2141700 47791084    0    0 901376 439808 212474 770199 23  9 55 13  0  0
27 13 115568 128602192 2141700 47791092    0    0 908448 439328 212538 771067 23  8 55 14  0  0
28 12 115568 128588496 2141700 47791116    0    0 896176 438580 210979 766727 23  9 55 13  0  0
28  9 115568 128593876 2141700 47791132    0    0 898832 437728 211165 769664 23  9 55 13  0  0
32  9 115568 128590800 2141700 47791152    0    0 900672 437400 211683 769060 23  9 55 13  0  0
27 10 115568 128583520 2141700 47791168    0    0 897600 436136 211484 766314 23  9 55 13  0  0
26 14 115568 128587844 2141700 47791200    0    0 898848 438084 211735 767280 23  9 55 13  0  0
25 11 115568 128578340 2141700 47791216    0    0 899440 438648 211884 768769 23  9 54 13  0  0
24 10 115568 128596384 2141700 47791304    0    0 908976 439320 212096 770464 23  8 56 13  0  0
23 14 115568 128594908 2141700 47791312    0    0 902832 440528 211705 768760 23  8 55 13  0  0
29  9 115568 128578876 2141700 47791336    0    0 897760 437396 210925 766234 23  9 55 13  0  0
29 10 115568 128579604 2141700 47791352    0    0 897184 437988 211176 767336 23  9 55 13  0  0
28 10 115568 128577368 2141700 47791376    0    0 893776 436896 211082 762293 23  9 54 13  0  0
procs -----------memory---------- ---swap-- -----io---- -system-- -------cpu-------
 r  b   swpd   free   buff  cache   si   so    bi    bo   in   cs us sy id wa st gu
31  9 115568 128580288 2141700 47791408    0    0 894032 438296 210653 766983 23  9 55 13  0  0
32  6 115568 128590204 2141700 47791436    0    0 899952 438340 211455 768467 23  9 55 13  0  0
34  6 115568 128593636 2141704 47791448    0    0 898624 437192 214846 766345 23  9 55 13  0  0
18 19 115568 128603868 2141704 47791464    0    0 910560 438320 211358 766269 23  7 56 14  0  0
28 14 115568 128594252 2141704 47791476    0    0 894736 438792 211292 765589 23  9 55 13  0  0
21 16 115568 128581064 2141704 47791504    0    0 882912 434780 209295 750372 23  9 55 14  0  0
18 17 115568 128574296 2141704 47791524    0    0 852464 425812 204381 729767 22  9 55 14  0  0
23 13 115568 128569688 2141708 47791544    0    0 858160 416516 204541 727517 22  9 55 14  0  0
25 11 115568 128580896 2141708 47791564    0    0 901824 435916 211455 767710 23  9 55 13  0  0
31  9 115568 128578752 2141708 47791580    0    0 897856 435656 211365 767436 23  9 54 13  0  0
30  6 115568 128579012 2141708 47791604    0    0 900464 437888 210902 766677 23  8 55 13  0  0
22 15 115568 128593688 2141708 47791616    0    0 907584 436812 211076 767275 23  8 56 14  0  0
27 10 115568 128591760 2141712 47791632    0    0 901152 437224 211742 765502 23  9 55 13  0  0
27 14 115568 128578604 2141712 47791652    0    0 897776 435860 210585 766230 23  9 55 13  0  0
27  9 115568 128581904 2141712 47791672    0    0 899424 438280 211163 770200 23  9 55 13  0  0
29  8 115568 128584004 2141712 47791692    0    0 903392 436324 211752 770301 23  9 55 13  0  0
26 14 115568 128576364 2141712 47791712    0    0 897616 437616 211801 766938 23  9 55 13  0  0
29  7 115568 128574488 2141716 47791728    0    0 897600 437928 212308 767308 23  9 55 13  0  0
18 16 115568 128598376 2141716 47791748    0    0 908000 437144 211774 768195 23  8 56 14  0  0
19 17 115568 128593744 2141716 47791756    0    0 897344 438596 210968 766924 23  8 55 13  0  0
24 10 115568 128585724 2141716 47791780    0    0 899680 432640 210493 765627 23  9 55 13  0  0
procs -----------memory---------- ---swap-- -----io---- -system-- -------cpu-------
 r  b   swpd   free   buff  cache   si   so    bi    bo   in   cs us sy id wa st gu
27  9 115568 128585480 2141716 47791804    0    0 900928 436072 211334 767756 23  9 55 13  0  0
31  8 115568 128579996 2141720 47791828    0    0 899792 437276 211801 767136 23  9 55 13  0  0
31  8 115568 128583676 2141720 47791848    0    0 897568 437104 210832 766774 23  9 55 13  0  0
28 13 115568 128571596 2141720 47791864    0    0 896592 436524 208761 765283 23  9 55 13  0  0
21 15 115568 128587232 2141720 47791888    0    0 898528 434508 211072 766392 23  9 55 13  0  0
27 10 115568 128599244 2141720 47791896    0    0 907984 431864 210628 765532 23  8 56 14  0  0
27 12 115568 128585816 2141720 47791916    0    0 890576 434964 210523 763150 23  9 55 13  0  0
34  5 115568 128577104 2141720 47791940    0    0 893888 432752 210300 763430 23  9 55 13  0  0
27 10 115568 128575016 2141720 47791960    0    0 899056 433216 212305 766442 23  9 55 13  0  0
24 11 115568 128575752 2141720 47791980    0    0 897568 432668 211269 765054 23  9 55 13  0  0
31  6 115568 128585568 2141720 47792000    0    0 902256 432704 211772 766099 23  9 55 13  0  0
23 13 115568 128584096 2141720 47792024    0    0 868800 422480 206428 740457 23  9 55 14  0  0
28  8 115568 128605020 2141720 47792048    0    0 876368 423176 206876 742551 22  8 56 14  0  0
34  6 115568 128611248 2141720 47792056    0    0 864784 421788 206159 734084 22  8 56 14  0  0
24 10 115568 128594540 2141720 47792072    0    0 892432 427416 210560 759253 23  9 55 13  0  0
28  9 115568 128579164 2141720 47792092    0    0 899232 436272 211863 766341 23  9 55 13  0  0
26 10 115568 128569404 2141724 47792120    0    0 898752 436772 211278 767792 23  9 55 13  0  0
23 11 115568 128578612 2141724 47792140    0    0 899248 435184 211142 764254 23  9 55 13  0  0
30  8 115568 128576516 2141724 47792160    0    0 898128 433504 211003 766730 23  9 55 13  0  0
34  8 115568 128583016 2141724 47792176    0    0 898208 432640 210433 764777 23  9 55 13  0  0
28  8 115568 128597532 2141724 47792192    0    0 903088 433868 210023 764027 23  7 56 14  0  0
procs -----------memory---------- ---swap-- -----io---- -system-- -------cpu-------
 r  b   swpd   free   buff  cache   si   so    bi    bo   in   cs us sy id wa st gu
24 12 115568 128599920 2141724 47792212    0    0 901872 436464 211944 768765 23  9 55 13  0  0
26  9 115568 128585468 2141724 47792228    0    0 900880 436392 211987 768242 23  9 55 13  0  0
29  7 115568 128575920 2141724 47792248    0    0 900160 436248 211202 768406 23  9 55 13  0  0
29  9 115568 128570588 2141724 47792264    0    0 900096 436344 211346 767943 23  9 55 13  0  0
23 13 115568 128583636 2141724 47792292    0    0 895280 428248 209691 759580 23  9 55 13  0  0
25 10 115568 128581380 2141724 47792312    0    0 899840 436224 211050 766536 23  9 54 13  0  0
30  6 115568 128585676 2141724 47792328    0    0 902400 435080 211678 766755 23  8 55 13  0  0
21 16 115568 128599944 2141724 47792344    0    0 904784 436024 211424 767540 23  8 56 14  0  0
32  7 115568 128583136 2141724 47792360    0    0 901152 437240 212128 768250 23  9 55 13  0  0
22 13 115568 128576212 2141724 47792380    0    0 898544 435764 211026 767186 23  9 55 13  0  0
25 12 115568 128566676 2141724 47792404    0    0 897216 436804 211749 766966 23  9 55 13  0  0
30  8 115568 128562308 2141724 47792428    0    0 897456 434876 211647 764857 23  9 55 13  0  0
26  9 115568 128584692 2141724 47792440    0    0 900880 435308 211982 767968 23  9 55 13  0  0
22 15 115568 128575632 2141724 47792544    0    0 891328 433736 210211 759829 23  9 54 13  0  0
21 13 115568 128596812 2141724 47792572    0    0 905056 437528 211813 765723 23  8 56 14  0  0
23 13 115568 128597592 2141724 47792580    0    0 898768 436976 210629 764491 23  8 55 13  0  0
23 11 115568 128584724 2141724 47792600    0    0 895648 438176 211506 766502 23  9 55 13  0  0
22 16 115568 128571604 2141724 47792620    0    0 862752 429164 205911 735846 23  9 55 14  0  0
31  5 115568 128563560 2141724 47792640    0    0 865568 428496 206629 735551 22  9 55 14  0  0
22 14 115568 128576636 2141724 47792676    0    0 864752 429236 206055 738241 22  9 55 14  0  0
21 16 115568 128592140 2141724 47792692    0    0 892288 436736 210465 761902 23  9 55 13  0  0
procs -----------memory---------- ---swap-- -----io---- -system-- -------cpu-------
 r  b   swpd   free   buff  cache   si   so    bi    bo   in   cs us sy id wa st gu
23 13 115568 128590556 2141724 47792712    0    0 894464 436308 210540 761300 23  9 55 13  0  0
26  9 115568 128603916 2141724 47792720    0    0 908080 437680 211748 767863 23  7 56 14  0  0
20 17 115568 128584580 2141724 47792740    0    0 898320 437500 212614 766801 23  9 54 13  0  0
23 16 115568 128566756 2141724 47792768    0    0 897184 431788 211357 763365 23  9 54 13  0  0
27 11 115568 128567348 2141724 47792788    0    0 898000 439416 211874 767321 23  9 55 13  0  0
23 11 115568 128571648 2141724 47792804    0    0 898368 434888 211867 765397 23  9 55 13  0  0
29  8 115568 128553900 2141724 47792824    0    0 902704 426840 210884 759653 23  9 55 13  0  0
24 13 115568 128557344 2141724 47792848    0    0 899168 427372 210896 762291 23  9 55 13  0  0
26  9 115568 128571584 2141724 47792860    0    0 907840 431576 211356 763944 23  8 55 13  0  0
25 13 115568 128591424 2141724 47792872    0    0 907488 426320 209757 760407 23  8 55 13  0  0
23 12 115568 128578064 2141724 47792888    0    0 899072 436620 210895 768402 23  9 54 13  0  0
27 11 115568 128568688 2141724 47792908    0    0 900112 437780 210229 773246 23  9 55 13  0  0
25 10 115568 128572560 2141724 47792928    0    0 898672 439076 210025 771437 23  9 54 13  0  0
27  8 115568 128578308 2141724 47792952    0    0 898384 436372 210751 762676 23  9 55 13  0  0
22 15 115568 128575340 2141724 47792972    0    0 900576 439888 212019 768821 23  9 55 13  0  0
26  9 115568 128568268 2141724 47792992    0    0 899104 439144 212445 767629 23  9 55 13  0  0
21 13 115568 128584652 2141724 47793004    0    0 908256 439440 212304 768502 23  8 56 14  0  0
31 10 115568 128565812 2141724 47793020    0    0 899680 437012 212348 765954 23  9 55 13  0  0
31  7 115568 128560092 2141724 47793036    0    0 899952 439988 211740 767545 23  9 55 13  0  0
30 12 115568 128571196 2141724 47793060    0    0 892800 436480 211229 761295 23  9 55 13  0  0
24 14 115568 128572372 2141724 47793080    0    0 896320 436680 210632 762753 23  9 55 13  0  0
procs -----------memory---------- ---swap-- -----io---- -system-- -------cpu-------
 r  b   swpd   free   buff  cache   si   so    bi    bo   in   cs us sy id wa st gu
26 12 115568 128574792 2141724 47793100    0    0 895104 438100 210830 765041 23  9 55 13  0  0
28  9 115568 128553336 2141724 47793120    0    0 900816 438988 211785 767728 23  9 55 13  0  0
25 10 115568 128572432 2141724 47793140    0    0 879456 433716 211035 750691 23  8 55 14  0  0
28 12 115568 128590796 2141724 47793156    0    0 872928 430028 206862 739698 22  8 56 15  0  0
27 10 115568 128576572 2141724 47793164    0    0 857936 429400 206106 734369 22  8 55 14  0  0
23 13 115568 128561408 2141724 47793192    0    0 890288 437292 210114 759554 23  9 55 13  0  0
28  9 115568 128586612 2141724 47793212    0    0 896288 438824 211190 765432 23  9 55 13  0  0
25 13 115568 128573312 2141724 47793228    0    0 898752 439904 211752 768885 23  9 55 13  0  0
22 14 115568 128579100 2141724 47793248    0    0 893648 437724 211480 765164 23  9 55 13  0  0
27 10 115568 128561528 2141724 47793272    0    0 902720 441420 211936 770267 23  9 55 13  0  0
29  7 115568 128573100 2141724 47793292    0    0 902752 438804 212133 767303 23  8 55 14  0  0
34  6 115568 128577772 2141724 47793304    0    0 902320 436772 210683 766494 23  8 55 14  0  0
28 11 115568 128571572 2141724 47793324    0    0 900672 433944 210824 765456 23  9 55 13  0  0
23 13 115568 128573052 2141724 47793344    0    0 900272 434044 211497 765976 23  9 55 13  0  0
23 14 115568 128578404 2141724 47793368    0    0 898288 435060 211568 768689 23  9 55 13  0  0
26 11 115568 128575692 2141724 47793392    0    0 902048 434868 211345 768807 23  9 55 13  0  0
29  8 115568 128577512 2141724 47793412    0    0 898368 438080 212068 766809 23  9 55 13  0  0
25 12 115568 128569244 2141724 47793432    0    0 899120 428284 210916 761852 23  9 55 13  0  0
20 14 115568 128581468 2141724 47793448    0    0 906288 436528 212425 769019 23  8 56 14  0  0
23 11 115568 128563032 2141724 47793468    0    0 902592 436240 212268 768739 24  9 54 13  0  0
20 16 115568 128570708 2141724 47793488    0    0 900464 435136 211558 769561 23  9 55 13  0  0
procs -----------memory---------- ---swap-- -----io---- -system-- -------cpu-------
 r  b   swpd   free   buff  cache   si   so    bi    bo   in   cs us sy id wa st gu
24 12 115568 128563568 2141724 47793500    0    0 901168 434816 211108 770071 23  9 55 13  0  0
24 12 115568 128568920 2141724 47793520    0    0 897984 435676 211172 768248 23  9 55 13  0  0
24 11 115568 128569396 2141728 47793536    0    0 899472 435052 211224 766264 23  9 55 13  0  0
28  9 115568 128571956 2141728 47793560    0    0 897968 432832 211069 765813 23  9 54 13  0  0
27  7 115568 128566068 2141728 47793580    0    0 906192 433892 212744 766646 23  8 55 13  0  0
29 10 115568 128571648 2141728 47793592    0    0 902512 434712 211361 763402 23  8 55 14  0  0
28  8 115568 128568680 2141728 47793608    0    0 888480 430508 210229 756266 23  9 55 13  0  0
28  8 115568 128566624 2141728 47793628    0    0 898544 434492 211858 766385 23  9 55 13  0  0
27  9 115568 128574596 2141728 47793656    0    0 899088 434080 211613 768116 23  9 55 13  0  0
24 12 115568 128560516 2141728 47793672    0    0 877280 425224 207011 743361 23  9 55 14  0  0
19 17 115568 128558628 2141728 47793760    0    0 860368 422264 205164 733949 22  9 55 14  0  0
31  8 115568 128564076 2141728 47793776    0    0 865008 425064 206127 738428 22  9 55 14  0  0
29 12 115568 128562548 2141728 47793792    0    0 904896 433624 210517 763974 23  8 55 14  0  0
29 12 115568 128573644 2141728 47793816    0    0 903744 434456 211629 766256 23  8 55 13  0  0
29  8 115568 128554792 2141728 47793832    0    0 898832 431500 211172 767649 23  9 55 13  0  0
27  9 115568 128560616 2141728 47793852    0    0 902096 432956 211749 768843 23  9 54 13  0  0
21 15 115568 128564772 2141728 47793872    0    0 899840 433388 211522 769081 23  9 54 13  0  0
27 12 115568 128562728 2141728 47793892    0    0 898736 434728 211627 769929 23  9 55 13  0  0
25 13 115568 128561700 2141728 47793912    0    0 899168 425552 209705 761999 23  9 55 13  0  0
24 13 115568 128566808 2141728 47793932    0    0 898256 435440 210922 764271 23  9 55 13  0  0
24 13 115568 128591304 2141728 47793944    0    0 911360 438852 211382 776068 23  8 56 14  0  0
procs -----------memory---------- ---swap-- -----io---- -system-- -------cpu-------
 r  b   swpd   free   buff  cache   si   so    bi    bo   in   cs us sy id wa st gu
26 10 115568 128575396 2141732 47793952    0    0 898128 438196 212863 770452 24  9 55 13  0  0
27  9 115568 128561296 2141732 47793976    0    0 900800 435392 211517 766392 23  9 55 13  0  0
22 15 115568 128572108 2141732 47794004    0    0 899840 435752 211037 765952 23  9 55 13  0  0
26  9 115568 128571080 2141732 47794020    0    0 893024 435360 210690 763112 23  9 55 13  0  0
29  7 115568 128571200 2141732 47794052    0    0 898848 437616 211427 766565 23  9 55 13  0  0
34  4 115568 128561612 2141736 47794064    0    0 900864 438460 211486 769925 23  9 55 13  0  0
26  9 115568 128566748 2141736 47794096    0    0 905200 439664 211608 770058 23  8 55 13  0  0
30  8 115568 128582104 2141736 47794108    0    0 907248 438212 212128 766053 23  8 55 13  0  0
23 12 115568 128572772 2141736 47794124    0    0 898816 435788 210918 767232 23  9 55 13  0  0
21 16 115568 128568380 2141736 47794140    0    0 896848 436124 211066 765246 23  9 55 13  0  0
27 10 115568 128575448 2141736 47794164    0    0 901296 436320 212391 766418 23  9 55 13  0  0
23 13 115568 128560100 2141736 47794184    0    0 899696 434932 211947 766462 23  9 55 13  0  0
25 12 115568 128544260 2141736 47794204    0    0 895824 434836 210833 762065 23  9 55 13  0  0
30  9 115568 128560132 2141736 47794236    0    0 892000 434764 210441 761342 23  9 55 13  0  0
23 13 115568 128568520 2141736 47794244    0    0 899328 431912 209035 756979 22  8 56 14  0  0
20 16 115568 128564660 2141740 47794252    0    0 867808 426980 205949 737307 22  8 55 14  0  0
32  5 115568 128568228 2141740 47794276    0    0 869760 426392 206855 741583 23  9 55 14  0  0
24 13 115568 128564536 2141740 47794296    0    0 893456 431192 210006 759719 23  9 55 13  0  0
21 15 115568 128559412 2141740 47794320    0    0 895264 433168 210929 763632 23  9 55 13  0  0
28  7 115568 128560948 2141740 47794336    0    0 899856 434644 212027 769040 23  9 55 13  0  0
28  8 115568 128571752 2141740 47794356    0    0 902288 434372 213212 767744 23  9 55 13  0  0
procs -----------memory---------- ---swap-- -----io---- -system-- -------cpu-------
 r  b   swpd   free   buff  cache   si   so    bi    bo   in   cs us sy id wa st gu
26 11 115568 128583616 2141740 47794376    0    0 898800 430180 210539 760936 23  9 55 13  0  0
32  5 115568 128604640 2141740 47794392    0    0 907744 439144 212532 767923 23  8 56 14  0  0
33  4 115568 128587104 2141740 47794412    0    0 901264 440424 212253 768441 23  9 55 13  0  0
30  9 115568 128565788 2141740 47794432    0    0 901920 439216 211737 767522 23  9 55 13  0  0
36  5 115568 128564204 2141744 47794444    0    0 899728 438844 211680 766771 23  9 55 13  0  0
29  9 115568 128559940 2141744 47794472    0    0 900496 435580 212043 766987 23  9 54 13  0  0
25 13 115568 128558268 2141744 47794488    0    0 898720 434824 211531 767135 23  9 55 13  0  0
18 12 115568 128568304 2141744 47794508    0    0 903536 435708 211595 769374 23  9 55 13  0  0
31  5 115568 128574540 2141744 47794528    0    0 904096 437468 211492 771754 23  8 55 13  0  0
26  7 115568 128575608 2141744 47794540    0    0 904096 433104 211320 769661 23  8 55 13  0  0
21  6 115568 128558384 2141764 47794536    0    0 897216 429776 211930 764167 24  9 54 13  0  0
20  6 115568 128564944 2141764 47794628    0    0 898480 425548 211797 763183 23  9 55 13  0  0
31  7 115568 128571264 2141764 47794648    0    0 899440 428016 212002 764912 23  9 55 13  0  0
28 11 115568 128563392 2141764 47794672    0    0 897984 432580 211869 763253 23  9 55 13  0  0
14 24 115568 128562772 2141764 47794692    0    0 903424 426680 211910 762120 23  9 55 13  0  0
15 24 115568 128554880 2141764 47794708    0    0 905104 429232 212168 761183 23  9 55 13  0  0
27 14 115568 128577332 2141764 47794732    0    0 908208 437360 211987 768676 23  8 56 14  0  0
25 15 115568 128575036 2141764 47794748    0    0 896368 436888 212047 760222 23  8 55 13  0  0
21 17 115568 128577876 2141764 47794768    0    0 897648 439488 211650 767564 23  9 54 13  0  0
17 22 115568 128570132 2141764 47794788    0    0 893872 435008 211006 762047 23  9 55 13  0  0
36 21 115568 128559720 2141764 47794808    0    0 877552 430268 206918 744614 23  9 55 14  0  0
procs -----------memory---------- ---swap-- -----io---- -system-- -------cpu-------
 r  b   swpd   free   buff  cache   si   so    bi    bo   in   cs us sy id wa st gu
16 22 115568 128559260 2141764 47794828    0    0 866480 427104 206204 737979 22  9 55 14  0  0
17 22 115568 128566376 2141764 47794844    0    0 866016 427500 206963 738555 23  8 55 14  0  0
22 17 115568 128581564 2141764 47794868    0    0 902224 433660 211039 765639 23  9 55 13  0  0
21 18 115568 128592460 2141764 47794884    0    0 904848 430340 211879 762059 23  8 56 14  0  0
25 15 115568 128567740 2141764 47794896    0    0 897440 436500 212113 766132 23  9 55 13  0  0
45  9 115568 128567448 2141764 47794920    0    0 898672 430428 211616 761941 23  9 55 13  0  0
17 19 115568 128564880 2141764 47794936    0    0 899504 430284 211699 762004 23  9 54 13  0  0
15 24 115568 128571856 2141764 47795032    0    0 896096 428216 212005 763340 23  9 55 13  0  0
20 20 115568 128570940 2141764 47795052    0    0 898288 437224 211499 767903 23  9 55 13  0  0
25 16 115568 128566148 2141768 47795072    0    0 901200 434892 211996 766634 23  9 54 13  0  0
24 17 115568 128578440 2141768 47795100    0    0 905280 440460 211335 768563 23  8 55 13  0  0
31 12 115568 128576480 2141768 47795108    0    0 905904 435340 211741 766888 23  8 55 14  0  0
18 21 115568 128569720 2141768 47795132    0    0 900944 437088 211759 765554 23  9 55 13  0  0
19 22 115568 128556060 2141768 47795152    0    0 903776 432252 211157 765331 23  9 55 13  0  0
12 27 115568 128566328 2141768 47795172    0    0 896816 437648 210515 762870 23  9 55 13  0  0
14 23 115568 128572944 2141768 47795188    0    0 898464 436728 211229 768150 23  9 55 13  0  0
20 21 115568 128569464 2141768 47795208    0    0 897312 440508 211791 767463 23  9 54 13  0  0
31 15 115568 128566452 2141768 47795236    0    0 900192 438024 212679 767148 23  9 55 13  0  0
21 17 115568 128584136 2141768 47795252    0    0 907984 441748 212127 770516 23  8 56 14  0  0
17 21 115568 128578372 2141768 47795264    0    0 902128 439208 211382 764633 23  9 55 13  0  0
19 20 115568 128574092 2141768 47795280    0    0 900672 426184 211513 760355 23  9 55 13  0  0
procs -----------memory---------- ---swap-- -----io---- -system-- -------cpu-------
 r  b   swpd   free   buff  cache   si   so    bi    bo   in   cs us sy id wa st gu
20 20 115568 128554960 2141768 47795300    0    0 895872 432660 211227 760510 23  9 55 13  0  0
20 21 115568 128547020 2141768 47795328    0    0 900192 430180 210930 763446 23  9 55 13  0  0
39 15 115568 128556208 2141768 47795348    0    0 900336 439532 212309 768000 23  9 55 13  0  0
18 19 115568 128566032 2141776 47795352    0    0 897568 432432 211181 767125 23  9 55 13  0  0
14 24 115568 128569428 2141776 47795376    0    0 898608 437672 211398 763881 23  8 55 13  0  0
24 16 115568 128582680 2141776 47795388    0    0 901200 431688 210402 763942 23  8 56 14  0  0
30 22 115568 128569092 2141776 47795424    0    0 869232 424324 206333 738252 23  8 55 14  0  0
22 19 115568 128569672 2141776 47795440    0    0 865296 424352 206067 738965 22  9 55 14  0  0
16 21 115568 128571096 2141780 47795460    0    0 876912 430836 207872 747716 23  9 55 14  0  0
21 19 115568 128567708 2141780 47795480    0    0 893888 427492 210655 764543 23  9 55 13  0  0
28 13 115568 128560984 2141780 47795500    0    0 894320 442592 211417 762600 23  9 54 13  0  0
23 18 115568 128564984 2141780 47795524    0    0 900000 432984 211236 763722 23  9 55 13  0  0
22 17 115568 128588320 2141780 47795540    0    0 905264 435744 212598 770327 23  8 55 13  0  0
25 14 115568 128582640 2141780 47795552    0    0 905136 436752 212559 769377 23  8 55 13  0  0
14 24 115568 128571580 2141780 47795568    0    0 900736 442800 212001 766964 23  9 55 13  0  0
22 19 115568 128564424 2141780 47795592    0    0 901200 426244 209774 759747 23  9 55 13  0  0
30 14 115568 128570284 2141780 47795612    0    0 898112 431024 210082 762301 23  9 55 13  0  0
21 19 115568 128569720 2141780 47795632    0    0 901536 434044 211407 767210 23  9 55 13  0  0
19 21 115568 128569616 2141780 47795652    0    0 901216 436468 211489 766105 23  9 55 13  0  0
16 21 115568 128563024 2141780 47795668    0    0 899280 442176 211653 765918 23  9 54 13  0  0
30 11 115568 128583996 2141780 47795684    0    0 910736 436684 212551 770376 23  7 56 14  0  0
procs -----------memory---------- ---swap-- -----io---- -system-- -------cpu-------
 r  b   swpd   free   buff  cache   si   so    bi    bo   in   cs us sy id wa st gu
20 25 115568 128586736 2141780 47795696    0    0 903120 441208 212260 769454 23  9 55 13  0  0
20 20 115568 128576700 2141780 47795716    0    0 898816 438844 212631 768241 23  9 55 13  0  0
25 16 115568 128558944 2141780 47795736    0    0 901616 436692 211399 767572 23  9 54 13  0  0
28 13 115568 128557832 2141780 47795756    0    0 905312 431592 210492 762981 23  9 55 13  0  0
24 16 115568 128561936 2141780 47795780    0    0 900336 441464 212662 769325 23  9 54 13  0  0
17 22 115568 128574972 2141780 47795796    0    0 899072 435772 211682 766680 23  9 55 13  0  0
15 23 115568 128578196 2141780 47795820    0    0 904240 427884 209884 761377 23  8 55 13  0  0
33  8 115568 128596092 2141780 47795828    0    0 908480 424992 209585 760617 23  8 55 13  0  0
20 19 115568 128581660 2141780 47795852    0    0 897424 442872 210917 762032 23  9 55 13  0  0
23 16 115568 128561776 2141780 47795876    0    0 896096 440716 211673 768055 23  9 55 13  0  0
25 15 115568 128560012 2141780 47795892    0    0 901024 435636 213142 768019 23  9 55 13  0  0
21 18 115568 128572224 2141780 47795916    0    0 879600 414856 206452 744141 23  9 55 14  0  0
16 23 115568 128560792 2141784 47795936    0    0 850992 428312 205135 726903 22  9 55 14  0  0
25 15 115568 128553832 2141784 47795968    0    0 847056 428364 203800 718947 22  8 55 15  0  0
22 18 115568 128568944 2141784 47795984    0    0 869520 421392 203879 729973 22  8 56 14  0  0
21 19 115568 128569656 2141784 47795992    0    0 879600 423432 207325 745881 23  8 55 14  0  0
23 18 115568 128581100 2141784 47796012    0    0 890976 441476 210352 759737 23  9 55 13  0  0
24 17 115568 128582696 2141784 47796028    0    0 898704 435720 211057 764884 23  9 55 13  0  0
26 15 115568 128581960 2141784 47796056    0    0 898656 436196 211454 767578 23  9 55 13  0  0
17 22 115568 128568724 2141784 47796072    0    0 899312 444408 211588 767687 23  9 55 13  0  0
20 20 115568 128565416 2141784 47796092    0    0 901616 437636 211689 767587 23  9 55 13  0  0
procs -----------memory---------- ---swap-- -----io---- -system-- -------cpu-------
 r  b   swpd   free   buff  cache   si   so    bi    bo   in   cs us sy id wa st gu
15 23 115568 128571156 2141784 47796112    0    0 900768 441084 212649 769018 23  9 55 13  0  0
29 17 115568 128592060 2141784 47796132    0    0 907408 427600 209807 759460 23  8 56 14  0  0
18 20 115568 128577036 2141784 47796148    0    0 899648 441660 211748 765337 23  9 55 13  0  0
24 16 115568 128563972 2141784 47796168    0    0 898768 434144 211124 765799 23  9 55 13  0  0
14 24 115568 128570684 2141784 47796252    0    0 897200 438408 210775 771691 23  9 55 13  0  0
16 24 115568 128560928 2141784 47796276    0    0 895984 436192 211645 763575 23  9 55 13  0  0
17 21 115568 128561656 2141788 47796288    0    0 902176 436032 212448 770759 23  9 55 13  0  0
26 18 115568 128564872 2141788 47796316    0    0 900256 441616 211169 772806 23  9 55 13  0  0
17 23 115568 128583108 2141788 47796332    0    0 907200 438616 211392 769676 23  8 55 14  0  0
27 14 115568 128600928 2141788 47796344    0    0 905296 437948 211355 767515 23  8 55 14  0  0
16 23 115568 128580408 2141788 47796364    0    0 900096 440880 211255 767010 23  9 55 13  0  0
24 18 115568 128561444 2141792 47796384    0    0 896832 440948 212454 767638 23  9 55 13  0  0
24 17 115568 128554100 2141792 47796408    0    0 903072 437268 211940 766485 23  9 55 13  0  0
21 21 115568 128558276 2141792 47796420    0    0 900240 435624 211252 768557 23  9 55 13  0  0
27 13 115568 128563996 2141792 47796436    0    0 900832 437716 212224 769426 23  9 55 13  0  0
37 11 115568 128570208 2141792 47796460    0    0 896976 435476 211567 766132 23  9 55 13  0  0
15 24 115568 128599716 2141792 47796484    0    0 908208 437520 211025 764127 23  8 56 14  0  0
18 22 115568 128576696 2141796 47796500    0    0 900928 432332 211826 765738 23  9 55 13  0  0
17 24 115568 128561024 2141796 47796516    0    0 867520 415168 206289 738024 23  9 55 14  0  0
16 25 115568 128551496 2141796 47796536    0    0 839456 430380 203073 718444 22  8 55 15  0  0
15 26 115568 128544360 2141796 47796556    0    0 851840 417432 203432 725667 22  8 55 14  0  0
procs -----------memory---------- ---swap-- -----io---- -system-- -------cpu-------
 r  b   swpd   free   buff  cache   si   so    bi    bo   in   cs us sy id wa st gu
26 18 115568 128546792 2141796 47796584    0    0 874864 441036 208477 749132 23  9 55 14  0  0
30 11 115568 128567000 2141796 47796600    0    0 896720 431168 210966 760199 23  9 55 13  0  0
22 16 115568 128557256 2141796 47796620    0    0 897216 432976 210682 763010 23  8 55 13  0  0
28 13 115568 128564248 2141796 47796632    0    0 905728 447740 210764 771540 23  8 56 14  0  0
25 15 115568 128566788 2141796 47796652    0    0 902144 426764 211357 769684 23  9 55 13  0  0
22 18 115568 128568636 2141796 47796680    0    0 898768 440988 211903 768707 23  9 55 13  0  0
29 17 115568 128566388 2141800 47796696    0    0 900608 439328 211219 768259 23  9 55 13  0  0
16 23 115568 128578324 2141800 47796716    0    0 901088 436752 210613 771049 23  9 55 13  0  0
25 17 115568 128555896 2141800 47796740    0    0 900640 431064 211246 765723 23  9 55 13  0  0
22 17 115568 128548808 2141800 47796752    0    0 899392 430408 211605 766898 23  9 55 13  0  0
21 17 115568 128569004 2141800 47796784    0    0 903632 444052 211732 768770 23  8 56 14  0  0
18 21 115568 128574320 2141804 47796792    0    0 902544 435672 211949 766972 23  8 55 13  0  0
28 13 115568 128567408 2141804 47796808    0    0 901696 433408 211367 766810 23  9 55 13  0  0
29 13 115568 128557992 2141804 47796828    0    0 897264 437108 211092 767562 23  9 55 13  0  0
24 19 115568 128556164 2141804 47796848    0    0 899744 439820 211994 766471 23  9 55 13  0  0
22 18 115568 128557412 2141804 47796868    0    0 898544 438228 211636 764341 23  9 55 13  0  0
20 19 115568 128552336 2141804 47796892    0    0 901600 428960 210820 763926 23  9 55 13  0  0
24 17 115568 128557296 2141804 47796908    0    0 903360 436228 212316 768319 23  9 55 13  0  0
15 23 115568 128577624 2141804 47796924    0    0 910592 440680 212507 768674 23  8 56 14  0  0
39 17 115568 128574568 2141804 47796940    0    0 898544 433908 210625 765079 23  9 55 13  0  0
19 20 115568 128577052 2141804 47796960    0    0 903344 437832 211866 768418 23  9 55 13  0  0
procs -----------memory---------- ---swap-- -----io---- -system-- -------cpu-------
 r  b   swpd   free   buff  cache   si   so    bi    bo   in   cs us sy id wa st gu
21 19 115568 128556948 2141804 47796980    0    0 900848 435108 211655 766360 23  9 55 13  0  0
28 11 115568 128551236 2141804 47797000    0    0 897072 433956 211145 764000 23  9 55 13  0  0
20 18 115568 128559248 2141804 47797016    0    0 901744 428172 211554 768218 24  9 55 13  0  0
22 18 115568 128554968 2141804 47797040    0    0 864480 412600 206774 740368 23  9 55 14  0  0
21 20 115568 128569776 2141804 47797056    0    0 862480 432440 206024 735178 22  8 56 14  0  0
18 20 115568 128574804 2141804 47797068    0    0 858208 430724 203848 725927 22  8 56 15  0  0
21 20 115568 128559244 2141804 47797084    0    0 866496 426396 206481 738563 22  9 55 14  0  0
30 14 115568 128546928 2141804 47797104    0    0 882544 439056 207942 756183 23  9 55 14  0  0
21 19 115568 128562240 2141804 47797132    0    0 891600 434472 210131 762787 23  9 55 13  0  0
17 23 115568 128555452 2141804 47797152    0    0 893888 440384 210525 763516 23  9 54 13  0  0
16 22 115568 128558784 2141808 47797168    0    0 902320 430060 212122 767936 23  9 55 13  0  0
22 21 115568 128553276 2141808 47797188    0    0 898944 447600 211626 767064 23  9 55 13  0  0
20 17 115568 128571760 2141808 47797212    0    0 906064 440600 211489 769180 23  8 56 14  0  0
14 25 115568 128570032 2141808 47797224    0    0 904896 431356 211279 765773 23  8 55 13  0  0
23 18 115568 128585304 2141808 47797244    0    0 900416 428316 210303 761685 23  9 54 13  0  0
16 23 115568 128563404 2141808 47797268    0    0 899968 434320 211357 767390 23  9 55 13  0  0
21 20 115568 128548104 2141808 47797288    0    0 893200 436576 211265 763441 23  9 55 13  0  0
21 18 115568 128550640 2141808 47797308    0    0 899936 438380 211404 767878 23  9 55 13  0  0
20 24 115568 128555116 2141808 47797324    0    0 899680 439692 212247 767277 23  9 54 13  0  0
27 13 115568 128577352 2141808 47797348    0    0 901888 440120 211673 766595 23  9 55 13  0  0
20 22 115568 128586752 2141808 47797364    0    0 910672 434848 211151 768236 23  8 56 14  0  0
procs -----------memory---------- ---swap-- -----io---- -system-- -------cpu-------
 r  b   swpd   free   buff  cache   si   so    bi    bo   in   cs us sy id wa st gu
27 20 115568 128562900 2141808 47797376    0    0 899360 439144 211077 766373 23  9 55 13  0  0
27 21 115568 128557392 2141808 47797468    0    0 898048 434476 211555 768727 23  9 55 13  0  0
16 23 115568 128552800 2141808 47797496    0    0 900272 441952 211709 767629 23  9 55 13  0  0
19 24 115568 128562828 2141808 47797520    0    0 901664 439424 211026 765058 23  9 55 13  0  0
20 21 115568 128565144 2141808 47797540    0    0 899408 426204 211081 764651 23  9 55 13  0  0
27 18 115568 128561508 2141808 47797564    0    0 901856 443396 211527 766940 23  9 55 13  0  0
36 10 115568 128572028 2141808 47797580    0    0 901904 428392 209589 759047 23  8 55 14  0  0
25 17 115568 128577088 2141808 47797588    0    0 903968 423456 208831 756331 23  8 55 14  0  0
28 16 115568 128571548 2141808 47797608    0    0 895968 434768 211399 765460 23  9 55 13  0  0
19 21 115568 128565020 2141812 47797624    0    0 898928 431444 209656 769338 23  9 55 13  0  0
12 27 115568 128549220 2141812 47797644    0    0 861808 407364 203255 739008 22  9 55 14  0  0
21 21 115568 128542024 2141812 47797672    0    0 854672 439660 205247 729841 22  9 55 14  0  0
22 23 115568 128542312 2141812 47797688    0    0 855808 429944 204773 728226 22  8 55 14  0  0
23 20 115568 128553376 2141812 47797708    0    0 864432 430584 205893 735397 23  8 55 14  0  0
21 21 115568 128564616 2141812 47797728    0    0 893440 418932 208380 751263 23  7 56 14  0  0
18 22 115568 128570944 2141812 47797744    0    0 891152 424296 209317 753171 23  9 55 13  0  0
24 18 115568 128562900 2141812 47797764    0    0 894784 435940 210103 755569 23  9 55 13  0  0
17 22 115568 128567968 2141812 47797784    0    0 899776 426412 209812 758069 23  9 55 13  0  0
19 20 115568 128551864 2141812 47797804    0    0 896480 422452 209898 759651 23  9 55 13  0  0
28 14 115568 128575980 2141812 47797820    0    0 898432 430224 210600 758575 23  9 55 13  0  0
24 20 115568 128572656 2141812 47797848    0    0 900384 424088 210193 762369 23  9 55 13  0  0
procs -----------memory---------- ---swap-- -----io---- -system-- -------cpu-------
 r  b   swpd   free   buff  cache   si   so    bi    bo   in   cs us sy id wa st gu
23 15 115568 128575368 2141812 47797864    0    0 899840 428128 209292 758978 23  8 55 13  0  0
22 16 115568 128590928 2141812 47797876    0    0 905296 419652 209039 759458 23  8 55 13  0  0
21 19 115568 128570388 2141812 47797892    0    0 897136 428124 210103 758538 23  9 55 13  0  0
19 20 115568 128570124 2141812 47797908    0    0 900016 424676 210277 759598 23  9 54 13  0  0
22 18 115568 128563144 2141812 47797944    0    0 898096 421364 210937 759921 23  9 55 13  0  0
21 17 115568 128564100 2141812 47797960    0    0 898624 429908 209964 758161 23  9 55 13  0  0
27 15 115568 128563996 2141812 47797976    0    0 898320 418432 209025 757879 23  9 55 13  0  0
23 19 115568 128569472 2141812 47797996    0    0 903296 425844 209891 758986 23  9 55 13  0  0
33 19 115568 128580148 2141812 47798020    0    0 906256 419468 209372 760194 23  8 56 14  0  0
18 21 115568 128591348 2141812 47798036    0    0 904224 428636 210132 760601 23  8 55 13  0  0
33 14 115568 128578412 2141812 47798056    0    0 898304 433256 209184 753977 23  9 55 13  0  0
27 18 115568 128570696 2141812 47798076    0    0 900672 427456 210367 759777 23  9 55 13  0  0
22 19 115568 128572900 2141812 47798092    0    0 899440 425940 210185 759453 23  9 55 13  0  0
13 26 115568 128564560 2141812 47798108    0    0 900592 426068 210174 757816 23  9 55 13  0  0
22 18 115568 128559784 2141812 47798136    0    0 901664 426316 210418 758948 23  9 55 13  0  0
14 23 115568 128557332 2141812 47798148    0    0 901792 410048 208949 759368 23  9 55 13  0  0
29 15 115568 128577512 2141812 47798164    0    0 898832 416044 208561 749998 23  8 56 14  0  0
16 23 115568 128573764 2141812 47798248    0    0 856800 405532 204354 724733 22  8 55 14  0  0
20 20 115568 128559844 2141812 47798272    0    0 833680 423576 200440 701732 22  8 55 15  0  0
23 17 115568 128555036 2141812 47798296    0    0 857920 422912 204652 728065 22  9 55 14  0  0
16 24 115568 128558384 2141812 47798312    0    0 885936 431960 208950 747999 23  9 55 13  0  0
procs -----------memory---------- ---swap-- -----io---- -system-- -------cpu-------
 r  b   swpd   free   buff  cache   si   so    bi    bo   in   cs us sy id wa st gu
15 24 115568 128541396 2141812 47798332    0    0 898720 414128 209305 755529 23  9 55 13  0  0
17 23 115568 128557116 2141812 47798352    0    0 891984 425024 208988 753543 23  9 55 13  0  0
10 27 115568 128570472 2141812 47798376    0    0 896384 449184 210965 758394 23  8 55 13  0  0
24 15 115568 128576264 2141812 47798388    0    0 905184 422868 209625 758434 23  8 55 13  0  0
19 19 115568 128583348 2141812 47798404    0    0 897200 428456 209713 758384 23  9 55 13  0  0
17 21 115568 128569844 2141812 47798424    0    0 898832 428612 209898 758065 23  9 55 13  0  0
22 17 115568 128565604 2141812 47798440    0    0 900272 423356 209636 757348 23  9 55 13  0  0
20 17 115568 128571512 2141812 47798468    0    0 896928 427824 209861 757098 23  9 55 13  0  0
14 25 115568 128564080 2141816 47798492    0    0 804208 417368 198228 681771 21  8 59 12  0  0
26 12 115568 128560880 2141816 47798516    0    0 901824 428852 209885 757469 23  9 55 13  0  0
27 12 115568 128576000 2141816 47798536    0    0 903840 434464 209574 757523 23  8 56 14  0  0
23 15 115568 128573904 2141816 47798540    0    0 905504 423820 209783 758043 23  8 55 13  0  0
41 13 115568 128564840 2141816 47798564    0    0 898800 427904 209524 757515 23  9 55 13  0  0
15 23 115568 128553508 2141816 47798580    0    0 894672 428432 209471 758278 23  9 55 13  0  0
22 18 115568 128557104 2141816 47798608    0    0 896752 425268 210149 757871 23  9 55 13  0  0
22 19 115568 128558936 2141816 47798628    0    0 898848 433908 209503 757774 23  9 55 13  0  0
22 19 115568 128575280 2141816 47798648    0    0 899248 431852 210497 757129 23  9 55 13  0  0
25 14 115568 128557304 2141816 47798668    0    0 900736 429608 210082 758957 23  9 55 13  0  0
23 16 115568 128574044 2141816 47798684    0    0 910400 416876 210299 760360 23  8 56 14  0  0
22 17 115568 128562844 2141816 47798784    0    0 897856 443220 210999 756142 23  9 55 13  0  0
14 24 115568 128552668 2141816 47798804    0    0 898880 430132 209641 756591 23  9 55 13  0  0
procs -----------memory---------- ---swap-- -----io---- -system-- -------cpu-------
 r  b   swpd   free   buff  cache   si   so    bi    bo   in   cs us sy id wa st gu
21 19 115568 128554908 2141816 47798824    0    0 896912 428788 209328 754744 23  9 55 13  0  0
15 22 115568 128564372 2141816 47798848    0    0 899600 420756 209401 758532 23  9 55 13  0  0
18 22 115568 128555680 2141816 47798868    0    0 854240 381432 199500 711074 22  8 55 14  0  0
18 22 115568 128552060 2141816 47798888    0    0 835248 430784 201225 707056 22  8 55 15  0  0
19 21 115568 128574092 2141816 47798916    0    0 869456 449688 205758 730518 22  8 55 14  0  0
23 17 115568 128579012 2141816 47798928    0    0 897072 422288 209100 752203 23  8 55 13  0  0
28 18 115568 128566836 2141816 47798944    0    0 901104 418000 209588 757688 23  9 55 13  0  0
32 10 115568 128563908 2141816 47798960    0    0 888032 424224 208061 751906 23  9 55 13  0  0
31 11 115568 128555248 2141816 47798976    0    0 895776 445768 209600 753720 23  9 55 13  0  0
31 17 115568 128554872 2141816 47799000    0    0 898960 440180 210722 760232 23  9 55 13  0  0
31 20 115568 128551008 2141816 47799024    0    0 900192 432588 210409 758656 23  9 55 13  0  0
25 14 115568 128564596 2141816 47799040    0    0 895952 428980 210393 759029 23  9 55 13  0  0
20 18 115568 128585104 2141816 47799060    0    0 906416 439272 210198 759352 23  8 56 14  0  0
21 18 115568 128586052 2141816 47799072    0    0 902016 426008 209496 758875 23  9 55 13  0  0
24 18 115568 128562872 2141816 47799092    0    0 897392 430368 209523 756332 23  9 55 13  0  0
18 20 115568 128558532 2141816 47799116    0    0 897824 432004 209535 757569 23  9 55 13  0  0
26 13 115568 128563764 2141816 47799132    0    0 899568 422928 210358 759281 23  9 55 13  0  0
19 19 115568 128560080 2141816 47799148    0    0 896880 437532 210040 757708 23  9 55 13  0  0
18 21 115568 128561200 2141816 47799172    0    0 902016 429680 210736 758568 23  9 55 13  0  0
21 16 115568 128553508 2141816 47799196    0    0 898000 428980 209990 757689 23  9 55 13  0  0
16 21 115568 128568924 2141816 47799208    0    0 910528 422416 209926 759797 23  8 56 14  0  0
procs -----------memory---------- ---swap-- -----io---- -system-- -------cpu-------
 r  b   swpd   free   buff  cache   si   so    bi    bo   in   cs us sy id wa st gu
25 16 115568 128561140 2141816 47799220    0    0 902000 432264 210523 759195 23  9 55 13  0  0
20 20 115568 128561924 2141816 47799244    0    0 898576 437368 209877 759766 23  9 55 13  0  0
28 14 115568 128558840 2141816 47799264    0    0 896992 431048 209566 758050 23  9 55 13  0  0
27 11 115568 128564436 2141816 47799288    0    0 900704 429664 210222 758038 23  9 55 13  0  0
29 12 115568 128558368 2141816 47799312    0    0 902880 427420 210358 758901 23  9 55 13  0  0
17 23 115568 128556252 2141816 47799328    0    0 900640 427748 210086 758889 23  9 54 13  0  0
19 19 115568 128548192 2141820 47799348    0    0 902816 436196 210289 756515 23  8 55 14  0  0
19 24 115568 128561768 2141820 47799356    0    0 905344 423708 209612 759813 23  8 55 13  0  0
20 19 115568 128549124 2141820 47799380    0    0 884832 392084 206435 746421 23  9 55 14  0  0
20 17 115568 128553532 2141820 47799396    0    0 836736 391684 199321 703621 22  8 55 15  0  0
17 22 115568 128564640 2141820 47799420    0    0 835152 442788 201881 707620 22  9 55 15  0  0
17 23 115568 128560564 2141820 47799440    0    0 886144 444304 209338 749755 23  9 55 14  0  0
15 22 115568 128550360 2141820 47799460    0    0 894064 419624 210069 761569 23  9 55 13  0  0
19 19 115568 128533420 2141820 47799484    0    0 892736 427480 208553 750892 23  9 55 13  0  0
20 17 115568 128551344 2141820 47799500    0    0 900576 449396 210397 757872 23  7 56 14  0  0
17 21 115568 128563584 2141820 47799512    0    0 901312 432120 209545 757070 23  9 55 13  0  0
13 26 115568 128560504 2141820 47799528    0    0 899440 426244 209654 759475 23  9 55 13  0  0
24 17 115568 128556712 2141820 47799556    0    0 898032 430432 209670 757992 23  9 55 13  0  0
20 20 115568 128548384 2141820 47799584    0    0 898736 431076 209939 758517 23  9 55 13  0  0
20 20 115568 128563232 2141820 47799604    0    0 897136 428676 209530 759004 24  9 55 13  0  0
23 16 115568 128563436 2141820 47799624    0    0 894080 433180 209838 756427 23  9 55 13  0  0
procs -----------memory---------- ---swap-- -----io---- -system-- -------cpu-------
 r  b   swpd   free   buff  cache   si   so    bi    bo   in   cs us sy id wa st gu
15 23 115568 128564416 2141824 47799636    0    0 901584 429988 209945 756181 23  9 55 13  0  0
24 14 115568 128576620 2141824 47799652    0    0 908416 423676 209975 760626 23  8 56 14  0  0
23 16 115568 128583208 2141824 47799672    0    0 902512 434180 211205 762052 23  9 55 13  0  0
27 13 115568 128577348 2141824 47799692    0    0 898944 443964 212107 767990 23  9 55 13  0  0
17 22 115568 128577140 2141824 47799708    0    0 898960 437720 211611 767990 23  9 54 13  0  0
23 18 115568 128579672 2141824 47799724    0    0 900896 441932 211946 766281 23  9 55 13  0  0
20 19 115568 128560296 2141824 47799752    0    0 897168 446732 212679 765258 23  9 55 13  0  0
36 13 115568 128561668 2141824 47799776    0    0 901216 433160 211704 768819 23  9 55 13  0  0
13 25 115568 128563228 2141824 47799796    0    0 908208 440016 211838 769033 23  8 56 14  0  0
19 23 115568 128563392 2141824 47799804    0    0 903264 443376 211558 767012 23  8 55 13  0  0
20 16 115568 128546788 2141828 47799828    0    0 900272 441500 211342 767637 23  9 55 13  0  0
26 17 115568 128554912 2141828 47799848    0    0 899040 439352 211699 768010 23  9 55 13  0  0
28 12 115568 128549236 2141828 47799872    0    0 902224 437340 211662 765357 23  9 54 13  0  0
34 19 115568 128563352 2141828 47799888    0    0 897792 436784 211495 764554 23  9 55 13  0  0
19 20 115568 128560520 2141828 47799904    0    0 897568 428932 210612 766169 23  9 55 13  0  0
14 22 115568 128555876 2141828 47799924    0    0 850480 381956 201722 722576 22  9 55 14  0  0
15 24 115568 128569036 2141828 47800016    0    0 839744 432720 200878 708285 21  7 56 15  0  0
16 23 115568 128557384 2141828 47800028    0    0 875456 454928 210155 745062 23  9 55 14  0  0
28 15 115568 128549216 2141828 47800052    0    0 902768 433468 211797 766757 23  9 54 13  0  0
20 19 115568 128555208 2141828 47800068    0    0 897360 425676 211534 765900 23  9 55 13  0  0
18 21 115568 128549260 2141828 47800092    0    0 891536 447320 210792 763294 23  9 55 13  0  0
procs -----------memory---------- ---swap-- -----io---- -system-- -------cpu-------
 r  b   swpd   free   buff  cache   si   so    bi    bo   in   cs us sy id wa st gu
39 13 115568 128565160 2141828 47800108    0    0 898640 445440 211297 768146 23  9 55 13  0  0
26 13 115568 128555496 2141828 47800128    0    0 902800 437592 211024 767501 23  9 55 13  0  0
21 16 115568 128561832 2141828 47800156    0    0 900464 439836 212508 766431 23  8 55 13  0  0
22 13 115568 128569844 2141828 47800168    0    0 907632 438348 212001 768605 23  8 56 14  0  0
25 11 115568 128563488 2141828 47800192    0    0 903392 437704 211364 767903 23  9 55 13  0  0
27 14 115568 128558984 2141828 47800208    0    0 902224 437508 211943 768114 23  9 55 13  0  0
30  6 115568 128560144 2141828 47800228    0    0 897888 439472 211954 768264 23  9 55 13  0  0
26 12 115568 128554812 2141828 47800248    0    0 901040 440888 210931 767414 23  9 55 13  0  0
22 14 115568 128556100 2141828 47800264    0    0 900256 441308 211491 765208 23  9 55 13  0  0
27 10 115568 128552904 2141832 47800288    0    0 898960 441208 211600 766200 23  9 54 13  0  0
19 15 115568 128573752 2141832 47800304    0    0 909440 441232 211461 769757 23  8 56 14  0  0
17 18 115568 128563604 2141832 47800316    0    0 902368 437148 211314 766893 23  8 55 13  0  0
22 13 115568 128565152 2141832 47800340    0    0 900528 430932 210932 760982 23  9 55 13  0  0
30  7 115568 128556716 2141832 47800360    0    0 901440 435952 211129 767220 23  9 55 13  0  0
24 11 115568 128544756 2141836 47800376    0    0 900576 436344 211239 766042 23  9 55 13  0  0
32  6 115568 128555208 2141836 47800400    0    0 902976 434684 211400 767151 23  9 55 13  0  0
27 12 115568 128556536 2141836 47800420    0    0 903040 438680 211730 768012 23  9 55 13  0  0
29  7 115568 128554236 2141836 47800440    0    0 903184 440464 211577 767948 23  8 55 13  0  0
17 18 115568 128567000 2141836 47800456    0    0 909376 439580 211468 767374 23  8 56 14  0  0
23 13 115568 128561984 2141840 47800472    0    0 898752 438736 210628 764713 23  9 55 13  0  0
22 14 115568 128553048 2141840 47800488    0    0 894848 437000 211049 761561 23  9 55 13  0  0
procs -----------memory---------- ---swap-- -----io---- -system-- -------cpu-------
 r  b   swpd   free   buff  cache   si   so    bi    bo   in   cs us sy id wa st gu
25 26 115568 128554404 2141840 47800512    0    0 856592 401668 203807 727434 22  8 55 14  0  0
21 18 115568 128567984 2141840 47800532    0    0 828464 424220 199510 700747 22  8 55 15  0  0
26 10 115568 128546712 2141840 47800556    0    0 864944 434144 206426 735389 23  9 55 14  0  0
32  5 115568 128544832 2141840 47800580    0    0 902736 432980 211142 764383 23  9 55 13  0  0
27  8 115568 128557072 2141840 47800600    0    0 902000 436432 211258 761792 23  8 56 14  0  0
23 12 115568 128566344 2141840 47800608    0    0 900720 436652 211102 761257 23  8 55 14  0  0
24 14 115568 128555196 2141840 47800632    0    0 896976 435804 210766 768837 23  9 55 13  0  0
24 12 115568 128547608 2141840 47800656    0    0 902688 436560 211513 769022 23  9 54 13  0  0
32  9 115568 128545892 2141844 47800668    0    0 904976 437488 211448 767803 23  9 55 13  0  0
33  8 115568 128563840 2141844 47800692    0    0 899104 436760 211052 766523 23  9 55 13  0  0
30 10 115568 128562356 2141844 47800704    0    0 900192 440024 211261 768456 23  9 55 13  0  0
26  9 115568 128567044 2141844 47800728    0    0 900272 437020 209536 769771 23  9 55 13  0  0
24 13 115568 128577080 2141844 47800748    0    0 911184 435748 211898 766727 23  8 56 14  0  0
25 11 115568 128558496 2141848 47800764    0    0 900720 427736 210797 759734 23  9 55 13  0  0
22 17 115568 128562596 2141848 47800788    0    0 899360 438232 211263 765528 23  9 55 13  0  0
23 13 115568 128558748 2141848 47800804    0    0 901664 437464 212364 767069 23  9 54 13  0  0
24 13 115568 128556508 2141848 47800824    0    0 901120 441076 212388 766652 23  9 55 13  0  0
26 10 115568 128554940 2141848 47800848    0    0 900432 436960 211357 765095 23  9 55 13  0  0
25 10 115568 128556108 2141848 47800864    0    0 900880 434724 211133 765081 23  9 55 13  0  0
21 15 115568 128578104 2141848 47800884    0    0 904416 435980 213440 767448 23  8 55 13  0  0
29  8 115568 128583452 2141848 47800896    0    0 909360 433140 211413 764044 23  8 55 13  0  0
procs -----------memory---------- ---swap-- -----io---- -system-- -------cpu-------
 r  b   swpd   free   buff  cache   si   so    bi    bo   in   cs us sy id wa st gu
29  8 115568 128560208 2141848 47800920    0    0 898800 437320 211835 766860 23  9 55 13  0  0
22 14 115568 128561756 2141848 47800940    0    0 903824 436616 212444 768262 23  9 55 13  0  0
27  9 115568 128538000 2141848 47800960    0    0 901152 435692 211034 767264 23  9 55 13  0  0
25 13 115568 128542804 2141848 47800976    0    0 902304 437096 212197 765992 23  9 55 13  0  0
27 10 115568 128569632 2141848 47800992    0    0 902880 437816 211999 767944 23  9 55 13  0  0
23 13 115568 128570208 2141848 47801016    0    0 897520 435452 211870 764063 23  9 54 13  0  0
25 12 115568 128582136 2141848 47801032    0    0 894352 436708 209959 756115 23  8 56 14  0  0
19 19 115568 128578984 2141848 47801040    0    0 842448 417064 201956 715242 22  8 55 15  0  0
25  9 115568 128567100 2141848 47801068    0    0 846080 416088 201823 716546 22  8 55 15  0  0
25 10 115568 128553440 2141848 47801084    0    0 882288 427136 207746 748039 23  9 55 14  0  0
24 14 115568 128549624 2141852 47801104    0    0 898368 428656 210639 763134 23  9 55 13  0  0
33  7 115568 128555904 2141852 47801128    0    0 891472 422432 208984 754672 23  9 55 13  0  0
31  8 115568 128564028 2141852 47801152    0    0 898400 433108 210865 762857 23  9 55 13  0  0
22 13 115568 128555756 2141852 47801240    0    0 901552 431056 210828 762579 23  9 55 13  0  0
26 11 115568 128573860 2141852 47801252    0    0 912528 426452 211087 762371 23  8 56 14  0  0
26 11 115568 128561232 2141856 47801264    0    0 899536 426096 211143 761992 23  9 55 13  0  0
24 11 115568 128545436 2141856 47801292    0    0 902048 425444 211322 761614 23  9 55 13  0  0
27 12 115568 128552592 2141856 47801312    0    0 900656 427032 210453 763420 23  9 55 13  0  0
29  9 115568 128552128 2141856 47801336    0    0 899536 425568 210457 759836 23  9 55 13  0  0
23 12 115568 128555464 2141856 47801352    0    0 898832 425560 210864 760136 23  9 55 13  0  0
25 12 115568 128549148 2141860 47801372    0    0 898224 427148 210730 759275 23  9 55 13  0  0
procs -----------memory---------- ---swap-- -----io---- -system-- -------cpu-------
 r  b   swpd   free   buff  cache   si   so    bi    bo   in   cs us sy id wa st gu
30  7 115568 128552668 2141860 47801400    0    0 906656 427816 210553 759398 23  8 55 13  0  0
25 10 115568 128573120 2141860 47801408    0    0 909856 433608 211001 765485 23  8 55 14  0  0
22 14 115568 128562772 2141860 47801424    0    0 898304 433964 211081 768613 23  9 55 13  0  0
24 13 115568 128554072 2141860 47801440    0    0 899520 432584 211036 767293 24  9 54 13  0  0
27  8 115568 128561108 2141860 47801464    0    0 902672 424300 210230 758232 23  9 55 13  0  0
25 11 115568 128573072 2141860 47801484    0    0 897872 430756 210654 763420 23  9 55 13  0  0
25 11 115568 128556912 2141860 47801508    0    0 901616 433652 211653 768282 23  9 55 13  0  0
27  8 115568 128555916 2141860 47801524    0    0 905392 431164 211097 765806 23  9 55 13  0  0
36  3 115568 128567808 2141860 47801544    0    0 909584 429624 210852 767288 23  8 56 14  0  0
24 13 115568 128556956 2141860 47801556    0    0 901248 436016 211179 770166 23  9 55 13  0  0
30  8 115568 128557076 2141860 47801580    0    0 902304 435180 211217 767088 23  9 54 13  0  0
23 13 115568 128551356 2141860 47801604    0    0 898432 436148 210936 768759 23  9 55 13  0  0
23 13 115568 128550980 2141860 47801624    0    0 899568 433452 210949 765428 23  9 55 13  0  0
21 15 115568 128548160 2141860 47801644    0    0 868528 428320 206688 741757 23  9 55 14  0  0
28 10 115568 128553000 2141860 47801660    0    0 840560 417252 202694 714304 22  8 55 15  0  0
20 14 115568 128559204 2141860 47801684    0    0 852336 420244 203007 723473 22  8 55 15  0  0
26 12 115568 128554656 2141860 47801700    0    0 895424 435084 209986 759756 23  8 55 14  0  0
24 11 115568 128551184 2141868 47801708    0    0 895792 436204 210738 764789 23  9 55 13  0  0
21 14 115568 128547276 2141868 47801740    0    0 899008 435088 212130 765092 23  9 55 13  0  0
21 16 115568 128557088 2141868 47801756    0    0 896864 434116 211846 762662 23  9 55 13  0  0
24 11 115568 128546500 2141868 47801772    0    0 898880 437184 211231 765562 23  9 55 13  0  0
procs -----------memory---------- ---swap-- -----io---- -system-- -------cpu-------
 r  b   swpd   free   buff  cache   si   so    bi    bo   in   cs us sy id wa st gu
27 10 115568 128548252 2141868 47801792    0    0 898912 436204 211073 764649 23  9 55 13  0  0
29  9 115568 128552400 2141868 47801816    0    0 901936 437112 211620 766967 23  9 55 13  0  0
16 19 115568 128571260 2141868 47801832    0    0 906240 436100 211554 765270 23  8 56 13  0  0
29 11 115568 128572064 2141868 47801844    0    0 903120 436180 211457 769399 23  9 55 13  0  0
20 16 115568 128569644 2141868 47801864    0    0 902496 435744 211875 767027 23  9 55 13  0  0
27 10 115568 128564696 2141868 47801892    0    0 900176 436192 211005 769375 23  9 55 13  0  0
30  7 115568 128565592 2141868 47801912    0    0 899216 438012 211065 764123 23  9 55 13  0  0
26 10 115568 128564236 2141868 47801936    0    0 900064 430560 210364 762557 23  9 55 13  0  0
28  8 115568 128550724 2141868 47801956    0    0 901488 437696 210548 770261 23  9 55 13  0  0
23 10 115568 128550524 2141868 47801972    0    0 900640 436244 211174 766346 23  8 55 13  0  0
22 12 115568 128561340 2141868 47801992    0    0 907232 436740 211789 771350 23  8 55 14  0  0
23 12 115568 128561716 2141868 47802004    0    0 898080 437236 211726 766983 23  9 55 13  0  0
25 12 115568 128562912 2141868 47802024    0    0 901136 440356 212159 769912 23  9 55 13  0  0
26  9 115568 128553520 2141868 47802048    0    0 900448 439504 211941 768691 23  9 55 13  0  0
26 10 115568 128563116 2141868 47802064    0    0 898944 440552 212730 766977 23  9 55 13  0  0
26 11 115568 128554988 2141868 47802092    0    0 903344 437132 211735 766498 23  9 55 13  0  0
34  7 115568 128549832 2141868 47802108    0    0 899440 439340 211755 767285 23  9 55 13  0  0
20 14 115568 128559944 2141868 47802124    0    0 903696 440080 212426 768494 23  8 55 13  0  0
24 13 115568 128578904 2141868 47802136    0    0 902624 439540 212161 765944 23  8 55 13  0  0
23 17 115568 128574840 2141868 47802152    0    0 871904 428504 206430 740381 23  8 55 14  0  0
28 11 115568 128565036 2141868 47802168    0    0 826960 415288 199572 703014 22  8 55 15  0  0
procs -----------memory---------- ---swap-- -----io---- -system-- -------cpu-------
 r  b   swpd   free   buff  cache   si   so    bi    bo   in   cs us sy id wa st gu
23 14 115568 128559048 2141872 47802192    0    0 849296 423372 203882 723392 22  9 55 14  0  0
23 13 115568 128551980 2141872 47802212    0    0 897264 436748 211092 765244 23  9 55 13  0  0
27 12 115568 128543500 2141872 47802236    0    0 897248 437816 210540 762729 23  9 55 13  0  0
23 14 115568 128533276 2141872 47802252    0    0 893024 438180 210581 762266 23  9 55 13  0  0
30  9 115568 128559028 2141872 47802272    0    0 899168 437872 210806 760820 23  7 56 14  0  0
24 11 115568 128561780 2141872 47802288    0    0 900224 436004 211306 765147 23  9 55 13  0  0
23 12 115568 128551352 2141872 47802308    0    0 902752 439272 211551 769123 23  9 55 13  0  0
18 18 115568 128559908 2141872 47802324    0    0 902656 438168 212080 769259 23  9 55 13  0  0
24 13 115568 128545452 2141872 47802348    0    0 901728 441132 211464 768976 23  9 55 13  0  0
24 13 115568 128552240 2141872 47802368    0    0 901168 438700 211313 766855 23  9 55 13  0  0
24 12 115568 128573236 2141876 47802460    0    0 900560 439224 211405 766769 23  9 55 13  0  0
26 10 115568 128566864 2141876 47802484    0    0 903088 441480 210827 769128 23  8 55 13  0  0
30  5 115568 128574252 2141876 47802492    0    0 903840 443356 211554 767902 23  8 56 14  0  0
31  6 115568 128557680 2141876 47802504    0    0 899632 444024 211480 766000 23  9 55 13  0  0
29  7 115568 128534512 2141876 47802528    0    0 898720 441816 211453 767306 23  9 55 13  0  0
25 12 115568 128546892 2141876 47802548    0    0 901648 439904 211421 765998 23  9 55 13  0  0
23 12 115568 128541640 2141876 47802572    0    0 897696 438084 211436 768528 23  9 55 13  0  0
25 11 115568 128534624 2141876 47802588    0    0 899088 437508 210864 763220 23  9 55 13  0  0
28  7 115568 128540812 2141876 47802612    0    0 901040 438272 211731 767611 23  9 55 13  0  0
22 13 115568 128557304 2141876 47802636    0    0 906576 442228 212047 770477 23  8 56 14  0  0
25 12 115568 128553208 2141880 47802648    0    0 904160 441968 211778 767641 23  9 55 13  0  0
procs -----------memory---------- ---swap-- -----io---- -system-- -------cpu-------
 r  b   swpd   free   buff  cache   si   so    bi    bo   in   cs us sy id wa st gu
32  4 115568 128541856 2141880 47802676    0    0 901520 440344 211767 769519 23  9 55 13  0  0
27 10 115568 128542640 2141880 47802692    0    0 902992 439684 211892 768030 23  9 55 13  0  0
33  4 115568 128537152 2141880 47802712    0    0 900704 437656 211687 767651 23  9 55 13  0  0
26 10 115568 128542816 2141880 47802732    0    0 897664 439384 211895 766507 23  9 55 13  0  0
29  9 115568 128543368 2141888 47802748    0    0 871952 434352 207144 745633 23  9 55 14  0  0
33  6 115568 128559172 2141888 47802772    0    0 828224 414972 200172 704817 21  8 56 15  0  0
22 14 115568 128567040 2141888 47802796    0    0 850176 414168 201043 711984 22  7 56 15  0  0
28  7 115568 128559676 2141888 47802812    0    0 895616 438024 211103 763323 23  9 55 13  0  0
23 14 115568 128559188 2141888 47802836    0    0 895616 437976 210816 763903 23  9 55 13  0  0
21 14 115568 128553088 2141888 47802852    0    0 894784 438300 210565 760007 23  9 55 13  0  0
26 12 115568 128549056 2141888 47802872    0    0 892288 437592 209919 758408 23  9 55 13  0  0
22 17 115568 128554256 2141888 47802888    0    0 897296 440052 211273 766716 23  9 55 13  0  0
34  7 115568 128552556 2141888 47802912    0    0 901760 439332 211724 766751 23  9 55 13  0  0
25  9 115568 128571356 2141888 47802932    0    0 906192 439140 211903 767383 23  8 55 14  0  0
27  9 115568 128571344 2141888 47802940    0    0 905456 438196 211534 765489 23  8 55 13  0  0
27 11 115568 128550316 2141888 47802956    0    0 899520 440196 212778 769593 23  9 54 13  0  0
29  8 115568 128560576 2141888 47802980    0    0 905216 440936 212598 769200 23  9 55 13  0  0
20 16 115568 128556976 2141888 47803004    0    0 902816 441720 212556 765581 23  9 55 13  0  0
25 12 115568 128550776 2141888 47803020    0    0 899104 440424 212223 765824 23  9 55 13  0  0
34  6 115568 128550756 2141892 47803036    0    0 900016 441380 212054 766850 23  9 55 13  0  0
22 13 115568 128564000 2141892 47803060    0    0 901728 439688 211723 766075 23  9 55 13  0  0
procs -----------memory---------- ---swap-- -----io---- -system-- -------cpu-------
 r  b   swpd   free   buff  cache   si   so    bi    bo   in   cs us sy id wa st gu
31  6 115568 128582968 2141892 47803076    0    0 906688 440256 212150 769192 23  8 56 14  0  0
30  9 115568 128573008 2141892 47803092    0    0 900096 443884 212114 766278 23  9 55 13  0  0
29  8 115568 128562812 2141892 47803108    0    0 902000 442688 211506 766246 23  9 55 13  0  0
30  7 115568 128556804 2141896 47803128    0    0 899232 441588 211493 768114 23  9 55 13  0  0
27  9 115568 128549520 2141896 47803152    0    0 903008 440496 211606 767333 23  9 55 13  0  0
24 13 115568 128549732 2141896 47803176    0    0 899632 440868 211709 766585 23  9 55 13  0  0
25 12 115568 128549996 2141896 47803192    0    0 899136 443976 211496 767465 23  9 55 13  0  0
27 10 115568 128555552 2141896 47803212    0    0 900176 441268 212004 769531 23  9 55 13  0  0
27  8 115568 128568616 2141896 47803228    0    0 909280 442400 211198 773217 23  8 55 14  0  0
28 12 115568 128551508 2141896 47803248    0    0 898592 440436 211949 762402 23  9 55 13  0  0
20 15 115568 128545716 2141896 47803268    0    0 895872 438324 210522 758044 23  9 55 13  0  0
30  7 115568 128540160 2141896 47803288    0    0 840672 424704 202888 718927 22  8 55 15  0  0
34  4 115568 128550792 2141896 47803304    0    0 838000 420304 201784 713578 22  8 55 15  0  0
27 10 115568 128543476 2141896 47803324    0    0 868928 429060 206960 736208 22  9 55 14  0  0
24 14 115568 128548836 2141896 47803348    0    0 895824 436864 210582 760654 23  9 55 13  0  0
22 13 115568 128567600 2141896 47803372    0    0 896160 427740 209768 752737 23  8 55 14  0  0
26 10 115568 128564452 2141896 47803380    0    0 900576 428956 209366 756630 23  8 55 13  0  0
30  8 115568 128561076 2141896 47803396    0    0 901440 443232 212086 765854 23  9 55 13  0  0
29  9 115568 128541840 2141900 47803412    0    0 900848 441424 212294 766240 23  9 55 13  0  0
19 16 115568 128536240 2141900 47803440    0    0 863600 422720 205293 731438 22  8 55 14  0  0
22 14 115568 128553424 2141900 47803464    0    0 868272 432132 207127 739553 23  9 55 14  0  0
procs -----------memory---------- ---swap-- -----io---- -system-- -------cpu-------
 r  b   swpd   free   buff  cache   si   so    bi    bo   in   cs us sy id wa st gu
28  9 115568 128553116 2141900 47803484    0    0 867632 427632 205742 736918 23  9 55 14  0  0
27 10 115568 128553156 2141900 47803496    0    0 867024 431884 206956 739548 22  9 55 14  0  0
32  6 115568 128570856 2141900 47803520    0    0 875760 429548 205926 739069 22  7 56 15  0  0
27 10 115568 128550940 2141900 47803536    0    0 863216 426676 205266 733146 23  8 55 14  0  0
36  4 115568 128541012 2141900 47803556    0    0 865504 430296 206162 737377 23  8 55 14  0  0
28 10 115568 128544656 2141900 47803580    0    0 866592 429076 205760 734539 22  9 55 14  0  0
25 12 115568 128545056 2141900 47803600    0    0 872176 431944 206363 738778 22  9 55 14  0  0
37  6 115568 128563124 2141900 47803680    0    0 869248 432972 206738 739417 23  9 55 14  0  0
24 16 115568 128549636 2141900 47803700    0    0 866560 432124 206525 737751 23  9 55 14  0  0
26 14 115568 128555492 2141900 47803724    0    0 870432 431820 206692 739390 22  8 55 14  0  0
29 15 115568 128563412 2141900 47803736    0    0 873952 434140 207500 741607 22  8 56 14  0  0
24 14 115568 128556248 2141900 47803748    0    0 870288 432684 206995 742960 23  9 55 14  0  0
24 12 115568 128534236 2141900 47803772    0    0 868688 432024 206592 740642 23  9 55 14  0  0
26 13 115568 128546604 2141900 47803796    0    0 871760 425572 206543 738390 23  9 55 14  0  0
27 12 115568 128555584 2141900 47803816    0    0 864304 427864 205965 737189 23  9 55 14  0  0
25 13 115568 128545508 2141900 47803836    0    0 866864 422456 206632 733631 23  9 55 14  0  0
25 13 115568 128546976 2141900 47803852    0    0 868528 422420 206441 734274 22  9 55 14  0  0
30 12 115568 128548640 2141900 47803872    0    0 840016 416608 201604 709216 21  7 56 15  0  0
27 14 115568 128547728 2141900 47803880    0    0 837648 421760 201783 710221 22  8 55 15  0  0
35  9 115568 128546344 2141900 47803900    0    0 859888 426872 205842 734298 22  9 55 14  0  0
