procs -----------memory---------- ---swap-- -----io---- -system-- -------cpu-------
 r  b   swpd   free   buff  cache   si   so    bi    bo   in   cs us sy id wa st gu
 4  0 137568 5727332 1294520 38364192    4    6 31518 33790 20440    7  4  1 95  1  0  0
86  0 137568 5563456 1294520 38364264    0    0     0 178436 93227 38613 46  1 52  0  0  0
155  0 137568 5529544 1294520 38364280    0    0     0 271908 254035 38767 97  2  1  0  0  0
129  0 137568 5514164 1294520 38364292    0    0     0 288320 97540 47597 98  2  1  0  0  0
198  0 137568 5490940 1294520 38364296    0    0     0 297028 96874 51107 98  2  0  0  0  0
140  1 137568 5475756 1294528 38364308    0    0     0 300576 95599 46563 97  2  1  0  0  0
166  0 137568 5457212 1294528 38364332    0    0     0 283876 172343 45550 97  2  1  0  0  0
152  0 137568 5441344 1294528 38364332    0    0     0 263460 97034 46320 98  2  1  0  0  0
172  0 137568 5426296 1294528 38364352    0    0     0 244544 95217 44039 98  2  0  0  0  0
209  0 137568 5404268 1294528 38364368    0    0     0 303956 99034 49430 97  2  1  0  0  0
133  0 137568 5389420 1294536 38364368    0    0     0 312480 100857 47938 97  2  1  0  0  0
137  0 137568 5368780 1294536 38364388    0    0     0 272304 102118 45238 98  2  1  0  0  0
124  0 137568 5344528 1294536 38364400    0    0     0 303308 106460 46273 97  2  1  0  0  0
183  0 137568 5326916 1294536 38364412    0    0     0 272752 102518 48153 98  2  0  0  0  0
156  0 137568 5306644 1294536 38364420    0    0     0 270372 99264 48252 98  2  0  0  0  0
72  0 137568 5298256 1294548 38364428    0    0     0 269584 98815 43157 98  2  1  0  0  0
37  0 137568 5275704 1294548 38364456    0    0     0 347724 97566 35854 44  2 54  0  0  0
28  0 137568 5249224 1294548 38364476    0    0     0 320004 94602 36675 47  2 51  0  0  0
34  0 137568 5195048 1294548 38364492    0    0     0 320032 100586 33885 44  2 54  0  0  0
31  0 137568 5037596 1294548 38364508    0    0     0 320004 155693 48169 42  1 56  0  0  0
31  0 137568 5144596 1294532 38116648    0    0     0 320032 130048 43486 41  1 58  0  0  0
procs -----------memory---------- ---swap-- -----io---- -system-- -------cpu-------
 r  b   swpd   free   buff  cache   si   so    bi    bo   in   cs us sy id wa st gu
40  0 137568 5052800 1294532 38116656    0    0     0 320004 128583 46127 41  2 57  0  0  0
35  0 137568 4962992 1294532 37861156    0    0     0 320004 204463 71983 39  4 57  0  0  0
30  0 137568 4255380 1294532 37609124    0    0     0 320004 577893 159996 43 18 39  0  0  0
302  0 137568 4169012 1294532 37360556    0    0     0 335240 228713 295081 50 10 40  0  0  0
316  0 137568 3973484 1294540 37360568    0    0     0 346972 246931 583210 81 19  0  0  0  0
257  0 137568 3906988 1294540 37199320    0    0     0 574220 307227 674008 77 22  1  0  0  0
187  0 137568 3868916 1294540 37110868    0    0     0 583332 273790 681559 77 22  1  0  0  0
245  0 137568 3775308 1294540 37110888    0    0     0 583124 349618 699150 76 23  1  0  0  0
295  0 137568 3738432 1294540 37110900    0    0     0 586356 252923 693300 77 22  1  0  0  0
168  0 137568 3708508 1294548 37110908    0    0     0 587684 284656 700700 76 23  1  0  0  0
253  0 137568 3694752 1294548 37111000    0    0     0 593420 246313 690748 77 22  1  0  0  0
264  0 137568 3698824 1294548 37111020    0    0     0 593048 246868 697644 76 22  1  0  0  0
280  0 137568 3693876 1294552 37111028    0    0     0 590400 251771 712109 77 22  1  0  0  0
295  0 137568 3690928 1294552 37111036    0    0     0 598672 244162 695846 77 22  1  0  0  0
330  0 137568 3692692 1294560 37111040    0    0     0 595992 232281 710946 76 22  1  0  0  0
174  0 137568 3678580 1294560 37111064    0    0     0 599368 228710 706741 77 22  1  0  0  0
287  0 137568 3681216 1294560 37111080    0    0     0 596580 242096 703368 77 22  1  0  0  0
261  0 137568 3674216 1294564 37111092    0    0     0 601736 221643 710966 77 22  1  0  0  0
233  0 137568 3664116 1294564 37111104    0    0     0 604276 236107 700445 77 23  0  0  0  0
198  0 137568 3666184 1294572 37111112    0    0     0 603864 227738 696701 77 22  1  0  0  0
235  0 137568 3673948 1294572 37111144    0    0     0 604772 222177 703335 77 22  0  0  0  0
procs -----------memory---------- ---swap-- -----io---- -system-- -------cpu-------
 r  b   swpd   free   buff  cache   si   so    bi    bo   in   cs us sy id wa st gu
262  0 137568 3674288 1294572 37111160    0    0     0 610084 216922 692265 78 22  0  0  0  0
300  0 137568 3683348 1294576 37111172    0    0     0 611256 229332 689282 77 22  0  0  0  0
225  0 137568 3678968 1294600 37111184    0    0     0 610920 223326 696719 78 22  0  0  0  0
272  0 137568 3714612 1294600 37111200    0    0     0 610028 217948 696547 78 22  0  0  0  0
221  0 137568 3704212 1294600 37111216    0    0     0 612968 229652 694326 77 23  0  0  0  0
270  0 137568 3715148 1294600 37111236    0    0     0 617236 225782 699784 77 22  0  0  0  0
169  0 137568 3711376 1294600 37111248    0    0     0 614892 231762 700596 77 22  0  0  0  0
261  0 137568 3705588 1294600 37111260    0    0     0 615632 222120 701187 77 22  0  0  0  0
232  4 137568 3714836 1294608 37111268    0    0     0 635200 218600 698252 78 22  0  0  0  0
237  0 137568 3684584 1294608 37111292    0    0     0 605616 242337 693170 76 23  0  0  0  0
338  0 137568 3705056 1294608 37111308    0    0     0 623460 223737 693951 78 22  0  0  0  0
293  0 137568 3700700 1294608 37111316    0    0     0 620596 232899 698610 78 22  0  0  0  0
260  0 137568 3713412 1294608 37111328    0    0     0 639324 220803 700020 78 22  0  0  0  0
250  0 137568 3709128 1294612 37111340    0    0     0 615984 226918 700490 77 22  0  0  0  0
277  1 137568 3711096 1294612 37111360    0    0     0 687412 230778 698867 77 22  0  0  0  0
219  3 137568 3700300 1294612 37111376    0    0     0 674112 234402 701319 77 23  0  0  0  0
258  0 137568 3688204 1294612 37111388    0    0     0 672048 226550 699369 78 22  0  0  0  0
197  4 137568 3680576 1294612 37111404    0    0     0 662596 227822 696766 77 22  0  0  0  0
269  0 137568 3683048 1294620 37111412    0    0     0 684568 232235 712122 77 23  1  0  0  0
299  0 137568 3691440 1294620 37111436    0    0     0 661660 224334 696243 77 22  0  0  0  0
206  2 137568 3682720 1294620 37111452    0    0     0 688520 227233 694307 77 23  0  0  0  0
procs -----------memory---------- ---swap-- -----io---- -system-- -------cpu-------
 r  b   swpd   free   buff  cache   si   so    bi    bo   in   cs us sy id wa st gu
269  0 137568 3686604 1294620 37111468    0    0     0 648348 233633 702616 77 22  0  0  0  0
297  0 137568 3682248 1294620 37111480    0    0     0 673072 227302 701266 78 22  0  0  0  0
320  0 137568 3675932 1294628 37111488    0    0     0 672984 238906 697523 77 23  0  0  0  0
292  0 137568 3681328 1294628 37111508    0    0     0 671068 225566 706115 78 22  0  0  0  0
190  0 137568 3670760 1294628 37111524    0    0     0 672848 229060 715554 77 23  1  0  0  0
269  1 137568 3677584 1294628 37111540    0    0     0 686136 221882 707161 77 22  0  0  0  0
267  0 137568 3679184 1294628 37111552    0    0     0 649148 229418 697521 77 22  1  0  0  0
264  1 137568 3674976 1294632 37111564    0    0     0 665956 222686 700045 77 22  0  0  0  0
257  0 137568 3668524 1294632 37111584    0    0     0 674908 229613 708796 77 22  1  0  0  0
299  0 137568 3675436 1294632 37111592    0    0     0 682980 253069 699566 78 22  0  0  0  0
305  0 137568 3671680 1294632 37111604    0    0     0 651024 240215 678427 78 22  0  0  0  0
242  0 137568 3668828 1294632 37111616    0    0     0 678968 225062 688839 78 22  0  0  0  0
329  0 137568 3670572 1294640 37111620    0    0     0 672148 221729 688553 77 22  0  0  0  0
272  0 137568 3673444 1294640 37111644    0    0     0 659028 218184 689721 78 22  0  0  0  0
255  0 137568 3664224 1294640 37111656    0    0     0 676840 217908 688571 78 22  0  0  0  0
261  0 137568 3659056 1294644 37111676    0    0     0 664276 216324 696100 77 22  0  0  0  0
305  0 137568 3658792 1294648 37111692    0    0     0 695824 220012 694463 77 22  1  0  0  0
305  0 137568 3654184 1294652 37111704    0    0     0 669976 217881 692267 77 22  0  0  0  0
260  2 137568 3659352 1294652 37111724    0    0     0 707776 217961 694191 78 22  0  0  0  0
278  0 137568 3657720 1294652 37111736    0    0     0 638092 216206 690505 77 22  1  0  0  0
220  0 137568 3645172 1294652 37111752    0    0     0 643384 214085 683103 78 22  0  0  0  0
procs -----------memory---------- ---swap-- -----io---- -system-- -------cpu-------
 r  b   swpd   free   buff  cache   si   so    bi    bo   in   cs us sy id wa st gu
270  0 137568 3637248 1294652 37111764    0    0     0 712692 216664 691004 77 22  1  0  0  0
263  0 137568 3632624 1294660 37111776    0    0     0 659260 217048 701619 77 22  1  0  0  0
253  1 137568 3630072 1294660 37111800    0    0     0 677876 218869 694005 77 22  0  0  0  0
254  0 137568 3618332 1294660 37111812    0    0     0 683668 220741 688777 77 22  0  0  0  0
299  1 137568 3617980 1294660 37111828    0    0     0 658304 219192 698178 77 22  1  0  0  0
310  1 137568 3625260 1294660 37111844    0    0     0 691788 217471 697905 77 22  1  0  0  0
216  2 137568 3633640 1294668 37111856    0    0     0 660288 222409 711517 77 22  1  0  0  0
188  0 137568 3621224 1294668 37111944    0    0     0 670084 218487 699313 77 22  1  0  0  0
300  0 137568 3618228 1294668 37111956    0    0     0 653416 214779 684944 78 22  0  0  0  0
234  0 137568 3621588 1294668 37111972    0    0     0 661856 218727 687611 78 22  0  0  0  0
279  2 137568 3617604 1294668 37111980    0    0     0 685736 218192 704558 78 21  1  0  0  0
210  1 137568 3613736 1294676 37111980    0    0     0 676680 216293 695799 78 22  0  0  0  0
230  2 137568 3602876 1294680 37112004    0    0     0 672484 216059 688813 78 22  0  0  0  0
303  3 137568 3593460 1294680 37112024    0    0     0 669616 214362 682164 78 22  0  0  0  0
251  0 137568 3598696 1294680 37112044    0    0     0 675692 219369 694770 77 22  0  0  0  0
186  0 137568 3599776 1294680 37112056    0    0     0 681056 219239 697616 77 22  1  0  0  0
302  0 137568 3602864 1294688 37112060    0    0     0 641828 224533 688097 77 23  1  0  0  0
274  0 137568 3600680 1294692 37112084    0    0     0 1316308 242173 726682 77 23  0  0  0  0
219  0 137568 3592356 1294692 37112100    0    0     0 701932 218826 702606 77 22  1  0  0  0
276  1 137568 3590804 1294692 37112116    0    0     0 627628 227720 687126 77 22  0  0  0  0
239  0 137568 3599508 1294692 37112128    0    0     0 676320 220952 694519 77 23  0  0  0  0
procs -----------memory---------- ---swap-- -----io---- -system-- -------cpu-------
 r  b   swpd   free   buff  cache   si   so    bi    bo   in   cs us sy id wa st gu
248  0 137568 3587784 1294700 37112140    0    0     0 682296 222599 704967 77 22  0  0  0  0
272  0 137568 3587440 1294700 37112156    0    0     0 1307292 241350 736303 75 23  1  0  0  0
264  1 137568 3587456 1294704 37112172    0    0     0 649116 222775 692345 77 22  1  0  0  0
299  2 137568 3595984 1294708 37112180    0    0     0 711104 217929 689514 78 22  0  0  0  0
277  0 137568 3600384 1294708 37112200    0    0     0 626468 219063 683845 78 22  0  0  0  0
314  0 137568 3584232 1294716 37112208    0    0     0 731376 223046 696725 77 22  1  0  0  0
196  1 137568 3591212 1294716 37112232    0    0     0 706316 219770 704568 77 22  1  0  0  0
208  2 137568 3589668 1294716 37112248    0    0     0 1275684 236393 739482 76 23  1  0  0  0
280  0 137568 3594772 1294720 37112256    0    0     0 663852 227884 700768 78 22  0  0  0  0
270  0 137568 3600952 1294720 37112268    0    0     0 674008 220488 688554 78 22  0  0  0  0
277  0 137568 3596080 1294724 37112280    0    0     0 710964 222973 712770 77 22  1  0  0  0
314  0 137568 3598580 1294724 37112304    0    0     0 601208 222980 681217 77 22  0  0  0  0
275  0 137568 3595304 1294724 37112320    0    0     0 623912 218396 692960 77 22  0  0  0  0
228  1 137568 3598900 1294724 37112332    0    0     0 1420076 257198 743714 76 23  1  0  0  0
291  0 137568 3587036 1294724 37112348    0    0     0 572232 217186 676830 77 22  0  0  0  0
312  0 137568 3590648 1294732 37112352    0    0     0 718240 228344 688467 77 23  0  0  0  0
317  0 137568 3586292 1294732 37112384    0    0     0 678112 223895 687839 78 22  0  0  0  0
271  0 137568 3597504 1294732 37112400    0    0     0 687336 217571 679000 77 22  0  0  0  0
248  3 137568 3590124 1294732 37112408    0    0     0 1310216 240827 731920 77 23  1  0  0  0
199  1 137568 3584852 1294732 37112424    0    0     0 659888 215536 683680 78 22  0  0  0  0
302  0 137568 3578212 1294740 37112428    0    0     0 675092 220486 692995 77 22  0  0  0  0
procs -----------memory---------- ---swap-- -----io---- -system-- -------cpu-------
 r  b   swpd   free   buff  cache   si   so    bi    bo   in   cs us sy id wa st gu
230  0 137568 3577436 1294740 37112456    0    0     0 692760 218288 692571 77 22  0  0  0  0
248  2 137568 3564656 1294740 37112472    0    0     0 688980 223330 710794 77 22  0  0  0  0
219  0 137568 3564828 1294740 37112484    0    0     0 629476 217264 693030 77 22  0  0  0  0
269  1 137568 3566524 1294740 37112500    0    0     0 1355920 241514 724994 77 23  0  0  0  0
311  0 137568 3554508 1294748 37112504    0    0     0 635912 216773 697092 78 22  0  0  0  0
262  0 137568 3554584 1294748 37112528    0    0     0 621752 218690 698170 77 22  1  0  0  0
266  3 137568 3551052 1294756 37112544    0    0     0 770224 219269 704540 77 22  1  0  0  0
297  1 137568 3551364 1294756 37112556    0    0     0 649356 218096 695775 77 22  1  0  0  0
258  1 137568 3550884 1294756 37112568    0    0     0 648748 216293 692120 78 22  1  0  0  0
324  2 137568 3563492 1294764 37112568    0    0     0 1318928 240210 743052 77 22  1  0  0  0
119  2 137568 3558248 1294764 37112596    0    0     0 686956 217716 697595 77 22  1  0  0  0
322  0 137568 3551736 1294764 37112612    0    0     0 631304 217558 691243 78 22  0  0  0  0
299  0 137568 3549640 1294768 37112624    0    0     0 651768 219545 684058 77 22  0  0  0  0
297  4 137568 3549108 1294768 37112636    0    0     0 694652 218429 685516 78 22  0  0  0  0
258  2 137568 3550208 1294776 37112640    0    0     0 635500 216565 694943 77 22  1  0  0  0
186  5 137568 3541536 1294776 37112664    0    0     0 1402212 245120 753448 76 23  1  0  0  0
237  1 137568 3535416 1294776 37112680    0    0     0 593084 226156 690770 77 22  0  0  0  0
194  2 137568 3530372 1294776 37112692    0    0     0 722804 227905 698914 77 23  1  0  0  0
240  0 137568 3546060 1294776 37112704    0    0     0 628568 216712 689860 77 22  0  0  0  0
284  1 137568 3537804 1294780 37112724    0    0     0 700732 222901 696372 78 22  0  0  0  0
231  0 137568 3543476 1294780 37112744    0    0     0 1297408 236721 740055 76 23  1  0  0  0
procs -----------memory---------- ---swap-- -----io---- -system-- -------cpu-------
 r  b   swpd   free   buff  cache   si   so    bi    bo   in   cs us sy id wa st gu
272  0 137568 3543112 1294780 37112764    0    0     0 652824 217478 699493 77 22  1  0  0  0
179  2 137568 3539836 1294780 37112776    0    0     0 754332 222629 694066 77 23  0  0  0  0
278  2 137568 3532980 1294784 37112788    0    0     0 611208 214757 689520 78 22  0  0  0  0
247  4 137568 3535812 1294792 37112796    0    0     0 728004 222657 711202 77 22  1  0  0  0
389  0 137568 3541648 1294792 37112888    0    0     0 603280 216014 687216 77 22  1  0  0  0
307  0 137568 3542456 1294792 37112904    0    0     0 1355840 243161 760822 76 23  1  0  0  0
266  0 137568 3528980 1294792 37112920    0    0     0 616060 218298 696404 77 22  1  0  0  0
338  0 137568 3536412 1294796 37112924    0    0     0 682876 218332 695572 78 22  1  0  0  0
286  0 137568 3538076 1294804 37112940    0    0     0 704868 214938 693844 78 21  1  0  0  0
267  0 137568 3530100 1294804 37112964    0    0     0 629820 215482 690934 77 22  1  0  0  0
374  2 137568 3534180 1294804 37112972    0    0     0 1365224 235956 732653 77 22  1  0  0  0
210  4 137568 3533832 1294804 37112984    0    0     0 645328 216730 685693 77 22  1  0  0  0
269  0 137568 3532536 1294812 37112992    0    0     0 641608 215874 694124 77 22  1  0  0  0
277  1 137568 3529448 1294820 37113008    0    0     0 752908 220808 704486 77 22  1  0  0  0
301  1 137568 3533552 1294824 37113032    0    0     0 649200 216891 695193 77 22  1  0  0  0
224  1 137568 3537180 1294824 37113052    0    0     0 651472 216861 694859 77 22  1  0  0  0
203  0 137568 3538328 1294824 37113064    0    0     0 1254020 239979 745358 76 23  2  0  0  0
287  1 137568 3542972 1294828 37113076    0    0     0 683352 223538 690243 77 22  0  0  0  0
304  2 137568 3536652 1294836 37113088    0    0     0 695216 222538 700684 77 22  1  0  0  0
257  0 137568 3537292 1294840 37113112    0    0     0 760768 221337 707743 77 22  1  0  0  0
230  2 137568 3532848 1294840 37113128    0    0     0 625888 213988 693154 77 22  0  0  0  0
procs -----------memory---------- ---swap-- -----io---- -system-- -------cpu-------
 r  b   swpd   free   buff  cache   si   so    bi    bo   in   cs us sy id wa st gu
297  3 137568 3538724 1294840 37113140    0    0     0 1318032 238495 750742 76 23  1  0  0  0
317  2 137568 3538944 1294840 37113156    0    0     0 615556 214034 696167 77 22  1  0  0  0
260  1 137568 3536908 1294848 37113168    0    0     0 686168 215298 690049 77 22  1  0  0  0
226  0 137568 3537684 1294848 37113188    0    0     0 606752 213771 686126 78 22  1  0  0  0
280  2 137568 3537300 1294848 37113200    0    0     0 673292 216802 693185 77 22  0  0  0  0
196  3 137568 3518736 1294848 37113220    0    0     0 1392100 243498 736951 77 22  1  0  0  0
302  0 137568 3539712 1294848 37113228    0    0     0 578368 215460 693633 78 22  1  0  0  0
256  2 137568 3540516 1294860 37113224    0    0     0 1356176 252393 747380 77 22  1  0  0  0
327  1 137568 3534520 1294860 37113252    0    0     0 645256 219231 696339 77 22  1  0  0  0
286  2 137568 3541768 1294860 37113264    0    0     0 1313744 240449 729221 77 23  1  0  0  0
240  1 137568 3530588 1294864 37113284    0    0     0 623592 213231 684476 78 22  0  0  0  0
171  1 137568 3521632 1294864 37113296    0    0     0 807588 226192 708675 77 22  0  0  0  0
228  0 137568 3524932 1294868 37113308    0    0     0 1197468 236927 741799 76 23  1  0  0  0
290  1 137568 3515780 1294868 37113332    0    0     0 777796 220835 697371 77 22  0  0  0  0
258  1 137568 3521212 1294868 37113344    0    0     0 550804 211960 687286 78 22  0  0  0  0
275  0 137568 3515968 1294868 37113360    0    0     0 1392116 240951 741351 76 23  1  0  0  0
245  1 137568 3507380 1294868 37113376    0    0     0 605784 214842 692493 77 22  1  0  0  0
266  0 137568 3503416 1294880 37113384    0    0     0 765672 221149 700995 77 22  0  0  0  0
262  0 137568 3518132 1294880 37113408    0    0     0 1267008 238268 740646 76 23  1  0  0  0
269  1 137568 3512592 1294880 37113420    0    0     0 618820 218237 684938 78 22  0  0  0  0
237  2 137568 3504144 1294880 37113432    0    0     0 724628 218428 694931 77 22  1  0  0  0
procs -----------memory---------- ---swap-- -----io---- -system-- -------cpu-------
 r  b   swpd   free   buff  cache   si   so    bi    bo   in   cs us sy id wa st gu
273  0 137568 3491844 1294880 37113452    0    0     0 691448 218852 693924 78 22  0  0  0  0
262  0 137568 3507528 1294896 37113448    0    0     0 1268232 236409 738711 76 23  1  0  0  0
286  0 137568 3505868 1294900 37113484    0    0     0 677280 220630 687942 78 22  0  0  0  0
289  0 137568 3491556 1294900 37113492    0    0     0 793612 222915 696025 78 22  0  0  0  0
197  3 137568 3500752 1294900 37113508    0    0     0 572208 213231 681174 78 22  0  0  0  0
304  0 137568 3488772 1294900 37113520    0    0     0 1299652 238283 731356 77 23  1  0  0  0
246  1 137568 3500596 1294904 37113532    0    0     0 648088 221919 704796 78 22  0  0  0  0
283  1 137568 3496248 1294904 37113548    0    0     0 706256 217930 685702 78 21  0  0  0  0
342  0 137568 3494852 1294904 37113560    0    0     0 648076 218139 685244 78 22  0  0  0  0
285  0 137568 3478012 1294904 37113576    0    0     0 1314112 238405 734978 76 23  1  0  0  0
295  2 137568 3487216 1294904 37113588    0    0     0 707340 220323 690104 78 22  0  0  0  0
261  2 137568 3487228 1294908 37113596    0    0     0 684680 220553 697778 77 22  0  0  0  0
199  0 137568 3479424 1294908 37113628    0    0     0 724844 220769 696715 77 22  1  0  0  0
280  1 137568 3471744 1294908 37113644    0    0     0 641588 216783 687648 78 22  0  0  0  0
264  0 137568 3503780 1294908 37113656    0    0     0 1264888 233813 724464 77 22  1  0  0  0
250  4 137568 3506160 1294908 37113668    0    0     0 710884 221573 698535 78 22  0  0  0  0
281  1 137568 3492200 1294912 37113676    0    0     0 685124 219885 701782 77 22  1  0  0  0
314  0 137568 3495872 1294912 37113700    0    0     0 652848 218709 696444 77 22  1  0  0  0
289  0 137568 3488984 1294912 37113716    0    0     0 570700 216805 689971 77 22  0  0  0  0
246  2 137568 3492436 1294912 37113728    0    0     0 1404228 242909 735785 76 23  1  0  0  0
282  2 137568 3490280 1294912 37113740    0    0     0 704948 217271 702612 78 22  0  0  0  0
procs -----------memory---------- ---swap-- -----io---- -system-- -------cpu-------
 r  b   swpd   free   buff  cache   si   so    bi    bo   in   cs us sy id wa st gu
287  0 137568 3477180 1294916 37113752    0    0     0 636636 217160 692774 77 22  0  0  0  0
321  0 137568 3477672 1294916 37113836    0    0     0 614252 217826 679092 77 22  0  0  0  0
307  0 137568 3475184 1294916 37113852    0    0     0 737872 220744 689784 78 22  0  0  0  0
299  1 137568 3481524 1294920 37113860    0    0     0 1417252 240682 740110 76 23  1  0  0  0
282  4 137568 3487268 1294924 37113876    0    0     0 582440 214833 687435 77 22  0  0  0  0
264  1 137568 3480356 1294932 37113884    0    0     0 573520 214068 683384 78 22  0  0  0  0
268  0 137568 3496600 1294932 37113908    0    0     0 751656 226404 702366 78 22  0  0  0  0
215  2 137568 3496672 1294932 37113920    0    0     0 557712 217572 683124 78 21  0  0  0  0
264  4 137568 3491664 1294932 37113928    0    0     0 1481676 246090 735432 77 23  1  0  0  0
313  3 137568 3487972 1294932 37113940    0    0     0 658532 214886 687317 77 22  0  0  0  0
179  3 137568 3477788 1294940 37113944    0    0     0 620920 217307 689091 77 22  0  0  0  0
224  1 137568 3478068 1294940 37113976    0    0     0 630684 220340 696286 77 22  0  0  0  0
317  5 137568 3472072 1294940 37113996    0    0     0 723156 221647 689455 77 22  0  0  0  0
215  3 137568 3473580 1294940 37114008    0    0     0 719620 221955 707722 77 22  1  0  0  0
211  1 137568 3469260 1294940 37114020    0    0     0 1315744 236678 727028 76 23  1  0  0  0
288  0 137568 3460716 1294952 37114028    0    0     0 550524 213858 686520 78 22  0  0  0  0
287  0 137568 3458628 1294952 37114052    0    0     0 717820 220872 706061 77 23  0  0  0  0
276  1 137568 3458164 1294952 37114064    0    0     0 680124 220987 686165 77 22  0  0  0  0
199  0 137568 3461280 1294952 37114076    0    0     0 614748 224992 689624 78 22  0  0  0  0
239  1 137568 3453616 1294952 37114088    0    0     0 722364 239649 695323 77 22  0  0  0  0
290  0 137568 3444468 1294956 37114100    0    0     0 1286232 260184 731305 77 23  1  0  0  0
procs -----------memory---------- ---swap-- -----io---- -system-- -------cpu-------
 r  b   swpd   free   buff  cache   si   so    bi    bo   in   cs us sy id wa st gu
246  0 137568 3453668 1294960 37114120    0    0     0 672276 233449 688216 78 22  0  0  0  0
207  2 137568 3460508 1294964 37114136    0    0     0 709384 234357 697565 77 23  1  0  0  0
296  0 137568 3451716 1294964 37114152    0    0     0 681076 227471 688272 77 22  1  0  0  0
228  0 137568 3452552 1294964 37114164    0    0     0 683344 233690 683050 77 22  0  0  0  0
230  2 137568 3451236 1294968 37114176    0    0     0 763128 238528 696617 77 23  1  0  0  0
286  0 137568 3447336 1294972 37114192    0    0     4 606008 228474 682892 77 22  1  0  0  0
177  1 137568 3448712 1294972 37114220    0    0     0 1267720 245058 728529 77 22  1  0  0  0
209  5 137568 3445488 1294972 37114228    0    0     0 671808 231723 695961 78 22  0  0  0  0
271  2 137568 3449792 1294972 37114236    0    0     0 661196 230254 693986 77 22  1  0  0  0
236  3 137568 3446012 1294976 37114248    0    0     0 755680 226969 688340 77 22  1  0  0  0
290  2 137568 3442068 1294976 37114280    0    0     0 672276 215953 694439 77 22  1  0  0  0
237  3 137568 3451016 1294976 37114292    0    0     0 703436 217496 703835 77 22  1  0  0  0
247  0 137568 3427056 1294976 37114308    0    0     0 514072 211615 680554 77 22  1  0  0  0
72  6 137568 3459180 1294976 37114320    0    0     0 1494928 244559 748717 76 23  1  0  0  0
286  0 137568 3466600 1294980 37114336    0    0     0 520564 209781 681623 78 22  0  0  0  0
217  5 137568 3465640 1294980 37114352    0    0     0 818912 225547 704677 77 22  0  0  0  0
252  0 137568 3473196 1294980 37114364    0    0     0 625388 220773 699842 77 22  1  0  0  0
250  2 137568 3470644 1294980 37114380    0    0     0 589888 215052 688475 78 22  0  0  0  0
200  1 137568 3464908 1294980 37114400    0    0     0 728484 219092 694327 77 22  0  0  0  0
262  3 137568 3456044 1294984 37114412    0    0     0 737800 218435 693064 77 22  0  0  0  0
340  3 137568 3452504 1294984 37114428    0    0     0 535204 214696 689245 78 22  0  0  0  0
procs -----------memory---------- ---swap-- -----io---- -system-- -------cpu-------
 r  b   swpd   free   buff  cache   si   so    bi    bo   in   cs us sy id wa st gu
311  1 137568 3458460 1294984 37114440    0    0     0 1340272 240883 741749 76 23  1  0  0  0
245  1 137568 3449996 1294988 37114452    0    0     0 657140 216687 687601 78 22  0  0  0  0
205  2 137568 3453828 1294988 37114468    0    0     0 661688 217236 698393 78 22  0  0  0  0
308  0 137568 3458992 1294996 37114476    0    0     0 839412 225694 708455 77 22  1  0  0  0
205  1 137568 3459228 1294996 37114504    0    0     0 675872 216633 694045 78 22  1  0  0  0
178  4 137568 3452048 1294996 37114516    0    0     0 596804 213553 687443 77 22  0  0  0  0
253  2 137568 3468052 1294996 37114532    0    0     0 1338960 238775 738980 76 22  1  0  0  0
240  4 137568 3477540 1294996 37114544    0    0     0 673800 216578 693131 78 22  1  0  0  0
329  2 137568 3469932 1295004 37114548    0    0     0 647368 215788 684899 78 21  1  0  0  0
257  0 137568 3472216 1295004 37114568    0    0     0 581360 214517 684495 77 22  0  0  0  0
308  0 137568 3462824 1295004 37114580    0    0     0 695812 220626 693441 77 22  0  0  0  0
264  0 137568 3458700 1295004 37114596    0    0     0 642312 215595 690987 77 22  0  0  0  0
260  1 137568 3464252 1295028 37114584    0    0     0 1360288 238616 737363 76 23  1  0  0  0
277  0 137568 3441628 1295028 37114664    0    0     0 667292 210525 677390 77 23  1  0  0  0
234  2 137568 3447788 1295028 37114680    0    0     0 681840 219724 699815 78 22  0  0  0  0
312  3 137568 3451436 1295028 37114684    0    0     0 743264 220470 698359 77 22  1  0  0  0
205  3 137568 3444660 1295028 37114704    0    0     0 655684 219526 708051 77 22  1  0  0  0
283  3 137568 3449236 1295040 37114708    0    0     0 636156 214904 689114 77 22  0  0  0  0
324  1 137568 3442604 1295040 37114732    0    0     0 690340 218037 695895 78 22  0  0  0  0
228  0 137568 3449572 1295044 37114836    0    0     0 1391096 244073 749596 76 23  1  0  0  0
196  0 137568 3434840 1295044 37114856    0    0     0 668720 218981 699453 77 22  1  0  0  0
procs -----------memory---------- ---swap-- -----io---- -system-- -------cpu-------
 r  b   swpd   free   buff  cache   si   so    bi    bo   in   cs us sy id wa st gu
302  4 137568 3428408 1295044 37114872    0    0     0 612116 215375 683323 77 22  0  0  0  0
228  2 137568 3435420 1295052 37114876    0    0    16 680308 222736 694781 77 22  1  0  0  0
232  4 137568 3432808 1295052 37114936    0    0     0 646824 219122 695198 77 22  0  0  0  0
246  0 137568 3450140 1295052 37114948    0    0     0 731764 220585 705381 77 22  1  0  0  0
219  2 137568 3441752 1295052 37114968    0    0     0 699512 218815 691259 77 22  0  0  0  0
225  1 137568 3441248 1295056 37114972    0    0     0 1261904 247372 725516 76 23  1  0  0  0
298  3 137568 3446448 1295064 37114984    0    0     0 674908 221546 692796 78 22  1  0  0  0
226  3 137568 3445632 1295064 37115000    0    0     0 684464 215531 692184 78 22  1  0  0  0
229  0 137568 3450664 1295064 37115020    0    0     0 673872 216545 693890 78 22  1  0  0  0
278  0 137568 3435680 1295064 37115032    0    0     0 543068 213099 675844 78 22  0  0  0  0
292  3 137568 3432880 1295064 37115044    0    0     0 733540 219578 693855 78 22  0  0  0  0
220  0 137568 3433900 1295072 37115052    0    0     0 1375980 242546 743893 76 23  1  0  0  0
242  0 137568 3439672 1295072 37115076    0    0     0 702968 216685 693235 78 22  0  0  0  0
276  0 137568 3432828 1295072 37115092    0    0     0 671688 219738 694233 78 22  0  0  0  0
211  0 137568 3425340 1295072 37115108    0    0     0 669776 221522 691676 78 22  0  0  0  0
238  1 137568 3429096 1295072 37115120    0    0     0 669780 219161 687539 78 22  0  0  0  0
330  0 137568 3433220 1295080 37115132    0    0     0 670312 218938 695134 78 22  0  0  0  0
251  0 137568 3428468 1295080 37115156    0    0     0 670940 217032 688215 77 22  1  0  0  0
324  0 137568 3426148 1295080 37115172    0    0     0 1308352 240766 733957 76 23  1  0  0  0
268  0 137568 3418572 1295080 37115184    0    0     0 672208 215180 685613 77 22  0  0  0  0
277  0 137568 3426140 1295080 37115196    0    0     0 670376 217367 688158 78 22  0  0  0  0
procs -----------memory---------- ---swap-- -----io---- -system-- -------cpu-------
 r  b   swpd   free   buff  cache   si   so    bi    bo   in   cs us sy id wa st gu
240  0 137568 3425656 1295088 37115208    0    0     0 671284 218927 691789 77 22  0  0  0  0
290  0 137568 3416404 1295088 37115228    0    0     0 668604 219433 693791 77 22  0  0  0  0
273  0 137568 3412596 1295088 37115244    0    0     0 669024 216276 698453 77 22  1  0  0  0
223  3 137568 3426168 1295092 37115256    0    0     0 1266544 243719 736952 77 23  1  0  0  0
280  0 137568 3407748 1295092 37115272    0    0     0 712524 219400 701103 77 22  1  0  0  0
249  0 137568 3414188 1295104 37115280    0    0     0 669692 218459 695112 77 22  1  0  0  0
293  0 137568 3420344 1295108 37115296    0    0     4 702616 219385 698716 78 22  0  0  0  0
330  0 137568 3415788 1295108 37115320    0    0     0 670516 216639 688314 78 22  0  0  0  0
228  0 137568 3415900 1295108 37115332    0    0     0 669264 214430 698237 78 22  0  0  0  0
205  0 137568 3416396 1295116 37115340    0    0     0 672632 216420 692706 77 22  1  0  0  0
256  0 137568 3395604 1295124 37115356    0    0     0 1277468 240753 725776 77 23  0  0  0  0
297  0 137568 3404428 1295124 37115376    0    0     0 701144 219548 690081 77 22  0  0  0  0
294  0 137568 3402132 1295124 37115396    0    0     0 670412 218427 691833 77 22  0  0  0  0
286  0 137568 3411692 1295124 37115412    0    0     0 669228 220036 687308 78 22  0  0  0  0
309  0 137568 3408744 1295124 37115424    0    0     0 668376 218750 686675 77 22  0  0  0  0
273  0 137568 3400088 1295132 37115428    0    0     0 669876 219120 699344 77 22  1  0  0  0
238  0 137568 3404364 1295132 37115452    0    0     0 1307484 242007 737829 77 23  1  0  0  0
292  0 137568 3407480 1295132 37115472    0    0     0 668468 218655 686270 78 22  0  0  0  0
213  0 137568 3399864 1295132 37115484    0    0     0 671612 219465 699197 77 22  1  0  0  0
293  0 137568 3412556 1295132 37115492    0    0     0 669716 221664 700171 77 22  0  0  0  0
259  0 137568 3412812 1295136 37115500    0    0     0 668656 219235 698071 77 22  0  0  0  0
procs -----------memory---------- ---swap-- -----io---- -system-- -------cpu-------
 r  b   swpd   free   buff  cache   si   so    bi    bo   in   cs us sy id wa st gu
281  0 137568 3394560 1295140 37115516    0    0     0 685936 216486 689709 77 22  0  0  0  0
224  0 137568 3399440 1295140 37115544    0    0     0 1308988 238571 740026 76 23  1  0  0  0
208  0 137568 3400308 1295140 37115556    0    0     0 669628 215865 686763 77 22  0  0  0  0
268  0 137568 3412400 1295140 37115568    0    0     0 687572 217773 692605 77 22  0  0  0  0
299  0 137568 3406744 1295144 37115576    0    0     0 668884 219106 694966 78 22  0  0  0  0
271  0 137568 3397968 1295144 37115600    0    0     0 668084 215506 694272 78 22  0  0  0  0
281  0 137568 3410136 1295144 37115620    0    0     0 669168 219697 704016 78 22  0  0  0  0
209  0 137568 3408560 1295144 37115632    0    0     0 1305208 244331 740033 77 22  1  0  0  0
216  0 137568 3406508 1295144 37115640    0    0     0 670728 215928 697729 78 22  1  0  0  0
269  0 137568 3403996 1295152 37115644    0    0     0 670440 219558 700491 77 22  0  0  0  0
317  0 137568 3395356 1295152 37115672    0    0     0 670256 216857 691388 77 22  0  0  0  0
261  0 137568 3398768 1295152 37115688    0    0     0 1310276 235316 737693 76 22  1  0  0  0
314  0 137568 3386212 1295156 37115704    0    0     0 671276 214189 686871 78 22  0  0  0  0
254  0 137568 3381884 1295156 37115716    0    0     0 669864 216853 691225 78 22  0  0  0  0
165  0 137568 3376968 1295164 37115720    0    0     0 670448 218395 694037 78 22  0  0  0  0
265  0 137568 3379964 1295164 37115740    0    0     0 1307356 239591 743576 77 22  1  0  0  0
307  0 137568 3379188 1295164 37115824    0    0     0 665980 218818 697889 77 22  1  0  0  0
229  0 137568 3383860 1295168 37115832    0    0     0 670380 217145 699146 77 22  1  0  0  0
254  0 137568 3382312 1295168 37115848    0    0     0 667116 218857 697749 77 22  1  0  0  0
262  0 137568 3386068 1295172 37115864    0    0     0 1306704 241989 740477 77 23  1  0  0  0
250  1 137568 3391988 1295188 37115872    0    0     0 706160 211084 683446 77 22  0  0  0  0
procs -----------memory---------- ---swap-- -----io---- -system-- -------cpu-------
 r  b   swpd   free   buff  cache   si   so    bi    bo   in   cs us sy id wa st gu
269  0 137568 3396076 1295188 37115904    0    0     0 668220 217798 693616 78 22  0  0  0  0
283  0 137568 3387904 1295188 37115916    0    0     0 667692 221038 702743 77 22  1  0  0  0
245  0 137568 3388592 1295188 37115928    0    0     0 1310364 238007 739602 76 23  1  0  0  0
167  0 137568 3392088 1295196 37115932    0    0     0 669936 212347 688259 78 22  1  0  0  0
264  0 137568 3379136 1295196 37115960    0    0     0 669016 215674 692726 78 22  0  0  0  0
248  0 137568 3378556 1295196 37115976    0    0     0 670364 217014 695644 78 22  0  0  0  0
257  0 137568 3387980 1295196 37115988    0    0     0 670964 218999 693205 78 22  0  0  0  0
247  0 137568 3385348 1295196 37116000    0    0     0 1306788 240935 752845 77 22  1  0  0  0
291  0 137568 3389768 1295208 37116000    0    0     0 671664 214992 694362 78 22  1  0  0  0
218  0 137568 3391520 1295208 37116024    0    0     0 670440 217357 688650 78 22  0  0  0  0
295  0 137568 3391180 1295208 37116040    0    0     0 668268 222498 695871 78 22  0  0  0  0
265  0 137568 3388572 1295208 37116056    0    0     0 669828 220558 706084 77 22  1  0  0  0
297  0 137568 3374456 1295208 37116064    0    0     0 1309632 237025 728420 77 23  1  0  0  0
275  0 137568 3375192 1295212 37116076    0    0     0 667468 220098 708363 77 22  1  0  0  0
256  0 137568 3376284 1295212 37116092    0    0     0 706712 215734 691726 78 22  0  0  0  0
292  0 137568 3375952 1295212 37116112    0    0     0 670588 217894 691332 78 22  0  0  0  0
283  0 137568 3389620 1295212 37116128    0    0     0 668836 220086 707538 77 22  1  0  0  0
266  0 137568 3384428 1295212 37116140    0    0     0 1313240 239851 731377 77 23  0  0  0  0
170  0 137568 3380620 1295216 37116152    0    0     0 667912 215543 697598 78 22  1  0  0  0
304  0 137568 3390604 1295216 37116172    0    0     0 670664 218279 690021 78 22  0  0  0  0
292  0 137568 3386628 1295220 37116188    0    0     0 672136 218449 690828 77 22  1  0  0  0
procs -----------memory---------- ---swap-- -----io---- -system-- -------cpu-------
 r  b   swpd   free   buff  cache   si   so    bi    bo   in   cs us sy id wa st gu
216  0 137568 3376052 1295220 37116208    0    0     0 667472 217122 698201 77 22  0  0  0  0
326  0 137568 3372244 1295220 37116220    0    0     0 1306888 243417 750568 76 23  1  0  0  0
266  0 137568 3367064 1295224 37116228    0    0     0 671852 215729 694581 78 22  0  0  0  0
191  0 137568 3378124 1295224 37116248    0    0     0 669240 221839 698555 78 22  0  0  0  0
260  0 137568 3389088 1295224 37116268    0    0     0 669724 217960 696789 77 22  0  0  0  0
209  0 137568 3377644 1295228 37116276    0    0     0 670164 217981 698686 77 22  0  0  0  0
244  0 137568 3381300 1295228 37116296    0    0     0 1307800 238837 740062 76 23  1  0  0  0
197  0 137568 3386772 1295232 37116308    0    0     0 671812 217525 693273 78 22  1  0  0  0
246  0 137568 3394348 1295232 37116320    0    0     0 670528 218236 691084 78 22  0  0  0  0
231  0 137568 3378824 1295232 37116336    0    0     0 666992 219095 698284 78 22  0  0  0  0
241  0 137568 3387096 1295240 37116340    0    0     4 706828 215222 691920 77 22  0  0  0  0
262  0 137568 3368796 1295240 37116368    0    0     0 667400 217610 702722 77 22  1  0  0  0
212  0 137568 3370212 1295244 37116376    0    0     0 1307704 241168 748534 77 22  1  0  0  0
143  0 137568 3377816 1295244 37116412    0    0     0 673000 217358 687288 78 22  0  0  0  0
255  0 137568 3368384 1295244 37116416    0    0     0 668232 216036 696777 77 22  1  0  0  0
199  0 137568 3359992 1295244 37116432    0    0     0 670284 215440 688156 77 22  0  0  0  0
264  0 137568 3366568 1295248 37116456    0    0     0 670796 216361 689058 78 22  0  0  0  0
279  0 137568 3367588 1295256 37116456    0    0     0 1311492 233450 724440 77 23  1  0  0  0
283  0 137568 3358992 1295256 37116472    0    0     0 669432 214286 687804 78 22  1  0  0  0
291  0 137568 3356144 1295256 37116496    0    0     0 669168 220348 693394 77 22  0  0  0  0
246  0 137568 3357388 1295256 37116508    0    0     0 670432 218326 692830 78 22  0  0  0  0
procs -----------memory---------- ---swap-- -----io---- -system-- -------cpu-------
 r  b   swpd   free   buff  cache   si   so    bi    bo   in   cs us sy id wa st gu
286  0 137568 3363512 1295256 37116520    0    0     0 668216 221462 698379 78 22  0  0  0  0
305  0 137568 3362520 1295264 37116524    0    0     4 1313068 234714 716858 77 22  1  0  0  0
231  0 137568 3370180 1295264 37116560    0    0     0 670428 216271 687480 77 22  1  0  0  0
290  0 137568 3351004 1295264 37116572    0    0     0 669288 217746 694669 77 22  1  0  0  0
241  0 137568 3361000 1295264 37116584    0    0     0 704852 217587 693856 77 22  1  0  0  0
181  0 137568 3353648 1295264 37116596    0    0     0 668172 215663 685060 77 22  0  0  0  0
280  0 137568 3359552 1295268 37116608    0    0     0 1308260 240944 728203 77 22  0  0  0  0
301  0 137568 3357308 1295272 37116628    0    0     0 672496 215121 690519 78 22  1  0  0  0
224  0 137568 3370772 1295272 37116644    0    0     0 668228 223356 697223 78 22  0  0  0  0
331  0 137568 3369552 1295272 37116652    0    0     0 669524 216886 694219 78 21  0  0  0  0
315  0 137568 3360348 1295272 37116664    0    0     0 669028 218888 699928 78 22  0  0  0  0
235  0 137568 3338200 1295276 37116672    0    0     0 1306852 239169 749898 76 23  1  0  0  0
308  0 137568 3332900 1295276 37116776    0    0     0 669696 214959 688397 77 22  0  0  0  0
245  0 137568 3357540 1295276 37116780    0    0     0 670792 218323 688210 77 22  0  0  0  0
296  0 137568 3360088 1295276 37116800    0    0     0 669948 215825 690368 78 22  0  0  0  0
278  0 137568 3350676 1295276 37116816    0    0     0 670492 218872 691347 78 22  0  0  0  0
271  0 137568 3357784 1295280 37116824    0    0     0 1309948 238906 734188 77 23  1  0  0  0
250  0 137568 3351472 1295280 37116840    0    0     0 669952 218816 692769 78 22  0  0  0  0
181  0 137568 3349212 1295280 37116864    0    0     0 673168 216447 697554 77 22  0  0  0  0
248  0 137568 3346020 1295280 37116880    0    0     0 669616 218154 697292 78 22  0  0  0  0
239  0 137568 3332892 1295280 37116892    0    0     0 668924 217981 688099 78 22  0  0  0  0
procs -----------memory---------- ---swap-- -----io---- -system-- -------cpu-------
 r  b   swpd   free   buff  cache   si   so    bi    bo   in   cs us sy id wa st gu
261  0 137568 3347556 1295288 37116896    0    0     0 1310696 239964 721591 77 23  1  0  0  0
212  0 137568 3327820 1295288 37116928    0    0     0 668368 216676 697762 77 22  0  0  0  0
280  0 137568 3330520 1295288 37116940    0    0     0 684160 217276 695969 77 22  0  0  0  0
254  0 137568 3345768 1295296 37116952    0    0     0 686952 217975 692069 77 22  0  0  0  0
259  0 137568 3355752 1295296 37116968    0    0     0 671432 219218 691328 78 22  0  0  0  0
273  0 137568 3356608 1295304 37116980    0    0     0 1310580 235517 728428 77 23  1  0  0  0
263  0 137568 3351984 1295304 37116996    0    0     0 669724 217211 702385 77 22  0  0  0  0
271  0 137568 3342620 1295304 37117012    0    0     0 668952 215702 694565 78 22  0  0  0  0
305  0 137568 3353788 1295304 37117024    0    0     0 671356 218564 702064 78 22  1  0  0  0
269  0 137568 3349920 1295304 37117032    0    0     0 671228 219424 687469 78 21  0  0  0  0
222  0 137568 3343140 1295312 37117048    0    0     0 1310384 237160 731698 77 22  1  0  0  0
144  0 137568 3349908 1295312 37117060    0    0     0 671420 216738 692525 77 22  0  0  0  0
206  0 137568 3330848 1295312 37117076    0    0     0 670100 221105 697255 78 22  0  0  0  0
278  0 137568 3326484 1295312 37117096    0    0     0 669884 231543 691999 77 22  0  0  0  0
254  0 137568 3342120 1295312 37117112    0    0     0 671028 221665 690421 78 22  0  0  0  0
234  0 137568 3302508 1295340 37117096    0    0     0 1306592 241502 736970 76 23  1  0  0  0
301  0 137568 3297908 1295340 37117136    0    0     0 666616 224259 692242 77 23  0  0  0  0
215  0 137568 3342224 1295340 37117148    0    0     0 671560 219511 698941 77 22  0  0  0  0
282  0 137568 3340268 1295340 37117160    0    0     0 668924 217969 690853 78 22  0  0  0  0
245  0 137568 3325440 1295340 37117180    0    0     0 669768 217572 686412 77 22  0  0  0  0
279  0 137568 3340240 1295352 37117192    0    0     0 1311616 256185 729357 77 23  0  0  0  0
procs -----------memory---------- ---swap-- -----io---- -system-- -------cpu-------
 r  b   swpd   free   buff  cache   si   so    bi    bo   in   cs us sy id wa st gu
249  0 137568 3352300 1295356 37117212    0    0     0 668572 220072 694992 78 22  0  0  0  0
289  0 137568 3347468 1295356 37117228    0    0     0 702608 227664 692492 77 22  0  0  0  0
288  0 137568 3355456 1295356 37117244    0    0     0 669744 219395 695772 77 22  0  0  0  0
225  0 137568 3360272 1295356 37117256    0    0     0 670744 224683 687067 78 22  0  0  0  0
136  0 137568 3360328 1295364 37117272    0    0     0 1309936 243956 721949 76 23  1  0  0  0
257  0 137568 3360504 1295364 37117288    0    0     0 668640 222490 696037 77 23  0  0  0  0
265  0 137568 3355804 1295364 37117308    0    0     0 670328 218491 692609 78 22  0  0  0  0
307  0 137568 3346544 1295364 37117324    0    0     0 672880 231252 688997 77 23  0  0  0  0
193  0 137568 3345328 1295364 37117336    0    0     0 672472 217895 684359 77 22  0  0  0  0
234  0 137568 3339268 1295372 37117352    0    0     0 1310796 245164 725566 77 23  1  0  0  0
302  0 137568 3350492 1295372 37117364    0    0     0 672824 220525 694118 78 21  0  0  0  0
255  0 137568 3362948 1295372 37117372    0    0     0 669828 218752 703997 78 22  0  0  0  0
248  0 137568 3348552 1295376 37117384    0    0     0 669272 218050 693167 78 22  0  0  0  0
287  0 137568 3351852 1295376 37117396    0    0     0 1310104 238379 742259 76 23  1  0  0  0
276  0 137568 3347496 1295384 37117412    0    0     0 670372 217486 685863 78 22  0  0  0  0
336  0 137568 3346284 1295384 37117428    0    0     0 669104 217291 693375 77 22  0  0  0  0
312  0 137568 3340864 1295388 37117440    0    0     4 705180 216866 688842 78 22  0  0  0  0
224  0 137568 3349444 1295388 37117468    0    0     0 668104 219882 698726 77 22  1  0  0  0
307  0 137568 3344884 1295388 37117476    0    0     0 1307712 239127 736786 77 22  1  0  0  0
245  0 137568 3355376 1295396 37117488    0    0     0 670672 213993 694644 77 22  0  0  0  0
285  0 137568 3351108 1295396 37117512    0    0     0 669412 218460 690447 78 22  0  0  0  0
procs -----------memory---------- ---swap-- -----io---- -system-- -------cpu-------
 r  b   swpd   free   buff  cache   si   so    bi    bo   in   cs us sy id wa st gu
268  0 137568 3352396 1295396 37117532    0    0     0 669228 216863 691586 78 22  1  0  0  0
282  0 137568 3349212 1295396 37117552    0    0     0 669928 219313 695105 77 22  0  0  0  0
203  0 137568 3351312 1295400 37117560    0    0     0 1309212 239191 742758 77 23  1  0  0  0
250  0 137568 3352068 1295404 37117576    0    0     0 668624 216515 692040 77 22  0  0  0  0
226  0 137568 3356852 1295404 37117592    0    0     0 669780 215638 695689 77 22  0  0  0  0
244  0 137568 3339572 1295404 37117604    0    0     0 669976 223156 692798 78 22  0  0  0  0
223  0 137568 3343752 1295404 37117616    0    0     0 669496 221362 691732 78 22  0  0  0  0
285  0 137568 3347920 1295404 37117640    0    0     0 1310792 241276 739469 77 22  1  0  0  0
239  0 137568 3339944 1295416 37117648    0    0     0 670828 219430 691465 77 22  0  0  0  0
271  1 137568 3432744 1295320 37038184    0    0     0 670836 215996 682299 77 22  1  0  0  0
220  0 137568 3454816 1295320 37038200    0    0     0 671392 222817 694706 78 22  0  0  0  0
240  0 137568 3450700 1295320 37038208    0    0     0 671740 226443 690924 78 21  0  0  0  0
272  0 137568 3448740 1295320 37038220    0    0     0 702868 223773 693765 78 22  0  0  0  0
239  0 137568 3437756 1295328 37038236    0    0     0 1309944 238924 733586 77 23  1  0  0  0
288  0 137568 3439988 1295328 37038256    0    0     0 669412 223424 690298 78 22  0  0  0  0
269  0 137568 3439900 1295328 37038268    0    0     0 670980 222759 686003 78 22  0  0  0  0
183  0 137568 3428064 1295328 37038284    0    0     0 669808 224138 689064 78 22  0  0  0  0
247  0 137568 3424236 1295328 37038296    0    0     0 672448 221479 690086 78 22  0  0  0  0
352  0 137568 3426596 1295332 37038312    0    0     0 1305876 244543 744297 77 23  1  0  0  0
160  0 137568 3418564 1295332 37038332    0    0     0 669860 217572 698327 78 22  0  0  0  0
294  0 137568 3415868 1295332 37038340    0    0     0 671848 223849 687233 77 22  0  0  0  0
procs -----------memory---------- ---swap-- -----io---- -system-- -------cpu-------
 r  b   swpd   free   buff  cache   si   so    bi    bo   in   cs us sy id wa st gu
271  0 137568 3419168 1295332 37038352    0    0     0 671352 221368 687978 77 22  0  0  0  0
263  0 137568 3418292 1295332 37038368    0    0     0 1310708 238706 731901 77 22  1  0  0  0
270  0 137568 3416936 1295336 37038388    0    0     0 667788 227813 693284 78 22  0  0  0  0
238  0 137568 3418988 1295336 37038404    0    0     0 669452 223758 695531 78 22  0  0  0  0
261  0 137568 3419068 1295336 37038424    0    0     0 669268 223477 691970 78 22  0  0  0  0
282  0 137568 3416808 1295336 37038432    0    0     0 669228 221545 692304 77 22  0  0  0  0
222  0 137568 3411308 1295336 37038448    0    0     0 672984 222044 690214 77 22  0  0  0  0
264  0 137568 3402928 1295344 37038452    0    0     0 1308336 242295 725120 77 22  0  0  0  0
183  0 137568 3407964 1295344 37038468    0    0     0 670664 220187 689828 78 22  0  0  0  0
213  0 137568 3404104 1295344 37038480    0    0     0 705104 223637 689633 77 22  1  0  0  0
213  0 137568 3404136 1295344 37038504    0    0     0 671236 224795 684901 78 22  0  0  0  0
196  0 137568 3415104 1295344 37038512    0    0     0 1310064 236734 720556 77 22  1  0  0  0
187  0 137568 3417516 1295348 37038524    0    0     0 671688 226508 692446 78 21  0  0  0  0
264  0 137568 3412832 1295348 37038540    0    0     0 670156 220670 694374 78 21  0  0  0  0
229  0 137568 3410320 1295348 37038548    0    0     0 669108 239028 695555 77 22  0  0  0  0
201  0 137568 3410996 1295348 37038560    0    0     0 672056 227032 689163 78 22  0  0  0  0
201  0 137568 3410264 1295348 37038572    0    0     0 1308892 242737 732761 77 23  1  0  0  0
303  0 137568 3412908 1295356 37038580    0    0     0 668864 221260 692859 78 22  0  0  0  0
254  0 137568 3416524 1295356 37038608    0    0     0 670960 218562 694817 77 22  0  0  0  0
255  0 137568 3407408 1295356 37038620    0    0     0 1307252 243464 739894 77 23  1  0  0  0
257  0 137568 3405216 1295356 37038636    0    0     0 667676 217558 689307 78 22  0  0  0  0
procs -----------memory---------- ---swap-- -----io---- -system-- -------cpu-------
 r  b   swpd   free   buff  cache   si   so    bi    bo   in   cs us sy id wa st gu
250  0 137568 3408964 1295356 37038652    0    0     0 706048 221078 687861 77 22  1  0  0  0
227  0 137568 3412744 1295364 37038668    0    0     0 670548 224160 684788 78 22  0  0  0  0
272  0 137568 3406520 1295364 37038684    0    0     0 1307608 241839 728032 77 22  1  0  0  0
131  0 137568 3404916 1295364 37038696    0    0     0 671972 221493 681478 77 22  0  0  0  0
233  0 137568 3409196 1295364 37038708    0    0     0 669384 222282 696382 78 22  0  0  0  0
142  0 137568 3404032 1295364 37038724    0    0     0 670584 222919 689228 78 22  0  0  0  0
229  0 137568 3396768 1295372 37038736    0    0     0 670676 227444 691029 78 22  0  0  0  0
263  0 137568 3391268 1295372 37038764    0    0     0 1306964 242933 735915 77 23  1  0  0  0
281  0 137568 3386696 1295372 37038780    0    0     0 667660 222100 694646 77 22  1  0  0  0
257  0 137568 3387404 1295372 37038792    0    0     0 671344 221556 690032 77 22  0  0  0  0
282  0 137568 3386556 1295372 37038812    0    0     0 669872 223942 689818 77 23  0  0  0  0
199  0 137568 3382244 1295380 37038828    0    0     0 1306800 240742 727955 76 22  1  0  0  0
207  0 137568 3388436 1295380 37038848    0    0     0 702896 224462 699881 78 22  0  0  0  0
259  4 137568 3392544 1295392 37038856    0    0     0 651252 221906 685974 78 21  0  0  0  0
307  0 137568 3385988 1295392 37038860    0    0     0 681188 219308 686723 78 22  0  0  0  0
221  0 137568 3385328 1295400 37038888    0    0     4 683096 218122 691920 77 22  1  0  0  0
309  0 137568 3386304 1295408 37038884    0    0     0 1329492 236982 729288 77 22  1  0  0  0
254  2 137568 3385652 1295408 37038912    0    0     0 660532 219924 702032 77 22  1  0  0  0
239  0 137568 3378668 1295408 37038936    0    0     0 660424 216605 691975 77 22  1  0  0  0
304  0 137568 3371024 1295408 37038940    0    0     0 670564 221501 686751 78 22  0  0  0  0
186  0 137568 3375136 1295408 37038948    0    0     0 692040 224340 694405 77 22  0  0  0  0
procs -----------memory---------- ---swap-- -----io---- -system-- -------cpu-------
 r  b   swpd   free   buff  cache   si   so    bi    bo   in   cs us sy id wa st gu
210  2 137568 3381804 1295416 37038964    0    0     0 1290748 241097 745545 76 23  1  0  0  0
276  0 137568 3381416 1295416 37038984    0    0     0 685776 222600 696564 77 23  0  0  0  0
324  2 137568 3378548 1295416 37039000    0    0     0 656488 225158 688688 78 22  0  0  0  0
253  3 137568 3374260 1295416 37039012    0    0     0 679696 222311 693893 78 22  0  0  0  0
317  0 137568 3383240 1295416 37039024    0    0     0 675612 221949 692623 78 22  0  0  0  0
203  0 137568 3382460 1295424 37039040    0    0     0 648008 224840 698648 78 22  0  0  0  0
248  0 137568 3385188 1295424 37039124    0    0     0 1331252 238723 730229 77 23  1  0  0  0
282  0 137568 3375604 1295424 37039136    0    0     0 695372 221570 691928 78 22  0  0  0  0
158  0 137568 3379324 1295424 37039148    0    0     0 647332 215458 697405 78 22  1  0  0  0
275  0 137568 3378740 1295428 37039164    0    0     0 746824 224201 697377 77 22  0  0  0  0
158  1 137568 3370564 1295432 37039180    0    0     0 642040 222398 704852 77 22  1  0  0  0
330  0 137568 3373124 1295432 37039196    0    0     0 1310612 238929 733279 77 23  1  0  0  0
236  0 137568 3380804 1295432 37039216    0    0     0 662284 217232 693553 78 22  0  0  0  0
257  2 137568 3377200 1295432 37039224    0    0     0 676372 222085 693166 78 22  0  0  0  0
305  0 137568 3375124 1295432 37039232    0    0     0 670116 219597 685777 78 21  0  0  0  0
256  0 137568 3381896 1295440 37039240    0    0     0 631448 218371 702727 77 22  1  0  0  0
251  0 137568 3380324 1295440 37039260    0    0     0 1347148 236280 725379 77 22  1  0  0  0
217  0 137568 3378268 1295440 37039276    0    0     0 673820 221494 697760 78 22  0  0  0  0
152  3 137568 3371292 1295440 37039300    0    0     0 685064 216004 692272 78 22  0  0  0  0
246  0 137568 3372792 1295440 37039316    0    0     0 648472 218490 698292 78 22  0  0  0  0
281  0 137568 3371600 1295448 37039328    0    0     0 668188 217032 688770 78 22  0  0  0  0
procs -----------memory---------- ---swap-- -----io---- -system-- -------cpu-------
 r  b   swpd   free   buff  cache   si   so    bi    bo   in   cs us sy id wa st gu
246  0 137568 3381516 1295456 37039348    0    0     0 668700 219409 693661 77 22  0  0  0  0
266  0 137568 3375400 1295456 37039364    0    0     0 1315304 238923 741769 77 23  1  0  0  0
281  0 137568 3376560 1295456 37039376    0    0     0 711772 222824 697905 77 22  0  0  0  0
269  1 137568 3377304 1295456 37039388    0    0     0 659428 217422 703697 78 22  1  0  0  0
311  0 137568 3371204 1295464 37039400    0    0     0 672952 219057 701564 78 22  1  0  0  0
292  0 137568 3375988 1295464 37039416    0    0     0 669072 215039 692753 78 22  0  0  0  0
321  0 137568 3378048 1295464 37039436    0    0     0 1328948 240742 734552 76 23  1  0  0  0
291  0 137568 3369080 1295468 37039444    0    0     4 665084 220440 688547 78 22  0  0  0  0
276  0 137568 3369960 1295468 37039472    0    0     0 672076 222403 700024 78 22  0  0  0  0
292  0 137568 3376160 1295476 37039484    0    0     0 679952 220132 697205 78 22  0  0  0  0
273  2 137568 3367916 1295476 37039504    0    0     0 677792 223182 690984 78 22  0  0  0  0
254  1 137568 3377232 1295476 37039516    0    0     0 1339240 243305 727718 77 23  0  0  0  0
265  0 137568 3383332 1295476 37039528    0    0     0 657764 218460 687043 78 22  0  0  0  0
148  3 137568 3383200 1295476 37039536    0    0     0 672916 220241 700699 77 22  1  0  0  0
311  0 137568 3382204 1295484 37039536    0    0     0 680312 227690 703116 78 22  0  0  0  0
206  0 137568 3383756 1295484 37039564    0    0     0 654316 221242 692138 78 22  0  0  0  0
254  1 137568 3384092 1295484 37039580    0    0     0 1316612 238357 733114 77 23  1  0  0  0
286  0 137568 3389708 1295484 37039600    0    0     0 671632 216665 696834 77 22  1  0  0  0
278  1 137568 3377332 1295484 37039612    0    0     0 690804 219601 697807 78 22  0  0  0  0
295  2 137568 3392580 1295492 37039616    0    0     0 693796 217758 688889 78 22  0  0  0  0
275  0 137568 3383700 1295496 37039640    0    0     0 693316 217782 686432 77 22  0  0  0  0
procs -----------memory---------- ---swap-- -----io---- -system-- -------cpu-------
 r  b   swpd   free   buff  cache   si   so    bi    bo   in   cs us sy id wa st gu
323  3 137568 3388220 1295496 37039656    0    0     0 709916 221518 706630 77 22  1  0  0  0
272  0 137568 3381728 1295496 37039672    0    0     0 1301996 238210 725822 77 23  1  0  0  0
204  0 137568 3387336 1295496 37039684    0    0     0 651548 218148 695677 77 22  1  0  0  0
195  0 137568 3386484 1295500 37039696    0    0     0 650260 219881 683472 77 22  0  0  0  0
321  0 137568 3385400 1295500 37039720    0    0     0 710640 220504 693156 77 22  0  0  0  0
274  0 137568 3378392 1295500 37039732    0    0     0 659244 219709 690349 77 22  0  0  0  0
278  0 137568 3381124 1295500 37039752    0    0     0 1307560 240316 728920 77 22  1  0  0  0
281  0 137568 3389004 1295504 37039764    0    0     0 688368 218948 691196 77 22  0  0  0  0
270  0 137568 3388300 1295512 37039772    0    0     0 645588 221780 687792 78 22  0  0  0  0
319  0 137568 3380044 1295512 37039788    0    0     0 668036 221859 688204 78 22  0  0  0  0
219  3 137568 3380136 1295512 37039804    0    0     0 685712 220526 688391 78 22  0  0  0  0
325  1 137568 3384700 1295512 37039820    0    0     0 1296908 235544 719622 77 23  1  0  0  0
328  0 137568 3370904 1295512 37039836    0    0     0 656792 221600 690098 77 22  0  0  0  0
246  4 137568 3377172 1295520 37039840    0    0     4 758736 228282 696544 77 22  0  0  0  0
303  0 137568 3386692 1295520 37039868    0    0     0 653016 221912 694502 78 22  0  0  0  0
189  0 137568 3389188 1295520 37039880    0    0     0 691300 223944 686855 78 22  0  0  0  0
175  1 137568 3392388 1295520 37039900    0    0     0 1252796 236133 725817 77 22  1  0  0  0
243  1 137568 3378012 1295520 37039916    0    0    72 716176 221823 695008 77 22  0  0  0  0
265  0 137568 3372132 1295532 37040012    0    0     0 674484 225809 689258 78 22  0  0  0  0
337  1 137568 3367120 1295536 37040024    0    0     0 716720 223793 699452 77 22  1  0  0  0
284  0 137568 3373972 1295536 37040040    0    0     0 591028 222630 691574 77 22  0  0  0  0
procs -----------memory---------- ---swap-- -----io---- -system-- -------cpu-------
 r  b   swpd   free   buff  cache   si   so    bi    bo   in   cs us sy id wa st gu
181  0 137568 3362940 1295536 37040060    0    0     0 1303332 240849 735121 77 23  1  0  0  0
261  0 137568 3362464 1295536 37040072    0    0     0 669484 223184 690660 78 22  0  0  0  0
285  0 137568 3367944 1295540 37040084    0    0     0 682264 219457 695198 77 22  1  0  0  0
208  0 137568 3365684 1295540 37040188    0    0     0 707804 219194 695319 78 22  0  0  0  0
265  0 137568 3371048 1295544 37040196    0    0     0 1050432 230574 721665 77 22  1  0  0  0
249  0 137568 3371460 1295544 37040216    0    0     0 1378084 236667 727052 76 23  1  0  0  0
259  0 137568 3373708 1295544 37040228    0    0     0 670496 218422 690421 77 22  0  0  0  0
239  0 137568 3364564 1295552 37040240    0    0     0 671672 217366 691677 78 22  0  0  0  0
278  0 137568 3363880 1295552 37040256    0    0     0 670308 217697 689317 78 22  0  0  0  0
281  0 137568 3373248 1295552 37040268    0    0     0 669408 216115 693426 77 22  0  0  0  0
310  0 137568 3361544 1295552 37040288    0    0     0 704816 223411 693705 78 22  0  0  0  0
294  0 137568 3357756 1295552 37040300    0    0     0 1306940 243287 744714 76 23  1  0  0  0
313  0 137568 3354160 1295560 37040316    0    0     0 670748 217090 688027 77 22  0  0  0  0
276  0 137568 3357192 1295560 37040332    0    0     0 671096 217868 692392 78 22  1  0  0  0
227  0 137568 3355376 1295560 37040348    0    0     0 671656 218569 690224 78 21  0  0  0  0
249  3 137568 3364636 1295560 37040356    0    0     0 1190256 237648 722673 78 22  0  0  0  0
303  0 137568 3346804 1295572 37040368    0    0     0 789732 222257 704426 77 22  1  0  0  0
241  0 137568 3346136 1295580 37040384    0    0     0 669232 220618 687600 77 22  0  0  0  0
314  0 137568 3345068 1295580 37040396    0    0     0 668160 221198 692649 77 22  0  0  0  0
239  0 137568 3347904 1295580 37040412    0    0     0 670716 221472 698404 77 22  1  0  0  0
204  4 137568 3345052 1295580 37040424    0    0     0 1158676 239195 720309 77 23  0  0  0  0
procs -----------memory---------- ---swap-- -----io---- -system-- -------cpu-------
 r  b   swpd   free   buff  cache   si   so    bi    bo   in   cs us sy id wa st gu
286  0 137568 3343580 1295584 37040440    0    0     0 818568 218879 699830 77 22  1  0  0  0
315  0 137568 3342328 1295592 37040456    0    0     0 673836 218092 693902 78 22  0  0  0  0
346  0 137568 3341592 1295592 37040480    0    0     0 670740 221804 701091 78 22  0  0  0  0
250  0 137568 3342096 1295592 37040492    0    0     0 667200 220531 700288 77 22  0  0  0  0
289  1 137568 3340568 1295592 37040504    0    0     0 1276768 234173 716990 77 22  0  0  0  0
271  0 137568 3350652 1295592 37040520    0    0     0 737208 215001 691295 77 22  1  0  0  0
263  0 137568 3347432 1295600 37040532    0    0     0 669216 223002 699417 77 22  0  0  0  0
268  0 137568 3345956 1295600 37040552    0    0     0 671260 219707 692733 77 22  0  0  0  0
317  0 137568 3342224 1295600 37040564    0    0     0 669044 221717 692042 77 22  0  0  0  0
319  0 137568 3344608 1295600 37040576    0    0     0 1270808 244905 729444 77 22  1  0  0  0
259  0 137568 3333844 1295600 37040592    0    0     0 708960 217631 696126 77 22  1  0  0  0
213  0 137568 3332152 1295608 37040608    0    0     0 669640 223065 692222 77 22  0  0  0  0
246  0 137568 3327588 1295612 37040620    0    0     0 673540 217591 681017 78 22  0  0  0  0
318  0 137568 3334500 1295612 37040636    0    0     0 669908 221360 692900 77 22  1  0  0  0
260  0 137568 3337284 1295612 37040656    0    0     0 1307984 242570 742245 76 23  1  0  0  0
259  0 137568 3340248 1295612 37040672    0    0     0 670200 221992 700205 78 22  0  0  0  0
273  0 137568 3338696 1295624 37040680    0    0     0 704720 222330 687138 78 22  0  0  0  0
295  0 137568 3342344 1295624 37040692    0    0     0 669368 219379 695822 77 22  0  0  0  0
192  0 137568 3337872 1295624 37040704    0    0     0 668476 218444 691938 78 22  0  0  0  0
304  2 137568 3342796 1295624 37040712    0    0     0 1273216 241745 725421 77 23  1  0  0  0
265  1 137568 3352064 1295624 37040736    0    0     0 704084 218454 700258 78 22  1  0  0  0
procs -----------memory---------- ---swap-- -----io---- -system-- -------cpu-------
 r  b   swpd   free   buff  cache   si   so    bi    bo   in   cs us sy id wa st gu
220  0 137568 3346580 1295632 37040752    0    0     0 670564 224197 685404 78 22  0  0  0  0
255  0 137568 3345968 1295632 37040764    0    0     0 671464 222996 690715 77 22  0  0  0  0
254  0 137568 3360392 1295632 37040776    0    0     0 1309644 243621 741416 76 23  1  0  0  0
209  0 137568 3364648 1295640 37040788    0    0     0 670904 216291 687944 77 22  0  0  0  0
293  0 137568 3363400 1295640 37040808    0    0     0 670912 216493 694368 78 22  0  0  0  0
182  0 137568 3354316 1295644 37040824    0    0     0 669688 217315 696695 77 22  0  0  0  0
259  0 137568 3369572 1295644 37040844    0    0     0 671156 217312 689236 77 22  0  0  0  0
200  0 137568 3361236 1295652 37040848    0    0     0 686924 216717 691522 78 22  0  0  0  0
214  0 137568 3366360 1295652 37040868    0    0     0 1307868 243813 741055 76 23  1  0  0  0
244  0 137568 3366700 1295652 37040884    0    0     0 669132 216390 690102 78 22  0  0  0  0
208  0 137568 3364544 1295664 37040908    0    0     4 687628 221009 699817 78 22  0  0  0  0
291  0 137568 3364712 1295664 37040924    0    0     0 669156 225306 695413 78 22  0  0  0  0
225  0 137568 3362280 1295664 37040936    0    0     0 1310376 239703 729196 77 22  1  0  0  0
224  0 137568 3362124 1295672 37040944    0    0     0 670512 217475 696763 77 22  1  0  0  0
240  0 137568 3360788 1295672 37040968    0    0     0 673616 220449 685228 78 22  0  0  0  0
185  0 137568 3361044 1295672 37040980    0    0     0 671132 217431 688216 78 22  0  0  0  0
196  0 137568 3361176 1295672 37040992    0    0     0 1311584 238197 730198 77 22  1  0  0  0
273  0 137568 3364800 1295672 37041000    0    0     0 672468 218147 683180 78 22  0  0  0  0
252  0 137568 3363296 1295676 37041012    0    0     0 669296 219328 695659 78 22  0  0  0  0
271  0 137568 3349908 1295676 37041032    0    0     0 669500 219066 697935 77 22  1  0  0  0
200  0 137568 3359976 1295680 37041048    0    0     0 1306828 245964 744105 77 22  1  0  0  0
procs -----------memory---------- ---swap-- -----io---- -system-- -------cpu-------
 r  b   swpd   free   buff  cache   si   so    bi    bo   in   cs us sy id wa st gu
285  0 137568 3357636 1295680 37041132    0    0     0 670144 216447 686867 78 22  1  0  0  0
251  0 137568 3359276 1295680 37041144    0    0     0 671028 219997 691194 78 22  0  0  0  0
304  0 137568 3358884 1295684 37041156    0    0     0 671008 215792 683227 77 22  0  0  0  0
245  0 137568 3359868 1295684 37041172    0    0     0 1307136 244788 739592 77 23  1  0  0  0
292  0 137568 3360180 1295688 37041188    0    0     0 704828 217015 694609 78 22  0  0  0  0
307  0 137568 3354312 1295688 37041204    0    0     0 667516 222593 701494 78 22  0  0  0  0
272  0 137568 3349960 1295688 37041224    0    0     0 670152 222123 697960 77 22  0  0  0  0
215  0 137568 3341376 1295692 37041232    0    0     0 1308976 238769 734465 77 23  1  0  0  0
236  0 137568 3348684 1295692 37041252    0    0     0 667944 217782 695402 77 22  1  0  0  0
273  0 137568 3346452 1295692 37041272    0    0     0 672484 223165 696736 78 22  0  0  0  0
236  0 137568 3343372 1295692 37041288    0    0     0 669544 220885 692703 78 22  0  0  0  0
231  0 137568 3338732 1295696 37041292    0    0     0 1308160 243497 737839 77 22  1  0  0  0
173  0 137568 3340044 1295704 37041304    0    0     0 671624 214736 696594 77 22  0  0  0  0
214  0 137568 3336000 1295704 37041328    0    0     0 667784 218568 701706 77 22  1  0  0  0
224  0 137568 3331880 1295704 37041348    0    0     0 669180 220730 687982 77 22  0  0  0  0
199  0 137568 3333040 1295704 37041368    0    0     0 671556 222474 698437 78 22  0  0  0  0
231  0 137568 3329312 1295704 37041376    0    0     0 1307680 244211 749197 77 22  1  0  0  0
245  0 137568 3336560 1295712 37041376    0    0     0 672416 213720 692869 78 21  0  0  0  0
307  0 137568 3326028 1295712 37041396    0    0     0 672788 222602 695849 78 22  0  0  0  0
282  0 137568 3332208 1295712 37041412    0    0     0 668724 222415 697135 78 22  0  0  0  0
250  0 137568 3329556 1295712 37041428    0    0     0 1308708 244754 740928 76 23  1  0  0  0
procs -----------memory---------- ---swap-- -----io---- -system-- -------cpu-------
 r  b   swpd   free   buff  cache   si   so    bi    bo   in   cs us sy id wa st gu
226  0 137568 3324564 1295716 37041436    0    0     0 704020 216757 690100 78 22  0  0  0  0
207  0 137568 3332832 1295724 37041448    0    0     0 670320 216019 682994 78 22  0  0  0  0
175  0 137568 3338168 1295724 37041468    0    0     0 669104 223875 685278 77 22  0  0  0  0
278  0 137568 3331568 1295724 37041480    0    0     0 670772 219386 687325 78 22  0  0  0  0
253  0 137568 3344004 1295724 37041500    0    0     0 1309768 244717 735821 77 23  1  0  0  0
261  0 137568 3346520 1295724 37041520    0    0     0 668072 220697 698891 77 22  1  0  0  0
250  0 137568 3340076 1295732 37041524    0    0     0 670144 219415 698444 78 22  0  0  0  0
312  0 137568 3342344 1295732 37041548    0    0     0 670088 219765 695365 77 22  1  0  0  0
294  0 137568 3340328 1295732 37041556    0    0     0 670880 221082 691715 78 22  0  0  0  0
254  0 137568 3345316 1295732 37041576    0    0     0 1310032 245316 732317 77 23  1  0  0  0
309  0 137568 3338604 1295732 37041588    0    0     0 668720 217686 691634 78 22  1  0  0  0
241  0 137568 3334324 1295732 37041600    0    0     0 668820 230204 688107 77 22  0  0  0  0
232  0 137568 3328644 1295740 37041612    0    0     0 706032 218078 691447 77 22  1  0  0  0
303  0 137568 3336912 1295756 37041612    0    0     0 1307884 238544 738285 77 22  1  0  0  0
330  0 137568 3343528 1295756 37041652    0    0     0 670552 215577 687929 77 22  0  0  0  0
262  0 137568 3339696 1295756 37041664    0    0     0 672172 218805 684976 78 22  0  0  0  0
286  0 137568 3354720 1295756 37041680    0    0     0 670892 218543 698869 78 22  1  0  0  0
242  0 137568 3358200 1295760 37041688    0    0     0 671684 218931 694502 78 21  0  0  0  0
282  0 137568 3354672 1295760 37041696    0    0     0 1309296 241282 737483 76 22  1  0  0  0
165  0 137568 3344184 1295760 37041716    0    0     0 669240 214935 684646 78 22  1  0  0  0
299  0 137568 3345652 1295760 37041728    0    0     0 669940 216482 689024 78 22  1  0  0  0
procs -----------memory---------- ---swap-- -----io---- -system-- -------cpu-------
 r  b   swpd   free   buff  cache   si   so    bi    bo   in   cs us sy id wa st gu
256  0 137568 3348104 1295768 37041736    0    0     0 670764 216864 696802 77 22  0  0  0  0
219  0 137568 3343144 1295768 37041756    0    0     0 668588 224546 690227 78 22  0  0  0  0
257  0 137568 3334900 1295768 37041780    0    0     0 669344 220246 688803 77 22  0  0  0  0
255  0 137568 3334184 1295772 37041792    0    0     0 1309988 240745 726375 77 23  1  0  0  0
311  0 137568 3337880 1295772 37041808    0    0     0 669640 222085 697895 77 22  0  0  0  0
241  0 137568 3346300 1295780 37041812    0    0     0 670240 220621 688664 78 22  0  0  0  0
220  0 137568 3340300 1295780 37041832    0    0     0 672440 222040 687320 77 22  0  0  0  0
233  0 137568 3344904 1295780 37041844    0    0     0 668152 220003 691471 77 22  1  0  0  0
273  0 137568 3343448 1295784 37041860    0    0     4 1341832 243577 735076 77 23  1  0  0  0
268  0 137568 3345788 1295784 37041888    0    0     0 670836 219934 691883 77 22  1  0  0  0
296  0 137568 3350808 1295796 37041896    0    0     0 668744 219548 695205 77 22  1  0  0  0
225  0 137568 3350912 1295796 37041920    0    0     0 670692 219596 688108 78 22  0  0  0  0
292  0 137568 3340440 1295796 37041936    0    0     0 670572 219557 689398 77 22  0  0  0  0
217  0 137568 3341452 1295796 37041952    0    0     0 1307088 241709 735338 77 22  1  0  0  0
278  0 137568 3324692 1295796 37041968    0    0     0 674348 216648 692518 77 22  1  0  0  0
268  0 137568 3334208 1295804 37041976    0    0     0 670408 220437 696450 77 22  0  0  0  0
223  0 137568 3335660 1295812 37041996    0    0     0 670128 220223 694989 78 22  0  0  0  0
193  0 137568 3334320 1295812 37042012    0    0     0 671940 223584 685678 78 22  0  0  0  0
264  0 137568 3324396 1295812 37042092    0    0     0 1307284 241175 745068 76 22  1  0  0  0
268  0 137568 3323260 1295812 37042108    0    0     0 669976 231828 698241 77 23  0  0  0  0
266  0 137568 3314236 1295812 37042120    0    0     0 672640 219014 700406 77 22  1  0  0  0
procs -----------memory---------- ---swap-- -----io---- -system-- -------cpu-------
 r  b   swpd   free   buff  cache   si   so    bi    bo   in   cs us sy id wa st gu
288  0 137568 3318184 1295824 37042128    0    0     0 669080 219725 691727 77 22  0  0  0  0
301  0 137568 3315180 1295824 37042144    0    0     0 668748 221690 687443 77 22  0  0  0  0
214  0 137568 3315736 1295824 37042164    0    0     0 670444 224371 689217 77 22  0  0  0  0
224  0 137568 3315992 1295824 37042180    0    0     0 1307448 243398 738859 76 22  1  0  0  0
153  0 137568 3311724 1295832 37042184    0    0     0 666624 220602 698592 77 22  1  0  0  0
256  1 137568 3310324 1295836 37042204    0    0     0 705228 219528 698168 77 22  0  0  0  0
262  0 137568 3308436 1295836 37042220    0    0     0 672052 221597 693983 78 22  0  0  0  0
313  0 137568 3306616 1295836 37042236    0    0     0 671568 217663 687471 78 22  0  0  0  0
264  0 137568 3311996 1295836 37042252    0    0     0 1312772 233530 732051 77 22  1  0  0  0
273  0 137568 3325280 1295836 37042272    0    0     0 672308 220684 686405 78 22  0  0  0  0
247  0 137568 3323504 1295848 37042284    0    0     0 671896 220538 699693 77 22  1  0  0  0
323  1 137568 3335256 1295852 37042296    0    0     0 672252 220601 691487 78 22  0  0  0  0
244  0 137568 3325308 1295852 37042316    0    0     0 1307220 241809 735190 76 23  1  0  0  0
244  0 137568 3331668 1295852 37042332    0    0     0 668360 222744 706660 78 22  1  0  0  0
200  0 137568 3326384 1295852 37042344    0    0     0 671236 215498 690599 78 22  0  0  0  0
199  0 137568 3320460 1295856 37042356    0    0     0 668152 221752 696761 78 22  0  0  0  0
266  0 137568 3321880 1295856 37042372    0    0     0 669748 217842 691452 78 22  0  0  0  0
185  0 137568 3332716 1295856 37042380    0    0     0 1310520 238472 734205 78 22  0  0  0  0
280  0 137568 3333012 1295856 37042396    0    0     0 669020 217809 693822 78 22  0  0  0  0
265  0 137568 3345168 1295864 37042400    0    0     0 678964 220726 698545 78 22  0  0  0  0
302  0 137568 3341912 1295864 37042420    0    0     0 693956 218795 692206 78 22  0  0  0  0
procs -----------memory---------- ---swap-- -----io---- -system-- -------cpu-------
 r  b   swpd   free   buff  cache   si   so    bi    bo   in   cs us sy id wa st gu
330  0 137568 3328876 1295864 37042432    0    0     0 669128 219493 690070 77 22  0  0  0  0
275  0 137568 3340480 1295864 37042448    0    0     0 1310492 237772 742039 76 23  1  0  0  0
269  0 137568 3338792 1295864 37042464    0    0     0 668708 220295 696857 78 22  1  0  0  0
238  0 137568 3331028 1295864 37042480    0    0     0 668832 220590 690948 78 22  0  0  0  0
222  0 137568 3342144 1295864 37042492    0    0     0 671124 223951 689174 78 22  0  0  0  0
283  0 137568 3338620 1295864 37042504    0    0     0 1309164 243609 731585 77 23  1  0  0  0
214  0 137568 3333032 1295864 37042524    0    0     0 670348 218787 691014 77 22  1  0  0  0
232  0 137568 3340712 1295868 37042536    0    0     0 671696 219448 695415 77 22  0  0  0  0
269  0 137568 3338604 1295876 37042552    0    0     0 669920 220565 691442 77 22  0  0  0  0
227  0 137568 3340044 1295876 37042576    0    0     0 670760 219813 691247 77 22  1  0  0  0
273  0 137568 3334360 1295876 37042592    0    0     0 669624 219689 700573 77 22  0  0  0  0
214  0 137568 3333216 1295876 37042608    0    0     0 1308144 238906 737198 77 22  1  0  0  0
255  0 137568 3337124 1295876 37042620    0    0     0 669516 219299 697921 78 22  0  0  0  0
255  0 137568 3326652 1295888 37042624    0    0     0 670568 221313 700864 78 22  0  0  0  0
235  0 137568 3331944 1295888 37042644    0    0     0 670824 218018 687234 78 22  0  0  0  0
279  0 137568 3329604 1295888 37042660    0    0     0 1309964 243743 727680 77 23  0  0  0  0
203  0 137568 3313560 1295888 37042676    0    0     0 702448 222459 700472 77 22  1  0  0  0
241  0 137568 3333504 1295888 37042692    0    0     0 669384 225151 697149 78 22  0  0  0  0
263  0 137568 3343160 1295888 37042704    0    0     0 672324 220157 683626 78 21  0  0  0  0
224  0 137568 3331780 1295896 37042712    0    0     0 674076 217743 691419 78 22  0  0  0  0
326  0 137568 3323544 1295896 37042724    0    0     0 1308004 240074 734061 76 22  1  0  0  0
procs -----------memory---------- ---swap-- -----io---- -system-- -------cpu-------
 r  b   swpd   free   buff  cache   si   so    bi    bo   in   cs us sy id wa st gu
286  0 137568 3327960 1295896 37042744    0    0     0 668776 221170 698308 77 22  0  0  0  0
259  0 137568 3335460 1295896 37042760    0    0     0 672920 216493 690192 78 22  0  0  0  0
276  0 137568 3327012 1295896 37042780    0    0     0 670136 220945 695408 77 22  0  0  0  0
378  0 137568 3323060 1295900 37042792    0    0     0 1305764 238884 744288 76 22  1  0  0  0
249  0 137568 3319308 1295900 37042808    0    0     0 670996 220141 693215 78 22  0  0  0  0
264  0 137568 3317948 1295904 37042828    0    0     0 671620 221450 691791 77 22  0  0  0  0
202  0 137568 3332080 1295904 37042840    0    0     0 671876 215928 684762 78 22  0  0  0  0
307  0 137568 3323988 1295908 37042852    0    0     4 704992 217889 689168 77 22  0  0  0  0
187  0 137568 3328508 1295916 37042872    0    0     0 1309732 239921 736327 77 22  1  0  0  0
279  1 137568 3331172 1295916 37042900    0    0     0 669504 221299 692371 78 22  0  0  0  0
268  0 137568 3326976 1295916 37042908    0    0     0 670072 223452 698505 77 22  0  0  0  0
256  0 137568 3320892 1295916 37042920    0    0     0 668764 221294 699685 77 22  1  0  0  0
343  0 137568 3317292 1295916 37042936    0    0     0 1311924 240910 729302 77 22  1  0  0  0
256  0 137568 3321888 1295924 37042940    0    0     0 671312 219005 694209 78 22  0  0  0  0
190  0 137568 3322288 1295924 37042968    0    0     0 670068 220579 691467 78 22  0  0  0  0
254  0 137568 3328672 1295924 37043048    0    0     0 668800 219006 694581 77 22  1  0  0  0
258  0 137568 3309744 1295928 37043056    0    0     0 670420 220864 695094 77 22  0  0  0  0
298  0 137568 3316764 1295928 37043072    0    0     0 1309784 240658 730409 77 22  1  0  0  0
278  0 137568 3320828 1295932 37043084    0    0     0 672804 221299 690191 78 22  0  0  0  0
306  0 137568 3325796 1295932 37043096    0    0     0 674616 219631 686080 78 22  0  0  0  0
224  0 137568 3330820 1295932 37043112    0    0     0 669904 220581 691860 77 22  0  0  0  0
procs -----------memory---------- ---swap-- -----io---- -system-- -------cpu-------
 r  b   swpd   free   buff  cache   si   so    bi    bo   in   cs us sy id wa st gu
291  0 137568 3326964 1295932 37043124    0    0     0 1309920 239114 727855 76 23  1  0  0  0
250  0 137568 3328772 1295932 37043140    0    0     0 671772 220286 692016 78 22  0  0  0  0
279  0 137568 3326820 1295936 37043156    0    0     0 667992 222251 697005 77 22  0  0  0  0
272  0 137568 3326520 1295936 37043176    0    0     0 670788 217732 707472 78 22  0  0  0  0
262  0 137568 3326800 1295936 37043192    0    0     0 1306564 239461 741539 76 23  1  0  0  0
292  0 137568 3324080 1295936 37043212    0    0     0 672940 217417 679713 78 22  0  0  0  0
246  0 137568 3317740 1295936 37043216    0    0     0 701300 221413 694630 78 22  0  0  0  0
278  0 137568 3315848 1295944 37043228    0    0     0 670944 219797 690984 78 22  0  0  0  0
271  1 137568 3316120 1295944 37043252    0    0     0 671012 216570 687820 78 22  0  0  0  0
264  1 137568 3312628 1295944 37043264    0    0     0 1308260 237837 738473 76 23  1  0  0  0
287  0 137568 3325620 1295944 37043280    0    0     0 671724 215672 694630 77 22  0  0  0  0
234  0 137568 3323036 1295944 37043296    0    0     0 671100 218717 690424 78 22  0  0  0  0
226  0 137568 3321012 1295952 37043300    0    0     0 669556 218331 685979 77 22  0  0  0  0
270  0 137568 3309996 1295952 37043328    0    0     0 1311204 240149 744366 76 22  1  0  0  0
238  0 137568 3316220 1295952 37043344    0    0     0 668988 216198 699938 77 22  1  0  0  0
294  0 137568 3307568 1295952 37043356    0    0     0 667892 213904 701816 78 22  0  0  0  0
239  0 137568 3301584 1295952 37043368    0    0     0 671852 219112 688411 78 22  0  0  0  0
305  0 137568 3321496 1295960 37043380    0    0     0 1309092 240231 742605 76 23  1  0  0  0
235  0 137568 3316912 1295964 37043396    0    0     0 704400 219533 699907 78 22  1  0  0  0
256  0 137568 3321236 1295964 37043412    0    0     0 673588 216144 687809 78 22  0  0  0  0
254  0 137568 3311760 1295964 37043428    0    0     0 668904 218231 697565 78 22  0  0  0  0
procs -----------memory---------- ---swap-- -----io---- -system-- -------cpu-------
 r  b   swpd   free   buff  cache   si   so    bi    bo   in   cs us sy id wa st gu
286  0 137568 3307252 1295964 37043432    0    0     0 1310436 234202 724380 77 22  0  0  0  0
322  0 137568 3302444 1295972 37043444    0    0     0 670924 220165 692845 78 22  0  0  0  0
283  0 137568 3307796 1295972 37043472    0    0     0 669112 217235 688214 78 22  0  0  0  0
264  0 137568 3312800 1295972 37043484    0    0     0 670652 218671 690949 78 22  0  0  0  0
213  0 137568 3310632 1295972 37043500    0    0     0 1311032 237645 729079 77 22  1  0  0  0
260  0 137568 3304256 1295972 37043512    0    0     0 668940 218180 695301 78 22  0  0  0  0
249  0 137568 3300288 1295980 37043520    0    0     0 670680 215087 695216 78 22  0  0  0  0
203  0 137568 3296128 1295980 37043548    0    0     0 668312 218846 694074 78 22  0  0  0  0
158  0 137568 3307344 1295980 37043556    0    0     0 1307776 237547 725796 76 23  1  0  0  0
252  0 137568 3303780 1295984 37043572    0    0     0 672648 214090 688065 78 22  0  0  0  0
282  0 137568 3303824 1295984 37043588    0    0     0 668172 219923 694983 78 22  0  0  0  0
269  0 137568 3303880 1295992 37043604    0    0     0 670024 216117 687425 78 22  0  0  0  0
235  0 137568 3302176 1295996 37043612    0    0     0 705244 218245 691197 78 22  0  0  0  0
282  0 137568 3302908 1295996 37043640    0    0     0 1947008 259072 781102 76 23  1  0  0  0
310  0 137568 3290464 1295996 37043656    0    0     0 668112 219870 702231 78 22  0  0  0  0
269  0 137568 3297884 1295996 37043664    0    0     0 670512 220561 701015 77 22  1  0  0  0
241  0 137568 3301052 1296004 37043684    0    0     0 669368 217653 700826 77 22  1  0  0  0
244  0 137568 3296768 1296004 37043704    0    0     0 658652 218510 693834 78 22  0  0  0  0
271  0 137568 3301676 1296004 37043708    0    0     0 686920 219110 695571 78 22  0  0  0  0
216  0 137568 3304080 1296004 37043716    0    0     0 1305308 239800 738464 77 22  1  0  0  0
160  0 137568 3305564 1296004 37043736    0    0     0 673188 215637 690453 78 22  0  0  0  0
procs -----------memory---------- ---swap-- -----io---- -system-- -------cpu-------
 r  b   swpd   free   buff  cache   si   so    bi    bo   in   cs us sy id wa st gu
214  0 137568 3321968 1296004 37043744    0    0     0 671764 216807 688966 77 22  0  0  0  0
289  0 137568 3322672 1296004 37043776    0    0     0 752728 221284 687381 77 23  0  0  0  0
257  0 137568 3313400 1296004 37043788    0    0     0 1228116 232026 718984 77 23  1  0  0  0
274  0 137568 3315288 1296004 37043804    0    0     0 672068 219338 701229 77 22  1  0  0  0
253  0 137568 3306144 1296004 37043816    0    0     0 667612 217786 693305 77 22  1  0  0  0
204  5 137568 3326160 1296012 37043832    0    0     0 762912 223343 696336 78 22  0  0  0  0
285  0 137568 3303664 1296016 37043840    0    0     4 1249936 230264 716503 77 22  1  0  0  0
224  0 137568 3307464 1296016 37043864    0    0     0 668376 219030 692634 77 22  0  0  0  0
259  0 137568 3300364 1296016 37043876    0    0     0 669468 218997 699534 77 22  1  0  0  0
251  0 137568 3300448 1296016 37043892    0    0     0 670600 218157 701749 77 22  0  0  0  0
318  0 137568 3303564 1296020 37043904    0    0     0 818840 223885 706744 77 22  0  0  0  0
260  0 137568 3308704 1296028 37043992    0    0     0 1159888 232584 714820 77 22  0  0  0  0
219  1 137568 3306892 1296028 37044004    0    0     0 669168 217300 692831 78 22  0  0  0  0
218  0 137568 3315940 1296028 37044020    0    0     0 673208 217765 690870 78 22  0  0  0  0
225  0 137568 3318048 1296028 37044032    0    0     0 668432 217579 690410 78 22  0  0  0  0
168  3 137568 3320804 1296032 37044036    0    0     0 915604 228707 717944 77 23  1  0  0  0
258  0 137568 3316408 1296032 37044068    0    0     0 1064648 230391 714904 77 22  1  0  0  0
201  0 137568 3309264 1296032 37044084    0    0     0 670188 216669 685095 78 22  0  0  0  0
319  0 137568 3323008 1296036 37044100    0    0     0 703020 221147 695233 77 22  1  0  0  0
223  2 137568 3326228 1296036 37044108    0    0     0 931900 229309 714102 77 22  1  0  0  0
326  0 137568 3334860 1296040 37044116    0    0     0 1050564 227458 705638 77 22  1  0  0  0
procs -----------memory---------- ---swap-- -----io---- -system-- -------cpu-------
 r  b   swpd   free   buff  cache   si   so    bi    bo   in   cs us sy id wa st gu
289  0 137568 3320128 1296040 37044136    0    0     0 671308 217131 699140 78 22  1  0  0  0
280  0 137568 3314608 1296040 37044152    0    0     0 657656 218171 687429 78 22  0  0  0  0
283  0 137568 3317764 1296040 37044152    0    0     0 681988 215935 689652 78 22  0  0  0  0
229  1 137568 3314528 1296040 37044168    0    0     0 742560 223036 697735 77 22  0  0  0  0
281  0 137568 3311532 1296040 37044192    0    0     0 1239204 235179 729608 76 23  1  0  0  0
289  0 137568 3317984 1296040 37044212    0    0     0 668472 214861 690095 77 22  0  0  0  0
254  1 137568 3327292 1296040 37044228    0    0     0 671500 219055 696440 77 22  1  0  0  0
191  0 137568 3315032 1296040 37044248    0    0     0 670776 218053 695411 77 22  0  0  0  0
322  1 137568 3317864 1296040 37044260    0    0     0 1013724 231310 728702 77 22  1  0  0  0
266  0 137568 3327764 1296052 37044264    0    0     0 967496 223079 697964 77 22  1  0  0  0
277  0 137568 3324760 1296052 37044296    0    0     0 669044 216506 692522 77 22  1  0  0  0
263  0 137568 3325320 1296052 37044304    0    0     0 672880 218670 687351 77 22  0  0  0  0
255  0 137568 3331060 1296052 37044320    0    0     0 670788 221177 692870 78 22  0  0  0  0
279  1 137568 3326460 1296052 37044332    0    0     0 751220 220316 694492 78 22  0  0  0  0
285  0 137568 3311008 1296060 37044332    0    0     0 1226776 236574 723575 77 22  0  0  0  0
223  0 137568 3313812 1296060 37044364    0    0     0 702520 219164 693674 77 22  0  0  0  0
301  0 137568 3306520 1296060 37044384    0    0     0 669028 224331 688534 77 23  0  0  0  0
262  0 137568 3313464 1296060 37044396    0    0     0 671704 224575 695924 77 22  0  0  0  0
314  3 137568 3311700 1296060 37044412    0    0     0 700664 227128 694864 77 23  0  0  0  0
227  0 137568 3330136 1296072 37044424    0    0     0 1278948 237992 744125 77 22  1  0  0  0
287  0 137568 3335512 1296072 37044436    0    0     0 673308 215815 687607 78 22  0  0  0  0
procs -----------memory---------- ---swap-- -----io---- -system-- -------cpu-------
 r  b   swpd   free   buff  cache   si   so    bi    bo   in   cs us sy id wa st gu
285  0 137568 3316308 1296072 37044448    0    0     0 669112 219745 699440 77 22  1  0  0  0
244  0 137568 3316976 1296072 37044464    0    0     0 667816 221970 712750 77 22  1  0  0  0
180  0 137568 3309884 1296072 37044476    0    0     0 858064 225887 700983 77 22  0  0  0  0
277  0 137568 3306992 1296076 37044492    0    0     0 1126624 231554 731857 77 22  1  0  0  0
256  0 137568 3302144 1296076 37044516    0    0     0 671960 218416 691162 78 22  0  0  0  0
235  0 137568 3305260 1296076 37044528    0    0     0 670212 222165 698668 78 22  0  0  0  0
277  0 137568 3299572 1296076 37044540    0    0     0 668652 218606 697469 77 22  0  0  0  0
207  3 137568 3308356 1296076 37044552    0    0     0 964268 233424 718597 77 23  1  0  0  0
233  0 137568 3313180 1296084 37044560    0    0     0 1016472 229277 720903 77 22  1  0  0  0
245  0 137568 3308972 1296084 37044580    0    0     0 670716 218660 686982 78 22  0  0  0  0
245  0 137568 3313244 1296084 37044596    0    0     0 671116 215989 690883 77 22  0  0  0  0
185  0 137568 3313212 1296084 37044608    0    0     0 703540 220081 685517 77 22  0  0  0  0
207  3 137568 3302568 1296084 37044624    0    0     0 834296 224782 710086 77 22  0  0  0  0
268  0 137568 3302304 1296092 37044644    0    0     0 1142724 231537 726132 77 23  1  0  0  0
232  0 137568 3309748 1296092 37044656    0    0     0 672076 217153 689425 77 22  1  0  0  0
252  0 137568 3297312 1296092 37044672    0    0     0 668660 217829 696488 78 22  0  0  0  0
224  1 137568 3293768 1296092 37044688    0    0     0 670292 217627 689441 77 22  0  0  0  0
293  6 137568 3298928 1296092 37044700    0    0     0 994336 234979 736158 77 23  1  0  0  0
283  0 137568 3299656 1296104 37044712    0    0     0 985324 223597 709582 77 22  1  0  0  0
265  0 137568 3303632 1296104 37044736    0    0     0 668600 222309 691890 78 22  0  0  0  0
196  0 137568 3315424 1296104 37044748    0    0     0 670936 223367 697450 78 22  0  0  0  0
procs -----------memory---------- ---swap-- -----io---- -system-- -------cpu-------
 r  b   swpd   free   buff  cache   si   so    bi    bo   in   cs us sy id wa st gu
180  2 137568 3312416 1296104 37044748    0    0     0 819032 227120 698604 78 22  0  0  0  0
254  0 137568 3312452 1296104 37044772    0    0     0 1158628 231965 714136 77 22  1  0  0  0
280  0 137568 3302160 1296108 37044788    0    0     0 671376 216125 694835 77 22  1  0  0  0
294  0 137568 3302992 1296108 37044792    0    0     0 669272 217128 693215 78 22  0  0  0  0
233  0 137568 3298020 1296108 37044808    0    0     0 684628 220856 695825 78 22  0  0  0  0
231  2 137568 3296116 1296112 37044836    0    0     4 937468 239455 717262 77 22  1  0  0  0
250  0 137568 3300360 1296112 37044840    0    0     0 1058428 230046 715961 77 23  1  0  0  0
249  0 137568 3290212 1296120 37044860    0    0     0 669220 218888 687547 77 22  0  0  0  0
195  0 137568 3289380 1296120 37044956    0    0     0 668780 217300 688972 77 22  0  0  0  0
290  2 137568 3290144 1296120 37044980    0    0     0 904600 229916 717411 77 22  1  0  0  0
172  0 137568 3285420 1296120 37044992    0    0     0 1076020 231775 729232 77 22  1  0  0  0
331  0 137568 3279592 1296120 37045008    0    0     0 668800 219833 707608 77 22  1  0  0  0
242  0 137568 3285180 1296124 37045020    0    0     0 669372 215525 689377 78 22  0  0  0  0
297  0 137568 3288636 1296124 37045036    0    0     0 670524 219950 701690 78 22  1  0  0  0
299  0 137568 3287332 1296124 37045056    0    0     0 1009848 236928 735801 76 23  1  0  0  0
214  0 137568 3291544 1296124 37045068    0    0     0 968532 227501 705825 77 22  1  0  0  0
300  0 137568 3286824 1296124 37045080    0    0     0 671748 220297 704152 77 22  1  0  0  0
245  0 137568 3289592 1296128 37045096    0    0     0 672112 214042 683178 78 22  0  0  0  0
276  0 137568 3283404 1296128 37045108    0    0     0 835428 224544 702854 78 22  0  0  0  0
321  0 137568 3284428 1296128 37045128    0    0     0 1141216 235141 725524 77 23  1  0  0  0
320  0 137568 3285132 1296128 37045140    0    0     0 669192 219349 701172 78 22  0  0  0  0
procs -----------memory---------- ---swap-- -----io---- -system-- -------cpu-------
 r  b   swpd   free   buff  cache   si   so    bi    bo   in   cs us sy id wa st gu
167  0 137568 3285652 1296128 37045144    0    0     0 668976 218520 701623 78 21  1  0  0  0
241  0 137568 3284428 1296132 37045160    0    0     0 704380 220703 694693 78 22  0  0  0  0
284  1 137568 3284640 1296132 37045180    0    0     0 830004 228068 706885 77 22  0  0  0  0
283  0 137568 3291832 1296132 37045196    0    0     0 1148804 230838 723470 77 22  1  0  0  0
261  0 137568 3282800 1296132 37045212    0    0     0 673648 215694 691843 77 22  0  0  0  0
275  0 137568 3288652 1296132 37045224    0    0     0 668108 217297 688858 78 22  0  0  0  0
219  5 137568 3292368 1296144 37045236    0    0     0 1159468 238704 741386 76 22  1  0  0  0
308  0 137568 3291580 1296144 37045252    0    0     0 818720 216682 693839 77 22  1  0  0  0
280  0 137568 3288804 1296152 37045280    0    0     0 669444 217763 697270 77 22  1  0  0  0
273  0 137568 3290652 1296152 37045296    0    0     0 670532 219196 702117 77 22  0  0  0  0
249  0 137568 3296656 1296152 37045300    0    0     0 671556 217619 692740 77 22  1  0  0  0
277  3 137568 3296196 1296160 37045320    0    0     0 1113984 234382 728061 77 22  1  0  0  0
238  0 137568 3291528 1296160 37045340    0    0     0 864680 221180 707078 77 22  1  0  0  0
299  0 137568 3291976 1296160 37045352    0    0     0 671944 215680 697646 77 22  1  0  0  0
183  0 137568 3292068 1296160 37045364    0    0     0 667684 219866 697250 77 22  1  0  0  0
318  0 137568 3289992 1296160 37045384    0    0     0 670772 213461 681428 78 22  0  0  0  0
228  0 137568 3282752 1296168 37045396    0    0     0 1153008 235911 720846 77 22  1  0  0  0
275  0 137568 3289124 1296168 37045412    0    0     0 861808 221146 693811 77 22  0  0  0  0
293  0 137568 3280812 1296168 37045428    0    0     0 669140 216075 691006 78 22  0  0  0  0
283  0 137568 3284052 1296168 37045444    0    0     0 671504 218888 698295 77 22  0  0  0  0
234  0 137568 3288644 1296168 37045452    0    0     0 670392 218359 693628 78 22  1  0  0  0
procs -----------memory---------- ---swap-- -----io---- -system-- -------cpu-------
 r  b   swpd   free   buff  cache   si   so    bi    bo   in   cs us sy id wa st gu
243  0 137568 3294828 1296176 37045464    0    0     0 1145052 237481 725809 77 22  1  0  0  0
297  0 137568 3291684 1296176 37045476    0    0     0 838776 216153 700143 77 22  1  0  0  0
275  0 137568 3294564 1296176 37045492    0    0     0 670264 219143 691026 78 22  1  0  0  0
211  0 137568 3280148 1296176 37045508    0    0     0 669320 217203 693987 77 22  0  0  0  0
341  2 137568 3279616 1296176 37045520    0    0     0 1114748 237967 735390 77 23  1  0  0  0
305  0 137568 3289400 1296184 37045540    0    0     0 865868 219033 703755 77 22  1  0  0  0
275  0 137568 3283248 1296184 37045544    0    0     0 668072 220777 693956 77 22  0  0  0  0
308  0 137568 3281056 1296184 37045560    0    0     0 672404 216716 694008 78 22  0  0  0  0
280  0 137568 3283240 1296184 37045576    0    0     0 667204 218467 695857 77 22  1  0  0  0
311  4 137568 3287368 1296192 37045584    0    0     0 1170284 238000 726123 77 22  1  0  0  0
280  0 137568 3282220 1296204 37045600    0    0     0 842352 217732 698613 77 22  0  0  0  0
264  0 137568 3276628 1296204 37045616    0    0     0 669808 220402 691512 78 22  0  0  0  0
276  0 137568 3277284 1296204 37045640    0    0     0 670272 220660 690187 77 22  0  0  0  0
235  0 137568 3290636 1296204 37045648    0    0     0 670720 218150 694913 77 22  1  0  0  0
245  2 137568 3290804 1296204 37045664    0    0     0 1470384 244484 746013 77 23  1  0  0  0
316  0 137568 3284424 1296212 37045684    0    0     0 599592 213527 687541 78 22  0  0  0  0
257  0 137568 3281708 1296212 37045688    0    0     0 682768 218593 689002 78 22  0  0  0  0
251  2 137568 3286696 1296212 37045708    0    0     0 714448 221621 694032 78 22  0  0  0  0
262  3 137568 3294516 1296212 37045716    0    0     0 633280 217920 686635 78 22  0  0  0  0
