procs -----------memory---------- ---swap-- -----io---- -system-- -------cpu-------
 r  b   swpd   free   buff  cache   si   so    bi    bo   in   cs us sy id wa st gu
 4  0 383192 105118664 2047452 57786564    5   10 25948 32745 15801    6  3  1 96  0  0  0
17  0 383192 105092392 2047452 57786644    0    0     0 320004 97085 35072 11  1 88  0  0  0
11  8 383192 105128192 2047452 57786668    0    0 339008 337864 130222 300475 13  4 78  5  0  0
18  3 383192 105134364 2047452 57786688    0    0 506000 237576 170584 470646 13  5 74  7  0  0
16  4 383192 105115952 2047452 57786708    0    0 501296 250832 172694 468207 13  5 74  7  0  0
15  5 383192 105109088 2047456 57786728    0    0 506976 251476 169654 472695 13  5 74  7  0  0
14  6 383192 105124440 2047456 57786756    0    0 503952 251168 169512 468961 13  5 74  7  0  0
20  5 383192 105109832 2047456 57786768    0    0 510112 262232 173425 475273 13  4 76  7  0  0
14  9 383192 105113788 2047456 57786780    0    0 509264 255748 172975 477950 13  5 75  7  0  0
15  4 383192 105133188 2047456 57786800    0    0 510752 252716 171754 475386 13  5 74  7  0  0
10  9 383192 105131844 2047456 57786824    0    0 503088 258828 171498 476121 13  5 74  7  0  0
16  5 383192 105127360 2047456 57786852    0    0 507424 254768 171911 477901 13  5 75  7  0  0
10  8 383192 105117540 2047456 57786868    0    0 509296 260684 172361 478197 13  5 75  7  0  0
17  5 383192 105124340 2047456 57786888    0    0 508608 258220 170599 473994 13  5 74  7  0  0
15  4 383192 105128216 2047456 57786904    0    0 516528 261288 171824 480303 13  4 76  7  0  0
17  5 383192 105125368 2047456 57786916    0    0 509952 263196 170576 475218 13  5 75  7  0  0
15  6 383192 105129856 2047456 57786944    0    0 502656 259096 171573 473178 13  5 74  7  0  0
14  6 383192 105126860 2047456 57786960    0    0 506400 254864 171453 473847 13  5 74  7  0  0
15  3 383192 105102088 2047456 57786980    0    0 502752 265196 173065 474547 13  5 74  7  0  0
10 10 383192 105105288 2047456 57786992    0    0 508400 265760 172713 477003 13  5 75  7  0  0
19  3 383192 105098864 2047460 57787020    0    0 507024 267340 171613 474206 13  5 74  7  0  0
procs -----------memory---------- ---swap-- -----io---- -system-- -------cpu-------
 r  b   swpd   free   buff  cache   si   so    bi    bo   in   cs us sy id wa st gu
15  5 383192 105105748 2047460 57787044    0    0 516000 268244 172926 475973 13  5 75  7  0  0
17  5 383192 105098796 2047460 57787052    0    0 510432 281152 172819 475881 13  5 75  7  0  0
10 10 383192 105104524 2047460 57787072    0    0 508080 280356 173308 477794 13  5 75  7  0  0
13  7 383192 105104136 2047460 57787088    0    0 511424 282808 173267 475605 13  5 74  7  0  0
15  6 383192 105102728 2047464 57787108    0    0 509600 280248 173454 474608 13  5 74  7  0  0
17  4 383192 105101240 2047464 57787136    0    0 509040 277920 172318 474735 13  5 74  7  0  0
13  6 383192 105095296 2047464 57787156    0    0 508720 285240 172688 473116 13  5 74  7  0  0
16  6 383192 105100652 2047464 57787176    0    0 509952 283844 173521 476925 13  5 75  7  0  0
15  4 383192 105086096 2047464 57787192    0    0 518000 286372 172786 474993 13  4 75  7  0  0
18  4 383192 105107300 2047464 57787204    0    0 511584 288416 172215 478700 13  5 74  7  0  0
15  4 383192 105106476 2047464 57787232    0    0 508384 280004 171377 474104 13  5 74  7  0  0
15  4 383192 105130108 2047464 57787248    0    0 506448 284852 171357 472085 13  5 74  7  0  0
16  5 383192 105125944 2047464 57787276    0    0 508800 283420 172118 474138 13  5 74  7  0  0
17  3 383192 105106472 2047464 57787296    0    0 504480 284312 171634 474291 13  5 74  7  0  0
15  6 383192 105103092 2047464 57787324    0    0 508304 282540 171411 473705 13  5 75  7  0  0
18  3 383192 105100516 2047468 57787336    0    0 515424 287032 172115 473749 13  4 76  7  0  0
15  6 383192 105105780 2047468 57787348    0    0 503664 290192 172006 475870 13  5 74  7  0  0
18  4 383192 105096764 2047468 57787372    0    0 505200 288212 172679 475413 13  5 74  7  0  0
16  4 383192 105110208 2047468 57787396    0    0 504416 286452 171855 472678 13  5 74  7  0  0
18  3 383192 105106148 2047468 57787420    0    0 506768 294712 172993 474394 13  5 74  7  0  0
15  5 383192 105101660 2047472 57787436    0    0 502880 301760 172501 473015 13  5 75  7  0  0
procs -----------memory---------- ---swap-- -----io---- -system-- -------cpu-------
 r  b   swpd   free   buff  cache   si   so    bi    bo   in   cs us sy id wa st gu
18  4 383192 105090548 2047472 57787460    0    0 507328 299128 171979 475130 13  5 75  7  0  0
11  7 383192 105083980 2047472 57787476    0    0 511584 298116 172055 470765 13  4 76  7  0  0
12  8 383192 105105456 2047472 57787492    0    0 505952 299236 171636 471144 13  5 75  7  0  0
14  5 383192 105104488 2047472 57787508    0    0 505104 297364 171089 473355 13  5 74  7  0  0
16  5 383192 105103380 2047472 57787528    0    0 501936 297188 171071 472549 13  5 75  7  0  0
13  5 383192 105098288 2047472 57787560    0    0 506208 295668 171022 472247 13  5 74  7  0  0
14  6 383192 105100600 2047472 57787584    0    0 505984 295372 171025 473586 13  5 75  7  0  0
14  7 383192 105103936 2047472 57787604    0    0 506992 295736 171131 470816 13  5 75  7  0  0
18  1 383192 105104936 2047472 57787616    0    0 509232 296372 171357 469629 13  4 76  7  0  0
10 10 383192 105093940 2047472 57787628    0    0 503792 296080 171003 470993 13  5 75  7  0  0
20  4 383192 105118524 2047472 57787652    0    0 500960 315496 171430 471113 13  5 75  7  0  0
16  5 383192 105104756 2047472 57787668    0    0 506400 316460 172221 473873 13  5 74  7  0  0
19  4 383192 105103504 2047472 57787688    0    0 499744 314952 171283 470400 13  5 74  7  0  0
15  4 383192 105090320 2047472 57787708    0    0 497280 321376 172280 472041 13  5 74  7  0  0
16  3 383192 105111768 2047480 57787728    0    0 498624 317732 171238 467859 13  5 74  7  0  0
14  7 383192 105113748 2047480 57787756    0    0 505664 321900 172383 473617 13  5 75  7  0  0
16  4 383192 105107360 2047480 57787768    0    0 506496 320028 172495 472084 13  4 75  7  0  0
17  4 383192 105117732 2047480 57787784    0    0 497808 316016 170911 468185 13  5 74  7  0  0
12  8 383192 105122572 2047480 57787804    0    0 498240 316804 171080 469199 13  5 74  7  0  0
15  5 383192 105120316 2047480 57787824    0    0 504048 315984 171990 473538 13  5 74  7  0  0
11  8 383192 105114092 2047480 57787852    0    0 502496 319168 173779 477974 13  5 74  7  0  0
procs -----------memory---------- ---swap-- -----io---- -system-- -------cpu-------
 r  b   swpd   free   buff  cache   si   so    bi    bo   in   cs us sy id wa st gu
12  7 383192 105103472 2047480 57787876    0    0 500976 322124 173189 479211 13  5 74  7  0  0
17  1 383192 105115020 2047480 57787892    0    0 503152 316784 171925 472674 13  5 75  7  0  0
11 10 383192 105116128 2047480 57787912    0    0 510592 315648 171589 471619 13  4 76  7  0  0
17  5 383192 105111952 2047484 57787928    0    0 501984 315816 171296 472160 13  5 75  7  0  0
16  4 383192 105111188 2047484 57787952    0    0 495056 315724 170719 467559 13  5 75  7  0  0
15  6 383192 105113660 2047484 57787976    0    0 504960 316016 172055 473665 13  5 74  7  0  0
14  5 383192 105113560 2047484 57787996    0    0 504048 316328 171841 472488 13  5 74  7  0  0
12  8 383192 105102300 2047484 57788012    0    0 503088 313116 171526 471045 13  5 74  7  0  0
15  4 383192 105111756 2047488 57788028    0    0 502064 315272 171569 471212 13  5 74  7  0  0
12  8 383192 105109272 2047488 57788052    0    0 508128 314544 171459 470395 13  4 76  7  0  0
20  5 383192 105098132 2047488 57788060    0    0 500736 312696 170607 466626 13  5 75  7  0  0
11  9 383192 105102380 2047488 57788084    0    0 499488 313288 171011 470282 13  5 74  7  0  0
16  6 383192 105095508 2047488 57788108    0    0 500368 317976 171304 472653 13  5 74  7  0  0
15  6 383192 105093860 2047492 57788124    0    0 502720 320304 171832 471743 13  5 74  7  0  0
12  8 383192 105111836 2047492 57788148    0    0 501120 322836 172174 471554 13  5 74  7  0  0
14  5 383192 105100132 2047492 57788172    0    0 498672 326388 172181 472226 13  5 74  7  0  0
11  8 383192 105110584 2047492 57788196    0    0 504112 326852 171966 472594 13  5 75  7  0  0
16  9 383192 105106588 2047492 57788204    0    0 504816 325980 171777 468571 13  4 75  7  0  0
19  3 383192 105092224 2047492 57788220    0    0 503184 326292 172681 474312 13  5 74  7  0  0
14  5 383192 105108256 2047492 57788244    0    0 499824 341780 172936 473144 13  5 74  7  0  0
18  2 383192 105090620 2047492 57788264    0    0 499248 339708 172345 473437 13  5 74  7  0  0
procs -----------memory---------- ---swap-- -----io---- -system-- -------cpu-------
 r  b   swpd   free   buff  cache   si   so    bi    bo   in   cs us sy id wa st gu
18  3 383192 105096968 2047492 57788288    0    0 495744 337840 172385 471858 13  5 74  7  0  0
14  5 383192 105107664 2047492 57788308    0    0 497680 337780 172686 473111 13  5 74  7  0  0
14  5 383192 105102948 2047492 57788324    0    0 501600 337084 172610 471925 13  5 74  7  0  0
12  7 383192 105105096 2047492 57788344    0    0 504944 335912 172769 471689 13  4 76  7  0  0
12  7 383192 105091616 2047492 57788352    0    0 501008 336596 172382 471444 13  5 74  7  0  0
15  7 383192 105095200 2047492 57788372    0    0 499632 335780 173111 474477 13  5 74  7  0  0
14  5 383192 105101428 2047492 57788392    0    0 500080 334976 173568 474216 13  5 74  7  0  0
17  3 383192 105094112 2047496 57788416    0    0 498608 331964 173182 473280 13  5 74  7  0  0
17  6 383192 105110756 2047496 57788432    0    0 495840 333836 173037 472370 13  5 74  7  0  0
16  3 383192 105099024 2047496 57788460    0    0 500080 331624 173584 473018 13  5 74  7  0  0
18  3 383192 105090024 2047496 57788480    0    0 504000 330480 172657 471694 13  4 75  7  0  0
 9 10 383192 105089668 2047496 57788488    0    0 499520 329032 172708 472389 13  5 75  7  0  0
22  5 383192 105086400 2047496 57788504    0    0 495072 327608 172649 474394 13  5 74  7  0  0
20  4 383192 105092128 2047496 57788536    0    0 495808 327304 172907 474191 13  5 74  7  0  0
14  7 383192 105106316 2047496 57788560    0    0 497648 329116 172943 472951 13  5 74  7  0  0
16  7 383192 105092580 2047496 57788584    0    0 499024 327536 173580 474602 13  5 74  7  0  0
13  6 383192 105096536 2047496 57788604    0    0 498960 328968 173466 473094 13  5 74  7  0  0
10  8 383192 105089676 2047496 57788624    0    0 504848 326964 173564 473960 13  5 75  7  0  0
19  2 383192 105084872 2047496 57788632    0    0 504320 326148 173117 472495 13  4 75  7  0  0
16  3 383192 105088540 2047496 57788660    0    0 498576 325048 172573 471710 13  5 74  7  0  0
14  6 383192 105107604 2047496 57788680    0    0 500768 323660 172472 471965 13  5 74  7  0  0
procs -----------memory---------- ---swap-- -----io---- -system-- -------cpu-------
 r  b   swpd   free   buff  cache   si   so    bi    bo   in   cs us sy id wa st gu
16  5 383192 105108088 2047496 57788704    0    0 501520 323244 172612 472309 13  5 74  7  0  0
12  8 383192 105095448 2047496 57788716    0    0 500880 323488 172601 472706 13  5 74  7  0  0
14  6 383192 105097936 2047496 57788732    0    0 501184 323052 173219 472064 13  5 74  7  0  0
13  5 383192 105109472 2047496 57788756    0    0 501088 321112 172192 471532 13  5 74  7  0  0
17  2 383192 105114536 2047496 57788768    0    0 508112 321736 173163 473659 13  4 75  8  0  0
14  5 383192 105103380 2047496 57788784    0    0 499872 323212 173101 475633 13  5 74  7  0  0
19  2 383192 105099140 2047496 57788808    0    0 500752 322524 172876 474163 13  5 74  7  0  0
12  7 383192 105096924 2047496 57788828    0    0 495440 329972 172550 472545 13  5 74  7  0  0
19  5 383192 105096884 2047496 57788852    0    0 497904 330712 173690 473867 13  5 74  7  0  0
14  6 383192 105104648 2047496 57788872    0    0 500176 329164 173906 475789 13  5 74  7  0  0
16  3 383192 105108144 2047496 57788896    0    0 499456 329284 173019 473991 13  5 74  7  0  0
13  9 383192 105104044 2047500 57788908    0    0 506192 328864 173262 472974 13  4 76  7  0  0
18  5 383192 105106060 2047500 57788920    0    0 500080 329556 173927 476592 13  5 75  7  0  0
17  2 383192 105083420 2047500 57788944    0    0 498080 329744 173194 474948 13  5 74  7  0  0
15  4 383192 105102296 2047500 57788968    0    0 499024 326692 173120 473558 13  5 74  7  0  0
17  7 383192 105101872 2047500 57788988    0    0 498928 327792 172992 474837 13  5 75  7  0  0
18  3 383192 105094128 2047500 57789012    0    0 500960 326788 172597 473744 13  5 75  7  0  0
12  7 383192 105085384 2047500 57789032    0    0 502656 326784 173209 474712 13  5 74  7  0  0
11  7 383192 105089420 2047500 57789048    0    0 501504 327272 173529 474783 13  5 75  7  0  0
16  5 383192 105083756 2047500 57789060    0    0 509152 327980 173661 477516 13  4 75  8  0  0
19  5 383192 105089772 2047500 57789080    0    0 496400 326268 172232 472018 13  5 74  7  0  0
procs -----------memory---------- ---swap-- -----io---- -system-- -------cpu-------
 r  b   swpd   free   buff  cache   si   so    bi    bo   in   cs us sy id wa st gu
21  2 383192 105101688 2047504 57789096    0    0 500960 327824 173299 475150 13  5 75  7  0  0
16  9 383192 105098688 2047504 57789116    0    0 491984 327448 172852 472683 13  5 74  7  0  0
15  5 383192 105095776 2047504 57789136    0    0 494016 328212 172682 471957 13  5 74  7  0  0
19  5 383192 105100024 2047504 57789168    0    0 497024 329000 172548 474050 13  5 74  7  0  0
15  6 383192 105101336 2047504 57789192    0    0 495360 326596 172561 471481 13  5 75  7  0  0
22  4 383192 105100592 2047512 57789200    0    0 506416 325200 172681 473975 13  4 76  8  0  0
11  8 383192 105102092 2047512 57789220    0    0 496432 326120 172286 472716 13  5 74  7  0  0
15  6 383192 105084720 2047512 57789236    0    0 501024 325408 173377 473910 13  5 74  7  0  0
14  5 383192 105087968 2047512 57789264    0    0 496256 326048 172548 475043 13  5 74  7  0  0
15  4 383192 105076952 2047512 57789284    0    0 500128 329308 173113 477873 13  5 74  7  0  0
17  3 383192 105062816 2047516 57789300    0    0 500048 328940 173822 480903 13  5 74  7  0  0
11  7 383192 105067740 2047516 57789324    0    0 502336 328568 174485 482043 13  5 75  7  0  0
15  7 383192 105069416 2047516 57789340    0    0 511744 331176 174996 480541 13  4 76  8  0  0
15  5 383192 105080400 2047516 57789360    0    0 504176 326280 174570 479090 13  5 74  7  0  0
15  4 383192 105101976 2047516 57789376    0    0 500544 324056 172145 473072 13  5 75  7  0  0
13  7 383192 105082552 2047520 57789388    0    0 501600 326372 172563 475457 13  5 74  7  0  0
15  5 383192 105092016 2047520 57789416    0    0 498512 327496 171939 473062 13  5 74  7  0  0
16  5 383192 105090932 2047524 57789428    0    0 497520 330788 171753 471860 13  5 74  7  0  0
11  9 383192 105090124 2047528 57789464    0    0 499136 330196 172773 473613 13  5 74  7  0  0
16  5 383192 105079172 2047528 57789484    0    0 506224 330844 172022 472497 12  4 76  8  0  0
12  7 383192 105080756 2047528 57789496    0    0 501376 329300 171942 470807 13  5 75  7  0  0
procs -----------memory---------- ---swap-- -----io---- -system-- -------cpu-------
 r  b   swpd   free   buff  cache   si   so    bi    bo   in   cs us sy id wa st gu
15  5 383192 105093320 2047528 57789512    0    0 498192 328808 171926 472831 13  5 74  7  0  0
16  3 383192 105088736 2047528 57789532    0    0 496816 329008 171719 471876 13  5 74  7  0  0
18  4 383192 105092908 2047532 57789560    0    0 498336 330788 171771 472488 13  5 74  7  0  0
12  8 383192 105095928 2047532 57789580    0    0 496576 329104 171669 471404 13  5 74  7  0  0
16  4 383192 105085268 2047532 57789604    0    0 496336 330508 171512 470363 13  5 74  7  0  0
15  8 383192 105093024 2047532 57789620    0    0 500064 330280 171289 471900 13  5 75  7  0  0
13  8 383192 105082572 2047532 57789632    0    0 506192 330124 171618 472883 13  4 76  7  0  0
15  5 383192 105084476 2047536 57789656    0    0 500656 332292 172340 476199 13  5 74  7  0  0
15  6 383192 105094824 2047536 57789680    0    0 499936 336996 174733 480899 13  5 74  7  0  0
12  9 383192 105093640 2047536 57789700    0    0 499216 329204 172026 472345 13  5 74  7  0  0
13  7 383192 105094792 2047536 57789720    0    0 497264 330788 171629 470357 13  5 75  7  0  0
17  5 383192 105084152 2047536 57789744    0    0 497072 329804 171591 472659 13  5 74  7  0  0
17  6 383192 105078164 2047536 57789760    0    0 496432 332096 173935 473137 13  5 74  7  0  0
22  2 383192 105075904 2047536 57789780    0    0 508736 331104 171982 471488 12  4 76  8  0  0
11 11 383192 105082060 2047540 57789792    0    0 499424 331504 172356 471733 13  5 74  7  0  0
17  6 383192 105079680 2047540 57789816    0    0 496944 327664 174071 470042 13  5 74  7  0  0
12  9 383192 105080732 2047540 57789840    0    0 490592 326860 170097 466654 13  5 74  7  0  0
14  7 383192 105093608 2047544 57789864    0    0 492240 329680 170514 467855 13  5 74  7  0  0
12  8 383192 105084384 2047544 57789888    0    0 494352 330640 170424 468055 13  5 74  7  0  0
14  5 383192 105090744 2047556 57789908    0    0 493504 331916 170943 467774 13  5 74  7  0  0
14  6 383192 105092728 2047556 57789924    0    0 501920 332688 171779 471147 13  4 76  8  0  0
procs -----------memory---------- ---swap-- -----io---- -system-- -------cpu-------
 r  b   swpd   free   buff  cache   si   so    bi    bo   in   cs us sy id wa st gu
18  3 383192 105088104 2047556 57789940    0    0 496464 333624 172006 471852 13  5 74  7  0  0
15  7 383192 105088700 2047560 57789960    0    0 496816 333100 171703 469513 13  5 74  7  0  0
17  6 383192 105084320 2047560 57789984    0    0 497872 330828 170337 468292 13  5 74  7  0  0
16  3 383192 105078208 2047560 57790000    0    0 497968 332184 171065 469982 13  5 75  7  0  0
14  6 383192 105103044 2047560 57790024    0    0 499600 334096 171097 469643 13  5 74  7  0  0
14  6 383192 105091092 2047560 57790044    0    0 498432 336200 171434 471760 13  5 74  7  0  0
14  6 383192 105076792 2047560 57790060    0    0 504496 339352 171471 471449 13  4 75  8  0  0
13  6 383192 105069200 2047560 57790072    0    0 499072 340036 171798 472092 13  5 75  7  0  0
16  4 383192 105080384 2047560 57790088    0    0 496112 337188 170693 468930 13  5 75  7  0  0
12  7 383192 105091268 2047560 57790116    0    0 497520 335388 171127 471628 13  5 74  7  0  0
12  8 383192 105096564 2047560 57790132    0    0 495008 335580 170697 470130 13  5 74  7  0  0
16  4 383192 105085884 2047560 57790152    0    0 496464 337388 171525 470397 13  5 75  7  0  0
19  3 383192 105077736 2047560 57790176    0    0 493840 336124 170709 469094 13  5 74  7  0  0
14  6 383192 105069720 2047560 57790196    0    0 450992 332720 164824 431149 11  4 78  7  0  0
19  2 383192 105082864 2047560 57790208    0    0 500720 345228 174281 480497 13  4 75  7  0  0
19  2 383192 105077716 2047560 57790224    0    0 498032 343536 174256 477585 13  5 74  7  0  0
16  4 383192 105066536 2047560 57790244    0    0 496192 344900 175067 479311 13  5 75  7  0  0
16  5 383192 105064800 2047560 57790272    0    0 496384 345440 174557 478692 13  5 75  7  0  0
16  5 383192 105058476 2047560 57790296    0    0 497216 344580 174263 479110 13  5 74  7  0  0
13  8 383192 105076216 2047560 57790320    0    0 496816 342384 173999 479978 13  5 74  7  0  0
14  6 383192 105074236 2047560 57790336    0    0 500672 342336 173877 479826 13  5 75  7  0  0
procs -----------memory---------- ---swap-- -----io---- -system-- -------cpu-------
 r  b   swpd   free   buff  cache   si   so    bi    bo   in   cs us sy id wa st gu
16  6 383192 105071856 2047560 57790348    0    0 500096 344076 173817 477113 13  5 75  7  0  0
13  7 383192 105069488 2047560 57790364    0    0 494816 342016 173404 474874 13  5 75  7  0  0
13  6 383192 105062520 2047560 57790392    0    0 497968 345312 173516 479027 13  5 74  7  0  0
17  7 383192 105071792 2047560 57790408    0    0 499616 345496 174360 479246 13  5 74  7  0  0
16  4 383192 105081892 2047560 57790428    0    0 497120 344536 174069 478677 13  5 74  7  0  0
14  6 383192 105063764 2047560 57790456    0    0 498336 344464 174377 478906 13  5 74  7  0  0
15  5 383192 105082792 2047560 57790480    0    0 500432 343488 174577 476930 13  4 75  7  0  0
12  7 383192 105078016 2047568 57790500    0    0 502096 342604 174742 477871 13  5 75  8  0  0
21  0 383192 105072644 2047568 57790528    0    0 491536 340288 172661 473290 13  5 75  7  0  0
12  7 383192 105072652 2047568 57790548    0    0 491040 340840 172555 475050 13  5 74  7  0  0
17  4 383192 105072192 2047572 57790568    0    0 489648 341520 172485 474295 13  5 75  7  0  0
15  4 383192 105076384 2047572 57790584    0    0 493232 341396 172652 475252 13  5 75  7  0  0
11  8 383192 105085500 2047572 57790612    0    0 491856 344948 174561 477330 13  5 75  7  0  0
12  6 383192 105078696 2047572 57790632    0    0 497376 347900 175437 480492 13  5 75  7  0  0
15  4 383192 105068928 2047572 57790644    0    0 501504 349720 176736 481943 13  4 76  8  0  0
17  4 383192 105071220 2047572 57790660    0    0 492752 348876 176278 481712 13  5 74  7  0  0
16  4 383192 105066596 2047572 57790684    0    0 494288 350116 173830 478941 13  5 74  7  0  0
14  5 383192 105042316 2047572 57790708    0    0 497360 346044 173411 477990 13  5 74  7  0  0
17  4 383192 105076112 2047572 57790724    0    0 500400 348588 174394 479087 13  5 74  7  0  0
13  7 383192 105076296 2047572 57790744    0    0 496912 348428 175001 483123 13  5 74  7  0  0
 9  7 383192 105061304 2047572 57790760    0    0 499392 346764 175247 481898 13  5 75  7  0  0
procs -----------memory---------- ---swap-- -----io---- -system-- -------cpu-------
 r  b   swpd   free   buff  cache   si   so    bi    bo   in   cs us sy id wa st gu
17  4 383192 105055780 2047572 57790776    0    0 504640 346072 174691 477915 13  4 76  8  0  0
17  3 383192 105059140 2047572 57790796    0    0 499008 344324 174052 479131 13  5 74  7  0  0
13  7 383192 105065544 2047572 57790816    0    0 497200 346244 174858 480528 13  5 74  7  0  0
14  5 383192 105069956 2047572 57790840    0    0 496960 345112 174088 478977 13  5 74  7  0  0
16  5 383192 105078000 2047572 57790860    0    0 493984 344832 174442 478182 13  5 74  7  0  0
14  5 383192 105061920 2047572 57790880    0    0 494672 344460 173810 477491 13  5 75  7  0  0
12  6 383192 105059544 2047572 57790896    0    0 498352 342004 174584 477003 13  5 75  7  0  0
14  5 383192 105059248 2047572 57790916    0    0 506208 343568 175921 477357 13  4 76  8  0  0
11  8 383192 105058312 2047572 57790928    0    0 497856 344324 174651 480753 13  5 74  7  0  0
15  6 383192 105069644 2047576 57790948    0    0 495728 342956 173871 477124 13  5 74  7  0  0
15  4 383192 105064692 2047576 57790972    0    0 495936 343748 174421 480227 13  5 74  7  0  0
14  5 383192 105076796 2047576 57790992    0    0 497728 342948 174415 478964 13  5 74  7  0  0
15  5 383192 105082536 2047576 57791024    0    0 494640 344356 174361 481364 13  5 74  7  0  0
14  4 383192 105075096 2047576 57791040    0    0 495760 343480 174219 478703 13  5 75  7  0  0
14  6 383192 105074064 2047576 57791060    0    0 502640 345900 174770 479141 13  4 76  8  0  0
12  7 383192 105075368 2047576 57791072    0    0 498624 347600 175470 480999 13  5 74  7  0  0
13  6 383192 105075016 2047576 57791096    0    0 496464 346900 175310 481121 13  5 74  7  0  0
17  4 383192 105079340 2047576 57791112    0    0 497072 346672 174301 481473 13  5 74  7  0  0
11  9 383192 105079496 2047576 57791132    0    0 496336 344768 174389 478138 14  5 74  7  0  0
16  5 383192 105080528 2047580 57791152    0    0 495424 346160 174214 481103 13  5 74  7  0  0
15  4 383192 105089744 2047580 57791184    0    0 496992 338492 174792 473026 13  5 74  7  0  0
procs -----------memory---------- ---swap-- -----io---- -system-- -------cpu-------
 r  b   swpd   free   buff  cache   si   so    bi    bo   in   cs us sy id wa st gu
11  7 383192 105080336 2047580 57791204    0    0 498752 335324 171505 467733 13  4 76  7  0  0
10  9 383192 105079500 2047580 57791216    0    0 494240 335344 172160 468900 13  5 74  7  0  0
17  5 383192 105066508 2047580 57791236    0    0 492448 334772 170353 467948 13  5 74  7  0  0
14  8 383192 105079800 2047580 57791260    0    0 491840 336924 170772 467979 13  5 74  7  0  0
10  9 383192 105091524 2047580 57791276    0    0 492464 338384 171611 470693 13  5 75  7  0  0
14  7 383192 105085564 2047580 57791300    0    0 493760 337840 171153 467595 13  5 74  7  0  0
14  6 383192 105089244 2047580 57791324    0    0 495360 335752 170647 469329 13  5 74  7  0  0
17  2 383192 105072708 2047580 57791344    0    0 497904 338004 171056 470059 13  5 75  7  0  0
16  2 383192 105073816 2047580 57791356    0    0 495664 336964 171275 468242 13  4 75  7  0  0
13  6 383192 105056044 2047580 57791376    0    0 496112 338600 172456 473084 13  5 74  7  0  0
17  4 383192 105071268 2047580 57791392    0    0 496528 335764 171415 469617 13  5 74  7  0  0
12  7 383192 105072296 2047580 57791416    0    0 494704 335816 170746 469293 13  5 74  7  0  0
19  3 383192 105084696 2047580 57791436    0    0 496096 334252 170107 470470 13  5 75  7  0  0
15  4 383192 105084724 2047584 57791452    0    0 497024 334144 171470 470295 13  5 75  7  0  0
16  4 383192 105087728 2047584 57791476    0    0 497840 335768 171782 470537 13  5 75  7  0  0
15  4 383192 105082188 2047584 57791492    0    0 500672 335960 171687 466946 13  4 76  7  0  0
12  7 383192 105079212 2047584 57791508    0    0 496160 336056 171814 472418 13  5 74  7  0  0
16  5 383192 105091028 2047584 57791532    0    0 496528 335164 171572 470869 13  5 74  7  0  0
13  5 383192 105092780 2047588 57791552    0    0 495904 335076 171178 469990 13  5 74  7  0  0
11  8 383192 105076496 2047588 57791576    0    0 493872 335124 170500 468497 13  5 74  7  0  0
16  5 383192 105080872 2047588 57791596    0    0 495776 335232 170971 470251 13  5 74  7  0  0
procs -----------memory---------- ---swap-- -----io---- -system-- -------cpu-------
 r  b   swpd   free   buff  cache   si   so    bi    bo   in   cs us sy id wa st gu
14  7 383192 105079304 2047588 57791612    0    0 494736 337560 171092 470404 13  5 74  7  0  0
16  3 383192 105082780 2047588 57791640    0    0 502464 336544 171354 469930 13  4 76  8  0  0
15  5 383192 105095236 2047592 57791644    0    0 499600 338316 172496 471329 13  5 74  7  0  0
12  8 383192 105087752 2047592 57791668    0    0 495952 335884 171915 470100 13  5 75  7  0  0
13  7 383192 105079280 2047592 57791688    0    0 494624 335148 171523 471470 13  5 74  7  0  0
 9 10 383192 105072528 2047604 57791736    0    0 492752 335568 171199 470644 13  6 74  7  0  0
19  4 383192 105063092 2047608 57791772    0    0 497408 334904 171906 471537 13  5 74  7  0  0
11  8 383192 105082084 2047608 57791788    0    0 494992 334912 171281 469482 13  5 74  7  0  0
18  3 383192 105074912 2047608 57791812    0    0 497632 335700 171895 471959 13  5 75  7  0  0
14  6 383192 105069136 2047608 57791784    0    0 500352 335268 171207 468372 13  4 75  7  0  0
15  4 383192 105062492 2047608 57791804    0    0 497824 333488 171163 469754 13  5 74  7  0  0
17  5 383192 105091192 2047608 57791828    0    0 497392 333680 171185 468733 13  5 74  7  0  0
15  5 383192 105096036 2047616 57791840    0    0 494048 332908 170674 465563 13  5 74  7  0  0
14  5 383192 105080104 2047616 57791868    0    0 494224 333692 171653 468902 13  5 74  7  0  0
16  7 383192 105079512 2047616 57791884    0    0 492768 333716 170976 468993 13  5 74  7  0  0
11  7 383192 105089852 2047616 57791908    0    0 493168 334700 171166 468156 13  5 75  7  0  0
17  6 383192 105083692 2047616 57791932    0    0 498000 336016 171306 466266 13  4 76  8  0  0
14  5 383192 105086832 2047616 57791944    0    0 495952 335516 171795 469142 13  5 74  7  0  0
15  4 383192 105086424 2047616 57791964    0    0 494912 334120 170319 467932 13  5 75  7  0  0
17  3 383192 105077672 2047616 57791984    0    0 496288 334212 170601 468852 13  5 74  7  0  0
19  4 383192 105069448 2047616 57792008    0    0 491776 336156 171125 469222 13  5 75  7  0  0
procs -----------memory---------- ---swap-- -----io---- -system-- -------cpu-------
 r  b   swpd   free   buff  cache   si   so    bi    bo   in   cs us sy id wa st gu
19  4 383192 105103508 2047616 57792028    4    0 494756 334312 171294 470260 13  5 75  7  0  0
19  4 383192 105084208 2047620 57792044    0    0 495648 335012 171370 470620 13  5 74  7  0  0
15  8 383192 105074676 2047620 57792068    0    0 502960 337624 171996 471514 13  4 76  7  0  0
10 10 383192 105083880 2047620 57792076    0    0 497520 336932 171488 469857 13  5 75  7  0  0
13  6 383192 105086000 2047620 57792104    0    0 496352 333160 170863 469573 13  5 75  7  0  0
14  6 383192 105093960 2047620 57792124    0    0 496816 332404 170493 468810 13  5 74  7  0  0
13  9 383192 105084288 2047620 57792140    0    0 495168 332664 170455 467285 13  5 75  7  0  0
13  6 383192 105086632 2047620 57792160    0    0 493760 334140 171081 468527 13  5 74  7  0  0
15  4 383192 105054896 2047620 57792180    0    0 496304 338808 171399 470336 13  5 74  7  0  0
17  2 383192 105057108 2047620 57792204    0    0 497776 338368 170496 468032 13  4 75  7  0  0
15  6 383192 105070172 2047620 57792216    0    0 496192 341696 171164 470444 13  5 75  7  0  0
14  6 383192 105076572 2047620 57792236    0    0 494320 341164 172408 471476 13  5 74  7  0  0
15  6 383192 105075144 2047620 57792256    0    0 495136 337736 172268 471859 13  5 74  7  0  0
18  4 383192 105066640 2047620 57792276    0    0 496064 336728 171789 471442 13  5 75  7  0  0
16  9 383192 105086928 2047620 57792300    0    0 497232 337112 171650 469807 13  5 74  7  0  0
16  5 383192 105065940 2047620 57792320    0    0 496832 336436 171561 472247 13  5 75  7  0  0
15  3 383192 105069732 2047624 57792344    0    0 501120 338524 172191 471018 13  5 75  7  0  0
12  7 383192 105078860 2047624 57792360    0    0 498976 339040 172683 473003 13  4 75  7  0  0
13  6 383192 105070572 2047624 57792380    0    0 495728 339616 172581 473491 13  5 74  7  0  0
19  4 383192 105072876 2047624 57792400    0    0 496096 337712 171614 472743 13  5 74  7  0  0
15  4 383192 105069604 2047624 57792420    0    0 494528 337856 172129 471365 13  5 75  7  0  0
procs -----------memory---------- ---swap-- -----io---- -system-- -------cpu-------
 r  b   swpd   free   buff  cache   si   so    bi    bo   in   cs us sy id wa st gu
12  9 383192 105080944 2047624 57792448    0    0 493040 339088 172024 471951 13  5 74  7  0  0
15  5 383192 105069696 2047624 57792468    0    0 496304 337008 171726 471371 13  5 74  7  0  0
15  3 383192 105078308 2047624 57792484    0    0 496272 337952 170870 469678 13  5 75  7  0  0
14  5 383192 105081016 2047624 57792508    0    0 496224 337452 171167 465344 13  4 76  7  0  0
12  7 383192 105081192 2047624 57792520    0    0 491760 336132 170361 466884 13  5 75  7  0  0
13  7 383192 105091408 2047628 57792536    0    0 487920 334664 170080 462564 13  5 74  7  0  0
14  6 383192 105084444 2047628 57792564    0    0 490320 335316 170141 465220 13  5 74  7  0  0
11  9 383192 105070636 2047628 57792584    0    0 492176 335432 171070 466851 13  5 74  7  0  0
20  2 383192 105071084 2047628 57792604    0    0 493344 338712 171363 469756 13  5 74  7  0  0
16  4 383192 105068220 2047628 57792620    0    0 490528 337696 171174 469770 13  5 74  7  0  0
14  5 383192 105064424 2047632 57792644    0    0 501712 339840 171404 470651 13  4 76  8  0  0
14  7 383192 105067208 2047632 57792664    0    0 498480 337688 171653 469279 13  5 75  7  0  0
19  4 383192 105079808 2047632 57792684    0    0 491808 338624 170710 469277 13  5 75  7  0  0
13 10 383192 105062044 2047632 57792700    0    0 494576 340284 171378 470213 13  5 75  7  0  0
16  5 383192 105069256 2047632 57792720    0    0 495632 339068 171886 470716 13  5 74  7  0  0
17  3 383192 105060164 2047632 57792744    0    0 494384 340896 172153 470322 13  5 74  7  0  0
16  5 383192 105087920 2047632 57792764    0    0 493392 338676 171152 472756 13  5 74  7  0  0
13  5 383192 105093360 2047632 57792784    0    0 501760 339284 171534 470006 13  5 75  7  0  0
17  2 383192 105080752 2047632 57792796    0    0 498256 340852 172337 471085 13  5 75  7  0  0
12  8 383192 105070836 2047632 57792808    0    0 495616 338452 171355 470052 13  5 74  7  0  0
16  5 383192 105071876 2047636 57792828    0    0 493712 338056 171286 469045 13  5 74  7  0  0
procs -----------memory---------- ---swap-- -----io---- -system-- -------cpu-------
 r  b   swpd   free   buff  cache   si   so    bi    bo   in   cs us sy id wa st gu
20  5 383192 105056776 2047636 57792856    0    0 492656 336612 170700 469479 13  5 75  7  0  0
18  3 383192 105060548 2047636 57792880    0    0 493200 338960 171638 470600 13  5 74  7  0  0
15  7 383192 105060520 2047636 57792896    0    0 493760 340416 171239 469908 13  5 74  7  0  0
19  5 383192 105087040 2047636 57792916    0    0 497184 339480 171641 470249 13  5 75  7  0  0
16  8 383192 105083240 2047640 57792928    0    0 501520 341448 172843 472050 13  4 76  8  0  0
13  7 383192 105076836 2047640 57792948    0    0 493952 338760 172405 470092 13  5 74  7  0  0
15  5 383192 105068620 2047640 57792972    0    0 492288 339016 171307 469832 13  5 74  7  0  0
15  5 383192 105073724 2047640 57792992    0    0 494160 338284 171297 469463 13  5 75  7  0  0
13  7 383192 105068176 2047640 57793012    0    0 497216 337332 171706 472337 13  5 74  7  0  0
15  7 383192 105068276 2047640 57793040    0    0 493392 337684 171454 470259 13  5 74  7  0  0
21  3 383192 105071404 2047640 57793060    0    0 496864 337184 171052 468302 13  5 75  7  0  0
10 10 383192 105083256 2047640 57793084    0    0 498688 335968 170974 465168 13  4 76  7  0  0
14  5 383192 105069920 2047640 57793096    0    0 497248 337696 172168 468830 13  5 74  7  0  0
14  7 383192 105079060 2047640 57793116    0    0 493392 336796 171318 468892 13  5 74  7  0  0
17  4 383192 105075036 2047644 57793128    0    0 494640 337268 170698 467982 13  5 74  7  0  0
13  7 383192 105063076 2047644 57793156    0    0 493952 338088 171264 470461 13  5 74  7  0  0
 9 11 383192 105075652 2047644 57793176    0    0 494592 338772 171582 469308 13  5 74  7  0  0
18  6 383192 105076932 2047644 57793196    0    0 491424 336444 170967 468483 13  5 75  7  0  0
15  4 383192 105070808 2047644 57793216    0    0 494096 333932 170834 465726 13  4 76  8  0  0
16  3 383192 105076524 2047652 57793220    0    0 494880 335376 171870 470746 13  5 75  7  0  0
17  2 383192 105061820 2047652 57793248    0    0 493008 334372 171599 469871 13  5 74  7  0  0
procs -----------memory---------- ---swap-- -----io---- -system-- -------cpu-------
 r  b   swpd   free   buff  cache   si   so    bi    bo   in   cs us sy id wa st gu
14  6 383192 105070972 2047652 57793272    0    0 488000 335212 170953 467401 13  5 75  7  0  0
14  5 383192 105077176 2047652 57793292    0    0 494320 335668 171150 469773 13  5 74  7  0  0
16  5 383192 105087452 2047652 57793308    0    0 495360 336344 170976 469341 13  5 75  7  0  0
11  9 383192 105073104 2047652 57793328    0    0 494640 335412 170645 469434 13  5 75  7  0  0
14  5 383192 105084164 2047652 57793352    0    0 496608 333452 170593 468326 13  5 75  7  0  0
16  4 383192 105071732 2047652 57793364    0    0 501600 337316 171227 472109 13  4 75  7  0  0
15  5 383192 105080920 2047652 57793392    0    0 496768 333464 170855 470313 13  5 74  7  0  0
11  8 383192 105071228 2047652 57793412    0    0 496240 335552 171719 471082 13  5 74  7  0  0
16  4 383192 105071784 2047652 57793440    0    0 495920 335360 171113 471799 13  5 74  7  0  0
 9 10 383192 105076144 2047652 57793464    0    0 497760 336632 171131 470993 13  5 74  7  0  0
15  5 383192 105066408 2047652 57793480    0    0 495520 335548 171319 471089 13  5 74  7  0  0
15  4 383192 105075140 2047652 57793500    0    0 497264 336392 171151 468238 13  5 75  7  0  0
13  5 383192 105079968 2047652 57793516    0    0 503568 339268 172412 470940 13  4 75  8  0  0
15  5 383192 105071536 2047652 57793524    0    0 493520 336404 171603 470649 13  5 74  7  0  0
15  5 383192 105085044 2047652 57793552    0    0 495504 334644 171018 469950 13  5 74  7  0  0
14  5 383192 105078460 2047652 57793576    0    0 492496 334356 170928 468782 13  5 75  7  0  0
11  8 383192 105069464 2047652 57793596    0    0 495232 333036 170974 470426 13  5 74  7  0  0
15  6 383192 105077340 2047652 57793620    0    0 496736 332516 171216 471888 13  5 74  7  0  0
13  6 383192 105086712 2047652 57793640    0    0 497376 332624 170929 469465 13  5 74  7  0  0
16  4 383192 105084860 2047652 57793668    0    0 502016 333440 171656 471538 13  4 76  7  0  0
12  7 383192 105086860 2047652 57793676    0    0 499632 332088 171232 470175 13  5 75  7  0  0
procs -----------memory---------- ---swap-- -----io---- -system-- -------cpu-------
 r  b   swpd   free   buff  cache   si   so    bi    bo   in   cs us sy id wa st gu
12  7 383192 105074496 2047652 57793692    0    0 495856 334132 171025 471296 13  5 74  7  0  0
17  5 383192 105082224 2047652 57793716    0    0 497968 333308 171734 470482 13  5 74  7  0  0
16  5 383192 105077740 2047652 57793736    0    0 495232 333928 171298 471033 13  5 74  7  0  0
13  7 383192 105081516 2047652 57793760    0    0 494080 336340 171629 471324 13  5 74  7  0  0
14  8 383192 105083080 2047652 57793784    0    0 497456 336204 171183 470876 13  5 74  7  0  0
19  4 383192 105083516 2047652 57793804    0    0 496320 334616 171124 468378 13  5 75  7  0  0
 9 10 383192 105086012 2047652 57793820    0    0 502032 336344 172436 470527 13  4 75  8  0  0
15  6 383192 105079736 2047656 57793828    0    0 495024 335984 171109 470476 13  5 74  7  0  0
14  6 383192 105072000 2047656 57793848    0    0 492752 335552 171055 470056 13  5 74  7  0  0
12  7 383192 105076384 2047656 57793872    0    0 487120 333548 169955 465850 13  5 75  7  0  0
14  5 383192 105068196 2047656 57793892    0    0 491856 334028 170839 466424 13  5 74  7  0  0
16  4 383192 105069568 2047656 57793912    0    0 496800 334552 170807 470795 13  5 74  7  0  0
11  8 383192 105069200 2047656 57793936    0    0 494896 335048 170683 467206 13  5 75  7  0  0
18  4 383192 105064048 2047656 57793952    0    0 497136 334468 170888 466992 13  4 76  8  0  0
15  4 383192 105089168 2047656 57793964    0    0 494896 334724 171803 469787 13  5 74  7  0  0
17  3 383192 105078532 2047656 57793980    0    0 493760 334572 170927 469901 13  5 74  7  0  0
13  6 383192 105075460 2047656 57794004    0    0 495696 334848 170599 469618 13  5 74  7  0  0
16  4 383192 105076664 2047656 57794024    0    0 493312 335884 170935 469687 13  5 74  7  0  0
13  6 383192 105061240 2047656 57794044    0    0 494064 338520 171972 470592 13  5 74  7  0  0
17  4 383192 105056664 2047656 57794068    0    0 496240 338016 171851 471310 13  5 74  7  0  0
13  6 383192 105065764 2047656 57794092    0    0 500736 340948 171887 471258 13  4 76  8  0  0
procs -----------memory---------- ---swap-- -----io---- -system-- -------cpu-------
 r  b   swpd   free   buff  cache   si   so    bi    bo   in   cs us sy id wa st gu
12  8 383192 105072700 2047656 57794104    0    0 500944 337676 171245 468979 13  5 75  7  0  0
13  9 383192 105080772 2047656 57794124    0    0 495840 338124 171355 468505 13  5 75  7  0  0
17  3 383192 105064380 2047656 57794140    0    0 496688 336592 170697 468287 13  5 75  7  0  0
16  4 383192 105074804 2047656 57794168    0    0 495808 336080 171192 469068 13  5 74  7  0  0
15  5 383192 105055880 2047656 57794184    0    0 496256 334424 170618 468448 13  5 74  7  0  0
13  6 383192 105062708 2047656 57794204    0    0 491808 334740 170721 467781 13  5 74  7  0  0
13  5 383192 105071912 2047656 57794220    0    0 501008 337812 171318 468041 13  5 75  8  0  0
16  4 383192 105076772 2047656 57794232    0    0 500976 336276 171003 469994 13  4 75  7  0  0
15  4 383192 105073212 2047656 57794256    0    0 494704 334284 171033 468661 13  5 75  7  0  0
17  6 383192 105079280 2047656 57794284    0    0 491200 334816 171116 470633 13  5 74  7  0  0
14  5 383192 105073060 2047656 57794304    0    0 493776 335252 171261 471195 13  5 74  7  0  0
15  5 383192 105071604 2047656 57794324    0    0 492784 333388 170591 467808 13  5 75  7  0  0
17  2 383192 105064892 2047656 57794344    0    0 494624 333916 170859 469720 13  5 75  7  0  0
20  5 383192 105063288 2047656 57794376    0    0 497296 335816 171734 471542 13  5 75  7  0  0
15  9 383192 105055128 2047656 57794388    0    0 504224 342840 171388 470147 13  4 76  7  0  0
10 13 383192 105052844 2047656 57794404    0    0 495264 337520 171439 469384 13  5 75  7  0  0
 9 15 383192 105076264 2047656 57794424    0    0 494400 336952 171084 468983 13  5 74  7  0  0
 8 15 383192 105089240 2047656 57794444    0    0 493936 338796 171754 470255 13  5 74  7  0  0
16  9 383192 105082816 2047656 57794472    0    0 493152 337116 171543 470484 13  5 74  7  0  0
19  9 383192 105069156 2047656 57794496    0    0 492624 336028 171829 472214 13  5 74  7  0  0
16 11 383192 105063316 2047656 57794512    0    0 492224 335884 170902 467788 13  5 74  7  0  0
procs -----------memory---------- ---swap-- -----io---- -system-- -------cpu-------
 r  b   swpd   free   buff  cache   si   so    bi    bo   in   cs us sy id wa st gu
10 12 383192 105075064 2047656 57794528    0    0 501792 338088 171322 470323 13  4 75  7  0  0
19  7 383192 105067000 2047664 57794528    0    0 491936 332908 170453 466248 13  5 75  8  0  0
17  9 383192 105071556 2047664 57794556    0    0 491456 339840 170393 466728 13  5 74  7  0  0
13  9 383192 105074264 2047664 57794580    0    0 492096 333888 170866 468306 13  5 74  7  0  0
16 10 383192 105078476 2047664 57794600    0    0 495536 340620 171531 470403 13  5 74  7  0  0
10 15 383192 105071416 2047664 57794620    0    0 489616 334392 170227 467540 13  5 74  7  0  0
16 11 383192 105074308 2047664 57794640    0    0 492752 335556 170158 467584 13  5 74  7  0  0
20  8 383192 105074840 2047664 57794664    0    0 498624 336004 170969 469125 13  5 75  7  0  0
26  3 383192 105086152 2047664 57794680    0    0 495472 340956 171944 470087 13  5 75  7  0  0
18  8 383192 105076972 2047664 57794696    0    0 494688 334212 171292 467407 13  5 75  7  0  0
24 10 383192 105068816 2047664 57794716    0    0 492544 341720 171372 471674 13  5 75  7  0  0
12 12 383192 105069408 2047664 57794736    0    0 495232 342984 171960 472230 13  5 74  7  0  0
19 14 383192 105082024 2047664 57794756    0    0 488048 335928 171078 466800 13  5 74  8  0  0
 8 12 383192 105082524 2047664 57794776    0    0 489424 333640 171228 466891 13  5 74  8  0  0
10 13 383192 105087472 2047664 57794800    0    0 485776 342032 170200 461366 13  5 75  8  0  0
19  7 383192 105081488 2047664 57794816    0    0 493392 331528 171240 464548 13  4 75  8  0  0
13  9 383192 105078556 2047664 57794836    0    0 485344 328656 170936 463929 13  5 74  8  0  0
18  6 383192 105070200 2047664 57794856    0    0 492832 346632 172094 471488 13  5 74  7  0  0
16 11 383192 105066896 2047664 57794872    0    0 493664 334124 172132 470620 13  5 74  7  0  0
 9 11 383192 105077676 2047664 57794896    0    0 495440 339532 171566 470990 13  5 74  7  0  0
18  7 383192 105075728 2047664 57794916    0    0 496272 333300 171172 471393 13  5 74  7  0  0
procs -----------memory---------- ---swap-- -----io---- -system-- -------cpu-------
 r  b   swpd   free   buff  cache   si   so    bi    bo   in   cs us sy id wa st gu
18 11 383192 105065460 2047664 57794944    0    0 496080 336664 171994 471503 13  5 74  7  0  0
18  7 383192 105065320 2047664 57794964    0    0 499840 334412 171065 469410 13  4 76  7  0  0
17 12 383192 105074696 2047664 57794976    0    0 495360 342104 171689 468688 13  5 74  7  0  0
16 11 383192 105069452 2047664 57794992    0    0 498384 338824 172102 470866 13  5 74  7  0  0
18  8 383192 105084244 2047664 57795024    0    0 497120 335808 172615 473827 13  5 74  7  0  0
14 12 383192 105090684 2047664 57795044    0    0 495920 337180 171926 472410 13  5 74  7  0  0
 9  9 383192 105068032 2047664 57795060    0    0 496496 338028 171938 474223 13  5 74  7  0  0
11 12 383192 105058652 2047664 57795088    0    0 496448 338568 171657 469868 13  5 75  7  0  0
13 10 383192 105062900 2047664 57795108    0    0 500592 337428 171513 471061 13  4 75  7  0  0
13 11 383192 105061844 2047664 57795120    0    0 498352 336392 171223 468246 13  4 75  7  0  0
14 10 383192 105076520 2047668 57795136    0    0 495904 327664 171830 469916 13  5 74  7  0  0
18  8 383192 105064520 2047668 57795160    0    0 491584 346456 173478 479191 13  5 74  7  0  0
11 14 383192 105064832 2047668 57795176    0    0 495888 343064 174502 477494 13  5 74  7  0  0
10 14 383192 105080664 2047668 57795208    0    0 496544 338900 174369 480784 13  5 74  7  0  0
22  6 383192 105071692 2047668 57795228    0    0 494944 323608 172469 476038 13  5 74  7  0  0
 9 16 383192 105072336 2047672 57795244    0    0 493840 344468 174488 476429 13  4 75  7  0  0
19  5 383192 105073632 2047672 57795256    0    0 497712 352092 174661 473649 13  4 75  8  0  0
17  9 383192 105075032 2047672 57795276    0    0 493504 339168 174340 478100 13  5 74  7  0  0
16  9 383192 105080184 2047672 57795296    0    0 492400 332080 173527 475386 13  5 75  7  0  0
12 11 383192 105063896 2047672 57795320    0    0 495968 334100 172719 478662 13  5 74  7  0  0
13 12 383192 105075588 2047672 57795340    0    0 487632 347604 171991 474304 13  5 74  7  0  0
procs -----------memory---------- ---swap-- -----io---- -system-- -------cpu-------
 r  b   swpd   free   buff  cache   si   so    bi    bo   in   cs us sy id wa st gu
21  9 383192 105079252 2047672 57795364    0    0 492400 344996 173020 477297 13  5 74  7  0  0
12 12 383192 105074472 2047672 57795388    0    0 500352 343016 173579 477823 13  5 75  7  0  0
15  8 383192 105066920 2047672 57795404    0    0 498144 337276 173653 477956 13  4 75  7  0  0
18  8 383192 105077484 2047672 57795428    0    0 493968 335792 173431 475341 13  5 74  7  0  0
12 10 383192 105072232 2047672 57795448    0    0 491072 325048 172642 477402 13  5 74  7  0  0
10 13 383192 105070212 2047672 57795468    0    0 486864 327904 171979 468424 13  5 74  8  0  0
14 11 383192 105073320 2047672 57795488    0    0 484272 353180 173020 469780 13  5 74  8  0  0
 8 13 383192 105078940 2047672 57795512    0    0 483472 327160 171476 468213 13  5 75  8  0  0
12 12 383192 105070400 2047672 57795532    0    0 483936 345400 171361 467523 13  5 75  8  0  0
19  8 383192 105063788 2047672 57795548    0    0 499888 340592 174535 479387 13  4 76  7  0  0
14 12 383192 105067928 2047676 57795556    0    0 497264 334900 175279 480650 13  6 74  7  0  0
14  8 383192 105076808 2047676 57795624    0    0 490848 352272 173377 477311 13  5 74  7  0  0
12  9 383192 105077016 2047680 57795648    0    0 495280 338960 173753 479561 13  5 74  7  0  0
 9 10 383192 105079836 2047680 57795668    0    0 493120 334708 172446 476667 13  5 75  7  0  0
10  8 383192 105086080 2047680 57795688    0    0 493872 334800 172583 479515 13  5 75  7  0  0
10 11 383192 105087320 2047680 57795712    0    0 495296 336984 173174 479231 13  5 75  7  0  0
15  9 383192 105082012 2047680 57795728    0    0 503680 346128 175488 482440 13  4 76  8  0  0
17 10 383192 105095040 2047684 57795740    0    0 496592 334648 173859 481010 13  5 75  7  0  0
18  7 383192 105090316 2047684 57795764    0    0 499120 336348 174442 477500 13  5 75  7  0  0
 8 11 383192 105077108 2047684 57795784    0    0 495184 345156 173539 477188 13  5 74  7  0  0
11 13 383192 105060956 2047684 57795808    0    0 495584 336592 173783 480082 13  5 74  7  0  0
procs -----------memory---------- ---swap-- -----io---- -system-- -------cpu-------
 r  b   swpd   free   buff  cache   si   so    bi    bo   in   cs us sy id wa st gu
14 11 383192 105063684 2047684 57795824    0    0 496576 334484 173514 477357 13  5 74  7  0  0
14 12 383192 105075468 2047684 57795848    0    0 494432 335124 173406 475832 13  5 75  7  0  0
22  5 383192 105084388 2047684 57795868    0    0 500192 334440 174136 475869 13  4 76  7  0  0
25 11 383192 105073948 2047684 57795880    0    0 499920 341584 173970 477276 13  5 75  7  0  0
15  9 383192 105085268 2047684 57795896    0    0 495984 323756 174069 481714 13  5 74  7  0  0
13 14 383192 105088492 2047684 57795920    0    0 495520 353172 174355 480261 13  5 75  7  0  0
12 11 383192 105087816 2047688 57795928    0    0 495184 311692 171463 476651 13  5 74  7  0  0
13 13 383192 105072304 2047688 57795956    0    0 490096 339780 173120 476711 13  5 74  7  0  0
18  9 383192 105067300 2047688 57795976    0    0 495584 349164 174240 478756 13  5 74  8  0  0
18  7 383192 105067456 2047688 57795996    0    0 498688 348352 175445 478515 13  5 75  8  0  0
11 11 383192 105072548 2047688 57796016    0    0 495392 334536 173787 477026 13  4 75  7  0  0
20  8 383192 105094532 2047688 57796032    0    0 493984 321260 173272 476523 13  5 74  7  0  0
18  9 383192 105085488 2047688 57796056    0    0 490608 328104 174018 477986 13  5 74  7  0  0
13 13 383192 105084604 2047688 57796076    0    0 492752 335952 173027 473296 13  5 74  7  0  0
 9 15 383192 105077568 2047688 57796092    0    0 478704 333164 171176 465548 13  5 74  8  0  0
14 13 383192 105072376 2047688 57796116    0    0 480416 333460 171766 465362 13  5 74  8  0  0
 8 15 383192 105062628 2047688 57796136    0    0 480768 324100 171536 464415 13  5 75  8  0  0
14 12 383192 105063552 2047688 57796160    0    0 486528 334748 172914 466193 13  4 76  8  0  0
14 10 383192 105070728 2047688 57796168    0    0 486304 340940 172630 468793 13  5 75  8  0  0
12 11 383192 105077348 2047688 57796192    0    0 486416 335476 171833 471093 13  5 74  8  0  0
12 15 383192 105070996 2047688 57796216    0    0 484896 327996 171437 467629 13  5 74  8  0  0
procs -----------memory---------- ---swap-- -----io---- -system-- -------cpu-------
 r  b   swpd   free   buff  cache   si   so    bi    bo   in   cs us sy id wa st gu
15  8 383192 105087196 2047696 57796224    0    0 482736 333900 171245 468904 13  5 74  8  0  0
13 12 383192 105076764 2047696 57796260    0    0 484160 357180 172897 471450 13  5 74  8  0  0
14 10 383192 105075076 2047696 57796276    0    0 494624 333516 173175 476639 13  5 74  7  0  0
 6 15 383192 105074096 2047696 57796292    0    0 499360 330096 174244 478336 13  4 75  8  0  0
12 13 383192 105061540 2047696 57796308    0    0 496560 348900 174336 476537 13  5 75  7  0  0
16 10 383192 105078372 2047704 57796312    0    0 495712 332740 173847 477630 13  5 74  7  0  0
 8 13 383192 105073168 2047704 57796352    0    0 493360 334152 173570 475459 13  5 75  7  0  0
11 13 383192 105075392 2047704 57796372    0    0 493840 331120 173639 477096 13  5 74  7  0  0
12 12 383192 105065444 2047704 57796400    0    0 491488 334284 173137 473934 13  5 74  7  0  0
 9 13 383192 105057760 2047704 57796416    0    0 490944 354928 174277 475483 13  5 74  7  0  0
10 12 383192 105071604 2047704 57796440    0    0 497808 332532 174340 478855 13  5 75  7  0  0
14 11 383192 105058552 2047704 57796460    0    0 505120 337596 174835 479471 13  4 76  8  0  0
15  6 383192 105073172 2047704 57796468    0    0 494096 345236 174036 476456 13  5 74  7  0  0
10 14 383192 105080764 2047704 57796492    0    0 493440 342428 173877 478232 13  5 75  7  0  0
17 10 383192 105072924 2047704 57796516    0    0 493904 329536 173951 478760 13  5 74  7  0  0
 9 15 383192 105082824 2047704 57796536    0    0 495504 332896 174789 478761 13  5 74  7  0  0
14 10 383192 105074512 2047704 57796552    0    0 492960 334116 174155 479358 13  5 74  7  0  0
14 11 383192 105078336 2047704 57796576    0    0 493984 335392 174444 478048 13  5 74  7  0  0
11  8 383192 105074040 2047704 57796596    0    0 498992 341332 174879 477872 13  4 76  8  0  0
14  9 383192 105080272 2047704 57796572    0    0 495536 344632 176025 480892 13  5 75  7  0  0
12 10 383192 105071868 2047704 57796588    0    0 495568 297168 173387 478502 13  5 74  7  0  0
procs -----------memory---------- ---swap-- -----io---- -system-- -------cpu-------
 r  b   swpd   free   buff  cache   si   so    bi    bo   in   cs us sy id wa st gu
15 11 383192 105064776 2047704 57796608    0    0 491344 330088 173122 475628 13  5 74  7  0  0
16 12 383192 105061632 2047704 57796632    0    0 492304 336624 173427 478675 13  5 74  7  0  0
 9 12 383192 105071756 2047704 57796656    0    0 488816 362428 174633 478159 13  5 74  7  0  0
18  6 383192 105081384 2047704 57796676    0    0 495792 329852 174544 479438 13  5 74  7  0  0
15  8 383192 105071936 2047708 57796692    0    0 496736 307024 172058 472824 13  5 75  7  0  0
20  7 383192 105060848 2047708 57796708    0    0 497440 331924 173543 476740 13  4 75  8  0  0
16  7 383192 105073844 2047708 57796732    0    0 492480 318904 174262 477943 13  5 74  7  0  0
20  8 383192 105074972 2047708 57796748    0    0 480272 350420 172623 468126 13  5 74  8  0  0
14  9 383192 105086612 2047708 57796772    0    0 486128 335760 172509 475036 13  5 74  8  0  0
13 13 383192 105080528 2047708 57796792    0    0 479424 334200 171447 466031 13  5 74  8  0  0
15 10 383192 105075732 2047708 57796808    0    0 476400 336196 171797 464312 13  5 74  8  0  0
21 12 383192 105072388 2047708 57796840    0    0 486544 328788 172015 467968 13  5 74  8  0  0
11 14 383192 105072324 2047708 57796860    0    0 489536 338468 173155 467358 13  4 76  8  0  0
13 14 383192 105084668 2047708 57796868    0    0 487360 329340 172240 467982 13  5 74  8  0  0
22  9 383192 105075840 2047708 57796888    0    0 482240 322792 171406 467565 13  5 74  8  0  0
14 11 383192 105074444 2047708 57796904    0    0 480752 338544 173024 467916 13  5 74  8  0  0
17 11 383192 105061548 2047708 57796928    0    0 484016 326268 172182 469063 13  5 74  8  0  0
14  9 383192 105070492 2047708 57796952    0    0 483088 326492 171779 465946 13  5 74  8  0  0
15 11 383192 105062444 2047708 57796972    0    0 480064 335056 171074 466829 13  5 74  8  0  0
10  9 383192 105061952 2047708 57796988    0    0 489328 340356 171527 469036 12  4 76  8  0  0
16 14 383192 105061624 2047708 57797004    0    0 488880 331540 171179 469680 13  5 75  8  0  0
procs -----------memory---------- ---swap-- -----io---- -system-- -------cpu-------
 r  b   swpd   free   buff  cache   si   so    bi    bo   in   cs us sy id wa st gu
10 15 383192 105069896 2047708 57797028    0    0 482768 340636 171509 470844 13  5 75  8  0  0
13 14 383192 105084216 2047708 57797048    0    0 488048 335936 172532 472094 13  5 74  8  0  0
15  9 383192 105092672 2047708 57797064    0    0 490960 317748 172780 472330 13  5 74  8  0  0
19  6 383192 105085588 2047716 57797076    0    0 488144 342964 173556 473962 13  5 74  8  0  0
 9 11 383192 105078936 2047716 57797104    0    0 486416 340608 172775 470994 13  5 74  8  0  0
15 10 383192 105084280 2047716 57797132    0    0 490736 320128 172633 470210 13  5 75  8  0  0
16  9 383192 105078652 2047716 57797144    0    0 495072 317596 172292 472559 13  4 76  8  0  0
16  8 383192 105059960 2047716 57797156    0    0 483680 337028 172136 471727 13  5 74  8  0  0
10 13 383192 105068868 2047720 57797172    0    0 489536 347868 174015 476225 13  5 74  8  0  0
14  9 383192 105080756 2047720 57797200    0    0 489072 323260 172810 471910 13  5 74  8  0  0
11 14 383192 105074912 2047720 57797224    0    0 480176 327060 170844 466113 13  5 74  8  0  0
10 14 383192 105068676 2047720 57797248    0    0 475344 320268 169959 462219 12  5 75  8  0  0
 9 15 383192 105066820 2047720 57797264    0    0 474928 331044 170454 461957 13  5 74  8  0  0
15  7 383192 105065604 2047720 57797280    0    0 484464 320548 169829 457977 12  4 76  8  0  0
19  8 383192 105070308 2047720 57797292    0    0 476352 312604 169112 459622 13  5 75  8  0  0
13 10 383192 105082976 2047720 57797308    0    0 477808 333140 171283 466365 13  5 75  8  0  0
13 10 383192 105080352 2047720 57797336    0    0 482608 326936 171334 466820 13  5 74  8  0  0
10 11 383192 105083016 2047720 57797352    0    0 482224 342508 172034 466086 13  5 74  8  0  0
15 10 383192 105071536 2047720 57797376    0    0 482480 289112 170878 466867 13  5 74  8  0  0
15  8 383192 105077468 2047720 57797400    0    0 480448 319476 170371 460173 13  5 74  8  0  0
10 12 383192 105079332 2047720 57797420    0    0 483056 347160 171589 465944 12  4 75  8  0  0
procs -----------memory---------- ---swap-- -----io---- -system-- -------cpu-------
 r  b   swpd   free   buff  cache   si   so    bi    bo   in   cs us sy id wa st gu
11 13 383192 105084444 2047720 57797444    0    0 476624 345132 170749 460515 13  4 75  8  0  0
10  8 383192 105071076 2047720 57797452    0    0 478176 329356 170556 461659 13  5 74  8  0  0
16  9 383192 105073168 2047720 57797476    0    0 472736 326680 169152 458831 13  5 74  8  0  0
10 10 383192 105097076 2047720 57797496    0    0 472928 335888 170617 458713 13  5 74  8  0  0
14 12 383192 105088308 2047720 57797512    0    0 477120 329160 170620 463334 13  5 74  8  0  0
 6 10 383192 105088004 2047720 57797544    0    0 480032 327856 170815 467962 13  5 75  8  0  0
10 14 383192 105077580 2047720 57797560    0    0 485696 325876 171209 471357 13  5 75  8  0  0
 7 10 383192 105062088 2047720 57797584    0    0 488352 342664 172331 470339 13  4 76  8  0  0
18  8 383192 105079648 2047720 57797604    0    0 483408 317776 170186 467714 13  5 75  8  0  0
15  9 383192 105084580 2047720 57797612    0    0 484688 332928 170707 467940 13  5 75  8  0  0
14 10 383192 105068832 2047720 57797636    0    0 481424 330488 170867 465651 13  5 74  8  0  0
11 14 383192 105094528 2047720 57797676    0    0 482176 317368 170900 465525 13  5 75  8  0  0
13 10 383192 105075672 2047720 57797696    0    0 483536 330580 171139 468793 13  5 74  8  0  0
 8 14 383192 105083348 2047720 57797712    0    0 483536 334428 172068 467607 13  5 75  8  0  0
 8 15 383192 105081604 2047720 57797728    0    0 492320 320328 171425 468774 13  4 76  8  0  0
12 10 383192 105076080 2047720 57797744    0    0 483056 322676 170667 470591 13  5 74  8  0  0
14  9 383192 105077100 2047720 57797768    0    0 480656 347152 171612 468825 13  5 74  8  0  0
 7 13 383192 105079064 2047720 57797792    0    0 484960 322320 170174 463599 13  5 74  8  0  0
11  8 383192 105058212 2047720 57797812    0    0 482544 322224 170703 461456 13  5 74  8  0  0
14  5 383192 105072424 2047720 57797828    0    0 484352 320408 169939 462592 13  5 74  8  0  0
12  8 383192 105078108 2047720 57797852    0    0 483584 320028 170132 464916 13  5 75  7  0  0
procs -----------memory---------- ---swap-- -----io---- -system-- -------cpu-------
 r  b   swpd   free   buff  cache   si   so    bi    bo   in   cs us sy id wa st gu
 8 10 383192 105084540 2047720 57797876    0    0 496192 320072 170541 467280 12  4 76  8  0  0
13  9 383192 105077864 2047720 57797888    0    0 487808 318620 170503 465695 13  5 74  8  0  0
16  7 383192 105058536 2047720 57797904    0    0 485360 321780 170044 462837 13  5 75  8  0  0
 8 11 383192 105072100 2047720 57797920    0    0 484416 318644 169307 459752 13  5 75  8  0  0
12  8 383192 105070516 2047720 57797944    0    0 485104 317560 169650 460955 13  5 74  8  0  0
15  6 383192 105063300 2047720 57797964    0    0 486080 319332 170129 464352 13  5 74  8  0  0
10 10 383192 105059192 2047720 57797984    0    0 483648 319448 169450 459770 13  5 74  8  0  0
18  4 383192 105077052 2047720 57798004    0    0 480384 318184 167756 452799 12  4 75  8  0  0
11  7 383192 105087536 2047720 57798020    0    0 487984 319288 169278 457689 13  4 75  8  0  0
14  6 383192 105093232 2047720 57798040    0    0 480144 319032 168926 459827 13  5 74  8  0  0
16  4 383192 105076872 2047720 57798060    0    0 482336 317008 168689 462034 13  5 75  8  0  0
12  9 383192 105065048 2047720 57798080    0    0 483728 307948 168800 460304 13  5 74  8  0  0
12  8 383192 105071964 2047720 57798104    0    0 483680 322112 170248 462946 13  5 74  8  0  0
13  8 383192 105074540 2047720 57798128    0    0 481472 326604 169728 459994 13  5 74  8  0  0
14  4 383192 105068652 2047720 57798148    0    0 481872 321812 168842 463062 13  5 74  8  0  0
17  3 383192 105072540 2047720 57798168    0    0 489136 321216 169564 459933 12  4 76  8  0  0
12 10 383192 105068568 2047720 57798180    0    0 480608 319068 168722 458570 13  5 75  8  0  0
17  5 383192 105079048 2047720 57798196    0    0 477440 318564 168531 456375 13  5 75  8  0  0
17  5 383192 105079156 2047720 57798216    0    0 479728 318760 168472 460011 12  5 75  8  0  0
11  7 383192 105080496 2047720 57798240    0    0 483152 317612 168745 459886 13  5 74  8  0  0
10  9 383192 105082364 2047720 57798268    0    0 486528 321312 170242 466222 13  5 74  7  0  0
procs -----------memory---------- ---swap-- -----io---- -system-- -------cpu-------
 r  b   swpd   free   buff  cache   si   so    bi    bo   in   cs us sy id wa st gu
17  3 383192 105071140 2047720 57798284    0    0 490240 321552 170417 466733 13  5 74  7  0  0
14  5 383192 105075152 2047720 57798304    0    0 493312 323672 171049 466190 13  4 75  8  0  0
12  8 383192 105086484 2047720 57798324    0    0 490112 323456 170831 468274 13  5 75  7  0  0
16  4 383192 105068700 2047720 57798344    0    0 491616 322372 171303 468874 13  5 74  8  0  0
16  4 383192 105071232 2047720 57798372    0    0 488496 320068 169982 465420 13  5 74  7  0  0
16  3 383192 105069056 2047728 57798380    0    0 487584 319668 169606 464509 13  5 74  7  0  0
12  7 383192 105076188 2047728 57798404    0    0 489552 322972 170590 467956 13  5 74  8  0  0
11  8 383192 105063612 2047728 57798424    0    0 488032 322212 170003 464973 13  5 74  8  0  0
12  7 383192 105086296 2047728 57798448    0    0 490016 321216 169674 463684 13  5 75  8  0  0
15  4 383192 105086308 2047728 57798464    0    0 498832 323608 171255 467214 13  4 75  8  0  0
16  6 383192 105085916 2047728 57798480    0    0 490592 322344 170594 466345 13  5 74  7  0  0
13  6 383192 105082024 2047728 57798500    0    0 438400 312656 162919 421767 12  5 77  7  0  0
14  7 383192 105082780 2047728 57798524    0    0 489376 321296 171113 466301 13  5 74  8  0  0
10 10 383192 105073652 2047728 57798544    0    0 486128 321500 170552 464416 13  5 74  7  0  0
15  5 383192 105065036 2047728 57798564    0    0 489904 321672 170794 467337 13  5 74  7  0  0
15  6 383192 105070592 2047728 57798584    0    0 489824 321532 170806 466523 13  5 75  8  0  0
12  7 383192 105071960 2047728 57798600    0    0 497600 321956 170816 466813 13  4 76  8  0  0
12  7 383192 105069956 2047728 57798612    0    0 492576 323240 171719 470012 13  5 74  7  0  0
16  6 383192 105083224 2047728 57798632    0    0 487888 321572 170922 465607 13  5 75  7  0  0
15  4 383192 105084092 2047728 57798644    0    0 486144 321416 170646 466253 13  5 75  7  0  0
13  8 383192 105078340 2047728 57798672    0    0 484080 319884 169987 463637 12  5 75  8  0  0
procs -----------memory---------- ---swap-- -----io---- -system-- -------cpu-------
 r  b   swpd   free   buff  cache   si   so    bi    bo   in   cs us sy id wa st gu
13  7 383192 105070192 2047728 57798692    0    0 488432 321536 171571 467279 13  5 74  8  0  0
15  5 383192 105081304 2047728 57798712    0    0 488480 319172 170165 465197 13  5 74  8  0  0
13  5 383192 105080020 2047728 57798736    0    0 487664 318288 170040 463069 13  4 75  8  0  0
11  9 383192 105077224 2047728 57798752    0    0 486880 319328 169856 464484 13  5 75  8  0  0
16  7 383192 105076112 2047728 57798764    0    0 486944 318504 170288 465066 13  5 75  8  0  0
17  3 383192 105078332 2047732 57798784    0    0 484416 322200 170572 463826 13  5 74  7  0  0
13  6 383192 105077316 2047732 57798804    0    0 483104 320864 170019 463011 13  5 74  8  0  0
14  5 383192 105064864 2047732 57798824    0    0 484768 320572 170153 464133 13  5 74  8  0  0
20  2 383192 105072860 2047732 57798852    0    0 485280 320016 169597 460603 13  5 74  8  0  0
11  7 383192 105087560 2047732 57798872    0    0 480304 317616 168397 457362 13  5 75  8  0  0
17  3 383192 105087076 2047732 57798892    0    0 489536 321264 170111 462128 13  4 75  8  0  0
17  5 383192 105080128 2047732 57798904    0    0 481024 319904 170089 461820 13  5 74  8  0  0
13  7 383192 105072336 2047732 57798928    0    0 482384 318620 168862 459727 13  5 75  8  0  0
17  3 383192 105073968 2047732 57798944    0    0 481360 320380 168987 459697 13  5 75  8  0  0
19  1 383192 105069744 2047732 57798968    0    0 480000 322044 169097 459343 13  5 75  8  0  0
13  7 383192 105073236 2047732 57798984    0    0 480512 318812 168346 457977 13  5 75  8  0  0
14  3 383192 105074060 2047732 57799012    0    0 479680 318244 168367 455749 13  5 74  8  0  0
14  4 383192 105070560 2047732 57799024    0    0 488960 323512 170695 463293 12  4 76  8  0  0
12  9 383192 105069760 2047732 57799040    0    0 485872 321672 170317 461725 13  5 75  8  0  0
18  4 383192 105072496 2047732 57799060    0    0 480112 321716 168758 460590 12  5 75  8  0  0
20  3 383192 105072984 2047732 57799080    0    0 485488 322800 169643 460672 13  5 75  8  0  0
procs -----------memory---------- ---swap-- -----io---- -system-- -------cpu-------
 r  b   swpd   free   buff  cache   si   so    bi    bo   in   cs us sy id wa st gu
13  7 383192 105083752 2047732 57799100    0    0 486496 322384 169711 464815 13  5 75  8  0  0
15  6 383192 105074116 2047732 57799128    0    0 481568 319752 168849 458660 13  5 75  8  0  0
16  5 383192 105073392 2047732 57799156    0    0 481600 322380 169580 460839 13  5 75  8  0  0
12  6 383192 105085940 2047732 57799176    0    0 487088 321656 169952 460844 12  5 75  8  0  0
12  7 383192 105081220 2047732 57799188    0    0 485056 320332 169620 460090 13  4 75  8  0  0
15  4 383192 105083596 2047732 57799208    0    0 482112 320720 169134 458567 13  5 75  8  0  0
14  7 383192 105080576 2047732 57799228    0    0 481728 323084 169876 461762 13  5 74  8  0  0
16  2 383192 105088772 2047732 57799252    0    0 480160 321540 169256 459020 13  5 74  8  0  0
15  4 383192 105073292 2047732 57799276    0    0 484544 324616 170333 463460 13  5 74  8  0  0
19  6 383192 105061684 2047736 57799300    0    0 486608 323312 170677 463147 13  5 75  7  0  0
15  4 383192 105070936 2047736 57799316    0    0 482720 321900 168913 458742 13  5 75  8  0  0
17  3 383192 105069160 2047736 57799332    0    0 490032 321820 169586 460819 13  4 76  8  0  0
15  7 383192 105066532 2047736 57799348    0    0 480752 320680 169200 461123 12  5 75  8  0  0
16  3 383192 105077228 2047736 57799364    0    0 484368 319880 169949 462740 13  5 75  8  0  0
19  1 383192 105054952 2047736 57799392    0    0 484048 319696 169502 460725 13  5 75  8  0  0
14  6 383192 105060484 2047736 57799416    0    0 480448 320928 168601 459092 13  5 74  8  0  0
12  7 383192 105061716 2047736 57799428    0    0 477584 320284 168429 457000 13  5 74  8  0  0
14  5 383192 105074572 2047736 57799456    0    0 480512 320384 169644 459531 13  5 74  8  0  0
12  6 383192 105092956 2047736 57799472    0    0 485616 321596 169689 459778 12  4 75  8  0  0
11  8 383192 105079880 2047736 57799484    0    0 486704 318880 169895 460215 13  5 75  8  0  0
13  6 383192 105073432 2047736 57799516    0    0 481216 317436 168624 455721 13  5 74  8  0  0
procs -----------memory---------- ---swap-- -----io---- -system-- -------cpu-------
 r  b   swpd   free   buff  cache   si   so    bi    bo   in   cs us sy id wa st gu
 7 12 383192 105075268 2047736 57799532    0    0 478992 319764 169917 461126 13  5 74  8  0  0
12  8 383192 105076280 2047736 57799556    0    0 480384 320096 170102 460894 13  5 74  8  0  0
15  4 383192 105065160 2047736 57799576    0    0 485520 321728 170971 463159 13  5 74  7  0  0
10  9 383192 105056776 2047740 57799592    0    0 482960 320172 169849 463779 13  5 75  7  0  0
11  8 383192 105074300 2047740 57799616    0    0 487728 320940 169592 460905 13  5 75  8  0  0
20  2 383192 105063432 2047740 57799628    0    0 493712 323460 169893 463871 13  4 75  8  0  0
22  4 383192 105067608 2047740 57799648    0    0 488128 319908 170088 463195 13  5 74  7  0  0
17  7 383192 105075124 2047740 57799664    0    0 485872 320244 169659 463075 13  5 75  7  0  0
12  8 383192 105059448 2047740 57799680    0    0 481632 318980 169383 460026 13  5 75  8  0  0
15  5 383192 105060424 2047740 57799700    0    0 480272 317140 168309 458152 13  5 74  8  0  0
11 10 383192 105076476 2047740 57799720    0    0 479344 317220 168080 457321 12  5 75  8  0  0
11  9 383192 105080820 2047740 57799744    0    0 480672 319456 168543 458975 12  5 75  8  0  0
17  6 383192 105074836 2047740 57799764    0    0 489456 320012 169820 461561 13  4 75  8  0  0
14  6 383192 105081236 2047744 57799784    0    0 483824 318648 169474 459127 13  5 74  8  0  0
14  6 383192 105065632 2047744 57799796    0    0 484112 316416 169244 459406 13  5 74  8  0  0
17  5 383192 105071552 2047744 57799828    0    0 480624 318504 169986 458205 13  5 74  8  0  0
15  4 383192 105076152 2047744 57799860    0    0 485024 321048 169699 461563 13  5 75  8  0  0
16  7 383192 105072364 2047744 57799864    0    0 485568 322308 169825 462285 13  5 74  8  0  0
14  5 383192 105075116 2047744 57799892    0    0 482960 320528 169097 459719 13  5 74  8  0  0
20  1 383192 105074720 2047744 57799912    0    0 491840 321476 169256 460372 12  4 76  8  0  0
12  7 383192 105082488 2047744 57799920    0    0 483744 323212 169511 460368 13  5 75  8  0  0
procs -----------memory---------- ---swap-- -----io---- -system-- -------cpu-------
 r  b   swpd   free   buff  cache   si   so    bi    bo   in   cs us sy id wa st gu
22  2 383192 105064404 2047744 57799956    0    0 484272 321116 169038 458819 13  5 75  8  0  0
17  5 383192 105066972 2047744 57799960    0    0 483840 323844 169907 463400 13  5 75  8  0  0
19  2 383192 105086528 2047744 57799988    0    0 485696 322528 169792 462826 13  5 74  8  0  0
20  4 383192 105076508 2047744 57800016    0    0 481920 319932 168912 459843 13  5 74  8  0  0
13  6 383192 105066280 2047744 57800020    0    0 482592 319700 168774 459322 13  5 74  8  0  0
14  4 383192 105074264 2047744 57800048    0    0 483760 319624 168389 455299 12  4 76  8  0  0
16  5 383192 105064028 2047744 57800072    0    0 479904 319932 168064 455063 13  5 75  8  0  0
18  7 383192 105059872 2047744 57800072    0    0 475808 320128 167924 455089 13  5 75  8  0  0
16  4 383192 105070736 2047744 57800104    0    0 479088 319540 168288 454466 13  5 75  8  0  0
11  8 383192 105079516 2047744 57800120    0    0 480224 317964 168732 455983 13  5 74  8  0  0
17  4 383192 105066236 2047744 57800148    0    0 473472 317240 167799 452582 13  5 75  8  0  0
13  7 383192 105071712 2047744 57800176    0    0 475824 317556 167596 452296 13  5 74  8  0  0
11  7 383192 105096456 2047744 57800184    0    0 483744 320016 168494 455316 12  4 76  8  0  0
15  4 383192 105091756 2047744 57800196    0    0 482432 322900 168888 459221 13  5 75  8  0  0
13  8 383192 105062832 2047744 57800228    0    0 476976 321464 169184 458364 13  5 74  8  0  0
19  6 383192 105062188 2047744 57800236    0    0 482208 322304 169391 459279 13  5 74  8  0  0
16  4 383192 105070704 2047744 57800272    0    0 481312 322304 168863 458732 13  5 74  8  0  0
14  6 383192 105086700 2047744 57800296    0    0 484112 323572 169478 460613 13  5 74  8  0  0
15  4 383192 105074764 2047744 57800304    0    0 485088 322464 169764 461200 13  5 75  8  0  0
16  4 383192 105075244 2047744 57800340    0    0 489712 325500 170499 463292 13  5 75  8  0  0
15  6 383192 105073196 2047744 57800340    0    0 494464 322716 169150 461504 13  4 75  8  0  0
procs -----------memory---------- ---swap-- -----io---- -system-- -------cpu-------
 r  b   swpd   free   buff  cache   si   so    bi    bo   in   cs us sy id wa st gu
14  6 383192 105081776 2047744 57800360    0    0 484272 320456 169405 460246 13  5 75  8  0  0
11  8 383192 105076892 2047748 57800388    0    0 485232 321320 169485 461906 13  5 74  8  0  0
15  6 383192 105072408 2047748 57800400    0    0 483104 320728 169739 460078 13  5 74  8  0  0
17  5 383192 105081124 2047748 57800432    0    0 479728 319536 169078 458679 13  5 74  8  0  0
12  8 383192 105066772 2047748 57800456    0    0 477136 322512 170303 458567 13  5 74  8  0  0
14  5 383192 105075972 2047748 57800460    0    0 479792 320908 169213 460834 13  5 75  8  0  0
14  5 383192 105082292 2047756 57800484    0    0 483936 320668 168763 455894 12  4 76  8  0  0
15  4 383192 105074204 2047756 57800512    0    0 478592 321388 168222 456212 13  5 74  8  0  0
22  2 383192 105053096 2047756 57800516    0    0 477792 318828 167479 453919 13  5 75  8  0  0
20  4 383192 105066692 2047756 57800548    0    0 478640 320272 167905 454970 12  5 75  8  0  0
14  6 383192 105074328 2047756 57800560    0    0 478128 320668 168424 455004 13  5 74  8  0  0
14  6 383192 105078944 2047756 57800592    0    0 480384 323692 169267 459941 13  5 74  8  0  0
13  6 383192 105074328 2047756 57800616    0    0 479904 321424 169108 458898 13  5 74  8  0  0
18  2 383192 105080380 2047756 57800616    0    0 481376 320684 168854 456048 12  4 76  8  0  0
16  4 383192 105078380 2047756 57800648    0    0 481600 318524 168626 454367 13  5 75  8  0  0
12  7 383192 105062204 2047756 57800660    0    0 481760 319548 168869 456619 13  5 74  8  0  0
12  9 383192 105067904 2047760 57800680    0    0 482704 319684 169078 459141 13  5 74  8  0  0
18  3 383192 105062884 2047760 57800708    0    0 483888 319696 168852 458324 13  5 75  8  0  0
13  6 383192 105051460 2047760 57800732    0    0 482496 320176 168782 459261 13  5 74  8  0  0
19  3 383192 105055312 2047760 57800748    0    0 483152 320288 169225 459010 13  5 75  8  0  0
10  8 383192 105075356 2047760 57800764    0    0 483648 319788 168827 458211 13  5 75  8  0  0
procs -----------memory---------- ---swap-- -----io---- -system-- -------cpu-------
 r  b   swpd   free   buff  cache   si   so    bi    bo   in   cs us sy id wa st gu
12  7 383192 105066900 2047764 57800776    0    0 490816 322280 170153 463983 13  4 75  8  0  0
15  6 383192 105061968 2047764 57800800    0    0 485280 320512 169923 462066 13  5 74  8  0  0
13 10 383192 105059964 2047764 57800828    0    0 486176 319464 169135 458404 13  5 74  8  0  0
14  6 383192 105061484 2047764 57800832    0    0 480368 318544 168615 455757 13  5 75  8  0  0
11  8 383192 105062120 2047764 57800872    0    0 481792 320968 169572 461969 13  5 74  8  0  0
16  4 383192 105076052 2047764 57800900    0    0 482816 318672 169636 460020 13  5 74  8  0  0
15  3 383192 105063988 2047764 57800916    0    0 480160 317392 168452 458271 12  5 76  8  0  0
13  7 383192 105070336 2047764 57800928    0    0 484928 318748 168759 458088 13  4 75  8  0  0
16  3 383192 105083508 2047764 57800948    0    0 482528 319312 169405 459439 13  5 74  8  0  0
16  5 383192 105074972 2047764 57800968    0    0 477424 318312 167971 455563 12  5 75  8  0  0
16  3 383192 105080116 2047764 57800988    0    0 486016 320676 169439 462087 13  5 74  8  0  0
15  5 383192 105070864 2047764 57800996    0    0 486528 322540 169908 463783 13  5 74  7  0  0
17  3 383192 105077616 2047764 57801036    0    0 486832 321452 169971 464864 13  5 74  8  0  0
13  5 383192 105056652 2047764 57801048    0    0 492272 323760 170193 465828 13  5 75  8  0  0
15  6 383192 105055112 2047764 57801068    0    0 493712 324092 170374 462602 13  4 75  8  0  0
17  5 383192 105068336 2047764 57801084    0    0 485536 321972 169197 460433 13  5 74  7  0  0
15  4 383192 105075448 2047764 57801104    0    0 487440 323592 170136 464610 13  5 75  7  0  0
17  6 383192 105077524 2047764 57801124    0    0 486384 323148 169928 464297 13  5 75  7  0  0
13  7 383192 105083092 2047764 57801144    0    0 486928 323340 170083 464773 13  5 75  8  0  0
11  8 383192 105072732 2047764 57801160    0    0 490352 322532 170830 466867 13  5 74  7  0  0
13  6 383192 105076432 2047768 57801184    0    0 491552 323392 170850 463368 13  5 75  8  0  0
procs -----------memory---------- ---swap-- -----io---- -system-- -------cpu-------
 r  b   swpd   free   buff  cache   si   so    bi    bo   in   cs us sy id wa st gu
14  5 383192 105075800 2047768 57801196    0    0 492768 322652 170227 460455 13  4 76  8  0  0
12  9 383192 105078944 2047768 57801212    0    0 486096 321224 169957 463360 13  5 74  7  0  0
13  8 383192 105075824 2047768 57801256    0    0 489104 322060 169875 464048 13  5 74  8  0  0
16  4 383192 105063504 2047768 57801280    0    0 488192 322212 170190 462784 13  5 74  8  0  0
12  7 383192 105070232 2047768 57801296    0    0 485600 323156 170192 462560 13  5 74  7  0  0
 9 10 383192 105080596 2047768 57801320    0    0 486880 323084 170035 464049 13  5 74  7  0  0
16  5 383192 105064364 2047768 57801340    0    0 492384 320736 170743 467617 13  5 74  8  0  0
15  5 383192 105076788 2047768 57801360    0    0 496624 319800 170479 463488 12  4 76  8  0  0
11  8 383192 105073780 2047768 57801372    0    0 491376 323548 170739 466492 13  5 74  8  0  0
15  4 383192 105062692 2047768 57801388    0    0 489616 323324 169995 463629 13  5 75  7  0  0
14  6 383192 105071880 2047768 57801404    0    0 487264 323252 169645 464290 13  5 74  7  0  0
14  8 383192 105075768 2047768 57801428    0    0 489056 322316 170046 463626 13  5 74  8  0  0
11  8 383192 105084748 2047768 57801452    0    0 484752 322440 170427 464272 13  5 74  7  0  0
16  5 383192 105060256 2047768 57801476    0    0 486464 318956 169794 461639 13  5 75  7  0  0
10  8 383192 105069076 2047768 57801496    0    0 492448 322892 170669 465242 12  5 76  8  0  0
16  4 383192 105071520 2047768 57801512    0    0 491152 321736 170181 462136 13  5 75  8  0  0
12  6 383192 105072140 2047768 57801524    0    0 484256 320088 168938 461437 13  5 74  8  0  0
14  7 383192 105065852 2047768 57801540    0    0 487872 322364 169872 464580 13  5 74  8  0  0
10 10 383192 105060412 2047768 57801568    0    0 482896 320000 168342 459400 13  5 75  8  0  0
13  8 383192 105057100 2047776 57801584    0    0 483696 320744 168954 456477 13  5 74  8  0  0
15  4 383192 105065808 2047776 57801604    0    0 486192 322004 169402 462436 13  5 74  8  0  0
procs -----------memory---------- ---swap-- -----io---- -system-- -------cpu-------
 r  b   swpd   free   buff  cache   si   so    bi    bo   in   cs us sy id wa st gu
 9  9 383192 105077656 2047776 57801632    0    0 486384 322268 169528 459280 13  5 75  8  0  0
14  5 383192 105080924 2047776 57801644    0    0 492768 323544 170432 463011 13  4 75  8  0  0
10  9 383192 105067748 2047776 57801656    0    0 485472 320864 169963 463499 13  5 74  7  0  0
14  6 383192 105061632 2047780 57801680    0    0 480848 321156 168883 457515 12  5 75  7  0  0
14  7 383192 105065252 2047780 57801700    0    0 487968 322640 170422 465271 13  5 74  7  0  0
17  4 383192 105061572 2047780 57801716    0    0 488112 321408 169976 462803 13  5 75  7  0  0
14  8 383192 105069228 2047780 57801732    0    0 487024 319416 170253 463822 13  5 75  7  0  0
15  4 383192 105072520 2047780 57801760    0    0 488448 321576 170251 465453 13  5 74  7  0  0
13  6 383192 105075812 2047780 57801776    0    0 494256 322740 170659 461985 13  4 76  8  0  0
11  8 383192 105073500 2047780 57801800    0    0 491728 321428 170559 464486 13  5 75  7  0  0
17  4 383192 105071184 2047780 57801816    0    0 486912 322836 169969 465777 13  5 74  7  0  0
14  5 383192 105076628 2047780 57801844    0    0 489552 320248 170240 465440 13  5 74  7  0  0
18  4 383192 105063636 2047780 57801864    0    0 487408 323292 170360 465460 13  5 75  7  0  0
14  5 383192 105073424 2047780 57801884    0    0 487824 322536 170653 465448 13  5 74  7  0  0
20  2 383192 105059972 2047780 57801908    0    0 488448 321700 170144 466357 13  5 74  7  0  0
12  7 383192 105067412 2047780 57801924    0    0 490768 320996 169361 461085 13  4 75  8  0  0
12  8 383192 105059136 2047780 57801944    0    0 488800 320960 170150 465773 13  5 75  7  0  0
12  7 383192 105053596 2047780 57801968    0    0 485424 322000 170289 464101 13  5 74  7  0  0
15  6 383192 105045344 2047784 57801972    0    0 488752 321640 170038 464375 13  5 75  7  0  0
17  5 383192 105059804 2047784 57802000    0    0 487792 323032 170156 465728 13  5 75  7  0  0
23  1 383192 105055492 2047784 57802024    0    0 486208 322116 169938 464018 13  5 74  7  0  0
procs -----------memory---------- ---swap-- -----io---- -system-- -------cpu-------
 r  b   swpd   free   buff  cache   si   so    bi    bo   in   cs us sy id wa st gu
13  7 383192 105077232 2047784 57802048    0    0 488832 321592 170812 465734 13  5 75  7  0  0
18  2 383192 105088540 2047784 57802060    0    0 488656 321264 170440 464560 13  5 75  8  0  0
13  6 383192 105076196 2047784 57802068    0    0 491920 321448 170285 464683 13  4 75  8  0  0
11  8 383192 105062748 2047784 57802080    0    0 490528 321560 170966 465071 13  5 74  7  0  0
15  5 383192 105067548 2047784 57802116    0    0 490368 320728 170873 468191 13  5 74  8  0  0
17  4 383192 105070716 2047784 57802136    0    0 483744 320880 169413 463490 13  5 75  7  0  0
12  7 383192 105068856 2047784 57802168    0    0 488848 322424 171038 464020 13  5 75  7  0  0
 9 10 383192 105069056 2047788 57802176    0    0 487520 323384 170919 467750 13  5 74  7  0  0
14  6 383192 105064224 2047788 57802208    0    0 487088 321428 170094 465341 13  5 74  7  0  0
12  8 383192 105071964 2047788 57802220    0    0 490976 320256 169858 461696 12  4 76  8  0  0
14  5 383192 105049044 2047788 57802244    0    0 487424 319396 169996 463101 13  5 74  8  0  0
16  4 383192 105056060 2047788 57802256    0    0 486880 323564 170664 465822 13  5 74  8  0  0
15  5 383192 105056708 2047788 57802276    0    0 483648 321000 169899 461512 13  5 75  8  0  0
15  5 383192 105053988 2047788 57802304    0    0 483136 320832 169135 459814 13  5 74  8  0  0
18  4 383192 105055608 2047788 57802328    0    0 484352 319788 169056 461453 13  5 75  8  0  0
12  8 383192 105060432 2047788 57802348    0    0 483728 321108 169184 460544 13  5 74  8  0  0
17  3 383192 105065668 2047788 57802368    0    0 486320 321688 169012 458156 12  4 75  8  0  0
13  6 383192 105069524 2047788 57802380    0    0 494240 320716 169967 464629 13  4 75  8  0  0
14  5 383192 105079652 2047788 57802396    0    0 486096 322488 169317 464240 13  5 75  7  0  0
17  5 383192 105062152 2047788 57802416    0    0 485488 322496 169607 461551 13  5 75  7  0  0
19  5 383192 105066692 2047788 57802432    0    0 485088 322440 169186 462928 13  5 75  7  0  0
procs -----------memory---------- ---swap-- -----io---- -system-- -------cpu-------
 r  b   swpd   free   buff  cache   si   so    bi    bo   in   cs us sy id wa st gu
15  5 383192 105049272 2047788 57802456    0    0 488288 322764 170587 463312 13  5 74  8  0  0
11  7 383192 105057952 2047788 57802476    0    0 485568 322588 169368 463667 13  5 74  7  0  0
12  6 383192 105077788 2047788 57802500    0    0 490464 323136 169985 464315 13  5 75  7  0  0
16  4 383192 105073384 2047788 57802512    0    0 497152 324012 170346 466527 13  4 76  8  0  0
12  7 383192 105064984 2047788 57802532    0    0 486960 321976 169768 462605 13  5 75  7  0  0
15  4 383192 105055508 2047788 57802564    0    0 490192 322664 170554 465847 13  5 74  8  0  0
14  7 383192 105060408 2047788 57802588    0    0 489664 323864 170339 465201 13  5 74  7  0  0
13  8 383192 105061696 2047788 57802604    0    0 492432 323856 170798 467398 13  5 74  7  0  0
16  6 383192 105067444 2047788 57802620    0    0 490032 322184 170513 468232 13  5 75  7  0  0
19  4 383192 105063132 2047788 57802644    0    0 488064 323796 170497 466116 13  5 74  7  0  0
12  6 383192 105062496 2047788 57802656    0    0 495888 322356 169427 462333 12  4 76  8  0  0
15  5 383192 105052520 2047788 57802672    0    0 493424 325012 170203 467060 13  5 75  7  0  0
18  3 383192 105052292 2047788 57802700    0    0 494896 326532 171292 471450 13  5 74  7  0  0
15  5 383192 105054900 2047788 57802712    0    0 497216 325596 171343 469664 13  5 74  7  0  0
10  9 383192 105056828 2047788 57802728    0    0 492864 326548 170880 470007 13  5 75  7  0  0
14  5 383192 105061132 2047788 57802756    0    0 495136 324416 170686 469249 13  5 75  7  0  0
17  5 383192 105063328 2047788 57802776    0    0 498640 325216 171493 471581 13  5 74  7  0  0
14  7 383192 105071392 2047788 57802796    0    0 499936 324316 171879 470265 13  5 75  7  0  0
11  8 383192 105070720 2047788 57802804    0    0 502624 325408 171577 472241 13  4 75  8  0  0
17  5 383192 105063780 2047788 57802824    0    0 493552 322548 170980 469191 13  5 74  7  0  0
15  4 383192 105073676 2047788 57802848    0    0 493648 325428 171041 468157 13  5 74  7  0  0
procs -----------memory---------- ---swap-- -----io---- -system-- -------cpu-------
 r  b   swpd   free   buff  cache   si   so    bi    bo   in   cs us sy id wa st gu
12  9 383192 105059564 2047788 57802876    0    0 497472 327608 171583 469460 13  5 75  7  0  0
16  5 383192 105050496 2047788 57802892    0    0 496144 326968 171340 470443 13  5 75  7  0  0
17  7 383192 105047056 2047788 57802916    0    0 492896 328360 170687 469904 13  5 75  7  0  0
10  8 383192 105058308 2047788 57802936    0    0 496784 328852 170974 471570 13  5 75  7  0  0
14  7 383192 105057832 2047788 57802944    0    0 504720 328412 172371 471246 13  4 75  7  0  0
15  4 383192 105074176 2047792 57802968    0    0 492416 323008 170581 467590 13  5 74  7  0  0
10  9 383192 105073536 2047792 57802988    0    0 487744 325744 170068 466039 13  5 74  7  0  0
18  4 383192 105053108 2047792 57803008    0    0 491984 324748 170940 467906 13  5 74  7  0  0
23  3 383192 105048952 2047792 57803028    0    0 495312 326516 171213 470243 13  5 74  7  0  0
16  4 383192 105055044 2047792 57803056    0    0 490384 324084 170238 466180 13  5 74  7  0  0
15  4 383192 105053732 2047792 57803084    0    0 492496 324408 170932 469406 13  5 74  7  0  0
11  6 383192 105059848 2047792 57803088    0    0 499904 325204 171452 470283 13  4 76  8  0  0
13  7 383192 105059512 2047792 57803104    0    0 494736 324668 171114 469858 13  5 75  7  0  0
14  5 383192 105052764 2047792 57803124    0    0 491632 324196 171110 469672 13  5 75  7  0  0
12  8 383192 105061600 2047792 57803140    0    0 495616 324248 171932 470170 13  5 74  7  0  0
15  7 383192 105051988 2047792 57803164    0    0 497808 325492 171636 467795 13  5 75  7  0  0
13  8 383192 105060516 2047792 57803188    0    0 493200 325868 171459 468557 13  5 74  7  0  0
17  4 383192 105066700 2047792 57803212    0    0 494976 324140 171101 467274 13  5 74  7  0  0
13  6 383192 105069488 2047792 57803240    0    0 498944 326876 171940 470482 13  5 75  7  0  0
18  4 383192 105069728 2047792 57803248    0    0 499104 326828 172097 470116 13  4 75  7  0  0
15  7 383192 105070384 2047796 57803272    0    0 493280 327476 172236 471283 13  5 74  7  0  0
procs -----------memory---------- ---swap-- -----io---- -system-- -------cpu-------
 r  b   swpd   free   buff  cache   si   so    bi    bo   in   cs us sy id wa st gu
14  5 383192 105062268 2047796 57803292    0    0 494400 328484 171859 472532 13  5 75  7  0  0
13  6 383192 105059792 2047796 57803308    0    0 495232 328820 172540 470377 13  5 74  7  0  0
11  8 383192 105053508 2047796 57803336    0    0 493888 326928 170990 468204 13  5 74  7  0  0
19  3 383192 105059020 2047796 57803360    0    0 496976 326736 171436 469565 13  5 75  7  0  0
11  8 383192 105060224 2047800 57803380    0    0 494448 326192 170379 467671 13  5 75  7  0  0
12  8 383192 105050824 2047800 57803392    0    0 501280 329668 171309 466680 13  4 76  8  0  0
17  4 383192 105029268 2047800 57803412    0    0 494384 329424 171216 468437 13  5 74  7  0  0
18  5 383192 105046728 2047800 57803436    0    0 491152 330400 170772 471308 13  5 75  7  0  0
13  9 383192 105058416 2047800 57803456    0    0 494432 327652 170862 468435 13  5 75  7  0  0
13  8 383192 105065344 2047800 57803468    0    0 494864 326508 170309 468989 13  5 75  7  0  0
15 10 383192 105065760 2047800 57803488    0    0 494128 327472 170917 469348 13  5 75  7  0  0
13  6 383192 105062952 2047800 57803516    0    0 493072 327276 171783 471442 13  5 74  7  0  0
16  3 383192 105063232 2047800 57803532    0    0 499344 329100 172795 472021 13  4 75  7  0  0
16  4 383192 105062808 2047800 57803544    0    0 498688 328312 172147 471566 13  5 75  7  0  0
20  4 383192 105052068 2047808 57803568    0    0 492624 328180 171874 470998 13  5 75  7  0  0
16  7 383192 105067004 2047808 57803588    0    0 492672 325444 171922 468537 13  5 74  7  0  0
18  4 383192 105061720 2047808 57803612    0    0 494752 327784 172434 470083 13  5 74  7  0  0
16  5 383192 105050752 2047808 57803632    0    0 495600 327848 171786 470303 13  5 74  7  0  0
13  7 383192 105043016 2047808 57803648    0    0 492944 327772 172546 471120 13  5 74  7  0  0
14  5 383192 105054572 2047812 57803672    0    0 492064 326884 172215 470118 13  5 75  7  0  0
14  6 383192 105054228 2047812 57803680    0    0 496800 326780 172744 470329 13  4 75  7  0  0
procs -----------memory---------- ---swap-- -----io---- -system-- -------cpu-------
 r  b   swpd   free   buff  cache   si   so    bi    bo   in   cs us sy id wa st gu
16  7 383192 105052752 2047812 57803704    0    0 492160 324392 172282 470621 13  5 74  7  0  0
20  3 383192 105067880 2047812 57803720    0    0 492720 328352 172178 469611 13  5 74  7  0  0
21  1 383192 105055244 2047812 57803740    0    0 488208 324700 171046 465618 13  5 75  7  0  0
13  8 383192 105058580 2047812 57803764    0    0 489200 327736 171994 470235 13  5 74  7  0  0
17  6 383192 105041872 2047812 57803780    0    0 491696 329040 172914 471381 13  5 75  7  0  0
19  3 383192 105050352 2047812 57803808    0    0 494288 327288 173074 471156 13  5 75  7  0  0
19  4 383192 105045528 2047812 57803824    0    0 501024 328980 173668 473495 12  4 76  8  0  0
13  6 383192 105052176 2047812 57803836    0    0 493168 328820 172788 468818 13  5 75  7  0  0
18  6 383192 105053676 2047812 57803860    0    0 492032 330552 173196 471447 13  5 74  7  0  0
20  4 383192 105050988 2047812 57803884    0    0 494256 331456 174178 475792 13  5 74  7  0  0
13  6 383192 105060332 2047812 57803908    0    0 491296 328120 173772 472311 13  5 74  7  0  0
16  7 383192 105054520 2047812 57803924    0    0 496912 330172 174233 472101 13  5 75  7  0  0
12  7 383192 105055724 2047812 57803944    0    0 493296 328560 172863 471716 13  5 74  7  0  0
11  7 383192 105056340 2047812 57803972    0    0 496496 332904 174683 472632 13  5 75  7  0  0
14  6 383192 105059932 2047812 57803980    0    0 500080 332552 175096 476162 13  5 75  7  0  0
16  3 383192 105041220 2047812 57804004    0    0 493648 332336 174788 474439 13  5 74  7  0  0
12  8 383192 105049844 2047812 57804024    0    0 490896 331648 173477 471264 13  5 74  7  0  0
14  7 383192 105040756 2047812 57804044    0    0 492256 330296 172227 468350 13  5 75  7  0  0
23  4 383192 105047616 2047812 57804072    0    0 490720 328160 171813 468189 13  5 74  7  0  0
19  3 383192 105070008 2047812 57804092    0    0 493440 331584 172637 470734 13  5 74  7  0  0
14  4 383192 105069984 2047812 57804112    0    0 493104 331040 172592 471563 13  5 75  7  0  0
procs -----------memory---------- ---swap-- -----io---- -system-- -------cpu-------
 r  b   swpd   free   buff  cache   si   so    bi    bo   in   cs us sy id wa st gu
13  6 383192 105079468 2047812 57804120    0    0 499584 335164 173043 470812 13  4 76  7  0  0
12  6 383192 105046388 2047812 57804140    0    0 494448 331784 172474 470668 13  5 75  7  0  0
17  3 383192 105051120 2047816 57804156    0    0 491248 333052 172680 470658 13  5 74  7  0  0
19  3 383192 105055024 2047816 57804188    0    0 493056 333788 172739 472807 13  5 74  7  0  0
16  6 383192 105045972 2047816 57804208    0    0 492304 334556 172414 468524 13  5 75  7  0  0
12  8 383192 105044712 2047816 57804228    0    0 491168 333384 171980 468724 13  5 74  7  0  0
15  6 383192 105052432 2047816 57804248    0    0 489632 335456 171648 468728 13  5 75  7  0  0
16  4 383192 105058996 2047816 57804264    0    0 502080 334492 172017 469118 12  4 76  8  0  0
15  5 383192 105066120 2047816 57804276    0    0 495312 334688 171667 469022 13  5 75  7  0  0
14  5 383192 105069752 2047816 57804300    0    0 495760 336852 172343 469565 13  5 74  7  0  0
16  4 383192 105066800 2047816 57804320    0    0 494624 336444 171867 470287 13  5 74  7  0  0
17  3 383192 105062444 2047816 57804340    0    0 492768 335620 172883 471186 13  5 75  7  0  0
14  6 383192 105058444 2047816 57804364    0    0 489248 336900 172195 469040 13  5 75  7  0  0
14  6 383192 105050552 2047816 57804388    0    0 488480 336472 171492 465677 13  5 74  7  0  0
14  6 383192 105050408 2047816 57804400    0    0 492128 335960 172013 466786 13  4 75  7  0  0
14  6 383192 105048464 2047816 57804416    0    0 491376 335516 171981 464565 13  5 75  7  0  0
15  6 383192 105051316 2047816 57804432    0    0 489568 334772 171537 465716 13  5 74  7  0  0
17  3 383192 105056112 2047816 57804460    0    0 489264 335576 171973 467271 13  5 74  7  0  0
19  3 383192 105055776 2047816 57804480    0    0 490224 334752 171919 470403 13  5 74  7  0  0
