procs -----------memory---------- ---swap-- -----io---- -system-- -------cpu-------
 r  b   swpd   free   buff  cache   si   so    bi    bo   in   cs us sy id wa st gu
 4  1 380120 122323744 2072804 63076396    5   10 26810 33329 15856    6  3  1 96  0  0  0
35  0 380120 122295020 2072804 63076492    0    0     0 305904 95327 37399 20  1 78  0  0  0
23 13 380120 122213988 2072804 63076512    0    0 91632 330664 121816 97740 32  3 64  1  0  0
21 20 380120 122220424 2072804 63076528    0    0 1191968 357676 195495 625049 17  7 58 18  0  0
18 20 380120 122233076 2072804 63076548    0    0 1213040 337496 224743 677373 18  8 56 18  0  0
12 26 380120 122240720 2072812 63076560    0    0 1232240 313180 224544 681865 19  8 56 18  0  0
25 16 380120 122226372 2072812 63076588    0    0 1236224 303612 222759 682044 18  7 56 18  0  0
29 13 380120 122220544 2072812 63076596    0    0 1236768 313364 223570 683650 18  7 57 18  0  0
24 13 380120 122240680 2072812 63076616    0    0 1231104 312596 223037 684382 18  8 56 18  0  0
30 12 380120 122250956 2072812 63076632    0    0 1228704 315444 223717 684498 18  8 56 18  0  0
15 20 380120 122235456 2072816 63076652    0    0 1229872 323204 224086 686313 18  8 56 18  0  0
27 13 380120 122227256 2072816 63076684    0    0 1180784 379280 222390 664950 18  8 56 18  0  0
21 17 380120 122229044 2072816 63076700    0    0 1217920 351452 224024 681105 18  8 56 18  0  0
21 17 380120 122232416 2072816 63076716    0    0 1163936 384476 220895 655235 17  7 57 18  0  0
20 17 380120 122246476 2072816 63076724    0    0 1026416 506808 212975 591275 16  6 59 19  0  0
12 25 380120 122241820 2072820 63076740    0    0 955184 494080 207367 559364 15  6 60 19  0  0
21 17 380120 122250180 2072820 63076772    0    0 998800 542440 213784 588228 16  7 59 18  0  0
22 14 380120 122250536 2072820 63076788    0    0 1059072 558092 219737 619187 17  7 58 18  0  0
24 11 380120 122244864 2072820 63076812    0    0 1059408 549956 221164 626124 17  7 58 19  0  0
20 16 380120 122232568 2072820 63076832    0    0 1037632 545012 218018 609967 16  7 59 18  0  0
19 18 380120 122236176 2072820 63076852    0    0 990048 532780 212945 580933 16  6 60 18  0  0
procs -----------memory---------- ---swap-- -----io---- -system-- -------cpu-------
 r  b   swpd   free   buff  cache   si   so    bi    bo   in   cs us sy id wa st gu
15 23 380120 122246320 2072820 63076868    0    0 998144 526608 211312 578559 15  5 60 19  0  0
26 17 380120 122253040 2072820 63076884    0    0 993456 512704 211071 578326 16  7 59 18  0  0
21 14 380120 122247168 2072820 63076904    0    0 1053680 507576 216581 614089 16  7 58 18  0  0
24 13 380120 122250904 2072820 63076928    0    0 1028528 551544 217809 609725 16  7 60 17  0  0
24 13 380120 122234308 2072824 63076940    0    0 1079200 513168 221534 628902 17  7 58 18  0  0
15 21 380120 122231768 2072824 63076968    0    0 1044480 519092 217757 610595 16  7 60 17  0  0
26 12 380120 122244016 2072824 63076984    0    0 1073744 564132 223046 628902 17  7 58 18  0  0
25 11 380120 122248840 2072824 63076996    0    0 1119888 513124 224791 646706 17  6 59 19  0  0
22 15 380120 122238464 2072824 63077020    0    0 1028960 552248 217022 604260 16  7 60 17  0  0
16 19 380120 122233896 2072824 63077036    0    0 1056352 504132 217417 616867 17  7 60 17  0  0
23 14 380120 122237256 2072824 63077060    0    0 1054576 527908 218268 613123 17  7 59 17  0  0
11 24 380120 122232124 2072824 63077084    0    0 1050912 525580 218310 612600 17  7 59 17  0  0
20 17 380120 122235028 2072824 63077104    0    0 1035200 508072 215550 602534 16  7 59 17  0  0
14 19 380120 122232672 2072824 63077132    0    0 1001056 527284 213441 584523 16  7 59 18  0  0
 2  0 380120 122246200 2072824 63077140    0    0 976560 524332 209737 570294 15  6 61 19  0  0
21 18 380120 122246240 2072824 63077156    0    0 1053568 542344 219197 617225 16  7 58 18  0  0
18 18 380120 122254412 2072824 63077176    0    0 1053488 582444 221549 622615 16  7 59 18  0  0
20 16 380120 122252884 2072824 63077200    0    0 1097136 527416 223847 640039 17  7 58 18  0  0
23 16 380120 122250364 2072824 63077224    0    0 1032240 544300 216366 606917 16  7 60 17  0  0
26 14 380120 122234368 2072824 63077256    0    0 1038336 553532 217998 610594 16  7 58 18  0  0
13 27 380120 122222160 2072824 63077272    0    0 1030672 502444 215192 600710 16  7 59 19  0  0
procs -----------memory---------- ---swap-- -----io---- -system-- -------cpu-------
 r  b   swpd   free   buff  cache   si   so    bi    bo   in   cs us sy id wa st gu
23 13 380120 122243872 2072824 63077288    0    0 1022160 540216 215788 594817 16  6 59 19  0  0
24 12 380120 122248460 2072824 63077312    0    0 1045024 542996 221065 612415 17  7 59 17  0  0
 4  0 380120 122238608 2072824 63077332    0    0 1051840 517444 218897 611775 17  7 59 17  0  0
16 20 380120 122234644 2072824 63077348    0    0 1041952 585928 219861 619255 16  7 59 17  0  0
20 16 380120 122249024 2072828 63077368    0    0 1058400 528916 219712 617555 17  7 59 17  0  0
21 15 380120 122255548 2072836 63077396    0    0 1055376 531932 218978 614240 17  7 59 17  0  0
16 22 380120 122243808 2072836 63077420    0    0 1050192 547092 218779 611777 16  7 60 17  0  0
25 13 380120 122248756 2072836 63077428    0    0 1049952 567532 219878 616714 16  6 60 18  0  0
25 14 380120 122237284 2072836 63077444    0    0 1055216 512120 215851 610244 17  7 59 17  0  0
22 18 380120 122241636 2072836 63077464    0    0 1064880 546776 221188 624081 16  7 59 18  0  0
 4  0 380120 122231704 2072836 63077496    0    0 1032768 515696 216552 603908 16  7 59 18  0  0
24 14 380120 122225132 2072836 63077512    0    0 969008 541052 210728 571540 15  7 60 18  0  0
22 14 380120 122228492 2072836 63077528    0    0 997808 510132 211511 578715 16  7 60 18  0  0
18 17 380120 122227908 2072836 63077548    0    0 1060128 549652 221180 618275 16  7 59 18  0  0
24 14 380120 122232144 2072836 63077560    0    0 1097632 557180 224280 646007 17  6 58 19  0  0
 5  0 380120 122223676 2072836 63077584    0    0 1090672 542976 223297 638563 17  7 58 18  0  0
18 18 380120 122231708 2072836 63077608    0    0 1019632 559064 217235 600724 16  7 60 17  0  0
28  8 380120 122212236 2072836 63077624    0    0 1022320 537656 215708 603554 16  7 59 18  0  0
15 20 380120 122222628 2072836 63077644    0    0 1043104 507240 217358 606155 16  7 58 18  0  0
11 27 380120 122231768 2072836 63077660    0    0 1001808 527352 213389 586566 16  7 60 17  0  0
12 23 380120 122239748 2072840 63077684    0    0 1047360 565264 218690 613593 16  7 60 18  0  0
procs -----------memory---------- ---swap-- -----io---- -system-- -------cpu-------
 r  b   swpd   free   buff  cache   si   so    bi    bo   in   cs us sy id wa st gu
18 20 380120 122237476 2072840 63077696    0    0 1063088 533088 218392 610730 16  6 60 18  0  0
 4  0 380120 122242400 2072840 63077712    0    0 1081984 537992 222297 634901 17  7 58 18  0  0
29 11 380120 122234664 2072840 63077740    0    0 1033072 574204 219490 606912 16  7 60 17  0  0
 5  0 380120 122220440 2072840 63077764    0    0 1077312 522992 220675 625842 17  7 59 17  0  0
17 19 380120 122208960 2072840 63077788    0    0 1017392 584444 218228 603452 16  7 60 17  0  0
19 18 380120 122211408 2072840 63077804    0    0 1055936 539892 219306 616841 17  7 59 17  0  0
21 12 380120 122227948 2072840 63077824    0    0 1059680 547424 219825 614939 17  7 59 17  0  0
 9 12 380120 122237100 2072840 63077836    0    0 1060208 549312 220570 619178 16  6 59 18  0  0
26 10 380120 122235396 2072840 63077852    0    0 1028944 545216 216234 602455 16  7 59 17  0  0
26 12 380120 122226452 2072840 63077884    0    0 1019056 525240 214965 596803 16  7 58 19  0  0
21 17 380120 122221552 2072840 63077900    0    0 987312 541776 213669 581238 16  7 58 19  0  0
13 28 380120 122214908 2072840 63077928    0    0 1034256 496756 214532 599600 16  7 59 18  0  0
16 21 380120 122224308 2072840 63077944    0    0 1045392 568432 220111 609856 16  7 59 18  0  0
22 17 380120 122228552 2072840 63077968    0    0 1046912 559440 218766 611549 16  7 60 17  0  0
24 14 380120 122230160 2072840 63077980    0    0 1038128 535804 216219 603313 16  6 60 18  0  0
22 16 380120 122212788 2072840 63078004    0    0 998288 521048 210828 582782 16  7 60 18  0  0
29 13 380120 122203348 2072840 63078024    0    0 1011168 521940 213494 587570 16  7 59 18  0  0
22 15 380120 122212564 2072840 63078044    0    0 1072464 543700 221913 629839 17  7 58 18  0  0
21 14 380120 122202292 2072840 63078064    0    0 1058576 561328 221694 621473 16  7 59 18  0  0
28 15 380120 122218380 2072840 63078084    0    0 1074032 532020 221105 626596 17  7 58 18  0  0
22 13 380120 122212188 2072840 63078112    0    0 1056400 536216 218481 617297 16  7 60 17  0  0
procs -----------memory---------- ---swap-- -----io---- -system-- -------cpu-------
 r  b   swpd   free   buff  cache   si   so    bi    bo   in   cs us sy id wa st gu
20 19 380120 122218404 2072840 63078120    0    0 1021296 588688 217839 598298 16  6 61 17  0  0
20 16 380120 122207656 2072840 63078140    0    0 1074256 556104 221973 629789 17  7 58 18  0  0
21 14 380120 122231392 2072840 63078160    0    0 1066912 558764 221871 623388 17  7 59 18  0  0
 4  0 380120 122228992 2072840 63078180    0    0 1093456 520356 222860 639996 17  7 58 18  0  0
13 21 380120 122217852 2072840 63078200    0    0 1029184 579504 218231 605110 16  7 60 17  0  0
 2  0 380120 122205828 2072840 63078216    0    0 1083376 522452 221514 633839 17  7 58 18  0  0
14 21 380120 122202456 2072840 63078236    0    0 1026480 572448 218001 600494 16  7 60 18  0  0
24 13 380120 122218848 2072840 63078248    0    0 1030784 536136 216627 600044 16  6 59 19  0  0
20 18 380120 122221456 2072840 63078264    0    0 1013072 510764 214058 593222 16  7 59 19  0  0
19 16 380120 122220356 2072840 63078292    0    0 985072 545824 211305 577850 16  7 60 18  0  0
 4  0 380120 122222512 2072840 63078308    0    0 1082208 519700 221388 629806 17  7 58 18  0  0
38 15 380120 122219100 2072840 63078332    0    0 1046336 570924 218868 616005 16  7 59 17  0  0
18 17 380120 122221532 2072840 63078352    0    0 1037456 517160 215707 605003 16  7 58 18  0  0
14 19 380120 122220320 2072840 63078376    0    0 1010416 518192 212431 587758 16  6 60 18  0  0
 3  0 380120 122239064 2072840 63078388    0    0 985136 519232 210486 571750 15  6 61 18  0  0
 4  0 380120 122242096 2072840 63078412    0    0 1067104 557904 221680 623168 17  7 58 18  0  0
23 15 380120 122232720 2072840 63078432    0    0 1017104 580228 217620 597950 16  7 60 17  0  0
23 14 380120 122218040 2072840 63078456    0    0 1072240 554756 221784 627078 17  7 58 18  0  0
19 17 380120 122224276 2072840 63078476    0    0 1075296 540932 221842 623479 17  7 59 18  0  0
15 23 380120 122225240 2072840 63078500    0    0 1054832 524224 217813 616804 17  7 59 17  0  0
13 22 380120 122231616 2072840 63078520    0    0 1051248 567216 220880 615296 16  7 60 18  0  0
procs -----------memory---------- ---swap-- -----io---- -system-- -------cpu-------
 r  b   swpd   free   buff  cache   si   so    bi    bo   in   cs us sy id wa st gu
24 14 380120 122230560 2072840 63078528    0    0 1090256 571016 224084 634450 17  7 58 18  0  0
15 23 380120 122224008 2072840 63078544    0    0 1028640 540932 215744 601260 16  7 60 17  0  0
13 22 380120 122213852 2072840 63078564    0    0 1100608 548972 224366 641603 17  7 57 18  0  0
19 19 380120 122207240 2072840 63078584    0    0 1030896 564684 217368 605444 16  7 59 17  0  0
18 18 380120 122215380 2072840 63078604    0    0 1037408 526272 216780 607148 16  7 59 18  0  0
15 21 380120 122210660 2072840 63078628    0    0 1003856 531700 214714 587655 16  7 59 18  0  0
16 18 380120 122206328 2072840 63078648    0    0 987104 539436 213766 578719 15  6 60 18  0  0
18 18 380120 122210656 2072840 63078656    0    0 979504 530100 209285 570596 16  6 60 18  0  0
18 20 380120 122205712 2072840 63078676    0    0 1087312 571088 224129 641289 17  7 58 18  0  0
21 14 380120 122211456 2072840 63078700    0    0 1054608 540816 219529 615952 16  7 59 17  0  0
 4  0 380120 122212840 2072840 63078720    0    0 1009440 524812 212827 591053 16  7 59 18  0  0
26 10 380120 122206368 2072840 63078736    0    0 1032224 525384 216252 601369 16  7 58 19  0  0
14 23 380120 122202580 2072844 63078760    0    0 991056 556472 213019 586147 16  7 59 18  0  0
16 19 380120 122227952 2072844 63078776    0    0 1071360 593160 223943 636853 16  7 58 19  0  0
16 23 380120 122233712 2072844 63078796    0    0 1088240 519576 221212 628166 17  6 59 18  0  0
13 22 380120 122218496 2072844 63078816    0    0 1079360 568016 224003 637322 17  7 58 18  0  0
22 13 380120 122203760 2072844 63078840    0    0 1046176 533692 217680 613467 16  7 59 17  0  0
 5  0 380120 122205444 2072844 63078856    0    0 1042064 522436 215799 607130 16  7 60 17  0  0
20 17 380120 122212236 2072844 63078876    0    0 1094992 574092 225512 639885 17  7 58 18  0  0
16 18 380120 122223600 2072844 63078896    0    0 1066048 561368 221401 623045 17  7 59 17  0  0
18 17 380120 122214784 2072844 63078916    0    0 1033104 601676 220601 607525 16  7 59 18  0  0
procs -----------memory---------- ---swap-- -----io---- -system-- -------cpu-------
 r  b   swpd   free   buff  cache   si   so    bi    bo   in   cs us sy id wa st gu
25 15 380120 122222296 2072844 63078924    0    0 1047056 558276 218701 616452 16  6 60 18  0  0
23 14 380120 122212060 2072848 63078944    0    0 1043568 529752 217180 608616 16  7 59 17  0  0
23 15 380120 122210080 2072848 63078964    0    0 1061904 532916 218396 619924 16  7 59 18  0  0
20 15 380120 122224328 2072848 63078992    0    0 997520 530748 212393 584552 16  7 59 18  0  0
 3  0 380120 122214048 2072848 63079012    0    0 978096 533948 210835 573772 16  7 60 18  0  0
22 14 380120 122209592 2072848 63079036    0    0 999712 545856 213182 587872 16  7 59 18  0  0
24 12 380120 122228048 2072848 63079056    0    0 1038128 579660 218310 615127 16  7 60 18  0  0
25 13 380120 122221580 2072848 63079068    0    0 1033104 583628 218691 609805 16  6 60 18  0  0
24 13 380120 122223488 2072848 63079092    0    0 995344 612812 217917 600456 16  7 58 19  0  0
30  7 380120 122213720 2072848 63079112    0    0 1042976 512020 216702 610165 16  7 58 18  0  0
27 10 380120 122224700 2072848 63079132    0    0 986128 560836 213598 584903 16  7 59 18  0  0
19 18 380120 122209536 2072848 63079156    0    0 1020064 628676 221216 614496 16  7 60 18  0  0
19 16 380120 122221628 2072848 63079172    0    0 1049120 614908 222531 624018 17  7 59 18  0  0
18 19 380120 122221028 2072848 63079204    0    0 1093232 522504 220411 635952 17  7 59 18  0  0
17 20 380120 122228840 2072848 63079216    0    0 1026000 649988 221647 616233 16  6 60 18  0  0
27 14 380120 122224952 2072848 63079236    0    0 1068048 585596 221610 635735 17  7 58 18  0  0
30 16 380120 122219800 2072848 63079252    0    0 1028896 678312 223769 621816 16  7 59 18  0  0
15 23 380120 122219248 2072848 63079276    0    0 1084592 576124 223068 636570 17  7 58 18  0  0
19 20 380120 122235316 2072848 63079300    0    0 1025504 668856 224589 621323 16  7 58 18  0  0
14 23 380120 122217872 2072848 63079316    0    0 1085072 535436 221249 633061 17  7 58 18  0  0
10 27 380120 122227364 2072848 63079336    0    0 1042224 605164 221876 617228 16  6 58 19  0  0
procs -----------memory---------- ---swap-- -----io---- -system-- -------cpu-------
 r  b   swpd   free   buff  cache   si   so    bi    bo   in   cs us sy id wa st gu
17 22 380120 122220132 2072856 63079344    0    0 1082016 489612 216528 625789 17  6 58 19  0  0
 9 27 380120 122211496 2072856 63079372    0    0 992800 557212 212993 592660 16  7 59 19  0  0
 8 28 380120 122199464 2072856 63079392    0    0 1029696 586216 218952 612144 16  7 58 19  0  0
16 21 380120 122202284 2072856 63079420    0    0 1104896 584752 226339 653042 17  7 57 19  0  0
10 28 380120 122202168 2072856 63079444    0    0 1060272 638800 226192 636947 17  7 57 19  0  0
30  9 380120 122208308 2072860 63079456    0    0 1108944 498972 220544 633874 17  7 56 19  0  0
11 24 380120 122208132 2072860 63079476    0    0 1013440 561396 215775 593204 16  6 59 19  0  0
13 24 380120 122212396 2072860 63079488    0    0 1050960 511752 216380 610291 16  6 59 18  0  0
16 22 380120 122209988 2072860 63079508    0    0 1074928 580032 223289 631582 17  7 58 18  0  0
12 25 380120 122203584 2072860 63079532    0    0 1083424 574944 224160 636735 17  7 58 18  0  0
30 21 380120 122216116 2072860 63079556    0    0 1120528 532468 224546 649467 17  7 57 18  0  0
17 22 380120 122216744 2072860 63079572    0    0 1043584 587604 219894 613000 16  7 59 17  0  0
19 18 380120 122213988 2072860 63079592    0    0 1091472 561556 224439 639040 17  7 58 18  0  0
 9 27 380120 122210072 2072860 63079612    0    0 1097856 582388 224768 644071 17  7 58 18  0  0
20 18 380120 122212484 2072860 63079628    0    0 1113808 568756 226798 652539 17  7 57 19  0  0
 5  1 380120 122212672 2072864 63079644    0    0 1071664 557684 220915 626469 17  7 59 17  0  0
18 22 380120 122213888 2072864 63079668    0    0 1082928 578200 224582 632176 17  7 58 18  0  0
15 22 380120 122202768 2072864 63079688    0    0 1037312 580236 219726 611755 17  7 58 19  0  0
16 22 380120 122214604 2072864 63079712    0    0 1027008 517724 214016 597862 16  7 59 18  0  0
19 21 380120 122203640 2072864 63079740    0    0 1038560 524980 215937 608380 16  7 58 19  0  0
11  1 380120 122206836 2072872 63079748    0    0 1048128 609308 223094 623316 16  6 58 20  0  0
procs -----------memory---------- ---swap-- -----io---- -system-- -------cpu-------
 r  b   swpd   free   buff  cache   si   so    bi    bo   in   cs us sy id wa st gu
14 23 380120 122202396 2072872 63079768    0    0 1067184 651960 226794 638944 17  7 57 20  0  0
22 16 380120 122209564 2072872 63079784    0    0 1113296 514736 221724 641864 17  7 57 18  0  0
27 13 380120 122212004 2072872 63079808    0    0 1031184 527476 213906 595859 16  7 59 18  0  0
14 23 380120 122199028 2072872 63079828    0    0 1034544 523516 213572 597972 16  7 58 18  0  0
21 17 380120 122218424 2072876 63079844    0    0 1028336 560376 216344 607375 16  7 58 18  0  0
14 23 380120 122211368 2072876 63079868    0    0 1070432 606180 224975 633610 17  7 58 18  0  0
16 21 380120 122228612 2072876 63079884    0    0 1083984 541880 221114 623991 17  7 59 18  0  0
15 22 380120 122229424 2072876 63079900    0    0 1074608 577544 222157 622266 17  6 59 18  0  0
20 16 380120 122224816 2072876 63079920    0    0 1079088 553860 220788 628013 17  7 58 17  0  0
14 24 380120 122226968 2072876 63079940    0    0 1086464 599232 224465 639185 17  7 57 18  0  0
27  9 380120 122227292 2072876 63079960    0    0 1078912 595372 224367 638664 17  7 58 18  0  0
20 17 380120 122210532 2072876 63079980    0    0 1080848 577872 224185 643405 17  7 58 18  0  0
29 11 380120 122220188 2072876 63080004    0    0 1083360 580936 223441 638643 17  7 58 18  0  0
17 22 380120 122226544 2072876 63080020    0    0 1081728 553200 221525 631091 16  7 59 18  0  0
19 18 380120 122223260 2072876 63080028    0    0 1068320 583484 222772 627799 17  6 58 19  0  0
21 18 380120 122215736 2072876 63080048    0    0 1023552 576868 217763 603866 16  7 57 19  0  0
25 16 380120 122229640 2072876 63080068    0    0 1033936 550432 216847 608940 16  7 58 19  0  0
16 21 380120 122219260 2072876 63080092    0    0 1030992 564376 218106 611387 16  7 58 19  0  0
23 15 380120 122223956 2072876 63080116    0    0 1094176 567040 224508 641826 17  7 57 19  0  0
25 12 380120 122217844 2072876 63080136    0    0 1056976 706268 230494 639226 17  7 57 19  0  0
 5 31 380120 122222492 2072876 63080152    0    0 1102272 473760 217605 626905 17  7 58 19  0  0
procs -----------memory---------- ---swap-- -----io---- -system-- -------cpu-------
 r  b   swpd   free   buff  cache   si   so    bi    bo   in   cs us sy id wa st gu
19 17 380120 122220224 2072876 63080160    0    0 1040864 540556 216685 606259 16  6 58 19  0  0
17 22 380120 122228672 2072876 63080184    0    0 1038848 554576 218898 610450 16  7 58 19  0  0
31 15 380120 122212492 2072876 63080204    0    0 1092336 519012 220922 625932 17  7 58 17  0  0
17 21 380120 122208976 2072876 63080220    0    0 1069520 606468 225434 635300 17  7 58 18  0  0
19 18 380120 122203852 2072876 63080240    0    0 1110096 566296 226846 650148 17  7 57 18  0  0
21 16 380120 122222980 2072876 63080268    0    0 1061504 610012 224453 631394 17  7 58 18  0  0
24 14 380120 122216448 2072880 63080292    0    0 1079856 610780 225481 638415 16  7 58 19  0  0
20 17 380120 122223172 2072880 63080316    0    0 1055376 749320 232337 643358 16  7 58 19  0  0
26 13 380120 122206980 2072880 63080332    0    0 1150640 479568 223165 658371 18  8 57 18  0  0
24 17 380120 122205844 2072880 63080352    0    0 1085744 629824 228153 645795 17  7 57 19  0  0
23 13 380120 122217524 2072880 63080372    0    0 1123632 538376 224751 655252 17  7 57 18  0  0
23 14 380120 122221936 2072880 63080392    0    0 1047472 579560 221019 621718 16  7 58 19  0  0
25 11 380120 122214872 2072880 63080412    0    0 1043408 515560 214383 603496 16  7 58 19  0  0
22 15 380120 122216896 2072880 63080432    0    0 1056304 545436 217447 612174 16  6 58 19  0  0
19 17 380120 122229444 2072884 63080448    0    0 1021344 686124 225043 615295 16  6 58 19  0  0
20 16 380120 122217956 2072884 63080468    0    0 1120320 543564 224958 648160 17  8 57 18  0  0
20 15 380120 122213024 2072884 63080488    0    0 1067440 614876 224927 639481 17  7 58 18  0  0
19 18 380120 122208652 2072884 63080512    0    0 1032032 644508 222025 627777 16  7 57 20  0  0
25 13 380120 122209224 2072884 63080528    0    0 1099760 478468 218076 632999 17  7 57 19  0  0
21 15 380120 122217100 2072888 63080548    0    0 1022096 570004 218001 608330 16  7 58 19  0  0
23 15 380120 122221444 2072888 63080564    0    0 1118192 505044 220834 638701 17  7 58 18  0  0
procs -----------memory---------- ---swap-- -----io---- -system-- -------cpu-------
 r  b   swpd   free   buff  cache   si   so    bi    bo   in   cs us sy id wa st gu
19 17 380120 122242768 2072888 63080572    0    0 1006096 741856 225921 623270 16  6 59 19  0  0
26 10 380120 122225012 2072888 63080596    0    0 1124432 539092 225257 654454 17  7 57 18  0  0
18 19 380120 122218700 2072888 63080620    0    0 1073520 613160 225553 642835 17  7 58 18  0  0
19 18 380120 122216004 2072888 63080636    0    0 1071840 619624 224956 642115 17  7 58 18  0  0
19 17 380120 122217100 2072888 63080660    0    0 1050352 735140 230368 643674 17  7 57 19  0  0
20 16 380120 122215724 2072888 63080676    0    0 1146480 493780 224087 659839 18  8 57 18  0  0
24 12 380120 122215232 2072892 63080692    0    0 1091040 640396 227889 647011 17  7 57 19  0  0
25 12 380120 122211068 2072892 63080708    0    0 1133280 462836 219989 642384 17  7 57 19  0  0
21 16 380120 122212068 2072896 63080732    0    0 1010448 606416 216965 600351 16  7 58 19  0  0
21 18 380120 122190692 2072896 63080748    0    0 1017040 585224 217974 602370 16  7 58 19  0  0
29  9 380120 122198548 2072896 63080768    0    0 1098352 568236 224100 643252 17  7 57 19  0  0
22 15 380120 122183024 2072896 63080784    0    0 1051232 655140 225926 636323 17  7 57 19  0  0
21 16 380120 122192672 2072896 63080816    0    0 1140496 500576 223650 653985 18  7 57 18  0  0
25 13 380120 122204488 2072896 63080832    0    0 1033504 684568 225330 627690 16  6 58 19  0  0
31 12 380120 122220920 2072896 63080840    0    0 1100240 492744 218781 632190 17  6 58 19  0  0
20 17 380120 122217952 2072896 63080860    0    0 1000224 690340 222355 616787 16  7 57 20  0  0
25 12 380120 122202876 2072900 63080880    0    0 1120304 496096 221346 646616 17  7 57 18  0  0
23 13 380120 122204624 2072900 63080900    0    0 1093712 615892 226848 649121 17  7 57 19  0  0
22 14 380120 122193620 2072900 63080932    0    0 1125616 553720 225521 654441 17  8 57 18  0  0
18 21 380120 122196052 2072900 63080948    0    0 1039648 725324 228315 636270 16  7 57 19  0  0
26 12 380120 122198240 2072900 63080968    0    0 1154784 495272 224280 661037 17  7 57 18  0  0
procs -----------memory---------- ---swap-- -----io---- -system-- -------cpu-------
 r  b   swpd   free   buff  cache   si   so    bi    bo   in   cs us sy id wa st gu
18 19 380120 122212036 2072900 63080976    0    0 1088224 677040 229996 655585 17  7 57 19  0  0
20 19 380120 122209336 2072900 63081004    0    0 1146400 496364 224200 660208 18  8 56 18  0  0
18 17 380120 122207856 2072904 63081032    0    0 1061536 658728 226204 643281 17  7 58 18  0  0
18 18 380120 122204648 2072904 63081052    0    0 1101920 608156 226865 653470 17  7 57 19  0  0
22 15 380120 122186764 2072904 63081068    0    0 1076016 536844 219348 629326 17  7 57 19  0  0
21 16 380120 122201820 2072904 63081084    0    0 1022528 615520 219929 610960 16  7 57 20  0  0
17 19 380120 122207896 2072904 63081116    0    0 1097232 493128 218509 627809 17  6 58 19  0  0
23 16 380120 122209928 2072904 63081124    0    0 1042688 630548 223346 623480 16  6 58 19  0  0
21 17 380120 122205124 2072904 63081144    0    0 1059600 688632 228529 641775 17  7 57 19  0  0
15 24 380120 122198168 2072904 63081164    0    0 1144016 477392 221975 657177 18  7 57 18  0  0
20 19 380120 122206644 2072904 63081184    0    0 1015600 653444 221843 613709 16  7 57 20  0  0
21 18 380120 122212920 2072904 63081208    0    0 1092736 490240 218034 628695 17  7 57 19  0  0
19 16 380120 122191784 2072904 63081232    0    0 1037072 693040 225827 637383 16  7 57 19  0  0
 1  0 380120 122208872 2072904 63081248    0    0 1169200 439888 220527 679473 18  7 57 18  0  0
21 14 380120 122215384 2072904 63081268    0    0 1019856 808448 232262 631517 16  6 58 20  0  0
21 15 380120 122207528 2072904 63081288    0    0 1187056 447644 225214 672192 18  8 56 18  0  0
21 17 380120 122205496 2072904 63081312    0    0 1090016 582524 224659 635432 17  7 57 18  0  0
25 13 380120 122207296 2072908 63081332    0    0 1093376 561664 222819 642166 17  7 58 18  0  0
19 17 380120 122211640 2072908 63081352    0    0 1039440 714256 227966 633074 17  7 58 19  0  0
21 16 380120 122198748 2072908 63081368    0    0 1134432 538312 225668 658756 18  7 57 18  0  0
26 12 380120 122191176 2072908 63081392    0    0 1059120 656324 226322 638318 16  7 58 19  0  0
procs -----------memory---------- ---swap-- -----io---- -system-- -------cpu-------
 r  b   swpd   free   buff  cache   si   so    bi    bo   in   cs us sy id wa st gu
22 17 380120 122204464 2072908 63081400    0    0 1084816 569880 221422 637933 17  6 57 19  0  0
22 16 380120 122214292 2072908 63081424    0    0 1031312 595468 218898 613138 16  7 57 20  0  0
15 21 380120 122211232 2072908 63081440    0    0 1103520 466724 216324 633639 17  7 57 19  0  0
26 13 380120 122211276 2072908 63081460    0    0 1051200 630468 222483 628365 17  7 58 19  0  0
26 12 380120 122206616 2072908 63081484    0    0 1026944 747008 229290 633891 16  7 57 19  0  0
21 16 380120 122212948 2072908 63081500    0    0 1182704 447864 222894 686724 18  8 56 18  0  0
19 16 380120 122213904 2072908 63081532    0    0 1083744 548572 220765 626101 17  7 58 19  0  0
21 20 380120 122222364 2072908 63081540    0    0 1004832 630112 220173 601184 16  6 59 20  0  0
26 12 380120 122205976 2072908 63081568    0    0 1045984 596996 220329 619216 16  7 57 20  0  0
20 17 380120 122209092 2072908 63081584    0    0 1119072 531136 223678 649804 17  7 57 18  0  0
26 15 380120 122194520 2072908 63081604    0    0 1051072 661776 226666 632487 17  7 58 18  0  0
 9 27 380120 122207912 2072908 63081624    0    0 1132944 511436 223416 658555 18  8 57 18  0  0
25 28 380120 122198248 2072908 63081644    0    0 1067296 674224 228555 641650 17  7 57 19  0  0
18 17 380120 122194328 2072908 63081660    0    0 1169584 506448 225725 668592 18  7 56 19  0  0
18 21 380120 122203168 2072908 63081672    0    0 1028496 754512 229690 632671 16  6 59 19  0  0
29 13 380120 122203820 2072908 63081700    0    0 1162944 511444 226420 671793 18  8 56 18  0  0
22 16 380120 122195728 2072912 63081720    0    0 1094080 590084 223798 641810 17  7 57 18  0  0
12 24 380120 122201300 2072912 63081740    0    0 1050960 677028 227063 638843 17  7 57 19  0  0
19 18 380120 122196232 2072912 63081764    0    0 1099776 503832 219691 633339 17  7 56 19  0  0
20 20 380120 122201856 2072912 63081780    0    0 1085072 494056 217086 625670 17  7 57 19  0  0
16 21 380120 122193600 2072912 63081804    0    0 979264 724372 223719 603686 16  6 58 20  0  0
procs -----------memory---------- ---swap-- -----io---- -system-- -------cpu-------
 r  b   swpd   free   buff  cache   si   so    bi    bo   in   cs us sy id wa st gu
21 17 380120 122203396 2072912 63081816    0    0 1155040 530040 227138 663474 18  7 56 19  0  0
 3  0 380120 122192772 2072912 63081836    0    0 1130800 505092 223334 651444 18  7 57 18  0  0
15 16 380120 122194700 2072912 63081860    0    0 1029072 689388 226066 624991 16  7 58 18  0  0
12 25 380120 122193824 2072912 63081880    0    0 1129056 475476 221101 646119 18  7 57 18  0  0
21 17 380120 122201224 2072912 63081900    0    0 991312 661256 220042 601089 16  7 58 20  0  0
10 26 380120 122195980 2072912 63081920    0    0 1055664 557400 220280 621843 17  7 57 19  0  0
13 24 380120 122198512 2072912 63081940    0    0 1145136 557264 227415 663582 18  7 56 19  0  0
 8 28 380120 122185088 2072912 63081952    0    0 1058560 678652 226690 635296 16  6 58 19  0  0
16 22 380120 122186512 2072912 63081972    0    0 1140032 578120 228321 663031 18  8 56 19  0  0
 4  0 380120 122212932 2072912 63081988    0    0 1122928 511188 222579 644771 17  7 57 18  0  0
24 21 380120 122201180 2072916 63082008    0    0 1034192 701816 227240 632483 16  7 58 18  0  0
24 16 380120 122205044 2072916 63082032    0    0 1170320 502228 227190 674978 18  8 56 18  0  0
12 24 380120 122197776 2072916 63082052    0    0 1067712 585852 221681 632022 17  7 58 18  0  0
14 20 380120 122205048 2072916 63082072    0    0 1113104 597636 226107 653232 17  7 57 19  0  0
15 22 380120 122204944 2072916 63082084    0    0 1043168 680600 226472 623697 16  6 58 20  0  0
27 13 380120 122211360 2072916 63082100    0    0 1070608 545812 219451 622254 17  7 56 20  0  0
16 22 380120 122210488 2072916 63082128    0    0 1030112 496448 211353 595358 16  7 57 20  0  0
14 25 380120 122197844 2072916 63082148    0    0 1024592 555600 216123 607152 16  7 58 19  0  0
19 17 380120 122200368 2072916 63082168    0    0 1073424 547956 219708 624613 17  7 56 20  0  0
14 23 380120 122199004 2072916 63082184    0    0 980096 650080 218513 603239 16  7 58 20  0  0
20 16 380120 122215620 2072916 63082216    0    0 1073360 555184 219069 633744 17  7 57 20  0  0
procs -----------memory---------- ---swap-- -----io---- -system-- -------cpu-------
 r  b   swpd   free   buff  cache   si   so    bi    bo   in   cs us sy id wa st gu
14 21 380120 122219836 2072916 63082232    0    0 1088176 499388 217228 624517 17  6 58 20  0  0
13 25 380120 122200380 2072916 63082252    0    0 998448 642944 219823 607385 16  7 58 19  0  0
20 18 380120 122195364 2072916 63082268    0    0 1077824 569248 221130 628003 17  7 56 20  0  0
17 22 380120 122188028 2072916 63082284    0    0 1088032 485192 217419 620562 17  7 57 19  0  0
 7 30 380120 122179096 2072920 63082304    0    0 994336 625044 217422 599066 16  7 58 20  0  0
21 16 380120 122194988 2072920 63082328    0    0 1079632 555588 221055 632352 17  7 56 20  0  0
14 22 380120 122203444 2072920 63082348    0    0 1082016 499316 216188 622718 17  7 57 19  0  0
 4  0 380120 122217876 2072920 63082360    0    0 1050816 533796 216218 602090 16  6 59 19  0  0
 7 29 380120 122205904 2072920 63082376    0    0 1033680 574536 216937 611364 16  7 58 19  0  0
15 25 380120 122212424 2072920 63082396    0    0 1004112 609584 218287 606533 16  7 58 19  0  0
29 22 380120 122187672 2072920 63082424    0    0 1095280 522688 219901 637672 17  7 56 20  0  0
 9 29 380120 122193396 2072920 63082440    0    0 1008720 509480 211478 590172 16  7 59 19  0  0
 7 29 380120 122193632 2072920 63082460    0    0 962720 644288 215877 585117 15  7 57 21  0  0
24 12 380120 122186696 2072920 63082484    0    0 1053136 545404 218087 616216 16  7 56 20  0  0
17 20 380120 122195148 2072924 63082488    0    0 1089104 502624 218417 622499 17  6 58 20  0  0
17 24 380120 122183904 2072924 63082512    0    0 1028320 528272 213175 599625 16  7 58 18  0  0
22 19 380120 122197620 2072924 63082532    0    0 1008960 612680 219267 603760 16  7 58 19  0  0
14 23 380120 122199820 2072924 63082548    0    0 1053904 560848 219346 626682 17  7 57 19  0  0
33 18 380120 122184308 2072924 63082568    0    0 1080288 554132 220693 637147 17  7 56 20  0  0
 7 30 380120 122194544 2072924 63082592    0    0 1033888 543280 215968 607319 16  7 59 18  0  0
25 12 380120 122189948 2072924 63082616    0    0 1067376 553760 221453 628027 17  7 57 19  0  0
procs -----------memory---------- ---swap-- -----io---- -system-- -------cpu-------
 r  b   swpd   free   buff  cache   si   so    bi    bo   in   cs us sy id wa st gu
20 19 380120 122205160 2072924 63082628    0    0 1063888 629516 224578 631442 16  6 57 20  0  0
11 23 380120 122200916 2072924 63082640    0    0 1040144 553184 216725 612579 16  7 58 19  0  0
15 22 380120 122204972 2072924 63082664    0    0 1038720 628016 222673 619884 17  7 56 20  0  0
11 27 380120 122201704 2072924 63082680    0    0 1086544 506768 218457 626251 17  7 57 19  0  0
18 20 380120 122196160 2072924 63082704    0    0 1065936 520964 216494 616030 17  7 58 19  0  0
19 20 380120 122202248 2072924 63082724    0    0 1004448 607468 217611 598356 16  7 59 18  0  0
10 25 380120 122197704 2072924 63082744    0    0 1087392 577432 223819 639058 17  7 57 19  0  0
25 16 380120 122213784 2072924 63082760    0    0 1080784 654792 227683 641304 17  6 57 20  0  0
25 16 380120 122207768 2072928 63082776    0    0 1098592 517028 220298 641930 17  7 57 19  0  0
16 23 380120 122201364 2072928 63082800    0    0 1021184 562416 214710 604633 16  7 58 19  0  0
12 26 380120 122207048 2072928 63082824    0    0 1022144 621192 220077 614604 16  7 57 20  0  0
19 21 380120 122202332 2072928 63082844    0    0 1111680 511724 221667 639493 17  7 57 18  0  0
14 23 380120 122191512 2072928 63082864    0    0 1020512 599320 218739 611064 16  7 58 18  0  0
20 16 380120 122185624 2072928 63082884    0    0 1093328 581388 224938 643955 17  7 56 20  0  0
23 16 380120 122193972 2072928 63082892    0    0 1055888 577792 220744 622743 16  6 60 18  0  0
14 25 380120 122196840 2072928 63082912    0    0 1099392 582700 225461 652145 17  7 56 19  0  0
 9 29 380120 122188924 2072928 63082940    0    0 1059376 628116 223809 632126 17  7 58 19  0  0
18 21 380120 122186384 2072928 63082956    0    0 1077184 669080 228387 645267 17  7 56 20  0  0
22 17 380120 122196696 2072928 63082976    0    0 1124272 509160 222179 649247 17  7 57 18  0  0
 4  0 380120 122194176 2072928 63082996    0    0 1108048 525492 222263 642251 17  7 57 18  0  0
21 16 380120 122189020 2072928 63083016    0    0 1069024 635920 224948 644494 17  7 57 20  0  0
procs -----------memory---------- ---swap-- -----io---- -system-- -------cpu-------
 r  b   swpd   free   buff  cache   si   so    bi    bo   in   cs us sy id wa st gu
24 14 380120 122199600 2072928 63083028    0    0 1094160 531728 219833 632752 17  6 59 19  0  0
13 25 380120 122195088 2072928 63083048    0    0 1061888 567424 220849 627945 17  7 58 18  0  0
15 22 380120 122203420 2072928 63083064    0    0 1095552 627812 228164 653415 17  7 56 19  0  0
20 19 380120 122199488 2072936 63083084    0    0 1097216 546420 221748 637627 17  7 57 18  0  0
17 22 380120 122198452 2072936 63083108    0    0 1045072 637092 224298 624888 16  7 58 19  0  0
12 26 380120 122179548 2072936 63083132    0    0 1016352 709392 225168 622482 16  7 56 21  0  0
17 19 380120 122200116 2072936 63083152    0    0 1070944 501644 216154 615269 17  7 57 19  0  0
22 16 380120 122210780 2072936 63083164    0    0 1098592 493940 218201 627941 17  6 58 20  0  0
13 24 380120 122204456 2072936 63083180    0    0 1092608 534604 220896 633150 17  7 57 18  0  0
17 21 380120 122206204 2072936 63083208    0    0 1039072 612344 221659 622678 17  7 57 20  0  0
15 28 380120 122195248 2072936 63083224    0    0 1063248 576212 221399 623720 17  7 58 19  0  0
20 21 380120 122200940 2072936 63083244    0    0 1049536 674840 227471 633667 17  7 56 20  0  0
24 16 380120 122217536 2072936 63083256    0    0 1119984 505256 222215 646229 17  7 57 18  0  0
24 13 380120 122202284 2072940 63083280    0    0 1080960 555548 220693 629738 17  7 58 18  0  0
14  6 380120 122219264 2072940 63083304    0    0 1097264 557640 222644 639865 17  6 59 19  0  0
15 20 380120 122201736 2072940 63083316    0    0 1077232 688464 229462 654352 17  7 57 19  0  0
10 26 380120 122203068 2072940 63083344    0    0 1089312 582540 224131 639580 18  7 57 18  0  0
20 20 380120 122191252 2072940 63083364    0    0 1070112 712056 230341 651793 17  7 56 20  0  0
22 19 380120 122200888 2072944 63083384    0    0 1131440 517960 223619 650083 17  8 57 18  0  0
13 26 380120 122197908 2072944 63083412    0    0 1134160 524948 226374 654471 18  8 57 18  0  0
20 18 380120 122198316 2072944 63083428    0    0 1079904 684672 229244 650369 17  7 57 19  0  0
procs -----------memory---------- ---swap-- -----io---- -system-- -------cpu-------
 r  b   swpd   free   buff  cache   si   so    bi    bo   in   cs us sy id wa st gu
19 19 380120 122212036 2072944 63083444    0    0 1126912 522492 222584 650279 17  6 59 18  0  0
19 18 380120 122212196 2072944 63083460    0    0 1059888 706392 229158 645932 17  7 56 20  0  0
19 21 380120 122209204 2072948 63083488    0    0 1079200 499236 217222 619674 17  7 57 19  0  0
15 20 380120 122201236 2072948 63083504    0    0 1046496 534900 216445 605621 17  7 58 19  0  0
22 18 380120 122192304 2072948 63083528    0    0 1076960 688820 229843 649718 17  7 56 19  0  0
20 19 380120 122189348 2072948 63083548    0    0 1130432 508724 223399 648022 18  7 57 18  0  0
 4  0 380120 122191200 2072948 63083568    0    0 1077968 549020 221088 627062 17  7 58 18  0  0
19 19 380120 122197720 2072952 63083580    0    0 1098800 603392 225886 647080 17  6 58 20  0  0
14 24 380120 122203420 2072952 63083596    0    0 1097632 580812 225391 643499 17  7 57 18  0  0
28 13 380120 122197936 2072952 63083616    0    0 1064256 741508 233105 652181 17  7 56 20  0  0
22 16 380120 122197116 2072952 63083636    0    0 1137424 515440 223977 657557 18  7 57 18  0  0
22 17 380120 122188780 2072952 63083652    0    0 1136976 522848 223586 655618 18  7 57 18  0  0
38 17 380120 122183688 2072956 63083680    0    0 1065504 698724 227795 644351 17  7 57 19  0  0
18 17 380120 122185356 2072956 63083700    0    0 1133616 516388 222866 651882 18  8 57 18  0  0
10 26 380120 122199280 2072956 63083716    0    0 1098816 561756 223756 636352 17  6 59 19  0  0
23 20 380120 122209232 2072956 63083728    0    0 1058352 705996 228470 646639 17  7 57 19  0  0
16 21 380120 122192152 2072956 63083748    0    0 1147424 496544 224114 666228 18  8 57 18  0  0
12 26 380120 122201752 2072960 63083768    0    0 1070208 719904 230056 655455 17  7 57 19  0  0
19 19 380120 122188288 2072960 63083792    0    0 1145808 516348 224565 659685 18  7 57 18  0  0
13 26 380120 122193188 2072960 63083816    0    0 1034080 648348 221691 619053 17  7 57 19  0  0
15 22 380120 122181052 2072960 63083832    0    0 1081888 503168 217018 624147 17  7 57 19  0  0
procs -----------memory---------- ---swap-- -----io---- -system-- -------cpu-------
 r  b   swpd   free   buff  cache   si   so    bi    bo   in   cs us sy id wa st gu
12 24 380120 122199564 2072960 63083852    0    0 1075040 584648 221815 627608 16  6 58 20  0  0
19 21 380120 122205380 2072960 63083868    0    0 1086832 628276 227055 644728 17  7 57 19  0  0
17 21 380120 122209204 2072960 63083884    0    0 1115632 537888 223592 649449 17  7 57 19  0  0
22 22 380120 122206132 2072960 63083912    0    0 1024176 693832 224454 627014 16  7 57 20  0  0
24 14 380120 122201544 2072960 63083928    0    0 1138032 501372 223354 656613 18  7 57 18  0  0
21 17 380120 122196420 2072960 63083948    0    0 1083968 663092 228913 653587 17  7 57 19  0  0
18 20 380120 122190632 2072960 63083968    0    0 1097824 571448 224020 648920 17  7 58 18  0  0
11 25 380120 122206188 2072960 63083980    0    0 1081264 763832 235177 656693 17  6 57 20  0  0
21 16 380120 122200548 2072960 63084000    0    0 1139104 513004 224338 653351 18  7 57 18  0  0
 6  0 380120 122201016 2072960 63084024    0    0 1121840 523768 223645 647531 17  8 57 18  0  0
25 16 380120 122194956 2072960 63084044    0    0 1069248 704076 230846 650226 17  7 57 19  0  0
21 17 380120 122200276 2072960 63084068    0    0 1136896 525744 225381 653368 18  8 57 18  0  0
 4  0 380120 122185012 2072960 63084088    0    0 1088832 562232 223953 637319 17  7 58 18  0  0
18 18 380120 122187304 2072960 63084112    0    0 1068464 765396 234299 653664 17  7 56 19  0  0
18 20 380120 122210008 2072960 63084128    0    0 1148288 516596 224162 656611 17  6 58 19  0  0
17 21 380120 122212216 2072960 63084148    0    0 1070384 536720 218260 620231 17  7 58 19  0  0
20 18 380120 122204260 2072964 63084160    0    0 1039600 559672 217777 612212 16  7 58 19  0  0
21 16 380120 122200396 2072964 63084180    0    0 1083648 584028 224036 641021 17  7 57 19  0  0
23 14 380120 122205700 2072964 63084208    0    0 1065984 686084 229171 645828 17  7 57 19  0  0
24 16 380120 122186952 2072964 63084232    0    0 1135776 516768 224568 654283 18  8 57 18  0  0
28 12 380120 122191356 2072964 63084252    0    0 1076304 630216 226007 643646 17  7 57 19  0  0
procs -----------memory---------- ---swap-- -----io---- -system-- -------cpu-------
 r  b   swpd   free   buff  cache   si   so    bi    bo   in   cs us sy id wa st gu
18 18 380120 122199964 2072964 63084264    0    0 1109728 541584 221967 640135 17  6 59 18  0  0
18 18 380120 122211876 2072964 63084276    0    0 1080256 616740 224730 637873 17  7 58 18  0  0
19 18 380120 122206644 2072964 63084296    0    0 1071056 735936 232944 655304 17  7 56 20  0  0
23 16 380120 122191580 2072964 63084320    0    0 1139328 519760 224679 654649 18  8 57 18  0  0
 7 29 380120 122193772 2072964 63084340    0    0 1107008 528752 220594 636169 17  7 58 18  0  0
21 19 380120 122191360 2072968 63084352    0    0 1081536 731520 234016 655792 17  8 56 19  0  0
12 25 380120 122190604 2072968 63084372    0    0 1139760 526292 225803 656241 18  7 57 18  0  0
21 16 380120 122191512 2072968 63084396    0    0 1101136 558248 222832 638915 17  6 58 18  0  0
22 15 380120 122204224 2072968 63084412    0    0 1064384 753648 233350 655468 17  7 56 20  0  0
17 21 380120 122192252 2072968 63084432    0    0 1138096 522340 223750 657866 18  8 57 18  0  0
21 17 380120 122190496 2072968 63084448    0    0 1136640 523804 224234 655378 18  8 57 18  0  0
18 19 380120 122191660 2072968 63084468    0    0 1049744 642208 223480 632309 17  7 57 19  0  0
17 23 380120 122194584 2072968 63084488    0    0 1077056 512496 217793 618516 17  7 57 19  0  0
20 17 380120 122192664 2072972 63084512    0    0 1045504 625540 221356 630931 16  7 57 19  0  0
 2  0 380120 122214668 2072972 63084528    0    0 1114064 569216 223727 650464 17  6 58 18  0  0
18 20 380120 122213504 2072972 63084540    0    0 1071984 727928 231047 657585 17  7 56 20  0  0
18 21 380120 122202764 2072972 63084564    0    0 1125552 529520 224333 651073 18  8 56 18  0  0
20 17 380120 122191832 2072972 63084588    0    0 1105888 520040 220884 640635 17  7 57 18  0  0
17 22 380120 122197440 2072972 63084604    0    0 1069232 718584 230903 653426 17  7 56 19  0  0
21 16 380120 122203536 2072972 63084620    0    0 1136928 510920 223379 655696 18  8 57 18  0  0
20 20 380120 122187160 2072972 63084644    0    0 1109392 604272 227300 652473 17  7 57 18  0  0
procs -----------memory---------- ---swap-- -----io---- -system-- -------cpu-------
 r  b   swpd   free   buff  cache   si   so    bi    bo   in   cs us sy id wa st gu
19 16 380120 122198812 2072972 63084664    0    0 1098016 658628 229053 652536 17  7 57 19  0  0
18 20 380120 122206964 2072972 63084672    0    0 1101392 559892 222856 643784 17  6 58 18  0  0
19 19 380120 122202168 2072976 63084704    0    0 1080384 730932 233011 662485 17  8 56 19  0  0
21 19 380120 122211580 2072976 63084724    0    0 1136272 518088 224460 660967 18  8 57 18  0  0
19 22 380120 122201156 2072976 63084744    0    0 1106096 527556 221093 648466 17  7 57 18  0  0
17 21 380120 122188564 2072976 63084764    0    0 1052336 796808 233848 653850 17  8 56 20  0  0
19 21 380120 122196992 2072976 63084784    0    0 1135056 527152 225194 653640 17  8 57 18  0  0
19 17 380120 122197880 2072976 63084808    0    0 1134240 516408 224109 653401 17  7 57 19  0  0
12 24 380120 122204440 2072976 63084816    0    0 1042832 574972 217849 612950 16  6 58 19  0  0
23 15 380120 122200460 2072976 63084840    0    0 1028944 665188 223443 619330 16  7 56 20  0  0
16 24 380120 122189624 2072976 63084860    0    0 1125376 509476 222343 650607 17  7 57 18  0  0
20 18 380120 122181320 2072976 63084880    0    0 1032976 544524 216079 607154 16  7 58 19  0  0
18 21 380120 122192444 2072976 63084900    0    0 1029184 531220 214511 602125 16  7 58 19  0  0
 5  0 380120 122182456 2072976 63084924    0    0 1030336 550692 216283 609278 16  7 57 20  0  0
10 25 380120 122204408 2072976 63084936    0    0 984832 656060 220232 598766 15  6 58 21  0  0
20 19 380120 122205072 2072976 63084944    0    0 1081232 512080 216469 625280 17  6 57 19  0  0
13  0 380120 122200352 2072976 63084968    0    0 1055440 511196 215283 609798 16  7 57 19  0  0
12 24 380120 122188604 2072976 63084988    0    0 1008992 682084 222231 620029 16  7 57 20  0  0
14 24 380120 122193788 2072976 63085008    0    0 1080800 508164 217449 628651 17  7 57 19  0  0
11 25 380120 122192636 2072976 63085028    0    0 1084336 489780 215956 634724 17  7 57 19  0  0
17 21 380120 122182580 2072976 63085048    0    0 999280 708044 222860 608901 16  7 57 20  0  0
procs -----------memory---------- ---swap-- -----io---- -system-- -------cpu-------
 r  b   swpd   free   buff  cache   si   so    bi    bo   in   cs us sy id wa st gu
21 15 380120 122194196 2072976 63085068    0    0 1084080 508768 217948 623038 17  7 57 20  0  0
 4  1 380120 122204280 2072976 63085084    0    0 1077536 501452 216118 619340 17  7 58 19  0  0
13 25 380120 122207292 2072976 63085104    0    0 1008608 681036 222372 619726 16  7 56 20  0  0
15 22 380120 122213708 2072976 63085128    0    0 1078352 523968 218839 620051 17  7 57 19  0  0
19 20 380120 122220480 2072976 63085152    0    0 1052192 529036 215046 614043 17  7 58 19  0  0
28 17 380120 122209836 2072976 63085168    0    0 1037072 565748 218524 612727 16  7 58 19  0  0
37 15 380120 122203396 2072980 63085184    0    0 1038224 603416 220243 622048 16  7 57 20  0  0
26 13 380120 122213204 2072980 63085212    0    0 1067264 516672 217731 616562 16  6 58 19  0  0
15 23 380120 122202760 2072980 63085224    0    0 1028880 607140 220675 610235 16  6 57 20  0  0
14 23 380120 122186560 2072980 63085244    0    0 1054560 494132 216591 608099 16  7 58 18  0  0
19 21 380120 122183572 2072988 63085316    0    0 1017616 585292 217320 607297 16  7 57 20  0  0
18 23 380120 122177728 2072988 63085340    0    0 1065104 503768 215593 611628 17  7 58 19  0  0
24 14 380120 122189504 2072988 63085364    0    0 1059424 526136 216163 607624 17  7 58 19  0  0
20 20 380120 122182516 2072988 63085388    0    0 1030384 647044 221719 619507 16  7 57 20  0  0
21 17 380120 122185744 2072988 63085408    0    0 1087648 511008 217845 623000 17  6 58 19  0  0
15 22 380120 122189148 2072988 63085416    0    0 1022176 688284 224086 618976 16  6 58 20  0  0
21 24 380120 122190928 2072988 63085432    0    0 1082528 504060 215467 619714 17  7 57 19  0  0
18 18 380120 122192944 2072988 63085452    0    0 1083040 499836 217346 622487 17  7 57 19  0  0
16 21 380120 122198404 2072988 63085476    0    0 985856 700752 221544 606062 16  7 57 20  0  0
25 14 380120 122187160 2072988 63085500    0    0 1088448 500676 217353 622723 17  7 57 19  0  0
21 18 380120 122194432 2072992 63085516    0    0 1091328 502476 217016 627193 17  7 57 19  0  0
procs -----------memory---------- ---swap-- -----io---- -system-- -------cpu-------
 r  b   swpd   free   buff  cache   si   so    bi    bo   in   cs us sy id wa st gu
26 12 380120 122208712 2072992 63085540    0    0 1059904 639564 224374 628456 16  7 58 19  0  0
20 16 380120 122216588 2072992 63085548    0    0 1120320 515696 222398 636858 17  7 57 19  0  0
22 17 380120 122199056 2072992 63085572    0    0 1065408 630664 225530 628018 17  7 57 19  0  0
17 19 380120 122181808 2072992 63085592    0    0 1104448 546588 222805 638339 17  7 57 18  0  0
17 20 380120 122193128 2072992 63085608    0    0 1022160 735860 227929 625204 16  7 57 20  0  0
 4 31 380120 122184712 2072992 63085628    0    0 1106512 509068 220818 635652 17  7 57 19  0  0
16 24 380120 122202084 2072992 63085652    0    0 1113280 512236 221856 636912 17  7 57 18  0  0
27 16 380120 122194476 2072992 63085672    0    0 1033280 627140 221889 615609 16  7 58 20  0  0
17 20 380120 122211780 2072992 63085684    0    0 1090992 521912 220221 623251 17  6 58 19  0  0
13 24 380120 122206680 2073000 63085700    0    0 1065200 614256 223571 635138 17  7 57 19  0  0
15 20 380120 122201320 2073000 63085724    0    0 1105312 531216 221991 639611 18  7 57 18  0  0
16 22 380120 122206536 2073000 63085744    0    0 1015712 761208 228775 625285 16  7 57 20  0  0
20 18 380120 122195116 2073000 63085768    0    0 1120528 507096 221700 639761 18  7 56 19  0  0
20 19 380120 122191972 2073000 63085788    0    0 1119776 510956 222189 640072 18  7 57 18  0  0
 4 31 380120 122198480 2073000 63085804    0    0 1080112 614236 224935 634678 17  7 57 19  0  0
23 16 380120 122205464 2073000 63085820    0    0 1115008 521784 220985 644303 17  6 58 19  0  0
18 20 380120 122207024 2073000 63085836    0    0 978224 820144 229391 617170 16  7 57 20  0  0
28 11 380120 122198016 2073000 63085860    0    0 1117648 511136 221696 647119 17  7 57 18  0  0
22 17 380120 122199112 2073000 63085880    0    0 1120448 507496 222366 643446 17  7 57 18  0  0
25 15 380120 122199076 2073000 63085900    0    0 1118656 508304 221714 642077 18  7 57 18  0  0
23 14 380120 122193700 2073000 63085920    0    0 1069136 630720 224706 632518 17  7 57 19  0  0
procs -----------memory---------- ---swap-- -----io---- -system-- -------cpu-------
 r  b   swpd   free   buff  cache   si   so    bi    bo   in   cs us sy id wa st gu
39 12 380120 122190776 2073000 63085944    0    0 1109504 539540 222245 640838 17  7 57 19  0  0
30 14 380120 122204336 2073000 63085956    0    0 1017840 740444 226223 613620 16  6 58 20  0  0
25 17 380120 122200416 2073000 63085972    0    0 1109872 508980 220940 638761 17  8 57 19  0  0
19 18 380120 122193916 2073000 63085992    0    0 1108608 510600 221065 633874 17  8 57 19  0  0
18 20 380120 122175824 2073000 63086016    0    0 1006688 668240 221490 610282 16  7 57 20  0  0
24 15 380120 122195188 2073000 63086036    0    0 1116320 507828 221161 636662 17  7 57 18  0  0
15 21 380120 122199432 2073000 63086060    0    0 1091216 568248 222202 640042 17  7 57 19  0  0
11 24 380120 122188264 2073000 63086080    0    0 1045952 675004 225784 626062 16  7 57 19  0  0
15 21 380120 122189832 2073004 63086092    0    0 1124048 507508 221359 637748 17  6 58 19  0  0
25 17 380120 122207544 2073004 63086112    0    0 1087472 608800 224952 639308 17  7 57 19  0  0
20 19 380120 122211564 2073004 63086132    0    0 1079312 549296 221688 624763 17  7 58 18  0  0
22 17 380120 122200788 2073004 63086156    0    0 1052976 643432 223945 630063 17  7 57 19  0  0
20 18 380120 122193060 2073004 63086176    0    0 1110896 515136 221148 641865 17  7 57 19  0  0
26 12 380120 122172200 2073008 63086192    0    0 1077696 592044 224961 631640 17  7 57 19  0  0
24 18 380120 122190916 2073008 63086220    0    0 1086080 588036 223018 634194 17  7 57 19  0  0
22 16 380120 122207712 2073008 63086232    0    0 1116048 553436 224169 639415 17  6 58 19  0  0
16 20 380120 122190736 2073008 63086248    0    0 1014784 760416 228049 628810 16  7 57 20  0  0
31 16 380120 122198260 2073008 63086268    0    0 1105504 536964 221880 634996 17  8 57 18  0  0
19 19 380120 122188992 2073008 63086292    0    0 1112272 502464 220591 637352 17  7 57 18  0  0
18 19 380120 122205352 2073008 63086308    0    0 1101392 546008 222443 634999 17  7 57 19  0  0
22 13 380120 122198736 2073008 63086324    0    0 987856 743312 225326 609779 16  7 57 20  0  0
procs -----------memory---------- ---swap-- -----io---- -system-- -------cpu-------
 r  b   swpd   free   buff  cache   si   so    bi    bo   in   cs us sy id wa st gu
22 15 380120 122195128 2073008 63086340    0    0 1103648 512512 220079 635480 17  7 57 19  0  0
20 16 380120 122203836 2073008 63086368    0    0 1059264 502952 214694 604358 16  6 58 20  0  0
22 16 380120 122198700 2073008 63086380    0    0 1047840 494660 211886 606289 16  7 57 20  0  0
16 21 380120 122198968 2073008 63086412    0    0 1034624 605276 218876 613743 16  7 57 20  0  0
12 25 380120 122177128 2073008 63086428    0    0 1066784 501604 216176 612875 17  7 57 19  0  0
35 15 380120 122188048 2073008 63086448    0    0 1001632 677752 221087 605259 16  7 57 20  0  0
15 22 380120 122185480 2073008 63086472    0    0 1091376 502348 216089 627449 17  7 57 19  0  0
27 12 380120 122186264 2073012 63086492    0    0 1055104 511416 216716 608830 17  7 58 19  0  0
21 18 380120 122199228 2073012 63086508    0    0 1072096 601016 222481 624902 16  6 58 20  0  0
17 18 380120 122206140 2073012 63086520    0    0 1077136 593928 223827 633117 17  7 57 19  0  0
22 17 380120 122198764 2073012 63086540    0    0 1099456 554968 222762 637481 17  7 57 19  0  0
19 20 380120 122184600 2073012 63086576    0    0 1038496 697676 226683 626409 17  7 57 19  0  0
21 17 380120 122186412 2073012 63086592    0    0 1117056 512912 221574 638364 18  7 57 18  0  0
24 15 380120 122179048 2073012 63086612    0    0 1075776 547112 219477 624822 17  7 58 18  0  0
29 15 380120 122175256 2073012 63086632    0    0 1076048 611472 225139 639625 17  7 57 19  0  0
12 24 380120 122199264 2073012 63086648    0    0 1092848 544016 220753 626605 17  6 59 19  0  0
21 17 380120 122203944 2073012 63086660    0    0 1067296 608924 224271 630289 17  7 57 19  0  0
36 13 380120 122183388 2073012 63086680    0    0 1103760 538608 222160 638277 17  8 57 19  0  0
17 21 380120 122188784 2073012 63086700    0    0 966784 735092 221471 600217 16  7 57 21  0  0
13 25 380120 122194160 2073012 63086720    0    0 1055984 495908 213608 607469 17  7 57 19  0  0
22 24 380120 122174068 2073012 63086736    0    0 1060864 496148 215173 610315 16  7 57 19  0  0
procs -----------memory---------- ---swap-- -----io---- -system-- -------cpu-------
 r  b   swpd   free   buff  cache   si   so    bi    bo   in   cs us sy id wa st gu
21 18 380120 122159836 2073012 63086768    0    0 1110272 514272 220480 635484 17  7 57 18  0  0
33 18 380120 122170660 2073016 63086780    0    0 1039840 721112 225911 630537 16  6 58 20  0  0
21 17 380120 122187108 2073016 63086796    0    0 1119264 506536 220579 641150 17  7 57 19  0  0
23 26 380120 122188184 2073016 63086816    0    0 1104064 561244 223799 643336 17  8 57 19  0  0
17 20 380120 122197768 2073016 63086840    0    0 1026944 729036 226899 627687 17  7 57 19  0  0
18 20 380120 122189292 2073016 63086864    0    0 1115536 511200 221925 643359 17  8 57 18  0  0
21 18 380120 122178084 2073016 63086884    0    0 1118032 507664 221351 642048 17  7 57 18  0  0
17 19 380120 122186236 2073016 63086900    0    0 1068416 638928 225797 633604 17  7 57 19  0  0
13 23 380120 122208116 2073016 63086920    0    0 1108528 513268 220537 634987 17  6 58 18  0  0
25 13 380120 122209136 2073016 63086932    0    0 1053840 664908 226383 637092 17  7 57 19  0  0
26 10 380120 122193568 2073016 63086956    0    0 1114272 514504 221390 640156 17  8 57 18  0  0
17 19 380120 122186548 2073016 63086976    0    0 1063536 651332 225807 632570 17  7 57 19  0  0
20 16 380120 122173924 2073016 63086996    0    0 1115408 504688 220358 640043 17  7 57 18  0  0
16 19 380120 122172124 2073016 63087008    0    0 1021408 717100 226817 624393 16  7 57 20  0  0
20 16 380120 122179564 2073016 63087032    0    0 1109072 502576 219117 632792 17  7 57 19  0  0
15 21 380120 122179420 2073016 63087056    0    0 1086384 502444 218577 620011 17  6 58 19  0  0
19 19 380120 122193996 2073016 63087072    0    0 986288 644964 218431 597306 15  6 58 21  0  0
17 20 380120 122202236 2073016 63087092    0    0 1073936 519260 217407 621099 17  7 57 19  0  0
20 15 380120 122188424 2073016 63087116    0    0 1116432 524896 221044 645787 17  8 57 19  0  0
22 14 380120 122167660 2073016 63087136    0    0 1014384 693968 224346 621132 16  7 58 19  0  0
26 12 380120 122177388 2073016 63087152    0    0 1120688 521356 222537 646340 17  7 57 19  0  0
procs -----------memory---------- ---swap-- -----io---- -system-- -------cpu-------
 r  b   swpd   free   buff  cache   si   so    bi    bo   in   cs us sy id wa st gu
13 23 380120 122170296 2073020 63087172    0    0 1045744 696816 227359 635710 17  7 57 19  0  0
20 18 380120 122188784 2073020 63087200    0    0 1135536 516708 223221 646961 17  7 57 19  0  0
17 17 380120 122205680 2073020 63087208    0    0 1082240 675460 229110 647154 17  7 58 19  0  0
22 16 380120 122199464 2073020 63087232    0    0 1135040 516456 224143 653817 18  8 57 18  0  0
27 10 380120 122195844 2073020 63087252    0    0 1048688 780276 232321 651706 17  7 57 19  0  0
20 14 380120 122181152 2073020 63087280    0    0 1138736 516240 224484 653812 18  7 57 18  0  0
20 16 380120 122182744 2073020 63087296    0    0 1134592 521356 223249 655023 18  7 57 18  0  0
24 13 380120 122176600 2073020 63087324    0    0 1042592 778068 231264 643783 17  7 57 19  0  0
21 14 380120 122187028 2073020 63087344    0    0 1143824 521108 224265 659088 17  7 57 18  0  0
34  9 380120 122202496 2073020 63087348    0    0 1140544 519320 222750 654013 17  7 57 19  0  0
22 11 380120 122203820 2073020 63087368    0    0 1058048 695480 227474 645677 17  7 57 19  0  0
20 15 380120 122196012 2073020 63087384    0    0 1092096 509836 218091 633831 17  7 57 19  0  0
24 12 380120 122193196 2073020 63087408    0    0 1068672 504252 216117 618959 17  7 57 19  0  0
20 16 380120 122188852 2073020 63087424    0    0 1058368 604380 221882 625225 17  7 57 19  0  0
24 13 380120 122187892 2073020 63087444    0    0 1101504 625472 227432 654041 17  7 57 19  0  0
20 16 380120 122192260 2073020 63087472    0    0 1120720 523468 222116 642934 17  7 58 18  0  0
19 18 380120 122204712 2073020 63087480    0    0 1097296 662776 228799 650426 17  6 58 19  0  0
24 14 380120 122210284 2073020 63087500    0    0 1100304 639856 227938 656745 17  8 57 19  0  0
25 16 380120 122193556 2073020 63087520    0    0 1120016 499432 221313 641052 17  7 58 18  0  0
22 14 380120 122183200 2073020 63087536    0    0 1096944 631832 226852 650866 17  8 57 19  0  0
15 20 380120 122187348 2073020 63087560    0    0 1042848 750020 229057 639051 17  7 57 19  0  0
procs -----------memory---------- ---swap-- -----io---- -system-- -------cpu-------
 r  b   swpd   free   buff  cache   si   so    bi    bo   in   cs us sy id wa st gu
24 11 380120 122183632 2073024 63087576    0    0 1135520 516080 223082 655411 18  8 57 18  0  0
14 21 380120 122204244 2073024 63087600    0    0 1139328 521348 223760 656693 18  7 57 18  0  0
18 16 380120 122200580 2073024 63087612    0    0 1052624 757948 229984 645027 16  6 58 20  0  0
20 18 380120 122200600 2073024 63087624    0    0 1139536 514352 223476 656917 17  8 57 18  0  0
14 25 380120 122185464 2073024 63087648    0    0 1127104 497740 220638 647665 17  7 57 18  0  0
20 18 380120 122184816 2073028 63087664    0    0 1108224 613768 226992 649219 17  7 57 18  0  0
19 17 380120 122182824 2073028 63087688    0    0 1000608 813312 231999 628682 16  7 57 20  0  0
19 19 380120 122188412 2073028 63087704    0    0 1131600 510628 223211 654579 18  7 57 18  0  0
20 14 380120 122186316 2073028 63087724    0    0 1078464 497488 217397 620881 17  7 57 19  0  0
24 14 380120 122201652 2073028 63087736    0    0 1081984 507096 217756 619140 16  6 58 20  0  0
24 14 380120 122193568 2073032 63087756    0    0 1008160 789924 228703 627760 16  7 57 20  0  0
25 10 380120 122182816 2073032 63087776    0    0 1131552 519604 222869 651357 18  7 57 18  0  0
24 12 380120 122190520 2073032 63087792    0    0 1140064 519856 224049 655760 18  8 56 18  0  0
25 11 380120 122207816 2073032 63087820    0    0 1092816 643068 227854 652004 17  7 57 18  0  0
 2  0 380120 122205272 2073032 63087840    0    0 1126640 504228 221844 650771 17  7 57 18  0  0
18 17 380120 122192000 2073040 63087856    0    0 1040256 725240 228918 639166 16  7 58 19  0  0
22 13 380120 122203140 2073040 63087884    0    0 1140000 518880 223223 655705 17  6 58 19  0  0
25 17 380120 122190216 2073040 63087896    0    0 1034240 780332 231403 640499 17  7 57 19  0  0
20 16 380120 122202920 2073040 63087912    0    0 1132912 521536 222900 650224 17  8 57 18  0  0
22 14 380120 122187112 2073040 63087940    0    0 1119392 513836 221291 646738 17  7 57 18  0  0
17 17 380120 122188644 2073040 63087964    0    0 1042976 566612 217501 618444 17  7 57 19  0  0
procs -----------memory---------- ---swap-- -----io---- -system-- -------cpu-------
 r  b   swpd   free   buff  cache   si   so    bi    bo   in   cs us sy id wa st gu
19 17 380120 122188936 2073040 63087984    0    0 1062448 541176 217394 619252 17  7 57 19  0  0
16 16 380120 122186436 2073040 63088004    0    0 993792 634632 217771 600647 16  7 57 20  0  0
16 18 380120 122205556 2073040 63088032    0    0 1072368 502576 217547 609508 16  6 58 20  0  0
26 21 380120 122184752 2073040 63088044    0    0 1050560 492168 213335 603964 17  7 58 19  0  0
21 15 380120 122177212 2073044 63088068    0    0 1011104 571064 214626 590258 17  7 57 19  0  0
18 18 380120 122188548 2073044 63088088    0    0 1019776 599340 216597 609036 16  7 57 20  0  0
14 22 380120 122180092 2073044 63088104    0    0 1063168 508324 215847 615868 17  7 57 19  0  0
23 14 380120 122178792 2073044 63088124    0    0 1000496 663388 219989 609207 16  7 57 20  0  0
23 14 380120 122194272 2073044 63088148    0    0 1074848 506804 217195 617770 17  7 57 19  0  0
18 22 380120 122193448 2073052 63088160    0    0 1065440 527004 217155 610779 16  6 59 19  0  0
 5  0 380120 122198792 2073052 63088180    0    0 1066288 541028 217078 622480 17  7 57 20  0  0
26 14 380120 122188000 2073052 63088200    0    0 1002416 631596 218884 603375 16  7 58 19  0  0
15 20 380120 122180288 2073052 63088220    0    0 1064368 555776 219579 619535 17  7 57 19  0  0
17 19 380120 122187836 2073052 63088240    0    0 1029456 635832 221526 617397 16  7 57 20  0  0
21 14 380120 122197824 2073052 63088260    0    0 1073696 510964 217153 620978 17  7 57 19  0  0
26 11 380120 122190216 2073052 63088280    0    0 1055520 565492 218634 624336 17  7 57 19  0  0
19 16 380120 122199076 2073052 63088308    0    0 1025280 636272 219770 612043 16  6 58 20  0  0
25 13 380120 122202008 2073052 63088316    0    0 1087440 509596 217670 627932 17  7 57 19  0  0
20 16 380120 122194772 2073052 63088336    0    0 1067360 545768 218524 621533 17  7 57 19  0  0
19 16 380120 122184936 2073052 63088352    0    0 984240 709288 221977 606683 16  7 57 20  0  0
23 13 380120 122186324 2073052 63088376    0    0 1078752 511068 217977 622912 17  7 57 19  0  0
procs -----------memory---------- ---swap-- -----io---- -system-- -------cpu-------
 r  b   swpd   free   buff  cache   si   so    bi    bo   in   cs us sy id wa st gu
21 14 380120 122189168 2073052 63088392    0    0 1079312 512568 216713 627912 17  7 57 19  0  0
18 18 380120 122180008 2073052 63088416    0    0 1060288 529032 217167 625473 17  7 57 19  0  0
18 17 380120 122185300 2073052 63088436    0    0 1002096 627532 218270 607127 15  6 59 20  0  0
19 17 380120 122188432 2073052 63088448    0    0 1059856 560864 218001 625225 17  7 57 20  0  0
20 19 380120 122185200 2073052 63088472    0    0 1051392 590364 218109 633182 16  7 57 19  0  0
17 19 380120 122202404 2073052 63088496    0    0 1095408 492032 218051 628197 17  7 57 19  0  0
26 12 380120 122194560 2073052 63088516    0    0 995168 659644 220486 604545 16  7 58 19  0  0
22 13 380120 122189412 2073052 63088544    0    0 1108016 492000 218777 636044 17  7 57 19  0  0
21 15 380120 122196248 2073056 63088556    0    0 1008912 677312 223361 615726 16  7 58 19  0  0
18 15 380120 122198360 2073056 63088584    0    0 1132672 504148 222425 646317 17  7 57 19  0  0
24 12 380120 122190836 2073056 63088592    0    0 1013520 709604 224293 623817 16  6 58 19  0  0
16 19 380120 122196664 2073056 63088616    0    0 1122864 511496 222318 646072 17  7 57 19  0  0
23 18 380120 122199860 2073056 63088632    0    0 1055440 669624 226022 638047 17  7 57 19  0  0
23 12 380120 122200932 2073056 63088648    0    0 1116256 512644 220217 648062 17  7 57 18  0  0
18 18 380120 122199944 2073056 63088672    0    0 1038624 694400 225765 634040 16  7 57 19  0  0
22 13 380120 122191428 2073056 63088692    0    0 1123696 515824 222527 648505 18  7 57 18  0  0
19 18 380120 122191612 2073056 63088712    0    0 1044656 678332 223717 636277 16  7 57 20  0  0
27 11 380120 122208964 2073056 63088724    0    0 1122944 511480 220131 650444 17  7 57 19  0  0
29 12 380120 122185928 2073060 63088740    0    0 1065888 549564 218875 625873 17  7 57 19  0  0
28 13 380120 122176848 2073060 63088772    0    0 1082048 588412 223511 632896 17  7 57 19  0  0
23 12 380120 122178084 2073060 63088788    0    0 1062720 628508 225071 630502 17  7 57 19  0  0
procs -----------memory---------- ---swap-- -----io---- -system-- -------cpu-------
 r  b   swpd   free   buff  cache   si   so    bi    bo   in   cs us sy id wa st gu
22 15 380120 122188836 2073060 63088808    0    0 1126480 492316 222269 645026 18  7 57 18  0  0
19 15 380120 122188988 2073060 63088824    0    0 1056576 605924 220873 630851 17  7 58 18  0  0
19 18 380120 122201772 2073060 63088840    0    0 1003680 815160 230915 628431 16  7 58 20  0  0
27 12 380120 122202752 2073060 63088856    0    0 1127088 517844 222900 645915 17  7 58 19  0  0
17 19 380120 122202052 2073060 63088876    0    0 1115344 515464 221904 642698 17  7 57 18  0  0
22 14 380120 122179824 2073060 63088892    0    0 1119584 518892 221795 644511 17  7 57 18  0  0
19 17 380120 122190900 2073060 63088916    0    0 1004448 756444 227278 628379 16  7 57 20  0  0
17 20 380120 122190100 2073064 63088928    0    0 1115408 516348 222334 639865 17  7 57 18  0  0
21 15 380120 122183500 2073064 63088960    0    0 1117296 515588 222350 643426 18  7 57 18  0  0
19 17 380120 122187636 2073064 63088984    0    0 1037344 714420 227223 634297 16  7 57 20  0  0
18 16 380120 122194500 2073064 63089004    0    0 1124000 514632 222587 642716 17  6 58 19  0  0
25 12 380120 122177572 2073064 63089016    0    0 1110688 539268 222394 650053 17  7 57 19  0  0
20 17 380120 122189776 2073072 63089032    0    0 986720 824588 229298 632185 16  7 57 20  0  0
23 14 380120 122188972 2073072 63089064    0    0 1116736 514644 221357 647291 17  7 57 18  0  0
17 18 380120 122183400 2073072 63089092    0    0 1111552 515736 220502 643459 17  7 57 18  0  0
21 17 380120 122186244 2073072 63089108    0    0 1112048 516980 221305 642114 17  7 57 19  0  0
20 17 380120 122184528 2073072 63089128    0    0 1018096 689380 224499 619226 16  7 57 20  0  0
22 14 380120 122196032 2073072 63089148    0    0 1091856 507632 217547 624861 17  6 58 20  0  0
18 19 380120 122192128 2073072 63089160    0    0 1095520 473432 216926 624924 17  7 57 19  0  0
24 13 380120 122197940 2073072 63089188    0    0 1000064 606272 215608 592844 16  7 58 19  0  0
20 16 380120 122205472 2073072 63089204    0    0 987776 706512 223079 605624 16  7 57 20  0  0
procs -----------memory---------- ---swap-- -----io---- -system-- -------cpu-------
 r  b   swpd   free   buff  cache   si   so    bi    bo   in   cs us sy id wa st gu
18 18 380120 122186956 2073072 63089224    0    0 1086736 511624 217171 628102 17  7 57 19  0  0
20 14 380120 122187416 2073072 63089244    0    0 1112032 517608 221277 642074 17  7 57 19  0  0
25 12 380120 122190044 2073072 63089264    0    0 1061152 605512 222162 631458 17  7 57 19  0  0
20 17 380120 122195496 2073072 63089284    0    0 1116752 560756 223653 646648 17  6 58 19  0  0
22 16 380120 122196952 2073072 63089296    0    0 1037392 700476 225809 634214 16  7 57 20  0  0
26 13 380120 122188264 2073072 63089316    0    0 1119024 517636 222279 647577 17  7 57 18  0  0
22 15 380120 122194504 2073076 63089336    0    0 1133936 488884 221637 652483 18  8 57 18  0  0
19 21 380120 122193876 2073076 63089356    0    0 1056416 632928 223328 629718 17  7 58 19  0  0
26 11 380120 122194520 2073076 63089376    0    0 1006912 768996 228264 625642 16  7 57 20  0  0
20 15 380120 122198840 2073076 63089396    0    0 1121600 512540 222286 648123 18  7 57 18  0  0
18 16 380120 122210180 2073076 63089412    0    0 1129632 515708 223161 648301 17  6 58 19  0  0
26 12 380120 122195920 2073080 63089420    0    0 1023728 650608 222204 616294 16  7 57 20  0  0
23 14 380120 122180980 2073080 63089452    0    0 1110624 516276 221211 640450 17  7 57 19  0  0
22 14 380120 122179372 2073080 63089476    0    0 1048960 659984 225218 629401 17  7 57 19  0  0
21 16 380120 122191096 2073080 63089492    0    0 1115808 515776 221500 643602 17  8 57 18  0  0
19 17 380120 122179272 2073080 63089508    0    0 1034976 706528 226016 631169 17  7 57 20  0  0
18 18 380120 122185612 2073084 63089528    0    0 1118688 518372 221836 647523 17  7 57 18  0  0
22 14 380120 122192216 2073084 63089548    0    0 1146496 484308 221523 653743 17  6 58 19  0  0
24 13 380120 122201948 2073084 63089560    0    0 1029024 695860 225410 624502 17  7 58 19  0  0
22 18 380120 122191992 2073084 63089580    0    0 1125488 507400 221966 648895 18  7 57 18  0  0
24 13 380120 122187544 2073084 63089604    0    0 1018480 674368 223272 620523 16  7 58 19  0  0
procs -----------memory---------- ---swap-- -----io---- -system-- -------cpu-------
 r  b   swpd   free   buff  cache   si   so    bi    bo   in   cs us sy id wa st gu
12 24 380120 122187884 2073084 63089624    0    0 1127760 505396 221361 648546 17  8 57 18  0  0
20 17 380120 122185976 2073084 63089648    0    0 1021888 689028 224437 626427 16  7 58 19  0  0
19 18 380120 122182648 2073084 63089668    0    0 1135040 489360 222239 647476 18  8 57 18  0  0
16 18 380120 122201352 2073084 63089688    0    0 1056560 631972 221279 627687 16  6 59 19  0  0
20 18 380120 122193128 2073084 63089700    0    0 1029408 749292 228861 633800 16  7 57 20  0  0
19 17 380120 122188308 2073084 63089724    0    0 1113232 512940 220688 640415 17  7 57 18  0  0
17 18 380120 122182872 2073084 63089740    0    0 1121376 516040 222811 648120 17  8 56 19  0  0
16 21 380120 122174228 2073084 63089760    0    0 1074544 619184 224874 637494 17  7 57 19  0  0
27 10 380120 122177648 2073084 63089788    0    0 1089568 560820 221950 637618 17  8 57 19  0  0
21 14 380120 122179368 2073084 63089812    0    0 1050576 636052 222895 628577 17  7 57 19  0  0
12 21 380120 122199836 2073084 63089832    0    0 1116096 515576 222772 639872 17  7 58 19  0  0
19 17 380120 122202428 2073084 63089840    0    0 1047312 690456 226525 628355 16  7 57 20  0  0
19 17 380120 122191160 2073084 63089856    0    0 1116608 516064 221454 643327 17  7 57 18  0  0
18 21 380120 122176304 2073084 63089888    0    0 1077280 622844 224211 639995 17  7 57 19  0  0
19 16 380120 122197044 2073084 63089904    0    0 1099088 562996 222079 644663 17  7 57 19  0  0
24 15 380120 122200804 2073088 63089920    0    0 1074784 628968 224630 640316 17  7 57 19  0  0
23 14 380120 122192924 2073088 63089940    0    0 1116480 516948 221014 644480 17  7 57 18  0  0
22 13 380120 122189696 2073088 63089968    0    0 1014064 745508 226806 621275 16  6 58 20  0  0
20 15 380120 122182132 2073088 63089984    0    0 1117696 512804 221110 639510 17  7 57 19  0  0
24 12 380120 122177456 2073088 63090004    0    0 1119920 510128 219712 647441 17  7 57 18  0  0
21 14 380120 122186904 2073092 63090020    0    0 1045952 704156 226879 634146 16  7 57 19  0  0
procs -----------memory---------- ---swap-- -----io---- -system-- -------cpu-------
 r  b   swpd   free   buff  cache   si   so    bi    bo   in   cs us sy id wa st gu
15 23 380120 122180972 2073092 63090040    0    0 1121872 515104 221999 645269 17  7 57 18  0  0
22 14 380120 122185672 2073092 63090056    0    0 1122896 553568 224036 650681 17  7 57 18  0  0
17 19 380120 122195428 2073092 63090080    0    0 1005264 618592 217855 603900 16  7 58 19  0  0
20 13 380120 122200676 2073092 63090104    0    0 1016480 643684 218775 610332 16  6 57 20  0  0
21 19 380120 122197868 2073096 63090108    0    0 1124160 519192 221534 641775 17  7 57 19  0  0
23 13 380120 122181168 2073096 63090128    0    0 1087584 600672 223871 639776 17  7 57 19  0  0
29  9 380120 122180652 2073096 63090152    0    0 1068832 652920 225431 642222 17  7 57 19  0  0
34  7 380120 122179096 2073096 63090176    0    0 1131152 520468 222124 653695 18  7 57 18  0  0
21 15 380120 122190964 2073096 63090200    0    0 1048864 748856 229064 640573 17  7 57 19  0  0
19 17 380120 122187596 2073096 63090220    0    0 1137008 519164 222434 658184 18  7 57 18  0  0
19 16 380120 122204004 2073096 63090236    0    0 1144256 519176 222815 657931 18  7 57 18  0  0
14 22 380120 122207264 2073096 63090252    0    0 1016272 860644 233649 639050 16  6 58 20  0  0
 4  0 380120 122183320 2073096 63090276    0    0 1167520 459020 223917 661291 18  8 56 18  0  0
26 12 380120 122184920 2073096 63090296    0    0 1101984 573396 222302 638394 17  7 57 18  0  0
20 16 380120 122193064 2073096 63090312    0    0 1146448 499752 222287 658137 18  7 57 18  0  0
17 19 380120 122196300 2073096 63090336    0    0 1068752 646652 225172 635306 17  7 58 18  0  0
25 12 380120 122206872 2073096 63090360    0    0 1070544 723940 229877 649789 17  7 57 19  0  0
26 12 380120 122199996 2073096 63090372    0    0 1139488 504424 222412 648675 18  7 57 18  0  0
21 15 380120 122190264 2073096 63090396    0    0 1132928 558032 224970 654210 17  6 58 19  0  0
28 11 380120 122181380 2073096 63090412    0    0 1013152 721676 224918 622637 17  7 57 20  0  0
22 15 380120 122173644 2073096 63090436    0    0 1077968 503028 215702 625948 17  7 57 19  0  0
procs -----------memory---------- ---swap-- -----io---- -system-- -------cpu-------
 r  b   swpd   free   buff  cache   si   so    bi    bo   in   cs us sy id wa st gu
23 16 380120 122181088 2073096 63090456    0    0 1083312 505136 215417 627787 17  7 57 19  0  0
21 15 380120 122184100 2073096 63090472    0    0 1084032 612732 225019 638405 17  7 57 19  0  0
16 18 380120 122196164 2073096 63090492    0    0 1098800 579016 223847 645214 17  8 57 19  0  0
21 16 380120 122196668 2073096 63090516    0    0 1100608 603800 225063 649848 17  7 57 19  0  0
17 19 380120 122194416 2073096 63090528    0    0 1108688 611072 226370 651661 17  6 58 19  0  0
15 19 380120 122194712 2073096 63090544    0    0 1098416 616024 226241 646252 17  7 57 18  0  0
27 11 380120 122193140 2073096 63090564    0    0 1125824 555312 225136 653652 18  8 57 18  0  0
14 21 380120 122182552 2073096 63090588    0    0 1068208 711280 229646 641194 17  7 57 19  0  0
19 17 380120 122186484 2073096 63090604    0    0 1136400 518916 223165 653589 18  7 57 18  0  0
22 14 380120 122180252 2073096 63090628    0    0 1121824 560320 224231 650112 17  7 57 18  0  0
21 14 380120 122178136 2073096 63090644    0    0 1004672 838504 232242 633540 16  7 57 20  0  0
20 19 380120 122186016 2073096 63090660    0    0 1154000 494704 221244 666918 17  6 58 19  0  0
20 17 380120 122182844 2073096 63090676    0    0 1132208 539048 224684 651053 18  8 56 18  0  0
25 13 380120 122185544 2073096 63090700    0    0 1153280 496724 222214 662430 18  8 57 18  0  0
24 11 380120 122181764 2073096 63090720    0    0 1042640 711872 225886 634967 16  7 58 19  0  0
19 18 380120 122185612 2073096 63090736    0    0 1137040 513988 222215 654661 18  7 57 18  0  0
20 15 380120 122193732 2073096 63090752    0    0 973744 758128 223216 609128 16  7 57 20  0  0
25 11 380120 122175092 2073096 63090776    0    0 1074704 500840 214900 614111 17  7 57 19  0  0
14 21 380120 122186264 2073096 63090796    0    0 1132592 514308 221365 647700 17  6 58 19  0  0
15 20 380120 122207280 2073096 63090804    0    0 1076096 625824 224070 637327 17  7 57 19  0  0
20 16 380120 122195472 2073096 63090824    0    0 1126624 531232 223203 650994 18  7 57 18  0  0
procs -----------memory---------- ---swap-- -----io---- -system-- -------cpu-------
 r  b   swpd   free   buff  cache   si   so    bi    bo   in   cs us sy id wa st gu
20 18 380120 122188896 2073096 63090844    0    0 1013632 776544 229035 628997 16  7 58 19  0  0
18 19 380120 122188508 2073096 63090864    0    0 1135248 517832 222187 651799 18  7 57 18  0  0
25 11 380120 122188628 2073096 63090900    0    0 1138240 520160 223257 653305 18  7 57 18  0  0
21 16 380120 122209476 2073096 63090924    0    0 1074160 701292 229149 648397 17  8 57 19  0  0
19 18 380120 122220568 2073096 63090940    0    0 1145648 520336 223007 654588 17  6 58 19  0  0
20 17 380120 122222012 2073096 63090952    0    0 1083056 677104 228245 648331 17  7 57 19  0  0
17 21 380120 122188588 2073096 63090976    0    0 1133568 518228 221812 657858 18  7 57 18  0  0
22 15 380120 122177844 2073096 63091000    0    0 1038400 759544 229517 645191 16  7 57 19  0  0
24 13 380120 122184112 2073096 63091020    0    0 1134288 518396 222294 655385 18  7 57 18  0  0
25 12 380120 122184300 2073096 63091040    0    0 1136832 517120 222291 653845 18  8 57 18  0  0
21 15 380120 122186988 2073096 63091056    0    0 1071600 704524 229378 642401 17  7 57 19  0  0
18 19 380120 122204984 2073096 63091080    0    0 1141168 520504 222820 659128 17  7 58 19  0  0
23 14 380120 122201108 2073096 63091092    0    0 1051968 648016 223679 630418 17  7 57 19  0  0
18 18 380120 122189684 2073096 63091112    0    0 1073968 503952 215412 616441 17  7 57 19  0  0
19 17 380120 122179728 2073096 63091136    0    0 1077808 564084 219736 632479 17  7 57 19  0  0
23 15 380120 122168288 2073096 63091156    0    0 1017872 748408 227701 630595 16  7 57 19  0  0
27 12 380120 122179540 2073100 63091176    0    0 1129872 522388 222907 648290 18  7 57 18  0  0
26 11 380120 122182224 2073100 63091204    0    0 1126640 522116 221938 651370 18  7 57 18  0  0
27  9 380120 122196716 2073100 63091220    0    0 1108192 608796 225937 648105 17  7 57 19  0  0
22 18 380120 122181136 2073100 63091228    0    0 1086672 661772 227361 645197 17  7 57 19  0  0
19 19 380120 122181256 2073100 63091252    0    0 1132944 526728 222487 650932 18  8 57 18  0  0
procs -----------memory---------- ---swap-- -----io---- -system-- -------cpu-------
 r  b   swpd   free   buff  cache   si   so    bi    bo   in   cs us sy id wa st gu
20 15 380120 122179828 2073100 63091272    0    0 1066656 718084 229277 647223 17  7 57 19  0  0
21 16 380120 122177724 2073100 63091296    0    0 1138656 520996 223687 654689 18  7 57 18  0  0
19 17 380120 122185260 2073100 63091316    0    0 1102208 603780 224324 649478 17  7 57 18  0  0
23 11 380120 122189924 2073100 63091332    0    0 1090304 637984 227431 647755 17  7 57 19  0  0
13 21 380120 122193764 2073100 63091356    0    0 1153440 486764 220859 660651 17  7 57 18  0  0
25 11 380120 122191776 2073104 63091360    0    0 1052208 715096 226480 633657 16  6 58 19  0  0
18 18 380120 122193300 2073104 63091380    0    0 1142416 499684 222839 653312 18  8 57 18  0  0
25 14 380120 122189860 2073104 63091396    0    0 1043888 718800 228716 637996 17  7 58 19  0  0
18 16 380120 122184996 2073104 63091420    0    0 1128560 511988 221460 648239 18  8 57 18  0  0
29 10 380120 122188564 2073104 63091444    0    0 1023328 644364 219702 614438 16  7 57 20  0  0
18 18 380120 122193836 2073104 63091468    0    0 1071744 506320 215754 619432 17  7 57 19  0  0
16 18 380120 122187048 2073104 63091492    0    0 1089136 634348 225984 646438 17  7 57 19  0  0
22 14 380120 122202612 2073104 63091500    0    0 1140352 502836 222432 649083 17  7 57 19  0  0
19 17 380120 122199912 2073104 63091516    0    0 1063136 623440 222922 628494 17  7 58 18  0  0
16 21 380120 122195308 2073104 63091536    0    0 999472 837560 232555 631732 16  7 57 20  0  0
16 24 380120 122186560 2073104 63091556    0    0 1144112 497152 222564 656649 18  7 57 18  0  0
17 20 380120 122187420 2073104 63091584    0    0 1128768 539740 222575 650399 18  7 57 18  0  0
21 18 380120 122188536 2073104 63091604    0    0 1137680 526404 223332 655142 18  8 57 18  0  0
23 15 380120 122189180 2073104 63091624    0    0 1048096 717228 227860 637392 16  7 58 19  0  0
20 15 380120 122188452 2073104 63091640    0    0 1145248 515360 223533 651795 17  7 57 19  0  0
24 13 380120 122205788 2073104 63091656    0    0 1025024 795972 230885 637367 16  7 57 19  0  0
procs -----------memory---------- ---swap-- -----io---- -system-- -------cpu-------
 r  b   swpd   free   buff  cache   si   so    bi    bo   in   cs us sy id wa st gu
26 12 380120 122189600 2073104 63091680    0    0 1138000 518180 222261 652734 18  8 57 18  0  0
19 17 380120 122180576 2073104 63091700    0    0 1138208 518900 223050 656003 18  8 57 18  0  0
24 13 380120 122193560 2073104 63091716    0    0 1083872 685804 229160 650397 17  7 57 19  0  0
25 12 380120 122184748 2073104 63091736    0    0 1136528 521280 222712 654719 18  8 57 18  0  0
15 20 380120 122185868 2073104 63091756    0    0 1060592 744668 230286 647825 17  7 57 19  0  0
21 15 380120 122191972 2073104 63091772    0    0 1098704 507136 218531 622616 17  6 58 20  0  0
21 17 380120 122177968 2073104 63091792    0    0 1073408 505736 214737 619938 17  7 57 19  0  0
26 14 380120 122189712 2073104 63091812    0    0 1081552 580356 221067 638302 17  7 57 19  0  0
20 18 380120 122182520 2073104 63091832    0    0 1058176 665632 223741 636593 17  7 57 19  0  0
19 18 380120 122162316 2073104 63091848    0    0 1128016 519452 221573 646841 18  7 57 18  0  0
19 18 380120 122176908 2073108 63091868    0    0 1102400 579512 223119 644853 17  7 57 19  0  0
18 16 380120 122187896 2073108 63091892    0    0 1056688 734168 228457 645596 17  7 57 19  0  0
19 16 380120 122196268 2073108 63091908    0    0 1140880 524504 223869 652246 17  6 58 19  0  0
23 16 380120 122205464 2073108 63091920    0    0 1133616 520972 223022 650106 18  7 57 18  0  0
19 18 380120 122182636 2073108 63091940    0    0 1033840 809968 232138 645474 17  7 57 19  0  0
16 19 380120 122173276 2073112 63091960    0    0 1140544 517224 223275 654148 18  7 57 18  0  0
18 19 380120 122175352 2073112 63091988    0    0 1138192 516296 223744 652329 17  8 57 18  0  0
20 16 380120 122181936 2073112 63092012    0    0 1064288 696180 227888 641277 17  7 57 19  0  0
31  5 380120 122181964 2073112 63092028    0    0 1136576 518728 222435 654557 18  8 57 18  0  0
16 19 380120 122189224 2073112 63092044    0    0 1112560 623444 226323 656068 17  6 58 19  0  0
23 14 380120 122190408 2073112 63092052    0    0 1125504 561692 225053 653460 18  7 57 18  0  0
procs -----------memory---------- ---swap-- -----io---- -system-- -------cpu-------
 r  b   swpd   free   buff  cache   si   so    bi    bo   in   cs us sy id wa st gu
19 17 380120 122178552 2073112 63092080    0    0 1038976 786948 231001 642291 17  7 57 19  0  0
20 17 380120 122181372 2073112 63092100    0    0 1113520 507648 219174 637885 17  7 57 18  0  0
17 18 380120 122175612 2073112 63092124    0    0 1079712 504112 215857 620631 17  7 57 19  0  0
22 18 380120 122181720 2073112 63092140    0    0 1088304 512676 218041 626645 17  7 57 19  0  0
28 10 380120 122187720 2073112 63092160    0    0 1000352 837012 231407 632167 16  7 57 20  0  0
15 21 380120 122204388 2073112 63092184    0    0 1132320 516336 222143 648965 17  6 58 19  0  0
20 15 380120 122200948 2073112 63092200    0    0 1133024 518548 221979 653848 18  7 57 18  0  0
21 14 380120 122201104 2073112 63092220    0    0 1128960 529704 223966 650123 18  7 57 18  0  0
17 19 380120 122194068 2073112 63092236    0    0 1040064 712684 228125 632961 17  7 58 18  0  0
22 13 380120 122195120 2073112 63092256    0    0 1137248 519956 222649 657503 18  8 57 18  0  0
26 13 380120 122197096 2073112 63092280    0    0 1043840 771836 231577 644063 17  7 57 19  0  0
21 14 380120 122193344 2073112 63092300    0    0 1138816 520396 223489 652188 18  8 57 18  0  0
21 16 380120 122197920 2073112 63092324    0    0 1143008 519488 223319 651896 17  6 58 19  0  0
24 11 380120 122191712 2073112 63092332    0    0 1039040 770028 230786 638997 16  7 57 20  0  0
22 17 380120 122187984 2073112 63092356    0    0 1132976 515596 222352 650612 18  8 57 18  0  0
22 14 380120 122186572 2073112 63092380    0    0 1129856 517644 221658 649082 18  7 57 18  0  0
27 11 380120 122196720 2073112 63092388    0    0 1060688 732824 229401 649223 17  7 57 19  0  0
23 15 380120 122189912 2073112 63092408    0    0 1135968 518356 222615 652649 17  8 57 18  0  0
19 16 380120 122185492 2073112 63092428    0    0 1143488 486264 221084 653968 18  8 57 18  0  0
21 18 380120 122186264 2073112 63092444    0    0 1033888 566048 214630 598618 16  6 59 20  0  0
18 18 380120 122180892 2073112 63092456    0    0 1043616 584540 217387 611072 17  7 58 19  0  0
procs -----------memory---------- ---swap-- -----io---- -system-- -------cpu-------
 r  b   swpd   free   buff  cache   si   so    bi    bo   in   cs us sy id wa st gu
25 14 380120 122178620 2073112 63092480    0    0 1027072 727212 226184 631753 16  7 58 19  0  0
26 12 380120 122182632 2073112 63092508    0    0 1130544 525892 223009 651508 18  7 57 18  0  0
22 16 380120 122173892 2073112 63092524    0    0 1064768 647812 225065 636992 17  7 57 19  0  0
20 17 380120 122169304 2073112 63092544    0    0 1126896 521728 222735 651051 18  7 57 18  0  0
25 15 380120 122176416 2073116 63092564    0    0 1047200 740420 229193 640586 17  7 57 19  0  0
24 10 380120 122199540 2073116 63092588    0    0 1143264 515172 222576 655410 17  7 57 19  0  0
18 17 380120 122206256 2073116 63092596    0    0 1128480 565440 225990 657240 17  7 57 19  0  0
20 16 380120 122181160 2073116 63092612    0    0 1032528 799696 231944 642195 17  7 57 19  0  0
23 15 380120 122182624 2073116 63092636    0    0 1138848 517472 222249 660970 18  8 57 18  0  0
22 15 380120 122190156 2073120 63092660    0    0 1137952 514628 223155 651807 18  7 57 18  0  0
17 20 380120 122176976 2073120 63092684    0    0 1073904 673720 227707 645437 17  7 57 19  0  0
22 16 380120 122171528 2073120 63092700    0    0 1132224 524000 223205 651978 18  8 57 18  0  0
23 13 380120 122195652 2073120 63092716    0    0 1091824 659372 228082 649307 17  7 57 19  0  0
18 17 380120 122194424 2073120 63092728    0    0 1143104 532856 224604 657461 18  7 57 18  0  0
27 12 380120 122191028 2073120 63092744    0    0 1003184 835700 232010 633847 16  7 57 20  0  0
19 17 380120 122184548 2073120 63092768    0    0 1120752 452076 216866 640204 17  7 56 19  0  0
16 22 380120 122201140 2073120 63092784    0    0 1032144 554004 214451 601909 16  7 58 19  0  0
25 12 380120 122190248 2073120 63092808    0    0 1131568 525624 223929 650853 18  8 57 18  0  0
20 16 380120 122196188 2073120 63092832    0    0 1110464 580800 223878 651895 17  7 57 19  0  0
28  9 380120 122196656 2073124 63092852    0    0 1023216 728624 225310 628453 16  6 58 20  0  0
24 15 380120 122214368 2073124 63092884    0    0 1128528 525888 222725 645252 17  6 58 19  0  0
procs -----------memory---------- ---swap-- -----io---- -system-- -------cpu-------
 r  b   swpd   free   buff  cache   si   so    bi    bo   in   cs us sy id wa st gu
23 11 380120 122207440 2073124 63092900    0    0 1126064 523196 222106 650146 17  8 57 18  0  0
17 18 380120 122181788 2073124 63092924    0    0 1064672 704544 228143 643152 17  7 57 19  0  0
24 14 380120 122186076 2073124 63092944    0    0 1118144 510944 219777 643112 17  7 57 18  0  0
15 21 380120 122181448 2073124 63092960    0    0 1053488 574320 218532 617583 17  7 57 19  0  0
22 15 380120 122185928 2073124 63092984    0    0 1046832 582416 217932 619909 16  7 57 20  0  0
16 18 380120 122187928 2073124 63093004    0    0 1083824 668360 227713 645959 17  7 57 19  0  0
25 11 380120 122186176 2073124 63093020    0    0 1139552 523556 222959 652786 17  6 57 19  0  0
20 15 380120 122181728 2073124 63093036    0    0 1095664 629032 225952 652235 17  7 57 19  0  0
16 19 380120 122197276 2073128 63093056    0    0 1133968 538096 223992 655291 18  7 57 18  0  0
25 13 380120 122187548 2073128 63093076    0    0 1038128 719144 227238 634176 17  7 58 19  0  0
21 16 380120 122187028 2073128 63093092    0    0 1136672 521856 222483 657196 18  7 57 18  0  0
21 16 380120 122185432 2073128 63093116    0    0 1063264 658168 225805 636730 17  7 57 19  0  0
23 12 380120 122180156 2073128 63093136    0    0 1073184 509016 215248 619749 17  7 57 19  0  0
22 13 380120 122197544 2073128 63093152    0    0 1091328 522588 218255 626914 17  6 58 20  0  0
24 14 380120 122194168 2073128 63093160    0    0 1025136 727796 227370 628685 16  7 58 19  0  0
26 11 380120 122187120 2073128 63093188    0    0 1134080 514496 222390 654249 18  8 57 18  0  0
15 21 380120 122176420 2073128 63093212    0    0 1040656 701904 225642 637769 17  7 57 19  0  0
18 18 380120 122181336 2073128 63093228    0    0 1129472 518620 222863 654349 18  7 57 18  0  0
24 16 380120 122192988 2073132 63093244    0    0 1108912 584996 224921 651133 17  7 57 18  0  0
16 19 380120 122180872 2073132 63093276    0    0 1052736 691064 226375 637341 16  7 57 19  0  0
15 21 380120 122186236 2073132 63093296    0    0 1083568 508276 216813 617874 17  6 58 20  0  0
procs -----------memory---------- ---swap-- -----io---- -system-- -------cpu-------
 r  b   swpd   free   buff  cache   si   so    bi    bo   in   cs us sy id wa st gu
19 18 380120 122194556 2073132 63093312    0    0 1090336 486860 215895 625381 17  7 57 19  0  0
24 11 380120 122194372 2073132 63093332    0    0 1032320 725948 227381 635297 16  7 58 19  0  0
22 15 380120 122186300 2073136 63093344    0    0 1134384 521728 223168 652877 18  8 57 18  0  0
25 12 380120 122184848 2073136 63093364    0    0 1062064 710240 228014 644628 17  7 57 19  0  0
23 12 380120 122189180 2073136 63093396    0    0 1132064 524644 223153 650749 18  8 57 18  0  0
18 17 380120 122183672 2073136 63093416    0    0 1097760 632088 225200 659267 17  7 57 19  0  0
22 13 380120 122189420 2073136 63093432    0    0 1143056 527936 223322 651874 17  6 58 19  0  0
28 11 380120 122185180 2073136 63093440    0    0 1042944 711096 227212 633478 17  7 57 19  0  0
20 17 380120 122182680 2073136 63093472    0    0 1079072 513604 217877 621322 17  7 57 19  0  0
26 13 380120 122176948 2073136 63093492    0    0 1081008 509988 216658 623033 17  7 57 19  0  0
17 19 380120 122170508 2073136 63093512    0    0 1038400 780492 230820 642230 17  7 57 19  0  0
16 21 380120 122171728 2073136 63093528    0    0 1149280 483796 222862 658615 18  8 57 18  0  0
21 18 380120 122184740 2073136 63093556    0    0 1113520 546632 222710 644879 17  7 57 18  0  0
16 20 380120 122193900 2073136 63093580    0    0 1022672 745464 227034 626316 16  6 58 20  0  0
20 17 380120 122191448 2073136 63093592    0    0 1130544 516388 224456 649929 18  7 57 18  0  0
20 19 380120 122186796 2073136 63093612    0    0 1126912 512384 221244 656275 17  8 57 18  0  0
21 13 380120 122187804 2073136 63093632    0    0 996848 677688 220718 604016 16  7 57 20  0  0
19 18 380120 122170212 2073140 63093644    0    0 1069968 516528 214658 624859 17  7 57 19  0  0
21 15 380120 122161148 2073140 63093672    0    0 1141088 529560 223706 658487 18  7 57 18  0  0
22 14 380120 122190924 2073140 63093692    0    0 1072032 628616 223238 639675 17  7 58 18  0  0
16 18 380120 122197832 2073140 63093712    0    0 1015600 821084 231635 634709 16  6 58 20  0  0
procs -----------memory---------- ---swap-- -----io---- -system-- -------cpu-------
 r  b   swpd   free   buff  cache   si   so    bi    bo   in   cs us sy id wa st gu
21 14 380120 122207336 2073140 63093720    0    0 1178256 465232 223389 672955 18  7 56 18  0  0
19 16 380120 122196276 2073140 63093740    0    0 1091376 572036 221051 632257 17  7 58 18  0  0
15 22 380120 122187488 2073140 63093760    0    0 1139504 523884 222879 655265 18  7 57 18  0  0
24 13 380120 122171208 2073140 63093780    0    0 1039696 716644 227992 634373 16  7 58 18  0  0
26 12 380120 122183164 2073140 63093808    0    0 1097104 507844 217744 634162 17  7 57 19  0  0
21 17 380120 122170212 2073140 63093824    0    0 1047152 572880 217782 616832 17  7 57 19  0  0
17 18 380120 122177180 2073140 63093848    0    0 1052432 650148 222826 624833 16  6 58 20  0  0
19 17 380120 122177768 2073140 63093856    0    0 1126480 520844 221580 647174 17  7 57 18  0  0
28  8 380120 122187356 2073140 63093876    0    0 1029792 711840 225526 627855 16  7 57 20  0  0
20 15 380120 122194096 2073140 63093896    0    0 1133664 522496 222945 650754 18  8 57 18  0  0
19 17 380120 122194012 2073140 63093916    0    0 1117008 557104 223261 650859 18  8 57 18  0  0
17 18 380120 122185428 2073140 63093940    0    0 995216 786540 226254 623583 16  7 57 20  0  0
22 14 380120 122173024 2073140 63093960    0    0 1120848 448608 217184 635616 17  7 56 19  0  0
12 25 380120 122198308 2073140 63093980    0    0 1052816 528492 213821 602490 16  6 58 19  0  0
21 16 380120 122196200 2073140 63093992    0    0 1130672 544280 223063 652726 18  7 57 18  0  0
17 18 380120 122180332 2073140 63094016    0    0 1024832 818456 232401 641306 16  7 57 19  0  0
22 18 380120 122180880 2073144 63094036    0    0 1176720 464404 223600 670122 18  8 56 18  0  0
14 23 380120 122176232 2073144 63094056    0    0 1094720 573128 221378 641522 17  7 57 18  0  0
19 16 380120 122179524 2073144 63094072    0    0 1092608 634048 226003 652045 17  7 57 19  0  0
25 14 380120 122177756 2073144 63094096    0    0 1123920 555992 223786 655521 17  7 57 18  0  0
