procs -----------memory---------- ---swap-- -----io---- -system-- -------cpu-------
 r  b   swpd   free   buff  cache   si   so    bi    bo   in   cs us sy id wa st gu
 4  3 380120 117902676 2076084 63231080    5   10 27156 33493 15689    6  3  1 96  0  0  0
82  2 380120 117765392 2076092 63231116    0    0 133504 191364 107500 82345 46  2 51  1  0  0
149  2 380120 117749016 2076092 63231168    0    0 68288 265928 243969 55884 96  2  2  0  0  0
116  1 380120 117735076 2076092 63231180    0    0 68336 191760 101904 57225 98  2  0  0  0  0
133  0 380120 117725432 2076092 63231188    0    0 64224 41080 93842 40169 98  2  0  0  0  0
111  2 380120 117704352 2076092 63231200    0    0 64208 188684 98722 51431 97  2  1  0  0  0
139  1 380120 117703196 2076092 63231220    0    0 59984 97876 201220 45523 96  2  1  0  0  0
178  1 380120 117690588 2076092 63231228    0    0 57488 103640 97799 43181 98  2  0  0  0  0
161  0 380120 117677488 2076092 63231236    0    0 57088 185944 100248 49415 97  2  1  0  0  0
133  0 380120 117660544 2076092 63231248    0    0 57696 176720 97546 50145 97  2  0  0  0  0
127  1 380120 117648124 2076096 63231252    0    0 56288 190140 101023 48617 97  2  1  0  0  0
129  1 380120 117633068 2076096 63231272    0    0 61184 175348 99664 49426 97  2  1  0  0  0
140  0 380120 117613016 2076096 63231288    0    0 31984 195752 107872 47970 98  2  0  0  0  0
142  0 380120 117593944 2076096 63231288    0    0 64528 197008 103809 51465 97  2  1  0  0  0
159  0 380120 117568160 2076096 63231304    0    0 52560 76740 98073 43809 98  2  0  0  0  0
130  3 380120 117550016 2076100 63231320    0    0 56720 94804 101431 45906 98  2  0  0  0  0
144  1 380120 117415836 2076100 63231340    0    0 76592 230964 199719 91569 89  4  6  0  0  0
150  1 380120 116955964 2076100 63231352    0    0 65824  4800 347489 77088 94  6  0  0  0  0
171  0 380120 116773672 2076100 63231368    0    0 71728 162644 226412 66490 96  4  0  0  0  0
102  1 380120 116749396 2076100 63231372    0    0 61696 207660 112838 57563 97  2  0  0  0  0
147  0 380120 116736856 2076100 63231384    0    0 61776 164524 98373 53752 98  2  0  0  0  0
procs -----------memory---------- ---swap-- -----io---- -system-- -------cpu-------
 r  b   swpd   free   buff  cache   si   so    bi    bo   in   cs us sy id wa st gu
188  0 380120 116718272 2076100 63231400    0    0 76880 154544 113132 53421 98  2  0  0  0  0
120  1 380120 116719448 2076100 63231412    0    0 72192 159208 101432 52560 97  2  1  0  0  0
125  0 380120 116708324 2076100 63231424    0    0 67696 126080 96845 48237 98  1  1  0  0  0
152  1 380120 116675028 2076100 63231432    0    0 74496 33244 118614 43813 98  2  1  0  0  0
103  1 380120 116255772 2076100 63231444    0    0 78464 225532 424649 110679 89 10  1  0  0  0
158 121 380120 115429668 2076100 63231452    0    0 1777824 420848 710858 849304 55 36  6  3  0  0
23 257 380120 115376536 2076100 63231484    0    0 1223216 1364836 297298 656323 31 11  2 55  0  0
37 309 380120 115301528 2076100 63231496    0    0 2023392 978032 338267 827283 42 15  1 43  0  0
42 309 380120 115231756 2076100 63231516    0    0 2128080 919972 361982 856777 43 17  0 40  0  0
141 83 380120 115130692 2076104 63231532    0    0 2502224 386076 381130 1055631 64 21  2 13  0  0
131 74 380120 115035924 2076104 63231552    0    0 2624224 290952 382218 1115736 68 23  2  7  0  0
138 126 380120 114962960 2076104 63231572    0    0 2605584 267416 377303 1137814 68 23  2  7  0  0
17 264 380120 114940276 2076104 63231592    0    0 1844896 878524 324066 874176 47 17  6 30  0  0
82 387 380120 114929388 2076104 63231608    0    0 1886496 832044 322188 891495 44 15  1 40  0  0
 2  0 380120 114882512 2076112 63231608    0    0 2247392 411464 365199 967765 55 19  4 23  0  0
30 247 380120 114853020 2076112 63231632    0    0 1118672 1565212 284479 644454 23 10  4 63  0  0
140 110 380120 114823796 2076112 63231648    0    0 2454288 410336 371793 1057259 64 22  2 12  0  0
63 237 380120 114789524 2076112 63231676    0    0 2056112 745676 357761 957949 54 18  3 24  0  0
17 262 380120 114800188 2076112 63231692    0    0 1911296 796728 337038 903285 49 18  4 30  0  0
165 87 380120 114800392 2076116 63231716    0    0 2355904 512548 368687 1000444 59 20  1 20  0  0
15 271 380120 114783612 2076116 63231728    0    0 1753936 776988 318316 843189 45 16  8 31  0  0
procs -----------memory---------- ---swap-- -----io---- -system-- -------cpu-------
 r  b   swpd   free   buff  cache   si   so    bi    bo   in   cs us sy id wa st gu
93 109 380120 114769300 2076116 63231752    0    0 973216 1706212 280991 606910 20  9  1 69  0  0
94 60 380120 114755180 2076116 63231776    0    0 2625472 241316 375463 1120364 70 23  2  5  0  0
26 260 380120 114767256 2076116 63231784    0    0 2444880 440312 363215 1079381 64 21  4 12  0  0
 2  0 380120 114772780 2076116 63231804    0    0 2108176 685744 345410 970938 54 19  6 21  0  0
113 82 380120 114780544 2076116 63231820    0    0 1853040 936064 328199 884900 47 17  4 32  0  0
21 266 380120 114761336 2076116 63231836    0    0 1884096 735576 317171 865349 46 16  5 32  0  0
81 283 380120 114754308 2076116 63231868    0    0 2068624 679980 336878 930476 54 18  3 24  0  0
17 269 380120 114759856 2076116 63231884    0    0 1628416 1147776 315540 802076 40 14  5 40  0  0
22 244 380120 114779112 2076116 63231900    0    0 2101424 747128 338743 949992 53 18  3 26  0  0
195 75 380120 114752004 2076116 63231916    0    0 2324048 614224 346991 1006435 58 20  1 21  0  0
30 293 380120 114753572 2076116 63231944    0    0 1894192 670648 321784 873396 48 17  6 30  0  0
17 260 380120 114764660 2076116 63231960    0    0 818000 1732984 267314 543363 16  7  1 76  0  0
70 403 380120 114765196 2076116 63231976    0    0 2253424 655140 354334 999463 58 20  2 21  0  0
83 87 380120 114767524 2076116 63231988    0    0 2696176 242496 372322 1117462 68 23  1  7  0  0
18 259 380120 114759440 2076116 63232008    0    0 1369760 1380884 305585 747371 32 13  4 51  0  0
139 196 380120 114765528 2076116 63232028    0    0 1546608 1118208 307586 759690 39 14  2 46  0  0
141 55 380120 114750444 2076116 63232056    0    0 2649648 259312 366675 1096842 69 23  1  6  0  0
51 413 380120 114751892 2076116 63232072    0    0 2380544 487196 358260 1059875 61 22  3 14  0  0
108 76 380120 114763116 2076120 63232084    0    0 1928416 832924 332457 887325 48 17  4 30  0  0
74 388 380120 114746352 2076120 63232104    0    0 1641024 1220112 311686 794553 39 14  3 45  0  0
19 264 380120 114762276 2076120 63232128    0    0 2392448 478212 357632 1018244 63 21  4 12  0  0
procs -----------memory---------- ---swap-- -----io---- -system-- -------cpu-------
 r  b   swpd   free   buff  cache   si   so    bi    bo   in   cs us sy id wa st gu
 9 281 380120 114773460 2076120 63232140    0    0 1683376 920904 308949 785600 41 14  3 43  0  0
16 267 380120 114786204 2076120 63232156    0    0 811600 1726424 264542 536834 16  7  1 76  0  0
103 357 380120 114793988 2076124 63232168    0    0 2484736 370488 347313 1020390 62 21  1 16  0  0
124 62 380120 114783272 2076124 63232180    0    0 2716096 178036 366279 1103089 67 23  1  8  0  0
 9 261 380120 114764840 2076124 63232208    0    0 1556288 1383156 317216 798131 37 14  3 46  0  0
235 77 380120 114765884 2076124 63232232    0    0 1271184 1331836 298919 682087 30 11  1 58  0  0
76 97 380120 114770940 2076124 63232248    0    0 2681968 243172 361649 1083566 69 22  1  8  0  0
24 278 380120 114758688 2076128 63232260    0    0 2617936 280204 363319 1095317 67 22  3  8  0  0
15 250 380120 114756500 2076128 63232280    0    0 1385872 1377652 299353 721710 31 12  3 54  0  0
26 21 380120 114744896 2076128 63232296    0    0 2621712 293260 365580 1057167 69 22  3  6  0  0
108 41 380120 114743776 2076128 63232316    0    0 1939216 959764 340961 907540 49 17  4 30  0  0
12 259 380120 114745516 2076128 63232328    0    0 1964272 785648 325162 904405 47 16  5 32  0  0
75 404 380120 114748308 2076128 63232348    0    0 1707392 960380 311039 786482 41 14  1 43  0  0
122 137 380120 114763300 2076128 63232364    0    0 2406448 462732 346512 1002361 59 20  2 19  0  0
27 256 380120 114779740 2076128 63232376    0    0 984160 1647548 277690 605053 21  9  4 66  0  0
106 380 380120 114764800 2076128 63232404    0    0 2191552 681640 346302 955589 55 19  1 24  0  0
88 267 380120 114739188 2076128 63232432    0    0 2705440 195252 362229 1099122 67 23  1  9  0  0
11 252 380120 114749768 2076136 63232440    0    0 1042032 1529308 277698 608527 23  9  1 66  0  0
128 81 380120 114753072 2076136 63232468    0    0 2349248 522360 346267 987989 58 20  1 20  0  0
10 265 380120 114733484 2076136 63232492    0    0 2372080 555952 353561 1008773 60 21  2 17  0  0
12 267 380120 114745100 2076136 63232496    0    0 925264 1929664 285593 605569 18  7  1 73  0  0
procs -----------memory---------- ---swap-- -----io---- -system-- -------cpu-------
 r  b   swpd   free   buff  cache   si   so    bi    bo   in   cs us sy id wa st gu
154 115 380120 114735996 2076136 63232516    0    0 2077744 806176 338894 903940 52 18  1 29  0  0
89 374 380120 114740944 2076136 63232532    0    0 2670656 165864 369785 1099741 69 23  2  6  0  0
19 264 380120 114756212 2076136 63232544    0    0 2268816 527116 348484 989512 56 20  1 23  0  0
105 203 380120 114751412 2076136 63232564    0    0 1184192 1416144 294502 672944 27 11  2 60  0  0
165 57 380120 114734564 2076136 63232580    0    0 2649328 256488 371415 1080139 70 24  2  5  0  0
19 256 380120 114736772 2076136 63232612    0    0 1619360 1303844 319875 790830 39 14  1 45  0  0
136 144 380120 114736712 2076136 63232636    0    0 2657808 297196 367492 1073201 68 23  1  8  0  0
19 244 380120 114761548 2076136 63232644    0    0 1060416 1395040 281660 623624 24 10  3 63  0  0
120 46 380120 114770420 2076136 63232656    0    0 1411568 1222692 299106 712037 35 13  2 51  0  0
182 69 380120 114775564 2076136 63232676    0    0 2688896 243680 378930 1109257 71 23  1  5  0  0
18 249 380120 114750976 2076136 63232688    0    0 2502272 458968 369194 1067143 65 22  2 12  0  0
16 264 380120 114755940 2076140 63232708    0    0 886016 1902952 281640 591965 18  8  1 72  0  0
59 418 380120 114749976 2076140 63232732    0    0 2586400 338184 359177 1046201 65 22  1 12  0  0
15 367 380120 114754744 2076140 63232752    0    0 2669920 241708 359535 1084383 65 22  1 11  0  0
150 101 380120 114762572 2076140 63232776    0    0 1105840 1451196 281848 617812 25 10  1 64  0  0
157 115 380120 114750484 2076140 63232792    0    0 2650640 258804 372587 1081405 70 23  1  5  0  0
17 257 380120 114745444 2076140 63232820    0    0 1335104 1466860 303726 707843 31 12  1 55  0  0
143 325 380120 114718836 2076140 63232848    0    0 1898624 874756 323970 847038 47 17  1 35  0  0
109 367 380120 114724832 2076140 63232852    0    0 2698928 219936 369402 1087410 70 23  1  6  0  0
19 249 380120 114735496 2076140 63232868    0    0 1299632 1282164 284225 678938 28 10  1 61  0  0
141 250 380120 114762952 2076140 63232888    0    0 907248 1887396 281388 587401 18  8  1 73  0  0
procs -----------memory---------- ---swap-- -----io---- -system-- -------cpu-------
 r  b   swpd   free   buff  cache   si   so    bi    bo   in   cs us sy id wa st gu
63 388 380120 114760500 2076144 63232900    0    0 2718128 247388 368035 1061385 70 23  1  6  0  0
84 72 380120 114758596 2076144 63232912    0    0 2664944 250232 372228 1091344 70 23  2  5  0  0
15 264 380120 114754752 2076144 63232932    0    0 2010560 805056 336664 909186 50 18  1 31  0  0
144 224 380120 114728108 2076144 63232956    0    0 1644304 1019480 306165 764036 40 14  1 45  0  0
59 173 380120 114700576 2076144 63232976    0    0 2736688 188328 364130 1074199 69 23  1  7  0  0
32 244 380120 114744704 2076148 63232988    0    0 862464 1763892 272991 574279 18  8  2 72  0  0
84 78 380120 114745108 2076148 63233008    0    0 2263984 658112 350809 962643 57 20  1 22  0  0
79 389 380120 114740180 2076148 63233024    0    0 2735808 202436 368063 1083124 69 23  1  7  0  0
13 239 380120 114753920 2076148 63233036    0    0 1068672 1511944 278888 621749 22  8  1 68  0  0
187 60 380120 114747920 2076148 63233060    0    0 879056 1722496 272946 572294 19  8  1 72  0  0
117 69 380120 114734152 2076148 63233072    0    0 2677792 239928 372623 1064464 70 24  1  4  0  0
104 186 380120 114716972 2076148 63233092    0    0 2674016 260824 371778 1091230 70 23  2  5  0  0
19 258 380120 114739700 2076148 63233116    0    0 2142192 772092 352145 954541 54 19  1 26  0  0
95 96 380120 114736908 2076148 63233136    0    0 2036432 871952 339068 906809 51 18  2 29  0  0
 9 261 380120 114750236 2076148 63233152    0    0 1868448 885300 316845 833337 45 16  2 38  0  0
128 149 380120 114751764 2076152 63233176    0    0 1881888 833996 327037 828650 47 16  1 36  0  0
18 245 380120 114732696 2076152 63233196    0    0 2185632 621028 342602 938598 56 20  2 22  0  0
137 111 380120 114731008 2076152 63233208    0    0 1054480 1681172 287274 636467 23 10  1 67  0  0
82 384 380120 114733804 2076152 63233224    0    0 2773584 179344 358975 1108357 67 22  1 11  0  0
20 254 380120 114744624 2076152 63233236    0    0 2120192 667464 348524 935650 52 19  1 28  0  0
65 56 380120 114760964 2076152 63233260    0    0 940768 1570836 272029 587400 21  9  1 69  0  0
procs -----------memory---------- ---swap-- -----io---- -system-- -------cpu-------
 r  b   swpd   free   buff  cache   si   so    bi    bo   in   cs us sy id wa st gu
67 383 380120 114740904 2076152 63233284    0    0 2672144 270168 370327 1074188 70 23  2  5  0  0
11 268 380120 114716416 2076152 63233288    0    0 2307936 661420 355931 984052 59 20  1 20  0  0
10 278 380120 114729932 2076152 63233312    0    0 898096 1903328 282339 592265 18  8  1 72  0  0
117 68 380120 114734076 2076152 63233340    0    0 2428304 457600 378018 996310 62 21  1 16  0  0
134 306 380120 114728016 2076152 63233348    0    0 2753376 162936 363054 1090238 68 23  1  9  0  0
18 243 380120 114749124 2076152 63233364   16    0 1467936 1224996 299883 733503 34 13  2 51  0  0
181 222 380120 114769668 2076152 63233384    0    0 1001136 1737252 282727 604557 21  9  1 70  0  0
108 160 380120 114740072 2076152 63233400    0    0 2751584 202912 365590 1094135 68 22  1  9  0  0
72 400 380120 114713584 2076152 63233416    0    0 2740736 244940 362952 1090464 67 23  1  9  0  0
19 246 380120 114733928 2076152 63233436    0    0 1521056 1135160 308878 778516 37 14  2 47  0  0
164 58 380120 114722936 2076152 63233464    0    0 1506480 1113984 311414 759797 37 14  2 47  0  0
174 274 380120 114713912 2076152 63233480    0    0 2694512 276568 369766 1083590 70 23  1  6  0  0
11 250 380120 114721264 2076152 63233496    0    0 1769648 1143656 331274 868894 44 16  2 38  0  0
116 315 380120 114754812 2076152 63233516    0    0 1816160 1084012 322628 824312 43 15  1 41  0  0
99 165 380120 114735132 2076152 63233528    0    0 2671536 190160 370466 1075204 71 23  1  5  0  0
19 261 380120 114738536 2076152 63233552    0    0 1269888 1300344 296207 695773 30 12  2 56  0  0
123 347 380120 114742360 2076152 63233568    0    0 1790608 957364 317895 823628 43 15  1 41  0  0
108 206 380120 114738456 2076152 63233580    0    0 2718256 248216 368399 1072454 70 23  1  6  0  0
20 244 380120 114736084 2076152 63233608    0    0 1429024 1412108 320403 781507 35 13  2 50  0  0
122 47 380120 114738760 2076152 63233624    0    0 1460928 1167760 302871 729232 36 13  2 49  0  0
147 57 380120 114726060 2076152 63233648    0    0 2690112 237428 372083 1077386 71 23  1  5  0  0
procs -----------memory---------- ---swap-- -----io---- -system-- -------cpu-------
 r  b   swpd   free   buff  cache   si   so    bi    bo   in   cs us sy id wa st gu
21 265 380120 114733348 2076152 63233664    0    0 2153424 654696 332085 934746 51 18  2 29  0  0
73 191 380120 114727868 2076152 63233684    0    0 2266128 707068 348576 957308 57 20  3 21  0  0
27 245 380120 114736352 2076152 63233704    0    0 1969072 826476 334737 888162 50 17  5 28  0  0
19 304 380120 114711744 2076156 63233724    0    0 2120608 765376 341893 916139 55 19  6 21  0  0
114 339 380120 114717660 2076156 63233740    0    0 1155584 1572368 292382 662548 24 10  1 65  0  0
184 75 380120 114721916 2076156 63233756    0    0 2770032 232208 360591 1093197 67 22  0 11  0  0
25 261 380120 114750972 2076156 63233776    0    0 1945824 724916 321125 870802 47 16  4 33  0  0
163 59 380120 114732428 2076156 63233800    0    0 1185616 1497272 289134 651647 26 10  1 63  0  0
69 54 380120 114728620 2076156 63233812    0    0 2713840 254732 370779 1061442 70 24  1  5  0  0
19 243 380120 114713028 2076156 63233824    0    0 1492112 1234748 309088 746353 36 14  1 49  0  0
190 140 380120 114718528 2076156 63233852    0    0 1512720 1095692 303941 730494 37 14  1 48  0  0
110 74 380120 114717416 2076156 63233872    0    0 2646528 235704 370692 1078300 71 23  1  5  0  0
16 271 380120 114722120 2076156 63233892    0    0 1891168 951320 323703 861932 44 16  1 39  0  0
29 256 380120 114729360 2076156 63233908    0    0 912432 1939624 284654 605541 18  8  1 72  0  0
161 187 380120 114720168 2076156 63233928    0    0 2430944 472964 352151 991690 61 20  1 18  0  0
66 401 380120 114727452 2076156 63233952    0    0 2732384 181136 372445 1108274 67 22  1 10  0  0
32 336 380120 114715012 2076156 63233968    0    0 2392864 447644 351403 1008330 59 21  4 16  0  0
101 342 380120 114730004 2076164 63233980    0    0 833392 1680456 272732 560075 17  8  1 74  0  0
62 22 380120 114730036 2076164 63234000    0    0 2714576 249256 367793 1086304 69 23  1  7  0  0
26 249 380120 114730552 2076164 63234016    0    0 1929408 973180 331474 885234 47 17  2 35  0  0
95 288 380120 114718516 2076164 63234048    0    0 2256848 652184 352158 965478 58 20  1 21  0  0
procs -----------memory---------- ---swap-- -----io---- -system-- -------cpu-------
 r  b   swpd   free   buff  cache   si   so    bi    bo   in   cs us sy id wa st gu
11 258 380120 114705324 2076164 63234064    0    0 1541152 1114864 306137 751213 38 14  2 46  0  0
82 225 380120 114712404 2076168 63234072    0    0 811760 1710024 265305 545181 17  8  1 74  0  0
169 107 380120 114702484 2076168 63234096    0    0 2693248 269624 370106 1073723 70 23  1  6  0  0
139 109 380120 114717196 2076168 63234108    0    0 2726896 257564 373551 1107060 69 23  1  7  0  0
20 264 380120 114730308 2076168 63234120    0    0 1608592 1227208 320856 810920 39 14  2 45  0  0
101 151 380120 114720408 2076168 63234144    0    0 1732576 972312 310831 794719 41 15  1 43  0  0
104 102 380120 114729228 2076168 63234164    0    0 2664640 232876 371415 1085856 71 23  2  5  0  0
25 237 380120 114740980 2076168 63234180    0    0 1304016 1325544 288582 692946 29 11  1 58  0  0
101 55 380120 114720288 2076168 63234200    0    0 2379920 530860 355916 984011 61 21  1 16  0  0
27 245 380120 114704848 2076168 63234220    0    0 1924064 964916 335844 871620 48 17  2 33  0  0
148 139 380120 114712512 2076168 63234248    0    0 1891776 924356 324346 853893 45 16  1 37  0  0
11 279 380120 114701956 2076172 63234268    0    0 2548720 388324 363519 1049427 65 22  1 12  0  0
67 346 380120 114728480 2076176 63234284    0    0 868096 1663608 269315 560000 18  8  1 73  0  0
189 26 380120 114720812 2076176 63234300    0    0 2707504 265392 371357 1079301 70 23  1  6  0  0
23 259 380120 114720096 2076176 63234316    0    0 1954832 927040 339473 908220 50 17  2 32  0  0
118 80 380120 114713636 2076176 63234336    0    0 2001312 955000 342400 909500 50 18  2 30  0  0
19 260 380120 114696500 2076176 63234352    0    0 2294320 600500 348290 983617 59 20  2 20  0  0
21 258 380120 114701960 2076180 63234376    0    0 817568 1694688 264404 543816 17  8  2 74  0  0
69 115 380120 114699096 2076180 63234388    0    0 1461328 1204256 300270 718205 35 13  1 51  0  0
79 64 380120 114693160 2076180 63234408    0    0 2678976 244344 371869 1087957 71 23  1  5  0  0
104 186 380120 114702076 2076180 63234436    0    0 2695088 265208 375258 1104668 69 24  1  5  0  0
procs -----------memory---------- ---swap-- -----io---- -system-- -------cpu-------
 r  b   swpd   free   buff  cache   si   so    bi    bo   in   cs us sy id wa st gu
134 72 380120 114682796 2076180 63234460    0    0 2070720 778592 338135 922894 52 18  3 27  0  0
21 272 380120 114710796 2076180 63234476    0    0 1425520 1274552 299103 712934 33 12  2 52  0  0
46 417 380120 114713724 2076180 63234484    0    0 2474560 404984 342961 1002132 58 20  1 22  0  0
90 282 380120 114718852 2076180 63234496    0    0 2190688 654804 337463 954539 51 17  2 30  0  0
100 147 380120 114719536 2076180 63234516    0    0 2133168 791040 344302 917204 54 18  2 25  0  0
143 42 380120 114709000 2076180 63234536    0    0 1670160 1164316 320478 799755 40 15  2 43  0  0
34 236 380120 114703448 2076184 63234560    0    0 1976160 938920 336384 894688 49 17  3 32  0  0
21 248 380120 114722040 2076184 63234580    0    0 800928 1706024 266778 544138 17  7  2 75  0  0
61 321 380120 114700280 2076184 63234604    0    0 2643920 288028 357039 1043654 64 22  1 13  0  0
94 215 380120 114716568 2076184 63234632    0    0 2710672 287176 368509 1083626 68 23  1  8  0  0
82 112 380120 114722888 2076184 63234644    0    0 1969120 930012 340085 910172 50 18  4 28  0  0
20 258 380120 114709988 2076184 63234664    0    0 1523776 1199756 310454 765502 37 14  3 47  0  0
68 404 380120 114728528 2076184 63234680    0    0 1561632 1132120 305465 753428 37 13  1 49  0  0
93 65 380120 114712964 2076184 63234692    0    0 2756416 216932 355732 1075010 67 22  0 11  0  0
29 251 380120 114715948 2076184 63234708    0    0 1735424 1020044 314564 797661 41 15  2 42  0  0
164 98 380120 114720316 2076184 63234728    0    0 2176928 799700 350391 925287 55 19  1 25  0  0
37 238 380120 114702100 2076188 63234748    0    0 2082736 760932 339928 911669 52 18  3 27  0  0
109 272 380120 114733208 2076188 63234768    0    0 1191072 1491084 290294 650583 27 11  1 62  0  0
167 68 380120 114710912 2076188 63234792    0    0 2740240 226812 367712 1061172 70 23  1  6  0  0
16 250 380120 114700068 2076188 63234808    0    0 1960816 772216 322921 864896 47 17  1 35  0  0
91 135 380120 114699376 2076188 63234824    0    0 2030016 878552 337226 885333 51 17  1 30  0  0
procs -----------memory---------- ---swap-- -----io---- -system-- -------cpu-------
 r  b   swpd   free   buff  cache   si   so    bi    bo   in   cs us sy id wa st gu
23 255 380120 114717188 2076188 63234840    0    0 2028064 814848 339508 898883 51 18  2 28  0  0
23 264 380120 114718656 2076188 63234860    0    0 841760 1785440 274147 553680 16  7  1 76  0  0
113 86 380120 114720156 2076188 63234872    0    0 2465792 434880 352039 983306 60 20  1 19  0  0
68 387 380120 114706756 2076188 63234884    0    0 2750096 226500 365509 1072246 69 23  1  8  0  0
19 251 380120 114712752 2076188 63234908    0    0 1654176 1157272 319752 819153 37 14  2 47  0  0
168 121 380120 114722876 2076188 63234928    0    0 1113248 1655328 291516 643150 24 10  1 65  0  0
126 105 380120 114698480 2076188 63234956    0    0 2721536 248336 364246 1050649 70 23  1  6  0  0
54 346 380120 114684840 2076188 63234972    0    0 2769584 197960 366414 1087816 68 23  1  8  0  0
61 356 380120 114692052 2076188 63234996    0    0 2085216 763080 326903 903521 49 17  2 32  0  0
91 193 380120 114694728 2076188 63235012    0    0 1953424 825012 330547 857954 49 17  2 31  0  0
118 307 380120 114703000 2076192 63235020    0    0 1912864 936804 330234 849840 48 17  2 34  0  0
177 38 380120 114715452 2076192 63235044    0    0 1854560 1013388 327156 842605 45 15  2 38  0  0
14 251 380120 114713652 2076192 63235048    0    0 1824960 1046628 324610 825075 45 15  2 37  0  0
28 249 380120 114712636 2076192 63235076    0    0 793408 1686788 265618 538482 16  7  1 75  0  0
57 319 380120 114708668 2076192 63235092    0    0 2630752 346448 353437 1017002 65 22  0 14  0  0
97 225 380120 114685972 2076192 63235112    0    0 2752544 236580 370298 1070421 69 23  1  7  0  0
18 250 380120 114695164 2076192 63235124    0    0 1450288 1363168 310774 751076 35 13  2 51  0  0
107 185 380120 114692680 2076192 63235152    0    0 1881008 943840 320430 816908 46 16  1 37  0  0
204 103 380120 114684128 2076192 63235164    0    0 2727136 201148 369486 1064673 70 23  1  5  0  0
102 86 380120 114685388 2076192 63235188    0    0 1852352 893164 320157 827966 45 16  2 37  0  0
21 238 380120 114713688 2076200 63235208    0    0 1603264 1197384 307636 761740 37 14  2 47  0  0
procs -----------memory---------- ---swap-- -----io---- -system-- -------cpu-------
 r  b   swpd   free   buff  cache   si   so    bi    bo   in   cs us sy id wa st gu
122 57 380120 114716772 2076200 63235224    0    0 2568112 443128 359300 1035219 63 20  1 15  0  0
12 254 380120 114720660 2076200 63235240    0    0 1348720 1438256 306864 718089 31 12  2 55  0  0
67 41 380120 114706080 2076200 63235260    0    0 1471696 1193452 308572 733748 36 13  1 50  0  0
58 54 380120 114726652 2076200 63235280    0    0 2731840 236828 361998 1064274 69 23  1  8  0  0
24 246 380120 114712704 2076200 63235308    0    0 2421520 506532 354244 1010877 60 21  1 18  0  0
27 243 380120 114708552 2076200 63235320    0    0 847792 1832128 281525 588559 17  8  1 74  0  0
57 404 380120 114700984 2076200 63235348    0    0 2693504 288068 359001 1043754 67 22  1 11  0  0
12 315 380120 114681168 2076200 63235356    0    0 2507712 385556 351106 1007597 62 21  2 15  0  0
62 369 380120 114704488 2076200 63235376    0    0 1912064 830732 324483 840678 47 16  1 36  0  0
147 76 380120 114714516 2076200 63235404    0    0 1629328 1096776 306248 774259 37 14  2 47  0  0
19 253 380120 114712600 2076200 63235408    0    0 2317424 613364 347851 987202 56 19  2 23  0  0
22 246 380120 114716516 2076200 63235424    0    0 2145872 754612 347107 923261 54 19  2 25  0  0
84 258 380120 114694828 2076200 63235440    0    0 2152048 795760 341174 918390 52 18  1 28  0  0
21 246 380120 114700520 2076200 63235464    0    0 1092352 1613240 288598 635878 25 10  2 63  0  0
93 386 380120 114700428 2076204 63235488    0    0 1356944 1267384 298819 690765 32 12  1 55  0  0
99 14 380120 114687500 2076204 63235504    0    0 2713600 206768 363377 1057638 70 23  1  7  0  0
105 59 380120 114685416 2076204 63235524    0    0 2769680 222800 362378 1086161 67 23  1 10  0  0
19 215 380120 114702048 2076204 63235540    0    0 876736 1813468 276238 583282 18  8  2 72  0  0
317 94 380120 114698684 2076204 63235568    0    0 2229024 574684 337493 917357 55 19  1 25  0  0
64 365 380120 114693444 2076208 63235588    0    0 2745296 237068 364332 1077651 68 23  1  9  0  0
124 199 380120 114698940 2076208 63235600    0    0 2033744 749884 334003 906879 50 17  2 31  0  0
procs -----------memory---------- ---swap-- -----io---- -system-- -------cpu-------
 r  b   swpd   free   buff  cache   si   so    bi    bo   in   cs us sy id wa st gu
46 240 380120 114711464 2076208 63235620    0    0 1016800 1756824 283749 611651 21  9  2 67  0  0
143 69 380120 114697780 2076208 63235636    0    0 2701984 268228 373557 1061045 70 23  1  5  0  0
19 118 380120 114700412 2076208 63235648    0    0 1836752 1050324 331478 849128 46 16  2 36  0  0
62 386 380120 114703172 2076208 63235660    0    0 2327184 591036 339260 952189 55 19  1 25  0  0
21 245 380120 114686568 2076208 63235684    0    0 1542592 1098464 306381 751360 37 14  3 47  0  0
113 233 380120 114727596 2076208 63235712    0    0 884032 1711508 270501 558958 19  8  1 72  0  0
113 369 380120 114715776 2076208 63235724    0    0 2759680 199184 364405 1069076 69 23  1  8  0  0
85 360 380120 114692464 2076208 63235740    0    0 2758192 219788 365829 1086898 67 23  1  9  0  0
30 255 380120 114698648 2076208 63235760    0    0 1336480 1313312 289188 699120 29 11  2 59  0  0
27 242 380120 114719432 2076208 63235764    0    0 858560 1827892 274978 568206 17  7  1 75  0  0
147 175 380120 114672612 2076208 63235788    0    0 2613088 336560 376634 1033829 67 22  1  9  0  0
114 50 380120 114684960 2076208 63235800    0    0 2707280 277384 374132 1082094 69 24  1  6  0  0
33 248 380120 114697408 2076208 63235816    0    0 2236160 660012 351018 960578 57 20  3 21  0  0
58 397 380120 114681584 2076208 63235832    0    0 2214112 734136 345572 939555 55 19  1 25  0  0
68 380 380120 114673304 2076208 63235860    0    0 2171008 715564 334390 935185 51 18  2 28  0  0
158 156 380120 114687916 2076208 63235884    0    0 1591520 1055868 309093 762209 39 14  3 44  0  0
12 276 380120 114710988 2076208 63235904    0    0 1840128 966816 328821 850640 47 17  3 33  0  0
25 263 380120 114698308 2076208 63235924    0    0 839232 1782776 271334 559954 16  8  1 75  0  0
76 375 380120 114689952 2076208 63235936    0    0 2545120 354832 350994 1027258 62 21  1 17  0  0
196 219 380120 114696076 2076208 63235948    0    0 2732080 234468 372645 1112671 69 23  1  8  0  0
14 261 380120 114690176 2076208 63235976    0    0 1593600 1103496 309243 773288 37 14  2 46  0  0
procs -----------memory---------- ---swap-- -----io---- -system-- -------cpu-------
 r  b   swpd   free   buff  cache   si   so    bi    bo   in   cs us sy id wa st gu
76 393 380120 114702092 2076208 63235984    0    0 1461952 1326928 309958 747297 34 13  1 52  0  0
111  6 380120 114700432 2076208 63236000    0    0 2689520 247808 367529 1071900 70 23  1  6  0  0
115 205 380120 114698900 2076208 63236016    0    0 2223328 728188 355460 968528 57 20  3 19  0  0
145 75 380120 114662404 2076208 63236040    0    0 2243280 639368 349691 958106 57 20  3 20  0  0
23 253 380120 114702448 2076208 63236064    0    0 1335216 1344156 294028 695997 31 12  4 53  0  0
94 383 380120 114698524 2076208 63236080    0    0 2235232 661288 339636 928216 55 19  1 25  0  0
18 262 380120 114711384 2076208 63236096    0    0 1948416 760612 329374 878944 50 17  2 31  0  0
119 146 380120 114707588 2076208 63236108    0    0 1096496 1561344 283314 628001 23  9  1 67  0  0
91 89 380120 114698672 2076208 63236124    0    0 2744544 243580 362206 1081228 68 22  1 10  0  0
14 254 380120 114683212 2076208 63236144    0    0 2241888 606632 340966 949594 55 19  1 26  0  0
115 122 380120 114690984 2076208 63236160    0    0 2051968 752676 328679 889473 48 18  1 33  0  0
23 242 380120 114693020 2076208 63236180    0    0 1501936 1308836 322684 766597 36 14  3 48  0  0
108 125 380120 114696172 2076208 63236212    0    0 1765856 1108176 326346 823903 44 16  1 38  0  0
113 81 380120 114676992 2076208 63236216    0    0 2710272 150924 372705 1079098 71 23  1  4  0  0
20 265 380120 114671876 2076208 63236236    0    0 1553904 1264884 316414 787372 37 14  3 46  0  0
76 380 380120 114671204 2076208 63236268    0    0 2374944 485604 345542 980636 58 20  1 21  0  0
14 268 380120 114693276 2076208 63236272    0    0 1702592 1032596 307350 790424 39 14  2 44  0  0
24 266 380120 114709736 2076212 63236284    0    0 836432 1761992 269020 547552 17  7  1 75  0  0
137 253 380120 114698100 2076212 63236300    0    0 2208224 634068 340190 928926 54 18  1 27  0  0
117 226 380120 114675920 2076212 63236320    0    0 2734592 223364 363876 1083801 68 23  1  9  0  0
19 327 380120 114672336 2076212 63236352    0    0 2663184 268892 365777 1085831 66 23  1 10  0  0
procs -----------memory---------- ---swap-- -----io---- -system-- -------cpu-------
 r  b   swpd   free   buff  cache   si   so    bi    bo   in   cs us sy id wa st gu
118 147 380120 114683456 2076212 63236364    0    0 959632 1679448 277646 592500 21  9  1 69  0  0
66 106 380120 114683632 2076212 63236380    0    0 2686896 269316 371770 1067966 70 23  1  5  0  0
18 264 380120 114699336 2076212 63236396    0    0 1740448 1064452 320932 813488 43 15  3 39  0  0
126 106 380120 114668592 2076212 63236424    0    0 2193840 756628 347869 924144 55 19  1 25  0  0
10 240 380120 114654892 2076212 63236432    0    0 2143424 691784 343496 938091 55 19  4 21  0  0
75 367 380120 114672052 2076212 63236464    0    0 1129968 1512432 281889 632334 23 10  1 66  0  0
99 180 380120 114666132 2076212 63236468    0    0 2729424 235720 365281 1086377 69 22  1  9  0  0
16 261 380120 114673928 2076212 63236476    0    0 1832976 941308 324297 850493 45 15  1 39  0  0
84 276 380120 114674408 2076212 63236504    0    0 2012336 819568 324749 870125 48 17  1 34  0  0
27 261 380120 114683324 2076212 63236528    0    0 2195136 626832 342386 932656 56 19  2 23  0  0
25 239 380120 114691340 2076212 63236544    0    0 800544 1708776 263662 537626 16  7  1 76  0  0
61 10 380120 114683520 2076216 63236560    0    0 2461056 474440 361418 1003193 63 21  1 14  0  0
74 66 380120 114664916 2076216 63236580    0    0 2718784 275908 372628 1078981 70 23  1  6  0  0
30 247 380120 114650016 2076216 63236600    0    0 1230352 1548044 298487 696009 28 11  2 59  0  0
119 117 380120 114663656 2076216 63236640    0    0 1784064 1162772 328040 821306 43 15  1 40  0  0
109 244 380120 114686408 2076216 63236652    0    0 2721632 164076 367766 1073759 69 23  1  6  0  0
64 400 380120 114692428 2076216 63236664    0    0 2178608 714088 336598 951538 51 17  1 31  0  0
24 245 380120 114696300 2076220 63236676    0    0 1728128 1013056 310729 825349 40 14  3 44  0  0
16 266 380120 114677196 2076220 63236700    0    0 2525152 445284 351796 1016957 62 21  2 15  0  0
41 229 380120 114670144 2076220 63236720    0    0 837712 1775616 270226 555739 17  8  2 73  0  0
106 204 380120 114663408 2076220 63236732    0    0 2361376 495108 348500 965958 60 20  1 19  0  0
procs -----------memory---------- ---swap-- -----io---- -system-- -------cpu-------
 r  b   swpd   free   buff  cache   si   so    bi    bo   in   cs us sy id wa st gu
149 188 380120 114676424 2076224 63236760    0    0 2735744 202216 366462 1091166 68 23  1  8  0  0
13 333 380120 114673460 2076224 63236772    0    0 2004784 770192 329267 892320 49 17  3 31  0  0
15 255 380120 114679120 2076224 63236796    0    0 875456 1838740 276716 568943 17  8  1 74  0  0
118 56 380120 114667104 2076224 63236816    0    0 2479504 478048 363173 1013964 64 21  1 14  0  0
15 259 380120 114659512 2076224 63236840    0    0 2672624 288540 375615 1079385 70 24  2  5  0  0
18 247 380120 114656828 2076224 63236852    0    0 879280 1860400 277296 577612 18  7  1 74  0  0
98 70 380120 114666884 2076224 63236860    0    0 1970816 790984 326638 858058 49 16  1 33  0  0
83 386 380120 114664152 2076224 63236872    0    0 2715312 211304 368667 1081239 69 23  1  6  0  0
105 205 380120 114687544 2076224 63236888    0    0 2053472 751868 321777 887934 47 17  3 34  0  0
98 348 380120 114674820 2076224 63236916    0    0 2304016 548160 345359 967761 57 19  4 19  0  0
25 244 380120 114675552 2076224 63236936    0    0 859168 1657176 265749 548514 17  8  2 72  0  0
71 343 380120 114671416 2076224 63236960    0    0 1944560 792596 325236 856357 47 16  1 35  0  0
46 425 380120 114668024 2076224 63236980    0    0 2719920 223852 362087 1068376 68 23  1  8  0  0
30 344 380120 114663064 2076224 63237000    0    0 2201664 586692 333055 946247 53 18  5 24  0  0
15 239 380120 114669208 2076224 63237016    0    0 801456 1700732 263392 533773 17  7  1 75  0  0
142 249 380120 114672612 2076224 63237024    0    0 2406544 451620 347528 988584 59 19  1 21  0  0
42 382 380120 114684752 2076224 63237040    0    0 2651552 267184 362941 1079062 67 22  2  9  0  0
30 247 380120 114692944 2076224 63237060    0    0 765952 1611188 255694 509653 15  7  1 76  0  0
63 370 380120 114693908 2076224 63237080    0    0 2762176 181148 355179 1076351 67 22  0 11  0  0
17  0 380120 114681584 2076224 63237096    0    0 1539168 1055468 292789 740354 36 13  5 46  0  0
23 336 380120 114666604 2076224 63237108    0    0 2478480 322664 356047 1022902 64 22  3 12  0  0
procs -----------memory---------- ---swap-- -----io---- -system-- -------cpu-------
 r  b   swpd   free   buff  cache   si   so    bi    bo   in   cs us sy id wa st gu
170 15 380120 114691040 2076224 63237140    0    0 1056368 1509712 278611 606192 23  9  1 66  0  0
71 413 380120 114672996 2076224 63237148    0    0 2720048 245272 363633 1077034 69 23  1  8  0  0
11 259 380120 114687388 2076228 63237164    0    0 1333488 1395584 298269 707554 30 12  2 56  0  0
121 264 380120 114693356 2076228 63237196    0    0 1861584 896796 318095 816113 45 16  1 39  0  0
77 388 380120 114703104 2076228 63237208    0    0 2696800 239080 374111 1098570 71 22  1  5  0  0
39 230 380120 114689688 2076232 63237224    0    0 1415440 1401764 305911 734541 33 13  2 53  0  0
131 103 380120 114687156 2076232 63237244    0    0 1063680 1458828 275605 599165 24  9  1 65  0  0
101 73 380120 114657080 2076232 63237264    0    0 2704592 230944 369440 1060127 70 23  1  6  0  0
124 352 380120 114657132 2076232 63237288    0    0 2730544 229684 366486 1091865 68 23  1  8  0  0
26 261 380120 114679808 2076232 63237304    0    0 1632496 1030492 306528 788352 39 14  4 43  0  0
103 176 380120 114680076 2076236 63237328    0    0 1700912 1025328 316251 805528 42 15  1 42  0  0
18 379 380120 114674828 2076236 63237344    0    0 2619904 294068 365892 1064650 67 23  2  7  0  0
19 256 380120 114686968 2076236 63237356    0    0 821104 1734872 267328 542470 17  8  1 74  0  0
101 293 380120 114678408 2076236 63237384    0    0 2457344 447892 346176 991958 60 20  1 19  0  0
17 289 380120 114688636 2076236 63237388    0    0 2487072 433272 365934 1059034 64 21  1 14  0  0
17 251 380120 114699104 2076236 63237404    0    0 784032 1637040 258342 526692 16  7  2 75  0  0
67 278 380120 114695924 2076236 63237428    0    0 978928 1513316 265692 564150 19  8  1 72  0  0
127 311 380120 114677032 2076236 63237444    0    0 2536464 367640 347136 992344 62 21  1 16  0  0
72 406 380120 114668840 2076236 63237468    0    0 2743168 190420 363326 1095447 67 23  1 10  0  0
21 345 380120 114644764 2076236 63237484    0    0 2583936 221624 351125 1063197 63 22  5 10  0  0
16 268 380120 114664620 2076236 63237504    0    0 826816 1773456 268887 551504 16  8  2 74  0  0
procs -----------memory---------- ---swap-- -----io---- -system-- -------cpu-------
 r  b   swpd   free   buff  cache   si   so    bi    bo   in   cs us sy id wa st gu
104 74 380120 114672208 2076236 63237524    0    0 2473584 459832 363020 1021939 64 21  1 13  0  0
16 266 380120 114668424 2076236 63237540    0    0 2427216 477580 358780 1017257 62 21  2 14  0  0
28 248 380120 114681724 2076236 63237552    0    0 1538800 1166944 306824 764301 36 13  3 48  0  0
147 121 380120 114679816 2076236 63237568    0    0 1527792 1262920 308531 741122 35 12  1 52  0  0
155 96 380120 114667988 2076240 63237584    0    0 2720016 221600 368232 1050559 71 23  1  5  0  0
128 201 380120 114666752 2076240 63237604    0    0 1903440 903148 323697 848138 46 16  2 36  0  0
33 241 380120 114666668 2076240 63237616    0    0 2006496 805400 339730 904520 51 18  2 29  0  0
10 269 380120 114660316 2076240 63237644    0    0 2016928 726384 326912 865363 50 17  2 30  0  0
182 290 380120 114676140 2076240 63237672    0    0 1503664 1053924 301135 723182 36 13  1 49  0  0
27 302 380120 114671512 2076240 63237688    0    0 2687184 237168 359690 1071938 67 22  1  9  0  0
28 235 380120 114676084 2076240 63237696    0    0 786768 1651956 259714 527913 16  7  1 75  0  0
76 81 380120 114680032 2076240 63237724    0    0 1734928 940748 309963 778605 44 15  1 40  0  0
116 69 380120 114674560 2076240 63237728    0    0 2721776 188584 377631 1085143 69 23  1  7  0  0
20 254 380120 114683788 2076240 63237752    0    0 1946960 861132 318830 876112 43 15  1 42  0  0
54 359 380120 114667492 2076240 63237764    0    0 1641024 1107860 304635 756370 40 14  2 45  0  0
115 104 380120 114659316 2076240 63237780    0    0 2721616 205428 361301 1072055 68 23  1  8  0  0
21 253 380120 114688600 2076240 63237796    0    0 1035568 1557564 277499 605689 23  9  2 66  0  0
80 358 380120 114673156 2076240 63237820    0    0 2686752 268488 349305 1053910 63 21  0 15  0  0
16 263 380120 114677396 2076240 63237840    0    0 1651056 942728 307324 773896 40 14  1 45  0  0
12 262 380120 114686284 2076240 63237868    0    0 770384 1612940 255421 511327 15  7  1 77  0  0
97 245 380120 114664548 2076240 63237884    0    0 2444656 464264 347222 983556 60 20  1 19  0  0
procs -----------memory---------- ---swap-- -----io---- -system-- -------cpu-------
 r  b   swpd   free   buff  cache   si   so    bi    bo   in   cs us sy id wa st gu
59 376 380120 114663124 2076240 63237900    0    0 2728416 205216 367053 1076552 69 23  1  7  0  0
 7 263 380120 114672076 2076240 63237916    0    0 1666240 1124000 308178 793876 38 14  1 47  0  0
 9 263 380120 114677584 2076240 63237928    0    0 862864 1812392 273343 567640 17  6  2 75  0  0
135 25 380120 114664580 2076240 63237952    0    0 2091392 768224 335315 887326 48 17  1 33  0  0
98 285 380120 114653760 2076240 63237964    0    0 2735008 260360 368914 1082905 69 23  1  7  0  0
153 75 380120 114645584 2076240 63237980    0    0 2717632 231560 374182 1098266 69 23  1  6  0  0
 9 277 380120 114663320 2076240 63238000    0    0 1275440 1472164 294277 688544 28 11  2 58  0  0
52 412 380120 114668132 2076240 63238016    0    0 2696432 256104 360218 1061101 66 22  1 11  0  0
15 246 380120 114685800 2076244 63238048    0    0 1339408 1241268 285009 684573 29 11  3 57  0  0
84 71 380120 114682092 2076244 63238064    0    0 1188000 1383328 284482 636193 28 10  1 60  0  0
85 69 380120 114660672 2076244 63238080    0    0 2707280 241124 367170 1065823 69 23  1  6  0  0
22 46 380120 114647044 2076244 63238096    0    0 2670768 275736 367363 1077835 68 23  2  7  0  0
16 262 380120 114646364 2076244 63238112    0    0 1215456 1498424 293075 676089 26 10  2 62  0  0
107 279 380120 114656756 2076248 63238132    0    0 2331616 580576 349907 964994 59 20  1 20  0  0
16 254 380120 114674960 2076248 63238156    0    0 2043008 718140 338197 910795 52 18  2 27  0  0
152 43 380120 114678328 2076248 63238180    0    0 1218256 1508744 289742 660200 26 11  1 62  0  0
69 66 380120 114672120 2076248 63238188    0    0 2725808 232460 367667 1065475 70 23  1  6  0  0
25 269 380120 114662968 2076248 63238204    0    0 1958048 871172 324937 867730 46 17  1 35  0  0
68 414 380120 114668304 2076248 63238232    0    0 1842464 912652 318141 812490 44 16  1 39  0  0
13 263 380120 114670476 2076248 63238252    0    0 2432240 410056 350497 1000614 60 21  1 17  0  0
28 245 380120 114671004 2076248 63238240    0    0 798880 1685744 264253 532813 16  7  1 76  0  0
procs -----------memory---------- ---swap-- -----io---- -system-- -------cpu-------
 r  b   swpd   free   buff  cache   si   so    bi    bo   in   cs us sy id wa st gu
215 89 380120 114660728 2076248 63238252    0    0 2288448 628548 347214 936013 59 20  1 21  0  0
76 387 380120 114651644 2076248 63238264    0    0 2752416 230580 371684 1106610 69 22  1  8  0  0
27 252 380120 114671716 2076252 63238280    0    0 1207920 1536188 296152 684920 27 11  2 60  0  0
148 227 380120 114666872 2076252 63238304    0    0 1985296 882404 332063 862482 50 17  1 32  0  0
134 210 380120 114659744 2076252 63238320    0    0 2700000 232448 371319 1069653 70 23  1  6  0  0
28 248 380120 114665332 2076252 63238336    0    0 1479536 1325392 305679 757608 34 13  2 51  0  0
105 142 380120 114658964 2076252 63238356    0    0 1868544 985312 326348 825921 46 16  1 37  0  0
121 83 380120 114662748 2076252 63238380    0    0 2707792 165168 371908 1069203 71 23  1  4  0  0
183 165 380120 114675392 2076252 63238412    0    0 1729024 940220 319069 826188 44 16  4 37  0  0
27 258 380120 114665624 2076252 63238428    0    0 1646656 999384 305441 772945 39 14  2 45  0  0
67 135 380120 114659572 2076252 63238436    0    0 2175056 628444 341257 912495 56 19  1 24  0  0
 9 259 380120 114661792 2076252 63238448    0    0 1743872 970152 316856 805717 42 14  2 42  0  0
105 84 380120 114657660 2076252 63238468    0    0 1122544 1594620 286534 635578 24 10  1 65  0  0
143 143 380120 114650828 2076252 63238492    0    0 2714672 247872 369602 1050926 71 23  1  5  0  0
25 255 380120 114654900 2076252 63238508    0    0 2603184 353112 367238 1064612 66 23  1 10  0  0
20 264 380120 114681572 2076252 63238524    0    0 839440 1758988 269613 558443 17  8  2 73  0  0
108 281 380120 114661604 2076252 63238552    0    0 1871680 999688 323166 817604 46 16  1 37  0  0
87 389 380120 114656212 2076252 63238560    0    0 2696384 219348 373793 1076047 71 23  1  5  0  0
23 277 380120 114646600 2076252 63238588    0    0 2365552 444340 346115 992199 58 20  4 18  0  0
 9 267 380120 114657508 2076252 63238608    0    0 784464 1656260 270474 544706 15  7  1 76  0  0
89 192 380120 114651672 2076252 63238636    0    0 2040656 693980 329552 860386 51 18  1 30  0  0
procs -----------memory---------- ---swap-- -----io---- -system-- -------cpu-------
 r  b   swpd   free   buff  cache   si   so    bi    bo   in   cs us sy id wa st gu
48 427 380120 114641932 2076252 63238648    0    0 2744384 216104 371566 1098512 70 22  1  7  0  0
78 57 380120 114670824 2076252 63238656    0    0 2276096 552916 341000 967514 55 19  2 24  0  0
27 259 380120 114675252 2076252 63238684    0    0 921408 1689984 273355 580711 19  8  5 67  0  0
97 102 380120 114671024 2076252 63238712    0    0 2338832 607104 351942 957188 60 20  1 19  0  0
23 346 380120 114655148 2076252 63238720    0    0 2638208 273740 370485 1066443 68 23  2  8  0  0
17 292 380120 114657456 2076252 63238736    0    0 1893216 938860 322566 836600 46 16  3 35  0  0
155 111 380120 114668596 2076252 63238764    0    0 1585536 1157976 312681 758774 38 14  1 47  0  0
17 270 380120 114662008 2076252 63238780    0    0 2490112 466072 351876 1008372 62 21  2 15  0  0
14 261 380120 114656824 2076252 63238804    0    0 824512 1761388 271983 558318 16  8  1 75  0  0
108 290 380120 114646944 2076252 63238824    0    0 2312160 572264 340178 937711 58 19  1 22  0  0
74 392 380120 114654104 2076252 63238840    0    0 2757984 185112 366549 1095899 69 22  1  9  0  0
60 375 380120 114681112 2076252 63238856    0    0 2000800 767092 320745 885705 46 17  2 35  0  0
113 107 380120 114664580 2076252 63238876    0    0 1700720 1082604 311901 796831 40 15  3 42  0  0
23 265 380120 114640932 2076252 63238896    0    0 2171360 690284 336367 925824 54 18  4 24  0  0
85 73 380120 114658240 2076252 63238920    0    0 1419232 1369416 300073 715122 31 12  1 56  0  0
68 42 380120 114648296 2076256 63238928    0    0 2724000 239952 370811 1064826 70 23  1  6  0  0
28 247 380120 114666188 2076256 63238960    0    0 1191296 1494304 288913 658222 27 11  1 61  0  0
66 412 380120 114653136 2076256 63238972    0    0 2024528 829220 331733 861532 51 17  1 31  0  0
107 317 380120 114649152 2076256 63239000    0    0 2717008 220996 372619 1073744 70 24  1  5  0  0
45 358 380120 114656436 2076256 63239016    0    0 1568112 1150320 303870 764656 36 13  2 49  0  0
14 262 380120 114654740 2076256 63239028    0    0 2242352 570832 327075 943147 51 17  2 30  0  0
procs -----------memory---------- ---swap-- -----io---- -system-- -------cpu-------
 r  b   swpd   free   buff  cache   si   so    bi    bo   in   cs us sy id wa st gu
18 252 380120 114669008 2076256 63239040    0    0 778224 1627824 256539 511281 15  7  1 77  0  0
124 304 380120 114663840 2076256 63239056    0    0 1628064 1091880 309592 755806 39 14  1 46  0  0
70 381 380120 114644064 2076256 63239072    0    0 2735392 239812 367748 1041812 71 23  1  5  0  0
89 162 380120 114643188 2076256 63239100    0    0 2732448 237300 370158 1091617 69 23  1  7  0  0
90 369 380120 114640228 2076256 63239112    0    0 1224784 1586712 299104 681739 27 11  2 60  0  0
120 224 380120 114641300 2076256 63239132    0    0 2787152 182992 359324 1095122 66 23  0 11  0  0
15 251 380120 114670560 2076256 63239152    0    0 1375296 1365484 302399 719300 33 13  2 53  0  0
83 151 380120 114666372 2076256 63239180    0    0 1626960 1157468 315312 780658 39 15  1 45  0  0
108 90 380120 114652500 2076256 63239196    0    0 2744400 229748 364411 1050917 70 23  1  7  0  0
14 249 380120 114646696 2076260 63239204    0    0 1932336 887656 320153 870241 45 15  2 38  0  0
15 262 380120 114679588 2076268 63239388    0    0 777888 1647420 257832 517907 15  7  1 77  0  0
184 250 380120 114682616 2076268 63239412    0    0 1829712 852300 312205 804271 44 15  1 40  0  0
62 396 380120 114659128 2076268 63239424    0    0 2720656 204952 367845 1083034 69 23  1  7  0  0
133 176 380120 114649684 2076268 63239448    0    0 2733808 204972 363688 1097127 67 23  1 10  0  0
12 255 380120 114641168 2076276 63239460    0    0 948688 1489096 268312 583246 21  9  5 65  0  0
89 270 380120 114659564 2076276 63239476    0    0 1518496 1154900 303131 738989 37 13  1 48  0  0
176 277 380120 114651596 2076276 63239500    0    0 2755312 183632 361802 1062146 69 23  1  8  0  0
58 388 380120 114636008 2076276 63239520    0    0 2282960 549380 343200 979346 57 20  3 20  0  0
115 206 380120 114638652 2076276 63239544    0    0 1941344 760352 324792 867102 49 17  4 31  0  0
22 239 380120 114641896 2076276 63239556    0    0 1135776 1416028 277198 617279 25  9  2 64  0  0
63 398 380120 114638684 2076276 63239564    0    0 2508064 392912 351463 1004392 63 20  1 16  0  0
procs -----------memory---------- ---swap-- -----io---- -system-- -------cpu-------
 r  b   swpd   free   buff  cache   si   so    bi    bo   in   cs us sy id wa st gu
21 256 380120 114651876 2076276 63239588    0    0 1732512 882272 310113 811070 41 15  2 41  0  0
10 257 380120 114669184 2076276 63239608    0    0 775680 1641392 257381 517768 15  7  2 76  0  0
56 370 380120 114681876 2076276 63239636    0    0 2666608 302264 352386 1045253 63 21  0 15  0  0
69 340 380120 114662776 2076276 63239656    0    0 2703792 232904 363673 1083152 67 23  1  9  0  0
13 252 380120 114643856 2076276 63239668    0    0 1113552 1419448 277487 627922 24 10  1 64  0  0
17 244 380120 114643420 2076276 63239692    0    0 810352 1714152 264998 542111 19  8  2 72  0  0
88 118 380120 114645428 2076276 63239708    0    0 2696816 249424 363474 1066374 67 23  1  9  0  0
54 418 380120 114667960 2076276 63239724    0    0 2712480 264712 388904 1087436 69 23  1  6  0  0
62 47 380120 114663104 2076276 63239740    0    0 2230352 632992 342958 970655 53 18  3 26  0  0
27 244 380120 114661972 2076276 63239748    0    0 1475184 1117916 300182 735755 35 13  5 47  0  0
115 127 380120 114654408 2076276 63239772    0    0 1235344 1336712 285090 642686 28 11  2 59  0  0
55 44 380120 114645716 2076280 63239784    0    0 2696896 248252 364896 1056233 70 23  1  6  0  0
21 278 380120 114649988 2076288 63239840    0    0 2294576 531612 338015 955637 56 21  2 21  0  0
23 252 380120 114666704 2076292 63239864    0    0 1606544 959740 299539 750174 38 14  3 45  0  0
238 153 380120 114650148 2076292 63239884    0    0 1509248 1069520 295629 711550 36 13  1 50  0  0
128 208 380120 114636952 2076292 63239900    0    0 2707568 227420 359731 1055558 69 23  1  8  0  0
13 260 380120 114645620 2076292 63239888    0    0 1170016 1394008 289667 651415 27 10  1 62  0  0
105 392 380120 114659276 2076292 63239904    0    0 2084768 695836 334072 880457 53 17  1 29  0  0
24 365 380120 114654932 2076292 63239920    0    0 2688272 239048 359585 1077313 67 22  2  9  0  0
 9 261 380120 114661988 2076292 63239940    0    0 780480 1636616 257798 512659 15  6  1 78  0  0
96 208 380120 114664816 2076292 63239948    0    0 2606976 334688 353371 1018530 65 21  1 13  0  0
procs -----------memory---------- ---swap-- -----io---- -system-- -------cpu-------
 r  b   swpd   free   buff  cache   si   so    bi    bo   in   cs us sy id wa st gu
22 244 380120 114646372 2076292 63239984    0    0 2027264 787748 332331 889763 50 18  1 32  0  0
109 107 380120 114647016 2076292 63239992    0    0 1873024 1016976 326040 836006 46 16  1 37  0  0
22 261 380120 114642796 2076300 63240004    0    0 2329824 515524 350914 982990 59 20  2 19  0  0
35 235 380120 114643320 2076300 63240036    0    0 821504 1740644 266952 546259 17  8  1 74  0  0
107 294 380120 114637972 2076300 63240044    0    0 2468592 434748 351785 991937 62 21  1 17  0  0
135 176 380120 114643232 2076300 63240064    0    0 2768224 208360 368547 1087792 69 23  1  8  0  0
10 255 380120 114648260 2076300 63240084    0    0 1079168 1678768 286283 632633 23  9  2 66  0  0
85 267 380120 114652628 2076300 63240104    0    0 1008848 1675096 277378 586795 20  8  1 71  0  0
63 335 380120 114659780 2076300 63240124    0    0 2711168 228580 355572 1051771 66 21  1 12  0  0
60 356 380120 114645048 2076300 63240144    0    0 2763024 201676 364197 1073132 68 23  1  8  0  0
29 269 380120 114645768 2076300 63240164    0    0 2139584 643988 341141 933378 54 19  1 26  0  0
22 266 380120 114668380 2076300 63240180    0    0 806064 1703820 263875 534989 16  7  1 75  0  0
66 339 380120 114658060 2076300 63240196    0    0 2561488 374228 348907 1020243 62 21  1 17  0  0
119 257 380120 114636804 2076300 63240216    0    0 2741360 231792 367621 1084348 69 23  1  7  0  0
56 359 380120 114641916 2076300 63240240    0    0 1976224 834028 320946 879340 45 16  2 36  0  0
191 172 380120 114633456 2076300 63240260    0    0 1306064 1272844 285995 669984 28 11  3 58  0  0
16 272 380120 114665068 2076300 63240276    0    0 2716928 223132 352162 1073543 65 22  1 12  0  0
15 280 380120 114675384 2076300 63240300    0    0 803840 1666084 261272 525109 16  7  1 76  0  0
166 138 380120 114687828 2076300 63240312    0    0 1426880 1192124 297652 703089 35 11  1 52  0  0
127 166 380120 114667128 2076300 63240324    0    0 2732640 240860 363499 1067577 69 23  1  8  0  0
69 56 380120 114633728 2076300 63240340    0    0 2750256 225872 363059 1088775 67 23  1 10  0  0
procs -----------memory---------- ---swap-- -----io---- -system-- -------cpu-------
 r  b   swpd   free   buff  cache   si   so    bi    bo   in   cs us sy id wa st gu
25 268 380120 114647400 2076300 63240360    0    0 821360 1710048 265627 545100 17  7  2 74  0  0
89 94 380120 114653096 2076300 63240376    0    0 1337888 1302536 293994 676084 33 12  1 54  0  0
97 100 380120 114661272 2076300 63240396    0    0 2735168 238456 363087 1065035 68 22  1  8  0  0
111 213 380120 114652864 2076300 63240416    0    0 2752896 229772 365996 1090593 68 23  1  8  0  0
 4 276 380120 114660928 2076300 63240432    0    0 1272432 1389524 298898 702776 30 12  1 57  0  0
82 171 380120 114631592 2076300 63240456    0    0 1707248 1016368 312373 776804 42 15  1 42  0  0
101 253 380120 114646808 2076300 63240472    0    0 2718192 251424 369972 1058450 71 23  1  5  0  0
169 111 380120 114641780 2076304 63240480    0    0 1935888 855252 322515 850640 45 15  1 40  0  0
14 262 380120 114671776 2076304 63240496    0    0 1832880 1017724 326391 832855 44 16  1 39  0  0
21 264 380120 114659172 2076304 63240516    0    0 855712 1819440 274595 571322 17  8  2 73  0  0
84 181 380120 114654564 2076304 63240532    0    0 2208320 673204 337884 914183 54 18  1 26  0  0
89 162 380120 114651648 2076304 63240552    0    0 2745648 210896 365458 1080471 69 23  1  7  0  0
21 319 380120 114642688 2076304 63240572    0    0 2671088 341608 366976 1072382 67 23  1  9  0  0
21 267 380120 114659596 2076304 63240596    0    0 809536 1691324 264058 542310 17  7  2 74  0  0
23 268 380120 114648084 2076304 63240632    0    0 955200 1578048 267822 561970 18  8  1 72  0  0
72 374 380120 114634752 2076304 63240648    0    0 2662416 273912 355347 1038876 66 22  1 11  0  0
56 324 380120 114643100 2076304 63240660    0    0 2752976 213448 361851 1088042 66 23  1 10  0  0
12 297 380120 114640736 2076304 63240680    0    0 2313936 543064 352588 992896 58 19  3 20  0  0
128 115 380120 114663036 2076304 63240692    0    0 1163728 1483520 297820 635828 26 10  1 63  0  0
178 33 380120 114647300 2076304 63240704    0    0 2731568 257740 367681 1062576 69 23  1  7  0  0
14 263 380120 114640236 2076304 63240720    0    0 1642432 1122068 315309 786514 40 15  2 43  0  0
procs -----------memory---------- ---swap-- -----io---- -system-- -------cpu-------
 r  b   swpd   free   buff  cache   si   so    bi    bo   in   cs us sy id wa st gu
140 359 380120 114628472 2076304 63240740    0    0 2618320 346016 363398 1035033 67 22  1 10  0  0
21 257 380120 114632152 2076312 63240748    0    0 947776 1757624 279719 603353 20  9  3 68  0  0
60 397 380120 114650304 2076312 63240780    0    0 1978704 819000 329405 852581 50 17  1 32  0  0
65 375 380120 114655552 2076312 63240808    0    0 2736224 192160 373762 1084006 70 23  1  6  0  0
21 248 380120 114651560 2076312 63240824    0    0 1675984 1126308 320496 810648 41 15  2 42  0  0
112 57 380120 114649880 2076312 63240848    0    0 965712 1545644 270128 575818 20  8  1 70  0  0
106 209 380120 114653864 2076316 63240852    0    0 2770224 232072 363698 1085201 69 21  1  9  0  0
72 386 380120 114650516 2076316 63240876    0    0 2739792 198000 364220 1085461 67 23  1  9  0  0
18 261 380120 114651276 2076316 63240892    0    0 1605040 1104912 312372 773202 38 14  4 44  0  0
111 145 380120 114656716 2076316 63240916    0    0 1176496 1429468 289226 648314 26 10  1 62  0  0
95 58 380120 114643448 2076316 63240932    0    0 2742384 248384 363388 1063647 69 22  1  8  0  0
116 334 380120 114626176 2076316 63240948    0    0 1986032 864532 331027 876386 48 17  2 33  0  0
21 250 380120 114643308 2076316 63240972    0    0 2025792 826236 334153 886779 49 17  2 31  0  0
68 397 380120 114637500 2076316 63240992    0    0 2395280 563144 349714 978817 59 20  1 20  0  0
28 248 380120 114649392 2076316 63241008    0    0 1035984 1591532 277857 610253 21  9  2 67  0  0
117 321 380120 114652468 2076316 63241040    0    0 1738592 1056936 317345 786178 43 15  1 42  0  0
73 336 380120 114653096 2076320 63241044    0    0 2726560 221972 369416 1057183 72 22  1  5  0  0
61 302 380120 114653444 2076320 63241060    0    0 2502512 439808 350770 1010501 60 21  2 16  0  0
69 189 380120 114641936 2076320 63241076    0    0 1167776 1555852 289597 642740 26 10  2 62  0  0
124 154 380120 114628904 2076320 63241108    0    0 2710480 250840 367742 1060781 70 23  1  6  0  0
88 43 380120 114654720 2076320 63241112    0    0 1561280 1080916 305435 753729 38 14  5 43  0  0
procs -----------memory---------- ---swap-- -----io---- -system-- -------cpu-------
 r  b   swpd   free   buff  cache   si   so    bi    bo   in   cs us sy id wa st gu
 9 271 380120 114646204 2076324 63241136    0    0 2107024 714324 334381 904775 51 18  2 30  0  0
21 361 380120 114657012 2076324 63241160    0    0 2341728 574580 348801 953789 58 20  2 20  0  0
21 263 380120 114638092 2076324 63241180    0    0 2011584 877540 331742 880878 51 17  3 29  0  0
16 280 380120 114640716 2076324 63241196    0    0 1954640 899600 328299 856515 49 17  5 29  0  0
17 251 380120 114639604 2076324 63241208    0    0 1875168 858640 318992 845288 44 17  5 34  0  0
109 35 380120 114640808 2076324 63241220    0    0 1147184 1469120 282277 630369 24  9  1 66  0  0
87 128 380120 114632908 2076324 63241232    0    0 2698016 243992 370165 1061778 71 23  1  5  0  0
23 257 380120 114644360 2076324 63241252    0    0 1605984 1173088 311131 766685 38 14  2 47  0  0
128 232 380120 114664508 2076324 63241276    0    0 1934208 937324 328426 837770 47 17  1 35  0  0
103 356 380120 114647204 2076324 63241288    0    0 2732720 202356 371817 1074428 71 23  1  5  0  0
35 241 380120 114660680 2076324 63241304    0    0 1001536 1649760 282926 614982 21  9  2 68  0  0
90 376 380120 114630568 2076324 63241328    0    0 2602960 333252 359298 1017743 66 22  1 12  0  0
18 277 380120 114638212 2076324 63241348    0    0 1927376 880556 329966 858801 48 17  1 34  0  0
123 102 380120 114653732 2076324 63241364    0    0 1150688 1576100 292557 649258 25 10  1 64  0  0
89 58 380120 114657960 2076324 63241384    0    0 2766608 232808 359742 1067490 68 23  1  9  0  0
13 248 380120 114652692 2076328 63241396    0    0 2326304 572760 347907 982827 57 19  1 23  0  0
12 263 380120 114670092 2076328 63241412    0    0 826640 1754072 267233 553409 17  7  2 74  0  0
104 324 380120 114647956 2076328 63241444    0    0 1940848 930428 329179 838864 49 17  1 33  0  0
103 202 380120 114632316 2076328 63241456    0    0 2721920 213828 372186 1070682 71 23  1  5  0  0
23 276 380120 114608528 2076328 63241464    0    0 2515056 410044 360730 1042355 63 22  2 13  0  0
150 112 380120 114626848 2076332 63241492    0    0 1164384 1532076 290218 647505 25 10  1 63  0  0
procs -----------memory---------- ---swap-- -----io---- -system-- -------cpu-------
 r  b   swpd   free   buff  cache   si   so    bi    bo   in   cs us sy id wa st gu
91 75 380120 114612636 2076332 63241508    0    0 2742768 262696 365530 1062661 69 23  1  7  0  0
32 239 380120 114642860 2076332 63241524    0    0 1425344 1261292 300020 715772 34 13  3 51  0  0
119 364 380120 114637192 2076332 63241544    0    0 2026096 810244 327579 862945 50 17  1 32  0  0
20 291 380120 114615820 2076332 63241564    0    0 2642144 289976 363499 1054007 67 22  2  9  0  0
17 261 380120 114621812 2076336 63241572    0    0 820528 1730908 266689 536612 16  6  1 77  0  0
193 206 380120 114627616 2076336 63241592    0    0 2523504 370980 346128 1005772 61 20  1 18  0  0
16 244 380120 114633360 2076336 63241604    0    0 2427712 499408 345227 985520 60 20  1 20  0  0
99 221 380120 114651364 2076336 63241628    0    0 1295840 1323880 288820 679960 29 11  2 59  0  0
59 394 380120 114643480 2076336 63241648    0    0 2719712 214224 363920 1068912 69 23  1  7  0  0
12 248 380120 114646040 2076340 63241656    0    0 1046096 1551820 279730 616964 22 10  2 67  0  0
96 49 380120 114620404 2076340 63241680    0    0 2557440 386220 358461 1030166 65 22  1 13  0  0
27 260 380120 114613796 2076340 63241700    0    0 1857712 840632 326297 847724 46 17  2 36  0  0
31 392 380120 114644476 2076340 63241728    0    0 812784 1646308 269891 553294 17  8  1 74  0  0
65 385 380120 114641312 2076340 63241736    0    0 2733968 195804 361228 1080009 68 23  1  9  0  0
11 346 380120 114641108 2076344 63241752    0    0 2731392 223908 362366 1105717 66 22  1 11  0  0
11 253 380120 114630460 2076344 63241764    0    0 757552 1659420 259238 524659 15  6  2 76  0  0
145 93 380120 114617696 2076344 63241784    0    0 1363616 1190500 292232 697906 32 12  1 54  0  0
172 64 380120 114602868 2076344 63241812    0    0 2756912 216380 368396 1072238 68 23  1  8  0  0
22 367 380120 114615728 2076344 63241828    0    0 2712016 247936 361002 1087965 65 23  1 12  0  0
14 267 380120 114642352 2076344 63241848    0    0 816048 1749936 267636 550899 17  7  2 73  0  0
66 407 380120 114636748 2076344 63241868    0    0 2178800 665036 338918 927114 55 19  1 26  0  0
procs -----------memory---------- ---swap-- -----io---- -system-- -------cpu-------
 r  b   swpd   free   buff  cache   si   so    bi    bo   in   cs us sy id wa st gu
130 183 380120 114633496 2076344 63241880    0    0 2725568 232840 367948 1085825 69 23  1  7  0  0
61 419 380120 114633316 2076344 63241900    0    0 1861904 972276 320457 853275 42 16  2 40  0  0
21 251 380120 114649860 2076344 63241924    0    0 1742256 1034164 319885 821353 42 15  3 40  0  0
151 173 380120 114662868 2076352 63241944    0    0 1217392 1414988 289154 657297 28 11  1 60  0  0
166 51 380120 114661012 2076352 63241952    0    0 2737744 247176 364042 1085925 68 22  1  9  0  0
23 266 380120 114652164 2076352 63241964    0    0 2175440 634588 332195 927858 53 18  1 28  0  0
13 200 380120 114654532 2076352 63241988    0    0 2010128 693104 323092 865505 50 17  2 31  0  0
14 294 380120 114635776 2076352 63242012    0    0 2173104 647940 330329 913716 52 18  2 28  0  0
199 109 380120 114642080 2076352 63242036    0    0 1187664 1427512 286091 642021 27 10  1 62  0  0
105 59 380120 114623900 2076360 63242044    0    0 2691760 247536 369719 1068318 70 23  1  5  0  0
23 238 380120 114639072 2076360 63242072    0    0 1037536 1630764 281798 618328 23  9  2 66  0  0
119 161 380120 114632976 2076360 63242092    0    0 2388848 552468 352185 966944 61 21  1 18  0  0
29 218 380120 114631928 2076360 63242096    0    0 2388672 496736 355696 1000776 61 21  1 17  0  0
13 253 380120 114624376 2076360 63242128    0    0 843536 1834760 273633 570497 17  8  2 73  0  0
116 182 380120 114634160 2076364 63242132    0    0 1792400 977476 317152 807678 44 14  1 40  0  0
230 238 380120 114628864 2076364 63242148    0    0 2691920 188876 365628 1071463 69 23  1  6  0  0
81 199 380120 114627100 2076364 63242164    0    0 2723488 216616 363369 1092578 67 23  1  9  0  0
11 264 380120 114630088 2076364 63242184    0    0 830960 1603540 261592 541985 17  8  5 70  0  0
269 99 380120 114625716 2076364 63242208    0    0 1870624 908680 325841 828742 48 16  1 35  0  0
117 211 380120 114614064 2076364 63242232    0    0 2706032 196828 366771 1102930 69 23  1  7  0  0
33 282 380120 114621092 2076364 63242240    0    0 2199424 676620 345173 969613 55 19  5 21  0  0
procs -----------memory---------- ---swap-- -----io---- -system-- -------cpu-------
 r  b   swpd   free   buff  cache   si   so    bi    bo   in   cs us sy id wa st gu
188 276 380120 114640412 2076364 63242264    0    0 1819040 989140 321559 827537 44 15  1 40  0  0
24 331 380120 114650392 2076364 63242276    0    0 2220208 652164 335248 934297 55 19  5 22  0  0
142 221 380120 114651916 2076364 63242292    0    0 1667808 1115776 318926 790245 42 15  1 42  0  0
166 54 380120 114649152 2076364 63242320    0    0 2357184 519800 353159 1003971 61 19  3 17  0  0
18 262 380120 114632172 2076364 63242320    0    0 1436272 1299980 300283 732165 34 12  5 49  0  0
117 345 380120 114643424 2076364 63242344    0    0 2345200 602256 343155 972281 56 19  1 24  0  0
13 249 380120 114641360 2076364 63242364    0    0 1625168 949000 306930 783194 41 15  2 43  0  0
30 242 380120 114651860 2076364 63242388    0    0 825168 1746520 268076 549292 17  8  1 74  0  0
142 107 380120 114626128 2076368 63242424    0    0 2505376 401100 361104 1013621 66 22  1 12  0  0
131 103 380120 114611628 2076368 63242440    0    0 2690224 276860 373005 1098225 70 23  1  6  0  0
25 248 380120 114614440 2076368 63242444    0    0 1725552 1078572 326447 847982 43 16  3 39  0  0
111 122 380120 114604092 2076368 63242468    0    0 1914832 970120 331631 867463 47 17  1 35  0  0
147 246 380120 114610136 2076368 63242496    0    0 2700896 229352 373498 1095012 70 24  1  5  0  0
108 91 380120 114622456 2076368 63242512    0    0 1417664 1458068 307027 742083 31 11  2 56  0  0
121 211 380120 114643220 2076368 63242520    0    0 2699728 251200 372763 1076734 71 23  1  5  0  0
15 265 380120 114637248 2076368 63242528    0    0 1179712 1633836 296408 669223 27 11  4 58  0  0
148 144 380120 114627316 2076368 63242552    0    0 2609456 338264 367772 1048523 68 22  1  8  0  0
15 250 380120 114627448 2076368 63242580    0    0 1566336 1004324 306609 764694 39 14  3 44  0  0
109 219 380120 114629728 2076368 63242588    0    0 1410672 1263740 298484 708207 33 12  1 54  0  0
83 62 380120 114625948 2076368 63242616    0    0 2725792 241940 365595 1070870 69 23  1  7  0  0
111 153 380120 114621104 2076368 63242632    0    0 2308272 532508 350967 989103 58 20  2 19  0  0
procs -----------memory---------- ---swap-- -----io---- -system-- -------cpu-------
 r  b   swpd   free   buff  cache   si   so    bi    bo   in   cs us sy id wa st gu
25 254 380120 114628204 2076368 63242652    0    0 1005744 1704336 282071 609578 21  9  5 65  0  0
189 307 380120 114616424 2076368 63242664    0    0 2085520 838880 343377 896293 53 18  1 28  0  0
60 130 380120 114611592 2076368 63242680    0    0 2741344 223996 373393 1097525 70 23  1  7  0  0
25 262 380120 114638384 2076368 63242700    0    0 1885104 1110352 334708 876669 46 16  4 34  0  0
15 293 380120 114615380 2076368 63242708    0    0 2295536 604568 348195 963432 58 20  3 19  0  0
91 250 380120 114612476 2076368 63242724    0    0 1961264 952448 332104 858868 48 17  1 34  0  0
40 257 380120 114639552 2076368 63242744    0    0 2097744 664092 338199 923368 54 18  5 23  0  0
18 254 380120 114642128 2076368 63242764    0    0 1398352 1277764 295633 700109 32 12  2 54  0  0
93 69 380120 114637696 2076368 63242788    0    0 2535360 396980 355346 1012838 64 21  1 14  0  0
19 257 380120 114641780 2076368 63242804    0    0 1134144 1475660 286387 647437 24 10  2 64  0  0
128 261 380120 114631600 2076368 63242824    0    0 1539520 1279596 311140 749850 36 13  1 50  0  0
143 123 380120 114630548 2076368 63242836    0    0 2724880 221416 370277 1048580 71 23  1  5  0  0
86 220 380120 114626588 2076372 63242852    0    0 2607232 354280 369689 1071279 67 22  3  8  0  0
20 262 380120 114630584 2076372 63242872    0    0 1030336 1812520 289927 628230 21  8  2 68  0  0
196 97 380120 114624492 2076372 63242888    0    0 2739088 260236 372048 1061671 70 23  1  6  0  0
19 254 380120 114638404 2076372 63242904    0    0 1867264 973168 332205 857193 46 17  3 34  0  0
73 55 380120 114633084 2076372 63242924    0    0 2503440 521132 360078 998216 64 21  1 15  0  0
21 248 380120 114643980 2076372 63242944    0    0 1694400 1086996 314771 803505 40 15  4 41  0  0
94 330 380120 114635328 2076372 63242964    0    0 2053936 716104 330073 878236 50 18  1 31  0  0
77 296 380120 114627208 2076372 63242980    0    0 1999568 820160 320066 875662 45 16  2 36  0  0
21 242 380120 114626496 2076372 63242996    0    0 1700160 1039248 309083 795257 38 14  2 46  0  0
procs -----------memory---------- ---swap-- -----io---- -system-- -------cpu-------
 r  b   swpd   free   buff  cache   si   so    bi    bo   in   cs us sy id wa st gu
80 59 380120 114636596 2076372 63243016    0    0 2554800 424456 363546 1010129 66 21  1 12  0  0
 9 262 380120 114646756 2076376 63243032    0    0 1059968 1693512 286761 631796 23  9  2 65  0  0
124 139 380120 114650680 2076376 63243052    0    0 1846320 1073700 327007 824007 45 14  1 40  0  0
150 316 380120 114649192 2076376 63243080    0    0 2719424 222948 371186 1052942 71 23  1  5  0  0
 2  1 380120 114616676 2076376 63243088    0    0 2494672 442528 356913 1019697 62 21  4 13  0  0
58 394 380120 114625412 2076376 63243108    0    0 1240512 1588044 298517 679999 27 11  2 60  0  0
86 64 380120 114623012 2076376 63243140    0    0 2734064 257756 368542 1061052 70 23  1  6  0  0
21 234 380120 114629964 2076376 63243148    0    0 1230208 1392172 290098 668245 29 12  2 57  0  0
72 335 380120 114625248 2076376 63243164    0    0 1776688 960444 314802 790254 43 15  1 41  0  0
137 124 380120 114624384 2076376 63243176    0    0 2756448 214912 360149 1067928 68 22  1  9  0  0
101 91 380120 114633436 2076376 63243196    0    0 1660880 1096996 311297 785434 39 14  3 44  0  0
141 198 380120 114631464 2076376 63243216    0    0 2473472 472424 352664 1003947 61 21  3 16  0  0
84 369 380120 114639988 2076376 63243232    0    0 1719104 1170224 320448 807313 40 13  2 45  0  0
61 403 380120 114622324 2076376 63243248    0    0 2307360 626964 349393 967939 58 20  3 19  0  0
28 244 380120 114622672 2076376 63243272    0    0 1772640 1023444 321113 826523 43 15  5 37  0  0
66 146 380120 114623900 2076376 63243288    0    0 1994000 940716 336918 879737 49 17  1 33  0  0
 8 250 380120 114627548 2076384 63243296    0    0 2245776 661804 345672 967308 56 19  2 23  0  0
104 104 380120 114649992 2076384 63243328    0    0 1164016 1586208 291253 654455 25 10  1 63  0  0
157 81 380120 114644172 2076384 63243344    0    0 2740848 248744 366449 1068652 69 23  1  7  0  0
23 206 380120 114649512 2076384 63243360    0    0 1884928 873760 321313 843638 46 16  1 37  0  0
16 244 380120 114636164 2076384 63243388    0    0 826416 1765512 267992 551517 17  8  2 74  0  0
procs -----------memory---------- ---swap-- -----io---- -system-- -------cpu-------
 r  b   swpd   free   buff  cache   si   so    bi    bo   in   cs us sy id wa st gu
84 112 380120 114629520 2076388 63243404    0    0 1955968 850060 326618 838603 49 17  1 34  0  0
135 188 380120 114624080 2076388 63243420    0    0 2740592 224716 378865 1096172 71 23  1  5  0  0
100 196 380120 114621156 2076388 63243436    0    0 2705280 307520 378432 1093690 70 24  1  5  0  0
136 238 380120 114625208 2076388 63243452    0    0 1936176 944408 338928 884270 48 17  3 32  0  0
33 284 380120 114621972 2076388 63243468    0    0 2061840 820368 334888 887639 52 18  7 24  0  0
 6  1 380120 114611764 2076388 63243484    0    0 2075248 749124 336399 910904 51 19  4 26  0  0
144 163 380120 114615876 2076388 63243508    0    0 1908144 974132 332141 852517 49 17  3 32  0  0
 3  1 380120 114630864 2076388 63243532    0    0 1861664 832988 322413 839252 47 17  7 29  0  0
69 387 380120 114646444 2076388 63243552    0    0 1521648 1269504 302676 749855 34 13  3 50  0  0
27 323 380120 114651868 2076388 63243568    0    0 2656960 272312 356108 1062341 64 22  2 12  0  0
19 267 380120 114624768 2076388 63243584    0    0 1778608 928996 319631 810808 44 15  3 38  0  0
101 384 380120 114627644 2076388 63243604    0    0 944512 1662624 273213 573263 18  7  1 74  0  0
99 53 380120 114645352 2076388 63243616    0    0 2761168 240300 365994 1069968 69 23  1  8  0  0
21 272 380120 114638496 2076388 63243636    0    0 2113728 789452 340423 923355 52 19  2 27  0  0
132 219 380120 114637360 2076388 63243656    0    0 2174528 744440 344621 929271 55 19  1 26  0  0
16 254 380120 114631964 2076388 63243672    0    0 1550912 1268180 315199 781826 38 14  2 45  0  0
125 150 380120 114621800 2076388 63243700    0    0 1776560 1086256 322883 815845 43 15  1 41  0  0
116 136 380120 114601424 2076388 63243724    0    0 2705200 299668 371572 1059875 70 23  1  6  0  0
17 270 380120 114601648 2076388 63243736    0    0 2091424 821072 337396 909732 52 18  4 26  0  0
208 94 380120 114590464 2076388 63243760    0    0 2086608 845296 343610 895677 53 18  1 28  0  0
114 333 380120 114594296 2076388 63243776    0    0 2099664 627200 329384 901890 51 18  3 27  0  0
procs -----------memory---------- ---swap-- -----io---- -system-- -------cpu-------
 r  b   swpd   free   buff  cache   si   so    bi    bo   in   cs us sy id wa st gu
16 258 380120 114626408 2076388 63243796    0    0 871072 1637936 265103 550253 18  7  3 73  0  0
99 38 380120 114642960 2076388 63243812    0    0 2302752 615780 349569 952709 60 19  1 20  0  0
21 308 380120 114629792 2076388 63243832    0    0 2620752 290140 368585 1063176 67 23  1  9  0  0
81 182 380120 114618636 2076388 63243856    0    0 1736768 1077632 322530 816345 43 16  3 39  0  0
112 267 380120 114616592 2076392 63243868    0    0 2318512 699604 351298 957282 59 20  3 18  0  0
106 125 380120 114601056 2076392 63243892    0    0 1778880 958224 319738 819575 44 16  6 34  0  0
121 95 380120 114620060 2076392 63243912    0    0 2113232 693348 337107 922803 52 18  4 26  0  0
11 258 380120 114640900 2076392 63243932    0    0 1208448 1332320 281953 638644 28 11  3 59  0  0
137 108 380120 114639008 2076392 63243952    0    0 1450512 1203320 300337 714504 35 13  1 51  0  0
141 71 380120 114623544 2076396 63243956    0    0 2745072 234452 360721 1067564 68 23  1  8  0  0
12 273 380120 114618500 2076396 63243988    0    0 2204064 636116 336947 938913 53 18  2 26  0  0
14 264 380120 114622148 2076396 63243996    0    0 2053424 711276 327709 893227 50 16  2 33  0  0
152 115 380120 114620748 2076396 63244020    0    0 1374352 1343328 299649 700993 32 12  1 55  0  0
99 231 380120 114616640 2076396 63244040    0    0 2719408 273548 369482 1062491 69 23  1  6  0  0
103 57 380120 114638668 2076400 63244044    0    0 1498528 1358776 315703 763363 35 14  2 49  0  0
58 34 380120 114627492 2076400 63244064    0    0 2658368 266116 370579 1061491 70 23  2  5  0  0
146 283 380120 114617536 2076400 63244084    0    0 1443776 1408464 309384 736185 33 13  2 52  0  0
24 255 380120 114627636 2076400 63244100    0    0 2517280 372244 344301 1020398 59 20  2 18  0  0
60 401 380120 114621484 2076400 63244116    0    0 1816560 928040 318391 823438 43 16  1 40  0  0
16 246 380120 114624828 2076400 63244132    0    0 1585808 1080784 299476 764172 35 13  2 50  0  0
66 421 380120 114625876 2076400 63244148    0    0 2326864 595364 348823 970621 59 20  1 19  0  0
procs -----------memory---------- ---swap-- -----io---- -system-- -------cpu-------
 r  b   swpd   free   buff  cache   si   so    bi    bo   in   cs us sy id wa st gu
18 255 380120 114627464 2076400 63244164    0    0 1626416 1069880 299299 767989 35 12  1 52  0  0
34 240 380120 114644380 2076400 63244184    0    0 820784 1725336 266286 542701 17  7  1 75  0  0
117 70 380120 114627900 2076400 63244208    0    0 2529296 413388 364450 1016524 66 22  1 11  0  0
118 178 380120 114617432 2076400 63244236    0    0 2710576 285844 374319 1092072 70 23  1  5  0  0
14 262 380120 114589192 2076400 63244248    0    0 1909088 923776 335978 891329 48 17  2 33  0  0
170 230 380120 114619472 2076400 63244272    0    0 1667936 1175212 318123 785816 40 15  1 44  0  0
110 95 380120 114604880 2076400 63244292    0    0 2685840 244028 371284 1073912 70 23  1  5  0  0
136 86 380120 114628900 2076400 63244308    0    0 1433792 1334064 302619 730922 33 13  1 53  0  0
68 31 380120 114613840 2076400 63244316    0    0 2724480 229248 360430 1086330 67 22  1 10  0  0
14 267 380120 114607856 2076400 63244332    0    0 808304 1721492 267446 548260 17  7  2 73  0  0
54 396 380120 114621212 2076400 63244352    0    0 1725936 979392 311057 796418 42 14  1 44  0  0
81 21 380120 114633352 2076400 63244364    0    0 2753824 206540 359763 1070017 68 22  1  9  0  0
28 21 380120 114633588 2076400 63244388    0    0 2155424 680784 333796 935442 51 18  2 29  0  0
28 244 380120 114637468 2076400 63244408    0    0 1975104 923032 325576 874564 46 16  2 35  0  0
29 242 380120 114626588 2076400 63244424    0    0 1972336 928708 333879 870446 49 17  2 31  0  0
50 253 380120 114612028 2076400 63244440    0    0 2440480 507132 358592 1011285 63 21  3 13  0  0
64 75 380120 114611176 2076400 63244472    0    0 1856272 1069356 333744 867596 45 16  3 36  0  0
22 266 380120 114591496 2076400 63244488    0    0 1847952 948864 330339 855362 47 16  4 33  0  0
95  9 380120 114612952 2076400 63244504    0    0 1623536 1106296 312552 777310 39 14  1 46  0  0
84 116 380120 114616816 2076400 63244532    0    0 2720688 247484 367816 1074889 69 23  1  7  0  0
13 277 380120 114620580 2076400 63244552    0    0 966096 1537780 271498 576770 20  8  1 70  0  0
procs -----------memory---------- ---swap-- -----io---- -system-- -------cpu-------
 r  b   swpd   free   buff  cache   si   so    bi    bo   in   cs us sy id wa st gu
102 154 380120 114619996 2076404 63244560    0    0 1183632 1396804 285183 629050 28  9  1 61  0  0
149 53 380120 114619604 2076404 63244576    0    0 2749376 229596 357839 1070237 68 22  0 10  0  0
100 293 380120 114620216 2076404 63244600    0    0 2739296 234060 368946 1094978 68 23  1  8  0  0
 9 255 380120 114609424 2076404 63244616    0    0 1256784 1533144 298842 703982 28 11  2 59  0  0
144 76 380120 114605696 2076404 63244644    0    0 2188160 817736 344607 923943 55 19  1 26  0  0
118 181 380120 114605484 2076408 63244652    0    0 2694560 182836 375181 1104188 70 24  2  5  0  0
18 249 380120 114614388 2076408 63244672    0    0 1813760 1002268 327021 844806 45 16  6 33  0  0
76 334 380120 114627812 2076408 63244688    0    0 1198080 1565416 291581 658250 26 10  1 62  0  0
159 95 380120 114624240 2076408 63244720    0    0 2732048 239204 362793 1071555 69 23  1  8  0  0
10 263 380120 114626400 2076408 63244728    0    0 1814480 905872 321780 845186 45 16  2 37  0  0
131 249 380120 114621216 2076412 63244748    0    0 2086272 680052 329498 901892 50 16  1 34  0  0
38 243 380120 114607240 2076412 63244768    0    0 1841728 981528 324380 836055 46 16  2 36  0  0
135 288 380120 114625280 2076412 63244784    0    0 846416 1657456 265095 543840 17  8  1 74  0  0
55 410 380120 114624472 2076412 63244808    0    0 2804544 173652 354917 1090184 66 22  0 11  0  0
57 188 380120 114610016 2076412 63244832    0    0 2716000 304680 370227 1084053 69 23  1  7  0  0
92 92 380120 114617252 2076416 63244836    0    0 2009376 950912 338345 892325 49 17  2 31  0  0
20 248 380120 114620328 2076416 63244868    0    0 1422880 1388820 307917 738728 34 13  4 49  0  0
102 199 380120 114624596 2076416 63244884    0    0 2367744 607304 355440 973619 61 20  1 18  0  0
13 273 380120 114625008 2076416 63244904    0    0 2168864 662352 339827 953647 53 19  5 23  0  0
108 59 380120 114614344 2076416 63244912    0    0 1650128 1035016 316947 779885 40 14  1 44  0  0
17 266 380120 114613964 2076416 63244928    0    0 2077952 748328 327663 900534 48 16  1 35  0  0
procs -----------memory---------- ---swap-- -----io---- -system-- -------cpu-------
 r  b   swpd   free   buff  cache   si   so    bi    bo   in   cs us sy id wa st gu
12 242 380120 114618528 2076416 63244944    0    0 2217536 562568 336583 927473 55 18  2 26  0  0
25 259 380120 114632284 2076416 63244960    0    0 788208 1742820 263322 535858 16  7  2 74  0  0
89 384 380120 114629104 2076416 63244992    0    0 1989200 818932 328473 861962 50 17  1 32  0  0
60 408 380120 114627380 2076416 63245008    0    0 2717872 235540 365207 1065634 69 23  1  7  0  0
132 179 380120 114619600 2076420 63245028    0    0 2286032 614140 342291 976611 55 19  3 23  0  0
15 268 380120 114604184 2076420 63245044    0    0 1961440 865752 330206 872069 48 17  5 30  0  0
129 61 380120 114621192 2076420 63245064    0    0 1307872 1514388 302207 704849 29 11  1 58  0  0
115 96 380120 114611648 2076420 63245080    0    0 2706496 268696 370619 1048998 71 23  1  5  0  0
19 257 380120 114632800 2076420 63245096    0    0 1400576 1352036 302019 722739 32 13  3 53  0  0
85 407 380120 114633268 2076424 63245108    0    0 2510992 416536 351317 998229 63 20  1 17  0  0
106 380 380120 114634372 2076424 63245128    0    0 2255824 566088 334133 954747 52 18  3 27  0  0
69  4 380120 114632352 2076424 63245156    0    0 1179408 1440068 284826 640577 26 10  3 61  0  0
76 324 380120 114624208 2076424 63245176    0    0 2725232 242592 362224 1087692 68 23  1  9  0  0
15 247 380120 114629260 2076424 63245192    0    0 1672704 981016 306462 780227 39 14  4 43  0  0
62 54 380120 114629788 2076428 63245204    0    0 1443680 1231824 304493 724681 34 13  1 52  0  0
118 63 380120 114624664 2076428 63245220    0    0 2730608 271332 370518 1066652 70 23  1  6  0  0
52 403 380120 114627688 2076428 63245248    0    0 1399568 1479460 308590 731184 32 12  2 54  0  0
119 157 380120 114587604 2076428 63245272    0    0 2722848 269080 372672 1058702 70 23  1  5  0  0
20 240 380120 114629416 2076428 63245288    0    0 1527552 1269744 313318 771841 36 14  4 45  0  0
120 245 380120 114633008 2076428 63245308    0    0 2014240 871388 330068 881106 48 16  1 35  0  0
14 301 380120 114635652 2076428 63245320    0    0 2573824 341024 354228 1029180 65 21  1 13  0  0
procs -----------memory---------- ---swap-- -----io---- -system-- -------cpu-------
 r  b   swpd   free   buff  cache   si   so    bi    bo   in   cs us sy id wa st gu
14 259 380120 114643308 2076428 63245348    0    0 796688 1692252 262526 532223 16  7  1 75  0  0
81 174 380120 114609672 2076428 63245376    0    0 2221440 654216 337034 903146 56 19  1 24  0  0
94 167 380120 114599384 2076428 63245384    0    0 2717712 210344 370414 1088483 69 24  1  6  0  0
15 256 380120 114613320 2076428 63245400    0    0 1189760 1405524 282476 659818 26 10  2 61  0  0
114 87 380120 114617184 2076428 63245420    0    0 1242464 1500356 294378 664830 28 11  1 60  0  0
127 92 380120 114617316 2076436 63245440    0    0 2699408 264052 369188 1060692 70 23  1  6  0  0
90 38 380120 114598964 2076436 63245472    0    0 2725312 257584 371001 1093903 69 23  1  7  0  0
39 251 380120 114608616 2076436 63245488    0    0 1231552 1613072 301838 687474 28 11  3 58  0  0
76 333 380120 114610216 2076436 63245500    0    0 2479872 522280 355241 986958 63 20  1 17  0  0
21 290 380120 114631784 2076436 63245508    0    0 2218768 614588 342971 938280 55 18  3 23  0  0
104 22 380120 114635392 2076440 63245532    0    0 1178672 1454408 293196 653711 27 10  1 61  0  0
92 363 380120 114633232 2076440 63245564    0    0 2738416 224536 362666 1073651 68 22  1  9  0  0
17 268 380120 114619516 2076440 63245572    0    0 1719184 985212 310470 789791 40 15  2 43  0  0
174 170 380120 114602668 2076440 63245588    0    0 1190928 1406864 286402 644383 25 10  1 63  0  0
137 109 380120 114581204 2076440 63245604    0    0 2738896 221556 360709 1068005 68 22  1  9  0  0
24 177 380120 114613580 2076444 63245620    0    0 2212512 686956 340702 942911 53 19  2 26  0  0
 3  0 380120 114612804 2076444 63245644    0    0 2347280 585520 353605 977580 60 20  4 15  0  0
128 240 380120 114610836 2076444 63245664    0    0 1882976 1020276 328182 857043 45 16  3 36  0  0
29 299 380120 114610948 2076444 63245692    0    0 2137392 756104 342244 937137 54 18  4 24  0  0
 5  0 380120 114610544 2076444 63245700    0    0 2122768 849644 342213 904545 53 18  1 28  0  0
110 49 380120 114607412 2076444 63245716    0    0 2048048 866720 332370 884809 50 17  2 30  0  0
procs -----------memory---------- ---swap-- -----io---- -system-- -------cpu-------
 r  b   swpd   free   buff  cache   si   so    bi    bo   in   cs us sy id wa st gu
133 156 380120 114609068 2076444 63245724    0    0 1833088 905572 313091 827313 42 15  3 40  0  0
86 380 380120 114622776 2076444 63245756    0    0 1673184 1100744 308961 783740 39 14  2 45  0  0
16 265 380120 114615400 2076444 63245772    0    0 2236192 651048 343915 927305 57 19  2 22  0  0
27 251 380120 114640124 2076444 63245788    0    0 782688 1665896 260218 524570 16  7  1 76  0  0
132 123 380120 114621660 2076444 63245800    0    0 2639424 305840 361773 1027781 68 22  1  9  0  0
22 259 380120 114601180 2076444 63245820    0    0 2545072 382892 358566 1040744 64 22  1 13  0  0
87 142 380120 114599284 2076444 63245840    0    0 2170352 802544 348308 927335 55 19  1 26  0  0
 7 248 380120 114608512 2076444 63245860    0    0 1782464 1044472 329172 830163 45 15  4 36  0  0
102 386 380120 114602076 2076444 63245872    0    0 1815424 1102580 328050 828295 44 14  1 41  0  0
18 247 380120 114616448 2076448 63245884    0    0 2352592 536676 352018 978528 60 20  3 18  0  0
23 239 380120 114621264 2076448 63245912    0    0 841264 1779472 270273 553526 17  8  1 74  0  0
182 217 380120 114623672 2076448 63245928    0    0 2297008 621536 341276 933648 57 19  1 23  0  0
200 253 380120 114597544 2076448 63245948    0    0 2732352 186224 370125 1082898 69 23  1  7  0  0
65 396 380120 114605244 2076448 63245968    0    0 1686560 1049724 307146 799080 38 14  2 46  0  0
10 282 380120 114601552 2076452 63245992    0    0 2342096 558288 342149 977836 56 19  2 22  0  0
11 263 380120 114636340 2076452 63246008    0    0 796512 1695600 262637 534061 16  7  1 76  0  0
77 163 380120 114620564 2076452 63246028    0    0 2048272 863768 335825 867545 52 18  1 29  0  0
69 397 380120 114618876 2076452 63246052    0    0 2719280 226968 376059 1085445 70 24  1  5  0  0
11 278 380120 114623860 2076452 63246064    0    0 2296096 574924 350164 995297 57 19  4 20  0  0
91 280 380120 114616520 2076452 63246064    0    0 1374592 1449628 307112 716142 32 11  1 56  0  0
75 64 380120 114600164 2076452 63246092    0    0 2708880 274304 369955 1056803 70 23  1  6  0  0
procs -----------memory---------- ---swap-- -----io---- -system-- -------cpu-------
 r  b   swpd   free   buff  cache   si   so    bi    bo   in   cs us sy id wa st gu
12 255 380120 114635136 2076452 63246100    0    0 1251984 1447804 292642 666088 28 11  3 58  0  0
53 415 380120 114623324 2076452 63246132    0    0 1717456 1006756 313165 781119 41 15  1 43  0  0
154 109 380120 114613516 2076452 63246140    0    0 2735344 210264 361400 1072767 66 23  1 10  0  0
27 268 380120 114618092 2076452 63246168    0    0 1746016 991332 312826 810383 40 15  2 43  0  0
205 221 380120 114611400 2076452 63246184    0    0 2179840 631672 331913 917616 51 18  1 30  0  0
19 266 380120 114613428 2076452 63246204    0    0 1863616 911500 313510 825760 44 15  2 39  0  0
21 230 380120 114612432 2076452 63246224    0    0 861104 1875792 283030 587580 17  8  1 74  0  0
114 153 380120 114602016 2076452 63246244    0    0 2711552 270604 369588 1050286 71 22  1  6  0  0
104 62 380120 114607904 2076452 63246260    0    0 2694320 273596 378358 1100016 71 23  1  5  0  0
25 245 380120 114601460 2076452 63246276    0    0 1347952 1458204 307649 734792 32 12  3 53  0  0
58 411 380120 114601736 2076452 63246292    0    0 1873168 961736 326353 836773 46 16  1 37  0  0
160 54 380120 114604004 2076452 63246312    0    0 2727856 239788 366148 1077938 69 23  1  7  0  0
163 50 380120 114601524 2076452 63246324    0    0 1995264 760516 331588 895828 48 17  2 32  0  0
 4 261 380120 114601936 2076452 63246344    0    0 1452128 1255644 300122 730127 34 13  2 51  0  0
101 65 380120 114614228 2076452 63246372    0    0 2264416 629480 348983 943566 59 20  1 21  0  0
13 256 380120 114614532 2076452 63246388    0    0 1979728 755248 333393 887095 50 18  2 30  0  0
35 258 380120 114591216 2076452 63246404    0    0 801600 1688720 263902 537249 16  8  1 75  0  0
102 45 380120 114612320 2076452 63246432    0    0 2626800 340108 368597 1051043 69 22  1  8  0  0
87 11 380120 114624416 2076456 63246448    0    0 2690256 262920 378524 1108781 70 24  1  5  0  0
18 247 380120 114603100 2076456 63246468    0    0 1146368 1701624 297990 677669 26 11  2 62  0  0
118 159 380120 114603004 2076456 63246484    0    0 2113408 805360 338126 905865 53 18  1 28  0  0
procs -----------memory---------- ---swap-- -----io---- -system-- -------cpu-------
 r  b   swpd   free   buff  cache   si   so    bi    bo   in   cs us sy id wa st gu
176 294 380120 114583976 2076456 63246508    0    0 2696464 283188 372385 1067204 71 23  1  5  0  0
18 260 380120 114587280 2076456 63246520    0    0 1613904 1162992 308671 769403 37 14  2 47  0  0
27 274 380120 114608736 2076460 63246536    0    0 850480 1661896 271935 564896 18  8  2 73  0  0
88 67 380120 114613680 2076460 63246560    0    0 2487776 391936 341284 1001109 60 20  1 19  0  0
50 363 380120 114607896 2076460 63246580    0    0 2741744 214992 366898 1096475 68 23  1  8  0  0
 8 269 380120 114588988 2076460 63246604    0    0 1748752 880000 313145 825439 42 16  5 37  0  0
131 96 380120 114601232 2076460 63246624    0    0 1100944 1547056 286875 640299 24  9  1 65  0  0
194 77 380120 114594788 2076460 63246636    0    0 2726640 257936 371671 1086071 70 22  1  6  0  0
39 244 380120 114602832 2076460 63246652    0    0 2374352 537348 355740 1012751 61 21  3 15  0  0
 4  0 380120 114602792 2076460 63246672    0    0 2172560 664388 345472 945805 55 19  6 20  0  0
159 51 380120 114627036 2076460 63246684    0    0 1920256 1004652 329050 842523 48 17  4 31  0  0
25 256 380120 114610920 2076460 63246708    0    0 1863440 957580 325596 842116 46 16  5 33  0  0
 3  0 380120 114592476 2076460 63246724    0    0 2325712 551456 346698 971510 58 19  2 20  0  0
56 423 380120 114602204 2076460 63246740    0    0 1912000 888664 317575 848466 44 16  1 39  0  0
22 264 380120 114626096 2076460 63246760    0    0 1125744 1457412 280460 623405 24 10  2 64  0  0
87 363 380120 114622368 2076460 63246792    0    0 2242592 596804 334498 909945 56 18  1 25  0  0
22 285 380120 114616888 2076460 63246800    0    0 2487424 399452 355987 1020997 62 21  1 16  0  0
91 356 380120 114624444 2076460 63246812    0    0 897120 1663392 269032 557905 18  7  1 75  0  0
107 62 380120 114622060 2076468 63246828    0    0 2688672 274316 371010 1061019 71 23  1  5  0  0
15 246 380120 114611844 2076468 63246844    0    0 2031184 873900 343137 908504 51 18  2 29  0  0
127 68 380120 114614152 2076468 63246872    0    0 2385328 602784 346666 989261 57 19  1 23  0  0
procs -----------memory---------- ---swap-- -----io---- -system-- -------cpu-------
 r  b   swpd   free   buff  cache   si   so    bi    bo   in   cs us sy id wa st gu
31 237 380120 114623364 2076468 63246888    0    0 1275632 1526728 300052 696045 29 11  2 57  0  0
83 393 380120 114618248 2076472 63246896    0    0 2005776 883684 328249 862409 48 17  1 34  0  0
65 408 380120 114600792 2076472 63246924    0    0 2732080 190084 361115 1079935 68 23  1  8  0  0
92 29 380120 114591276 2076472 63246932    0    0 1915440 852740 323233 869847 46 17  2 35  0  0
81 62 380120 114577736 2076472 63246956    0    0 1961904 851968 327054 861137 49 17  2 33  0  0
26 266 380120 114613340 2076472 63246968    0    0 1572704 1127124 302180 753999 36 13  2 49  0  0
123 103 380120 114626696 2076472 63246992    0    0 1468768 1177604 301115 720346 34 12  1 53  0  0
116 127 380120 114631072 2076476 63247000    0    0 2793968 219652 356806 1083625 66 22  0 11  0  0
25 248 380120 114618932 2076476 63247020    0    0 1779984 1000072 323142 837616 43 16  1 40  0  0
124 122 380120 114600076 2076476 63247036    0    0 2102048 821480 343235 909357 53 18  1 27  0  0
29 246 380120 114597508 2076476 63247064    0    0 2173456 691340 347487 937205 57 19  2 23  0  0
88  9 380120 114619348 2076476 63247084    0    0 1245072 1606132 298680 683867 27 11  1 61  0  0
138 75 380120 114622264 2076476 63247092    0    0 2694928 260576 372608 1062402 71 23  1  5  0  0
10 263 380120 114603776 2076476 63247116    0    0 1958848 964012 336811 890458 48 17  1 33  0  0
13 255 380120 114616160 2076476 63247136    0    0 825888 1750184 267746 551542 17  7  1 75  0  0
82 395 380120 114611720 2076476 63247160    0    0 1922624 749552 315295 822349 47 16  1 35  0  0
123 284 380120 114617924 2076476 63247176    0    0 2763936 211800 364034 1081907 69 22  1  8  0  0
18 320 380120 114622988 2076480 63247188    0    0 2725696 281660 353382 1092346 63 21  0 15  0  0
75 391 380120 114640992 2076480 63247204    0    0 1525088 1133804 297061 733299 36 13  4 48  0  0
44 237 380120 114626212 2076480 63247228    0    0 2068144 857448 334715 894445 50 17  2 30  0  0
21 278 380120 114596684 2076480 63247248    0    0 2311088 635732 352214 962097 59 20  2 18  0  0
procs -----------memory---------- ---swap-- -----io---- -system-- -------cpu-------
 r  b   swpd   free   buff  cache   si   so    bi    bo   in   cs us sy id wa st gu
23 259 380120 114599372 2076480 63247264    0    0 906816 1918504 282949 594654 18  8  1 72  0  0
101 115 380120 114610852 2076488 63247280    0    0 2393712 566828 356151 965548 62 20  1 16  0  0
108 248 380120 114607580 2076488 63247300    0    0 2724224 260336 375935 1091063 70 24  1  5  0  0
20 285 380120 114603512 2076488 63247320    0    0 1847120 909944 326277 852382 45 16  4 34  0  0
61 430 380120 114608916 2076488 63247340    0    0 2177888 652804 337583 921796 54 19  1 26  0  0
98 89 380120 114605436 2076488 63247360    0    0 1554752 1138924 304515 751901 36 13  3 49  0  0
16 265 380120 114608260 2076496 63247372    0    0 2255392 581248 336126 939363 55 18  2 25  0  0
15 268 380120 114600112 2076496 63247392    0    0 1652624 997416 306069 778965 39 14  2 44  0  0
152 65 380120 114609488 2076496 63247404    0    0 1170032 1471640 293473 662155 27 11  1 61  0  0
126 67 380120 114595584 2076496 63247424    0    0 2720256 257268 372199 1059830 70 23  1  5  0  0
30 255 380120 114603516 2076496 63247452    0    0 2331552 644392 355594 987918 59 20  1 19  0  0
23 260 380120 114605052 2076500 63247464    0    0 901056 1917428 282155 588087 18  8  1 73  0  0
108 112 380120 114595056 2076500 63247476    0    0 2311056 658252 352418 942710 59 20  1 21  0  0
110 177 380120 114587056 2076500 63247500    0    0 2706592 231256 376148 1084776 70 24  1  5  0  0
14 238 380120 114607824 2076500 63247520    0    0 1960112 799016 327860 871028 48 17  3 32  0  0
138 75 380120 114622828 2076500 63247536    0    0 1291952 1404436 293350 681301 29 11  1 59  0  0
158 109 380120 114619308 2076500 63247552    0    0 2769488 203372 360946 1086984 67 22  0 11  0  0
13 267 380120 114614060 2076500 63247560    0    0 1686784 929872 311277 777167 40 14  1 45  0  0
144 347 380120 114610344 2076500 63247588    0    0 1549424 1001036 297900 739155 35 13  1 51  0  0
31  0 380120 114605588 2076500 63247600    0    0 2741056 213512 357248 1076594 66 23  1 10  0  0
20 255 380120 114620600 2076500 63247616    0    0 862000 1647568 266975 554750 18  8  2 72  0  0
procs -----------memory---------- ---swap-- -----io---- -system-- -------cpu-------
 r  b   swpd   free   buff  cache   si   so    bi    bo   in   cs us sy id wa st gu
113 42 380120 114611576 2076500 63247608    0    0 1297744 1322628 289687 669631 31 11  1 57  0  0
74 118 380120 114596516 2076500 63247624    0    0 2728240 244840 364011 1056328 69 23  1  8  0  0
231 84 380120 114575572 2076500 63247652    0    0 2735696 242820 368920 1091208 68 23  1  8  0  0
79 377 380120 114580220 2076500 63247664    0    0 1617328 1098472 305874 773099 37 14  2 47  0  0
23 262 380120 114587268 2076500 63247684    0    0 2277328 580468 345031 952428 59 19  3 18  0  0
24 238 380120 114592260 2076504 63247712    0    0 1654768 1081928 308539 773524 38 13  3 47  0  0
71 392 380120 114601220 2076504 63247716    0    0 2520592 384112 350661 999176 62 21  1 17  0  0
73 382 380120 114626724 2076504 63247736    0    0 1740368 923208 310393 808407 40 15  3 42  0  0
57 427 380120 114613780 2076504 63247752    0    0 2085904 656752 326678 892119 50 18  2 31  0  0
11 254 380120 114616100 2076504 63247772    0    0 818864 1558312 256446 526323 17  8  2 74  0  0
162 278 380120 114592296 2076504 63247792    0    0 2511968 418360 352556 993976 63 21  1 15  0  0
19 253 380120 114596692 2076504 63247808    0    0 2042624 703760 335698 896360 51 18  2 29  0  0
23 262 380120 114615852 2076504 63247836    0    0 809328 1711720 265219 538969 17  7  1 75  0  0
108 107 380120 114601368 2076504 63247856    0    0 2657232 284796 358166 1045575 67 22  1 10  0  0
71 393 380120 114596936 2076504 63247872    0    0 2793920 209024 363418 1089690 67 23  0  9  0  0
17 254 380120 114605620 2076508 63247876    0    0 854272 1695464 267951 553024 17  7  1 75  0  0
41 229 380120 114601756 2076508 63247896    0    0 889472 1582116 260824 541981 18  7  1 74  0  0
142 113 380120 114600864 2076508 63247900    0    0 2754848 210616 357083 1055628 68 22  0  9  0  0
66 292 380120 114583340 2076508 63247920    0    0 2771888 183128 362074 1090130 66 23  0 11  0  0
10 276 380120 114593460 2076508 63247936    0    0 1993376 734704 325399 875459 48 17  2 32  0  0
118 80 380120 114618136 2076508 63247960    0    0 1219472 1295432 279582 647252 26 10  1 62  0  0
procs -----------memory---------- ---swap-- -----io---- -system-- -------cpu-------
 r  b   swpd   free   buff  cache   si   so    bi    bo   in   cs us sy id wa st gu
141 193 380120 114609592 2076508 63247988    0    0 2756304 230120 364900 1067263 68 23  1  8  0  0
