procs -----------memory---------- ---swap-- -----io---- -system-- -------cpu-------
 r  b   swpd   free   buff  cache   si   so    bi    bo   in   cs us sy id wa st gu
 4  0 380120 53073556 2063220 62631848    5   10 26356 33060 15738    6  3  1 96  0  0  0
87  0 380120 53012864 2063220 62631856    0    0     0 107908 87245 25571 46  1 52  0  0  0
166  0 380120 52988784 2063220 62631972    0    0     0 286940 190083 36871 97  2  1  0  0  0
151  0 380120 52970420 2063220 62631984    0    0     0 259716 94913 46181 98  2  0  0  0  0
140  0 380120 52951164 2063220 62631992    0    0     0 277672 94873 46577 98  2  1  0  0  0
122  0 380120 52934232 2063220 62632004    0    0     0 275148 94664 45008 98  2  1  0  0  0
151  0 380120 52930420 2063220 62632016    0    0     0 289236 168525 46024 97  2  1  0  0  0
135  0 380120 52923736 2063220 62632028    0    0     0 239420 94721 38123 98  2  1  0  0  0
177  0 380120 52901348 2063220 62632040    0    0     0 208900 93326 36332 97  2  1  0  0  0
121  0 380120 52887496 2063220 62632056    0    0     0 240004 97929 41752 97  2  1  0  0  0
135  0 380120 52868196 2063224 62632068    0    0     0 258532 105127 43432 98  2  0  0  0  0
120  0 380120 52841532 2063224 62632084    0    0     0 265588 105336 44484 98  2  0  0  0  0
109  0 380120 52823936 2063224 62632096    0    0     0 238284 98150 41319 98  2  0  0  0  0
57  0 380120 52538632 2063224 62632116    0    0     0 517652 331943 136091 78 13  9  0  0  0
183  0 380120 52013564 2063224 62632128    0    0     0 234424 549776 597702 63 34  3  0  0  0
142  0 380120 51873640 2063232 62632140    0    0     0 656832 206092 739057 78 21  1  0  0  0
171  0 380120 51833620 2063232 62632168    0    0     0 492116 209243 754569 77 22  1  0  0  0
155  1 380120 51811860 2063232 62632184    0    0     0 494248 179199 763313 77 22  1  0  0  0
163  1 380120 51810420 2063232 62632200    0    0     0 493884 194051 771049 77 22  1  0  0  0
191  0 380120 51802420 2063232 62632212    0    0     0 491628 176737 770324 77 22  2  0  0  0
145  0 380120 51817160 2063240 62632216    0    0     0 497524 172285 772103 77 21  1  0  0  0
procs -----------memory---------- ---swap-- -----io---- -system-- -------cpu-------
 r  b   swpd   free   buff  cache   si   so    bi    bo   in   cs us sy id wa st gu
179  0 380120 51819332 2063240 62632236    0    0     0 495756 174004 772534 77 22  1  0  0  0
136  0 380120 51814436 2063240 62632252    0    0     0 491068 170565 764805 77 22  1  0  0  0
174  1 380120 51808784 2063240 62632264    0    0     0 498244 177786 768158 77 22  1  0  0  0
166  0 380120 51810252 2063240 62632292    0    0     0 498780 172342 756260 77 22  1  0  0  0
177  0 380120 51803008 2063240 62632300    0    0     0 498172 173830 762057 77 22  1  0  0  0
175  0 380120 51809976 2063240 62632320    0    0     0 500044 172288 762280 78 22  1  0  0  0
147  0 380120 51811276 2063240 62632336    0    0     0 501092 173450 766313 77 22  1  0  0  0
182  0 380120 51807060 2063240 62632352    0    0     0 498912 174142 766775 77 22  1  0  0  0
163  0 380120 51806428 2063240 62632372    0    0     0 499464 176631 765793 77 22  1  0  0  0
189  0 380120 51804308 2063248 62632376    0    0     0 501296 173864 758147 77 22  1  0  0  0
185  0 380120 51799652 2063248 62632412    0    0     0 503360 175375 763334 77 22  1  0  0  0
179  0 380120 51796904 2063248 62632420    0    0     0 502472 175835 765566 76 22  2  0  0  0
177  0 380120 51803444 2063248 62632436    0    0     0 502372 178997 777493 76 22  2  0  0  0
173  0 380120 51804320 2063248 62632460    0    0     0 506324 172769 758726 78 22  1  0  0  0
183  0 380120 51808268 2063256 62632460    0    0     0 510312 174623 768528 78 21  1  0  0  0
175  0 380120 51799420 2063256 62632484    0    0     0 508248 169575 760137 77 22  1  0  0  0
162  0 380120 51790244 2063256 62632496    0    0     0 511912 176264 759846 77 22  1  0  0  0
144  0 380120 51780732 2063256 62632524    0    0     0 509472 171772 766287 77 22  1  0  0  0
166  0 380120 51788068 2063256 62632536    0    0     0 511328 169312 758489 78 22  1  0  0  0
95  0 380120 51798100 2063260 62632552    0    0     0 510460 172213 762101 77 22  1  0  0  0
176  0 380120 51804336 2063260 62632572    0    0     0 508020 173172 758657 77 22  2  0  0  0
procs -----------memory---------- ---swap-- -----io---- -system-- -------cpu-------
 r  b   swpd   free   buff  cache   si   so    bi    bo   in   cs us sy id wa st gu
164  0 380120 51790080 2063260 62632584    0    0     0 515904 167401 763972 77 22  1  0  0  0
167  0 380120 51783464 2063264 62632604    0    0     0 510920 166348 746488 78 22  0  0  0  0
196  0 380120 51782596 2063264 62632636    0    0     0 517108 168510 753316 77 22  1  0  0  0
154  0 380120 51779288 2063264 62632640    0    0     0 544740 167664 751658 78 22  0  0  0  0
163  0 380120 51776868 2063264 62632656    0    0     0 543072 168204 759131 77 22  1  0  0  0
214  0 380120 51777620 2063264 62632688    0    0     0 540104 167452 752987 77 22  1  0  0  0
173  0 380120 51780592 2063264 62632692    0    0     0 540320 170685 755133 78 22  1  0  0  0
128  0 380120 51786364 2063264 62632712    0    0     0 541732 174342 764746 77 22  1  0  0  0
160  0 380120 51792040 2063264 62632720    0    0     0 547496 176261 759039 78 21  1  0  0  0
154  0 380120 51788524 2063264 62632740    0    0     0 543196 177609 768196 77 22  1  0  0  0
167  0 380120 51782912 2063264 62632760    0    0     0 545288 175386 758234 77 22  1  0  0  0
188  0 380120 51781552 2063268 62632764    0    0     0 547868 168276 754032 77 22  1  0  0  0
131  0 380120 51782112 2063268 62632788    0    0     0 547900 165881 757147 78 22  0  0  0  0
165  0 380120 51773716 2063268 62632808    0    0     0 544912 167219 755574 77 22  0  0  0  0
161  0 380120 51782028 2063268 62632816    0    0     0 543276 168785 755485 78 22  1  0  0  0
167  0 380120 51779740 2063268 62632840    0    0     0 549912 172406 753951 77 22  1  0  0  0
147  0 380120 51772792 2063268 62632852    0    0     0 550656 171059 754481 77 22  1  0  0  0
152  0 380120 51772492 2063268 62632864    0    0     0 554044 172664 739485 77 22  1  0  0  0
149  0 380120 51775556 2063268 62632884    0    0     0 548948 169166 751878 77 22  1  0  0  0
162  0 380120 51777760 2063268 62632912    0    0     0 549048 170176 751464 77 22  1  0  0  0
183  0 380120 51777260 2063268 62632928    0    0     0 551048 170511 751422 77 22  1  0  0  0
procs -----------memory---------- ---swap-- -----io---- -system-- -------cpu-------
 r  b   swpd   free   buff  cache   si   so    bi    bo   in   cs us sy id wa st gu
195  0 380120 51777332 2063272 62632948    0    0     0 552664 170175 749368 77 22  1  0  0  0
143  0 380120 51775780 2063272 62632956    0    0     0 550896 173339 755482 78 21  1  0  0  0
181  0 380120 51780780 2063272 62632964    0    0     0 551596 173041 752640 78 22  1  0  0  0
138  0 380120 51774548 2063272 62632980    0    0     0 548536 171131 753102 77 22  1  0  0  0
161  0 380120 51769676 2063272 62633004    0    0     0 548676 170123 748790 78 22  1  0  0  0
160  0 380120 51770304 2063276 62633016    0    0     0 551176 176838 763854 77 22  1  0  0  0
165  0 380120 51775004 2063276 62633036    0    0     0 556792 171168 751753 78 22  1  0  0  0
162  0 380120 51770716 2063276 62633060    0    0     0 557040 167317 745465 77 22  0  0  0  0
171  0 380120 51775408 2063276 62633068    0    0     0 552412 172967 756053 77 22  1  0  0  0
152  0 380120 51777688 2063276 62633088    0    0     0 557100 171693 754250 77 22  1  0  0  0
148  0 380120 51783040 2063276 62633104    0    0     0 552776 171608 752343 77 22  1  0  0  0
162  0 380120 51783972 2063276 62633120    0    0     0 558160 171975 757620 77 22  1  0  0  0
172  0 380120 51785588 2063276 62633140    0    0     0 575880 171723 758189 77 22  1  0  0  0
168  0 380120 51786728 2063276 62633152    0    0     0 576596 174643 760161 77 22  1  0  0  0
175  0 380120 51778232 2063276 62633172    0    0     0 576696 172088 752208 77 22  1  0  0  0
151  0 380120 51764096 2063276 62633188    0    0     0 585912 170445 748866 78 22  1  0  0  0
171  0 380120 51775132 2063276 62633196    0    0     0 580184 173284 763333 78 21  1  0  0  0
176  0 380120 51775020 2063276 62633228    0    0     0 585732 169629 746228 78 22  1  0  0  0
178  0 380120 51778276 2063276 62633236    0    0     0 580332 174517 756776 77 22  1  0  0  0
156  1 380120 51780684 2063276 62633248    0    0     0 579792 172811 756653 77 22  1  0  0  0
197  0 380120 51775532 2063276 62633272    0    0     0 585964 173351 755582 77 22  1  0  0  0
procs -----------memory---------- ---swap-- -----io---- -system-- -------cpu-------
 r  b   swpd   free   buff  cache   si   so    bi    bo   in   cs us sy id wa st gu
172  1 380120 51775220 2063276 62633288    0    0     0 580456 178973 757671 77 22  1  0  0  0
168  0 380120 51778088 2063276 62633304    0    0     0 583692 175685 758653 77 22  1  0  0  0
133  0 380120 51782608 2063276 62633316    0    0     0 587556 174511 757562 77 22  1  0  0  0
145  0 380120 51776868 2063276 62633336    0    0     0 586516 171029 753371 77 22  1  0  0  0
160  0 380120 51769176 2063276 62633348    0    0     0 585540 169696 752703 77 22  1  0  0  0
152  0 380120 51769060 2063276 62633372    0    0     0 585924 170470 753480 77 22  1  0  0  0
164  0 380120 51766800 2063276 62633384    0    0     0 584136 166551 745660 78 22  0  0  0  0
168  0 380120 51762164 2063276 62633400    0    0     0 591000 168033 746083 78 22  0  0  0  0
174  0 380120 51755872 2063276 62633416    0    0     0 587508 173668 746608 77 22  1  0  0  0
144  0 380120 51756296 2063276 62633440    0    0     0 584552 175008 757714 77 22  1  0  0  0
170  1 380120 51765144 2063276 62633456    0    0     0 585560 172731 747284 78 21  1  0  0  0
178  0 380120 51758836 2063276 62633460    0    0     0 583448 174054 754293 77 22  1  0  0  0
171  0 380120 51761620 2063276 62633476    0    0     0 584504 171336 751707 77 22  1  0  0  0
164  0 380120 51766948 2063276 62633508    0    0     0 588236 172897 760275 77 22  1  0  0  0
194  0 380120 51756476 2063276 62633528    0    0     0 584032 172449 757250 77 22  1  0  0  0
168  0 380120 51754592 2063276 62633544    0    0     0 583748 175489 769627 77 22  1  0  0  0
151  0 380120 51759384 2063276 62633552    0    0     0 589996 175031 761653 77 22  1  0  0  0
187  1 380120 51762104 2063276 62633564    0    0     0 591232 174499 762892 77 22  1  0  0  0
169  0 380120 51762196 2063276 62633584    0    0     0 592100 173379 758076 77 22  1  0  0  0
189  0 380120 51758692 2063280 62633608    0    0     0 589076 174280 752459 77 22  1  0  0  0
162  0 380120 51767448 2063280 62633620    0    0     0 585872 170060 759161 77 22  1  0  0  0
procs -----------memory---------- ---swap-- -----io---- -system-- -------cpu-------
 r  b   swpd   free   buff  cache   si   so    bi    bo   in   cs us sy id wa st gu
165  0 380120 51762404 2063280 62633636    0    0     0 602220 172291 755422 77 22  1  0  0  0
163  0 380120 51763792 2063280 62633652    0    0     0 606572 173920 757710 77 22  1  0  0  0
166  0 380120 51760584 2063280 62633668    0    0     0 608712 171909 745552 77 22  1  0  0  0
169  0 380120 51762104 2063280 62633684    0    0     0 606440 174094 757636 78 21  1  0  0  0
173  0 380120 51759304 2063280 62633696    0    0     0 613212 168801 750040 78 21  0  0  0  0
178  0 380120 51759452 2063280 62633712    0    0     0 608128 167944 754725 78 22  0  0  0  0
187  0 380120 51759660 2063280 62633724    0    0     0 605528 172363 761142 77 22  1  0  0  0
156  0 380120 51761780 2063280 62633744    0    0     0 603444 171802 758144 77 22  1  0  0  0
158  0 380120 51760764 2063280 62633764    0    0     0 602268 172732 764691 77 22  1  0  0  0
195  0 380120 51755644 2063280 62633780    0    0     0 602000 174345 764944 77 22  1  0  0  0
173  0 380120 51761520 2063280 62633796    0    0     0 603460 179449 773562 77 22  1  0  0  0
165  0 380120 51761500 2063280 62633816    0    0     0 603196 176013 757262 77 22  1  0  0  0
147  0 380120 51757160 2063280 62633836    0    0     0 611512 174619 752447 77 22  1  0  0  0
177  0 380120 51759308 2063280 62633848    0    0     0 611900 172797 749070 77 22  1  0  0  0
171  0 380120 51752984 2063280 62633868    0    0     0 607156 171438 758923 77 22  1  0  0  0
167  0 380120 51766992 2063280 62633884    0    0     0 608196 171973 766559 77 22  1  0  0  0
168  0 380120 51754008 2063280 62633900    0    0     0 606708 172583 759399 77 22  1  0  0  0
176  0 380120 51753620 2063280 62633916    0    0     0 611296 174699 757517 77 22  1  0  0  0
70  1 380120 51757980 2063280 62633924    0    0     0 609216 174935 769943 78 21  1  0  0  0
173  1 380120 51753688 2063280 62633936    0    0     0 610964 173071 756466 78 22  1  0  0  0
203  0 380120 51747188 2063280 62633956    0    0     0 613232 169221 755788 78 22  0  0  0  0
procs -----------memory---------- ---swap-- -----io---- -system-- -------cpu-------
 r  b   swpd   free   buff  cache   si   so    bi    bo   in   cs us sy id wa st gu
146  0 380120 51753188 2063280 62633976    0    0     0 627692 174028 759754 77 22  1  0  0  0
133  1 380120 51740816 2063280 62633988    0    0     0 657140 174499 762473 77 22  1  0  0  0
123  0 380120 51747500 2063280 62634004    0    0     0 671964 180117 770854 77 22  1  0  0  0
166  0 380120 51740596 2063280 62634024    0    0     0 679704 171326 751804 78 22  1  0  0  0
99  0 380120 51749804 2063280 62634044    0    0     0 673252 179112 768090 77 22  1  0  0  0
195  1 380120 51751064 2063280 62634060    0    0     0 667880 179876 765178 77 22  1  0  0  0
181  0 380120 51756828 2063280 62634076    0    0     0 665528 176724 766967 77 22  1  0  0  0
164  0 380120 51739872 2063280 62634100    0    0     0 658680 176264 758708 77 22  1  0  0  0
210  0 380120 51744628 2063280 62634116    0    0     0 656052 176528 762808 77 22  1  0  0  0
216  0 380120 51749196 2063280 62634136    0    0     0 667948 176746 761174 77 22  1  0  0  0
175  0 380120 51742596 2063280 62634152    0    0     0 664460 176217 766685 77 22  1  0  0  0
145  0 380120 51740896 2063280 62634172    0    0     0 664204 176644 768951 77 22  1  0  0  0
164  0 380120 51739820 2063280 62634184    0    0     0 654180 178752 773990 77 21  1  0  0  0
169  0 380120 51732156 2063280 62634192    0    0     0 651784 177406 773614 77 22  1  0  0  0
136  0 380120 51741728 2063280 62634208    0    0     0 652432 174234 752648 77 22  1  0  0  0
183  0 380120 51739088 2063280 62634232    0    0     0 651088 175893 753912 77 22  1  0  0  0
210  0 380120 51745340 2063280 62634248    0    0     0 652332 175005 755846 77 22  1  0  0  0
157  0 380120 51740704 2063288 62634252    0    0     0 649856 173795 751464 78 22  1  0  0  0
151  0 380120 51740176 2063288 62634284    0    0     0 649096 180209 766742 76 22  1  0  0  0
210  0 380120 51732628 2063288 62634304    0    0     0 653932 179215 758580 77 22  1  0  0  0
175  0 380120 51750160 2063288 62634324    0    0     0 647708 178723 765702 77 22  1  0  0  0
procs -----------memory---------- ---swap-- -----io---- -system-- -------cpu-------
 r  b   swpd   free   buff  cache   si   so    bi    bo   in   cs us sy id wa st gu
181  0 380120 51741804 2063288 62634340    0    0     0 653348 175077 753279 78 22  1  0  0  0
155  0 380120 51747208 2063292 62634352    0    0     0 649116 171719 742091 78 22  0  0  0  0
181  0 380120 51742672 2063292 62634368    0    0     0 643608 173244 749103 77 22  1  0  0  0
154  0 380120 51743060 2063292 62634388    0    0     0 638528 177653 759737 77 22  1  0  0  0
145  0 380120 51742272 2063292 62634408    0    0     0 638628 179917 763449 77 22  1  0  0  0
156  0 380120 51727756 2063292 62634424    0    0     0 641264 176102 750591 77 22  1  0  0  0
147  0 380120 51729096 2063292 62634440    0    0     0 642188 179999 772996 78 21  1  0  0  0
167  0 380120 51739228 2063292 62634448    0    0     0 632748 178849 764027 77 22  1  0  0  0
243  0 380120 51732680 2063292 62634468    0    0     0 638692 176982 762562 77 22  1  0  0  0
164  0 380120 51739464 2063292 62634488    0    0     0 641640 177732 757177 77 22  1  0  0  0
149  0 380120 51734728 2063292 62634496    0    0     0 636380 177310 767321 77 22  1  0  0  0
167  0 380120 51736848 2063300 62634508    0    0     0 631816 177372 759148 76 22  2  0  0  0
150  0 380120 51735228 2063300 62634532    0    0     0 632608 180099 772268 77 22  1  0  0  0
153  1 380120 51742284 2063300 62634556    0    0     0 630648 179748 770181 77 22  1  0  0  0
193  0 380120 51744436 2063300 62634572    0    0     0 634124 177765 759932 77 22  1  0  0  0
161  0 380120 51743628 2063300 62634592    0    0     0 630504 177136 755755 77 22  1  0  0  0
158  0 380120 51737780 2063300 62634608    0    0     0 627972 176889 760852 77 22  1  0  0  0
157  1 380120 51741240 2063300 62634620    0    0     0 630884 175353 763964 77 22  1  0  0  0
177  0 380120 51725400 2063300 62634640    0    0     0 643924 174237 750837 77 22  1  0  0  0
145  0 380120 51729840 2063300 62634660    0    0     0 641792 176912 760235 77 22  1  0  0  0
162  0 380120 51743676 2063300 62634672    0    0     0 639888 176867 765534 77 22  1  0  0  0
procs -----------memory---------- ---swap-- -----io---- -system-- -------cpu-------
 r  b   swpd   free   buff  cache   si   so    bi    bo   in   cs us sy id wa st gu
181  0 380120 51747868 2063304 62634684    0    0     0 638224 174723 761264 78 21  1  0  0  0
181  0 380120 51742324 2063304 62634704    0    0     0 634872 179996 767856 76 22  1  0  0  0
171  0 380120 51735484 2063304 62634724    0    0     0 635444 178154 760640 76 23  1  0  0  0
179  0 380120 51735124 2063304 62634744    0    0     0 639084 177083 759424 77 22  1  0  0  0
138  0 380120 51737412 2063304 62634760    0    0     0 639700 178192 762086 77 22  1  0  0  0
193  0 380120 51738424 2063304 62634776    0    0     0 636360 182239 764014 77 22  1  0  0  0
180  0 380120 51735308 2063304 62634792    0    0     0 639172 180708 763560 77 22  1  0  0  0
163  0 380120 51729504 2063304 62634804    0    0     0 641084 173372 752758 77 22  0  0  0  0
172  0 380120 51727924 2063304 62634824    0    0     0 635788 175680 764026 77 22  1  0  0  0
127  0 380120 51733636 2063304 62634840    0    0     0 632560 174035 762197 77 22  1  0  0  0
135  0 380120 51731344 2063308 62634848    0    0     0 632040 174578 757758 77 22  1  0  0  0
141  0 380120 51722848 2063308 62634872    0    0     0 632380 174507 762005 77 22  1  0  0  0
133  0 380120 51720252 2063308 62634884    0    0     0 631352 175997 765385 77 22  1  0  0  0
164  0 380120 51731148 2063308 62634912    0    0     0 629096 174749 760237 77 22  1  0  0  0
202  0 380120 51733248 2063308 62634924    0    0     0 631760 176937 767709 78 21  1  0  0  0
167  0 380120 51736600 2063308 62634932    0    0     0 630700 175563 765507 77 22  1  0  0  0
141  0 380120 51725784 2063308 62634948    0    0     0 625540 174656 764619 77 22  1  0  0  0
162  0 380120 51719328 2063308 62634972    0    0     0 629312 174383 761001 77 22  1  0  0  0
163  0 380120 51718712 2063308 62634984    0    0     0 634728 175821 757458 77 22  1  0  0  0
161  0 380120 51719008 2063308 62635000    0    0     0 635872 177780 756139 77 22  1  0  0  0
193  0 380120 51715492 2063308 62635016    0    0     0 633276 176986 759316 77 22  1  0  0  0
procs -----------memory---------- ---swap-- -----io---- -system-- -------cpu-------
 r  b   swpd   free   buff  cache   si   so    bi    bo   in   cs us sy id wa st gu
182  1 380120 51723744 2063308 62635028    0    0     0 628936 177239 760675 77 22  1  0  0  0
197  1 380120 51722572 2063308 62635052    0    0     0 629316 177079 769335 77 22  1  0  0  0
176  1 380120 51720980 2063308 62635072    0    0     0 631932 173841 752526 77 22  1  0  0  0
133  0 380120 51718872 2063308 62635080    0    0     0 629628 171066 751979 77 22  1  0  0  0
192  1 380120 51713676 2063308 62635096    0    0     0 631356 170331 744289 78 22  0  0  0  0
179  0 380120 51717188 2063308 62635108    0    0     0 628844 172570 751623 78 22  0  0  0  0
167  0 380120 51712920 2063308 62635132    0    0     0 630240 176297 751555 77 23  1  0  0  0
183  0 380120 51716608 2063308 62635152    0    0     0 630240 178211 761225 77 22  1  0  0  0
139  0 380120 51716364 2063308 62635160    0    0     0 622344 174777 762312 78 21  1  0  0  0
141  0 380120 51710652 2063312 62635172    0    0     0 622376 174526 758106 77 22  1  0  0  0
122  0 380120 51718992 2063312 62635196    0    0     0 624492 174604 759636 77 22  1  0  0  0
192  1 380120 51712256 2063312 62635220    0    0     0 633324 174697 759783 77 22  1  0  0  0
174  0 380120 51720352 2063312 62635244    0    0     0 624488 173130 760268 77 22  1  0  0  0
135  0 380120 51718364 2063312 62635256    0    0     0 625836 178923 765592 77 22  1  0  0  0
121  0 380120 51717980 2063316 62635268    0    0     0 623344 172875 762441 77 22  1  0  0  0
102  0 380120 51720372 2063316 62635292    0    0     0 626536 180602 770317 77 22  1  0  0  0
186  0 380120 51721904 2063316 62635312    0    0     0 621964 177760 760546 77 22  1  0  0  0
175  0 380120 51713428 2063316 62635328    0    0     0 629448 171749 750074 77 22  1  0  0  0
133  0 380120 51715316 2063316 62635344    0    0     0 626592 175761 754333 77 22  1  0  0  0
191  1 380120 51719232 2063316 62635364    0    0     0 627672 175443 755959 77 22  1  0  0  0
186  0 380120 51712480 2063316 62635372    0    0     0 629424 174306 756548 77 22  1  0  0  0
procs -----------memory---------- ---swap-- -----io---- -system-- -------cpu-------
 r  b   swpd   free   buff  cache   si   so    bi    bo   in   cs us sy id wa st gu
96  0 380120 51723196 2063316 62635392    0    0     0 625124 175390 758679 77 22  1  0  0  0
176  0 380120 51729452 2063316 62635404    0    0     0 622092 176180 771278 77 22  1  0  0  0
177  0 380120 51730352 2063316 62635416    0    0     0 621824 174559 766103 78 21  1  0  0  0
139  0 380120 51726748 2063320 62635424    0    0     0 624064 174904 760785 77 22  1  0  0  0
182  0 380120 51720988 2063320 62635448    0    0     0 625092 175182 760234 77 22  1  0  0  0
149  1 380120 51715288 2063320 62635464    0    0     0 621724 174045 759211 77 22  1  0  0  0
172  0 380120 51712660 2063320 62635476    0    0     0 625188 171057 758354 78 22  1  0  0  0
168  0 380120 51728376 2063320 62635500    0    0     0 627016 175887 761128 77 22  1  0  0  0
184  0 380120 51720716 2063324 62635512    0    0     0 619172 176868 758222 77 22  1  0  0  0
147  0 380120 51719748 2063324 62635528    0    0     0 622540 180171 760916 77 22  1  0  0  0
187  0 380120 51718496 2063324 62635548    0    0     0 621920 178818 764560 77 22  1  0  0  0
217  0 380120 51712020 2063324 62635564    0    0     0 615940 173362 762676 77 22  1  0  0  0
145  0 380120 51712920 2063324 62635580    0    0     0 625292 169951 755427 77 22  1  0  0  0
166  0 380120 51717380 2063324 62635596    0    0     0 618136 173019 761063 77 22  1  0  0  0
159  0 380120 51720712 2063324 62635612    0    0     0 619576 174953 759057 77 22  1  0  0  0
163  1 380120 51717452 2063324 62635628    0    0     0 619348 173562 762604 77 22  1  0  0  0
155  0 380120 51723336 2063324 62635640    0    0     0 623376 173583 767559 78 21  1  0  0  0
172  0 380120 51715940 2063324 62635652    0    0     0 621588 176681 760939 77 22  1  0  0  0
179  0 380120 51717592 2063324 62635668    0    0     0 616560 174767 758130 77 22  1  0  0  0
148  0 380120 51716108 2063332 62635688    0    0     0 619372 173578 754642 77 22  1  0  0  0
180  0 380120 51720952 2063332 62635704    0    0     0 625248 193452 746929 77 22  1  0  0  0
procs -----------memory---------- ---swap-- -----io---- -system-- -------cpu-------
 r  b   swpd   free   buff  cache   si   so    bi    bo   in   cs us sy id wa st gu
168  0 380120 51717472 2063332 62635724    0    0     0 625056 172344 754320 78 22  0  0  0  0
165  0 380120 51725212 2063332 62635740    0    0     0 625940 176909 763543 77 22  1  0  0  0
150  0 380120 51721876 2063340 62635756    0    0     0 626804 173492 761898 77 22  1  0  0  0
150  1 380120 51716216 2063340 62635784    0    0     0 623160 172601 750397 78 22  0  0  0  0
163  0 380120 51709932 2063340 62635800    0    0     0 625024 173415 754094 77 22  1  0  0  0
170  0 380120 51716108 2063340 62635820    0    0     0 629020 174008 762591 77 22  1  0  0  0
155  0 380120 51713420 2063340 62635836    0    0     0 624564 169769 749538 78 22  1  0  0  0
170  0 380120 51710812 2063348 62635848    0    0     0 624556 175121 753217 77 22  1  0  0  0
162  1 380120 51717536 2063348 62635872    0    0     0 622524 170923 743832 78 22  0  0  0  0
188  0 380120 51705952 2063348 62635888    0    0     0 626552 174702 754293 77 22  1  0  0  0
174  0 380120 51710684 2063348 62635900    0    0     0 627032 175424 760160 78 21  1  0  0  0
147  0 380120 51709404 2063348 62635908    0    0     0 629008 177072 768077 78 21  1  0  0  0
172  0 380120 51707852 2063352 62635928    0    0     0 636852 170786 753039 77 22  1  0  0  0
176  0 380120 51698244 2063352 62635944    0    0     0 644700 170381 745835 78 22  0  0  0  0
160  0 380120 51699228 2063352 62635964    0    0     0 640848 171269 750287 77 22  1  0  0  0
146  0 380120 51700956 2063352 62635976    0    0     0 641204 173010 751665 77 22  1  0  0  0
171  0 380120 51707728 2063352 62635992    0    0     0 640512 171435 752068 77 22  1  0  0  0
189  0 380120 51718596 2063352 62636012    0    0     0 641220 172974 750268 77 22  1  0  0  0
161  0 380120 51716540 2063352 62636028    0    0     0 636892 183964 753023 77 22  1  0  0  0
163  0 380120 51711680 2063352 62636044    0    0     0 640096 177926 752661 77 22  1  0  0  0
146  0 380120 51716836 2063352 62636056    0    0     0 641904 173346 757337 77 22  1  0  0  0
procs -----------memory---------- ---swap-- -----io---- -system-- -------cpu-------
 r  b   swpd   free   buff  cache   si   so    bi    bo   in   cs us sy id wa st gu
175  0 380120 51709912 2063352 62636076    0    0     0 639480 173847 753612 77 22  0  0  0  0
138  1 380120 51710736 2063352 62636096    0    0     0 634244 169273 753375 78 22  0  0  0  0
155  0 380120 51706400 2063352 62636112    0    0     0 625484 172001 749469 77 22  1  0  0  0
154  0 380120 51711112 2063352 62636128    0    0     0 627672 172881 754723 77 22  1  0  0  0
141  0 380120 51706128 2063352 62636144    0    0     0 628568 173365 757937 77 22  1  0  0  0
171  0 380120 51704000 2063352 62636152    0    0     0 633548 170135 758305 78 21  1  0  0  0
137  0 380120 51705472 2063356 62636164    0    0     0 627472 170531 749413 77 22  1  0  0  0
133  0 380120 51702280 2063356 62636184    0    0     0 624084 172148 756029 77 22  1  0  0  0
146  0 380120 51706056 2063356 62636200    0    0     0 625932 170551 746465 77 22  1  0  0  0
127  0 380120 51704772 2063356 62636212    0    0     0 625112 174166 757700 77 22  1  0  0  0
185  0 380120 51714008 2063356 62636232    0    0     0 620980 177008 758774 77 22  1  0  0  0
159  1 380120 51709196 2063356 62636256    0    0     0 620804 178093 764164 77 22  1  0  0  0
156  0 380120 51705564 2063356 62636276    0    0     0 624464 173904 760090 77 22  1  0  0  0
165  0 380120 51699172 2063356 62636292    0    0     0 627532 172383 756071 78 22  1  0  0  0
147  0 380120 51699136 2063356 62636308    0    0     0 630276 172713 747240 77 22  1  0  0  0
181  0 380120 51706184 2063356 62636320    0    0     0 630372 172358 756346 77 22  1  0  0  0
169  0 380120 51701104 2063356 62636344    0    0     0 623088 171439 751073 77 22  1  0  0  0
164  0 380120 51711656 2063356 62636356    0    0     0 621056 173515 756576 77 22  1  0  0  0
151  0 380120 51720596 2063356 62636372    0    0     0 621816 174361 759614 77 22  1  0  0  0
163  0 380120 51712164 2063356 62636384    0    0     0 625520 172972 747809 77 22  1  0  0  0
174  0 380120 51725100 2063356 62636396    0    0     0 625112 171967 745702 78 21  1  0  0  0
procs -----------memory---------- ---swap-- -----io---- -system-- -------cpu-------
 r  b   swpd   free   buff  cache   si   so    bi    bo   in   cs us sy id wa st gu
168  1 380120 51721712 2063364 62636408    0    0     0 627248 173048 749350 78 21  1  0  0  0
140  0 380120 51715800 2063364 62636432    0    0     0 624868 174254 749997 77 22  1  0  0  0
163  0 380120 51716064 2063364 62636452    0    0     0 628612 175506 752660 77 22  1  0  0  0
165  0 380120 51711008 2063364 62636464    0    0     0 627916 175642 759438 77 22  1  0  0  0
167  0 380120 51708992 2063364 62636484    0    0     0 630068 176450 754445 77 22  1  0  0  0
175  0 380120 51708136 2063364 62636500    0    0     0 628684 175504 751996 78 22  1  0  0  0
172  0 380120 51699616 2063364 62636516    0    0     0 631320 171955 753062 77 22  1  0  0  0
168  0 380120 51701808 2063364 62636532    0    0     0 629252 173117 749325 77 22  1  0  0  0
175  0 380120 51697332 2063364 62636544    0    0     0 624896 175067 757608 77 22  1  0  0  0
160  0 380120 51709716 2063364 62636560    0    0     0 624228 172298 760869 77 22  1  0  0  0
145  0 380120 51707964 2063364 62636580    0    0     0 628388 171527 751547 78 22  0  0  0  0
158  0 380120 51712884 2063364 62636600    0    0     0 629444 171588 757278 77 22  1  0  0  0
169  0 380120 51703520 2063364 62636612    0    0     0 627944 172717 756083 77 22  1  0  0  0
161  0 380120 51706852 2063364 62636628    0    0     0 629552 170064 752546 77 22  1  0  0  0
174  0 380120 51707436 2063364 62636640    0    0     0 632188 168954 746190 78 22  0  0  0  0
173  0 380120 51707656 2063364 62636656    0    0     0 629276 175665 772001 78 22  1  0  0  0
170  1 380120 51705576 2063364 62636668    0    0     0 630720 171831 747956 78 22  0  0  0  0
135  0 380120 51688812 2063364 62636684    0    0     0 624988 175277 762175 77 22  1  0  0  0
153  0 380120 51690520 2063364 62636700    0    0     0 624576 176965 759260 77 22  1  0  0  0
184  0 380120 51699012 2063364 62636720    0    0     0 627620 175951 757962 77 22  1  0  0  0
185  0 380120 51692556 2063364 62636740    0    0     0 624764 177673 755945 77 22  1  0  0  0
procs -----------memory---------- ---swap-- -----io---- -system-- -------cpu-------
 r  b   swpd   free   buff  cache   si   so    bi    bo   in   cs us sy id wa st gu
185  0 380120 51692624 2063364 62636760    0    0     0 630448 173944 758472 77 22  1  0  0  0
176  1 380120 51698640 2063364 62636776    0    0     0 629148 173523 745991 78 22  0  0  0  0
134  0 380120 51698052 2063364 62636788    0    0     0 630756 174681 750403 77 22  1  0  0  0
149  1 380120 51693396 2063364 62636800    0    0     0 631840 169686 753300 78 22  0  0  0  0
136  0 380120 51694792 2063372 62636816    0    0     0 628912 170739 754358 78 22  1  0  0  0
169  0 380120 51693232 2063372 62636840    0    0     0 629384 171086 755595 78 22  1  0  0  0
127  0 380120 51696336 2063372 62636856    0    0     0 630364 170509 753014 78 22  0  0  0  0
143  0 380120 51685636 2063372 62636872    0    0     0 630268 171408 760928 77 22  1  0  0  0
159  0 380120 51696216 2063372 62636892    0    0     0 630624 170029 755478 78 22  0  0  0  0
176  0 380120 51695796 2063372 62636904    0    0     0 627064 172368 755194 78 21  1  0  0  0
181  0 380120 51705440 2063372 62636916    0    0     0 628276 171656 752290 78 21  1  0  0  0
143  0 380120 51697908 2063372 62636932    0    0     0 625200 175781 764182 77 22  1  0  0  0
151  0 380120 51705348 2063372 62636948    0    0     0 627048 176563 756405 77 22  1  0  0  0
148  0 380120 51696604 2063372 62636964    0    0     0 628972 174239 754074 78 22  1  0  0  0
158  1 380120 51706020 2063376 62636972    0    0     0 629772 176753 760046 77 22  1  0  0  0
190  0 380120 51703588 2063376 62636992    0    0     0 627888 172301 756282 77 22  1  0  0  0
154  0 380120 51698676 2063376 62637012    0    0     0 633556 172824 756137 78 22  0  0  0  0
212  0 380120 51695868 2063376 62637028    0    0     0 627508 173167 759175 77 22  1  0  0  0
182  0 380120 51703068 2063376 62637052    0    0     0 628632 172386 755986 78 22  0  0  0  0
185  0 380120 51703232 2063376 62637064    0    0     0 628556 170272 750168 78 22  1  0  0  0
182  0 380120 51704220 2063376 62637080    0    0     0 624964 175192 757573 77 22  1  0  0  0
procs -----------memory---------- ---swap-- -----io---- -system-- -------cpu-------
 r  b   swpd   free   buff  cache   si   so    bi    bo   in   cs us sy id wa st gu
140  0 380120 51698356 2063376 62637096    0    0     0 632216 174737 750840 77 22  1  0  0  0
135  0 380120 51703856 2063376 62637112    0    0     0 630900 172326 751345 77 22  1  0  0  0
188  0 380120 51704028 2063376 62637136    0    0     0 626672 173345 756540 77 22  1  0  0  0
174  0 380120 51696880 2063376 62637148    0    0     0 633644 170555 751440 78 22  0  0  0  0
173  0 380120 51700432 2063376 62637156    0    0     0 635244 176416 755328 78 22  1  0  0  0
153  0 380120 51703316 2063376 62637176    0    0     0 635532 173656 757342 77 22  1  0  0  0
176  0 380120 51700272 2063376 62637192    0    0     0 628236 176797 761026 77 22  1  0  0  0
153  0 380120 51701640 2063376 62637208    0    0     0 627912 178061 757636 77 22  1  0  0  0
128  0 380120 51697172 2063380 62637220    0    0     0 631320 174515 754828 78 22  1  0  0  0
170  0 380120 51695100 2063380 62637244    0    0     0 632988 173299 757660 78 22  1  0  0  0
170  0 380120 51700548 2063380 62637260    0    0     0 629852 172511 758540 77 22  1  0  0  0
161  0 380120 51698772 2063380 62637276    0    0     0 631460 171793 753768 77 22  1  0  0  0
179  0 380120 51697360 2063380 62637296    0    0     0 631324 171996 760141 77 22  1  0  0  0
174  0 380120 51696060 2063380 62637308    0    0     0 630280 170356 751635 77 22  1  0  0  0
163  0 380120 51707508 2063380 62637328    0    0     0 634072 173888 757133 77 22  1  0  0  0
157  0 380120 51700908 2063380 62637340    0    0     0 627664 172207 755251 77 22  1  0  0  0
175  0 380120 51696076 2063380 62637364    0    0     0 634404 172784 757896 77 22  1  0  0  0
150  0 380120 51691892 2063380 62637376    0    0     0 629328 172931 752677 78 22  1  0  0  0
157  0 380120 51695832 2063380 62637392    0    0     0 630988 170493 749609 78 22  1  0  0  0
169  0 380120 51687460 2063380 62637404    0    0     0 634852 176035 760649 78 22  1  0  0  0
165  0 380120 51682008 2063380 62637416    0    0     0 631788 176554 749078 77 22  1  0  0  0
procs -----------memory---------- ---swap-- -----io---- -system-- -------cpu-------
 r  b   swpd   free   buff  cache   si   so    bi    bo   in   cs us sy id wa st gu
147  1 380120 51687168 2063380 62637436    0    0     0 635568 176101 755948 77 22  1  0  0  0
172  0 380120 51690636 2063380 62637460    0    0     0 628148 177839 761623 77 22  1  0  0  0
151  0 380120 51684208 2063384 62637476    0    0     0 626012 185228 763194 77 22  1  0  0  0
219  0 380120 51687060 2063384 62637496    0    0     0 629516 174346 756421 77 22  1  0  0  0
167  0 380120 51696428 2063384 62637516    0    0     0 629488 171982 747747 78 22  0  0  0  0
165  1 380120 51696116 2063384 62637536    0    0     0 635548 174499 756972 78 22  1  0  0  0
185  0 380120 51695316 2063384 62637548    0    0     0 632776 174478 750477 77 22  1  0  0  0
173  0 380120 51690832 2063396 62637568    0    0     0 630600 173303 752237 77 22  0  0  0  0
156  0 380120 51697624 2063396 62637580    0    0     0 634308 173927 746528 77 22  0  0  0  0
163  0 380120 51689656 2063396 62637596    0    0     0 635964 172810 760381 77 22  1  0  0  0
155  1 380120 51688472 2063396 62637616    0    0     0 633876 179499 740873 77 22  1  0  0  0
139  0 380120 51683440 2063396 62637632    0    0     0 633512 171748 756022 77 22  1  0  0  0
204  0 380120 51689248 2063400 62637644    0    0     0 625648 171819 753260 77 22  1  0  0  0
134  0 380120 51696092 2063400 62637660    0    0     0 629968 178997 765003 77 22  1  0  0  0
161  0 380120 51697948 2063400 62637668    0    0     0 628808 178014 769151 77 22  1  0  0  0
133  0 380120 51696388 2063400 62637688    0    0     0 628056 173180 755239 77 22  1  0  0  0
140  0 380120 51687108 2063400 62637704    0    0     0 627768 180838 759384 77 22  1  0  0  0
178  0 380120 51695796 2063400 62637716    0    0     0 629408 178188 758568 77 22  1  0  0  0
142  0 380120 51685352 2063400 62637732    0    0     0 630576 174207 753082 77 22  1  0  0  0
206  0 380120 51690188 2063400 62637748    0    0     0 627032 174279 756860 77 22  1  0  0  0
161  0 380120 51685712 2063400 62637772    0    0     0 634076 174232 753281 77 22  1  0  0  0
procs -----------memory---------- ---swap-- -----io---- -system-- -------cpu-------
 r  b   swpd   free   buff  cache   si   so    bi    bo   in   cs us sy id wa st gu
172  0 380120 51689428 2063400 62637788    0    0     0 646184 172105 749885 78 22  1  0  0  0
186  0 380120 51682428 2063400 62637808    0    0     0 640908 171437 742796 78 22  0  0  0  0
207  0 380120 51688156 2063400 62637824    0    0     0 642888 171865 744315 77 22  0  0  0  0
170  0 380120 51676372 2063400 62637836    0    0     0 640204 172591 748156 77 22  1  0  0  0
175  0 380120 51679524 2063400 62637860    0    0     0 640236 173463 762582 77 22  1  0  0  0
167  0 380120 51678480 2063400 62637872    0    0     0 642920 171900 754117 77 22  1  0  0  0
187  0 380120 51679392 2063400 62637896    0    0     0 640732 177380 760117 77 22  1  0  0  0
171  0 380120 51681436 2063400 62637912    0    0     0 640392 173730 762147 78 22  1  0  0  0
151  0 380120 51686608 2063400 62637916    0    0     0 641376 175108 760659 78 21  1  0  0  0
185  0 380120 51687320 2063400 62637932    0    0     0 639684 174193 755003 78 22  1  0  0  0
169  0 380120 51680548 2063400 62637952    0    0     0 637424 177463 757569 77 22  1  0  0  0
182  0 380120 51675452 2063400 62637968    0    0     0 638768 172884 746648 78 22  0  0  0  0
162  0 380120 51683444 2063400 62637980    0    0     0 636672 170996 749317 78 22  1  0  0  0
172  0 380120 51676808 2063400 62638000    0    0     0 640464 173988 754952 78 22  1  0  0  0
179  0 380120 51675308 2063400 62638016    0    0     0 634948 174446 751426 77 22  0  0  0  0
130  0 380120 51667828 2063400 62638032    0    0     0 637612 174939 756242 77 22  1  0  0  0
144  0 380120 51678208 2063400 62638044    0    0     0 633960 173719 754854 77 22  1  0  0  0
182  0 380120 51686184 2063400 62638060    0    0     0 635916 178989 758532 77 22  1  0  0  0
175  0 380120 51690960 2063400 62638088    0    0     0 637424 172703 751552 77 22  1  0  0  0
170  0 380120 51686404 2063400 62638104    0    0     0 637060 170890 751547 77 22  1  0  0  0
153  0 380120 51679388 2063400 62638128    0    0     0 632540 174184 749585 77 22  1  0  0  0
procs -----------memory---------- ---swap-- -----io---- -system-- -------cpu-------
 r  b   swpd   free   buff  cache   si   so    bi    bo   in   cs us sy id wa st gu
200  0 380120 51684892 2063400 62638140    0    0     0 634976 171687 748028 77 22  0  0  0  0
138  0 380120 51673976 2063400 62638156    0    0     0 631212 171597 752762 77 22  1  0  0  0
149  0 380120 51676808 2063400 62638176    0    0     0 631372 175954 756463 78 22  1  0  0  0
153  0 380120 51675232 2063400 62638184    0    0     0 634140 186288 756110 78 22  1  0  0  0
168  1 380120 51673264 2063400 62638192    0    0     0 628592 177470 767619 77 22  1  0  0  0
171  0 380120 51680676 2063400 62638208    0    0     0 634184 172302 754364 77 22  1  0  0  0
123  1 380120 51680096 2063400 62638224    0    0     0 631436 173815 757986 77 22  1  0  0  0
130  0 380120 51681836 2063400 62638244    0    0     0 628640 173235 753642 77 22  1  0  0  0
150  0 380120 51674084 2063400 62638264    0    0     0 624212 171573 757127 77 22  1  0  0  0
162  0 380120 51680568 2063400 62638284    0    0     0 628780 175111 757921 77 22  1  0  0  0
155  0 380120 51689836 2063400 62638300    0    0     0 627924 171829 747053 77 22  1  0  0  0
187  0 380120 51694104 2063400 62638312    0    0     0 628264 171116 750503 77 22  1  0  0  0
150  0 380120 51686208 2063400 62638332    0    0     0 631808 171914 750276 78 22  1  0  0  0
164  0 380120 51683096 2063400 62638344    0    0     0 631152 171744 755361 77 22  1  0  0  0
179  0 380120 51685664 2063400 62638364    0    0     0 631016 172783 748764 78 22  0  0  0  0
168  0 380120 51679252 2063404 62638380    0    0     0 626568 178583 758555 77 22  1  0  0  0
184  0 380120 51681236 2063404 62638400    0    0     0 630104 174636 756950 77 22  1  0  0  0
153  0 380120 51684580 2063404 62638420    0    0     0 633728 173214 753544 77 22  1  0  0  0
156  0 380120 51679068 2063404 62638432    0    0     0 628964 177251 768971 78 21  1  0  0  0
167  0 380120 51688532 2063404 62638448    0    0     0 627276 173225 756485 77 22  1  0  0  0
164  0 380120 51688364 2063404 62638468    0    0     0 623056 172264 762348 77 22  1  0  0  0
procs -----------memory---------- ---swap-- -----io---- -system-- -------cpu-------
 r  b   swpd   free   buff  cache   si   so    bi    bo   in   cs us sy id wa st gu
152  1 380120 51688840 2063404 62638484    0    0     0 629180 173332 761219 77 22  1  0  0  0
118  1 380120 51682064 2063404 62638504    0    0     0 632272 174404 763392 77 22  1  0  0  0
145  1 380120 51687772 2063404 62638520    0    0     0 628796 172990 751077 77 22  0  0  0  0
172  0 380120 51688648 2063404 62638536    0    0     0 629972 170407 754511 77 22  1  0  0  0
160  0 380120 51679784 2063404 62638556    0    0     0 628396 175141 753211 77 22  1  0  0  0
166  0 380120 51689584 2063404 62638568    0    0     0 628872 171114 749094 78 22  1  0  0  0
151  0 380120 51687316 2063404 62638588    0    0     0 630320 171738 751792 77 22  1  0  0  0
186  0 380120 51686272 2063404 62638604    0    0     0 621924 172143 749637 78 22  1  0  0  0
169  0 380120 51687328 2063404 62638624    0    0     0 628004 172839 751881 77 22  1  0  0  0
177  0 380120 51686564 2063404 62638636    0    0     0 629512 174185 750128 78 22  1  0  0  0
187  0 380120 51691332 2063404 62638656    0    0     0 631140 172941 747909 77 22  1  0  0  0
176  0 380120 51684076 2063404 62638672    0    0     0 629336 173468 753448 77 22  1  0  0  0
178  0 380120 51680596 2063404 62638684    0    0     0 630472 178486 763155 78 21  1  0  0  0
156  0 380120 51675760 2063408 62638688    0    0     0 629604 177294 763039 77 22  1  0  0  0
174  0 380120 51668564 2063408 62638716    4    0     4 627828 171282 752490 77 22  1  0  0  0
174  0 380120 51674296 2063408 62638736    0    0     0 629008 175384 758086 77 22  1  0  0  0
181  0 380120 51684600 2063408 62638748    0    0     0 629812 175662 753502 77 22  1  0  0  0
166  0 380120 51679008 2063408 62638764    0    0     0 631668 171846 745994 77 22  0  0  0  0
173  0 380120 51679824 2063412 62638776    0    0     0 631724 170928 747544 78 22  0  0  0  0
165  0 380120 51674340 2063412 62638796    0    0     0 629972 173064 756582 77 22  0  0  0  0
145  0 380120 51680532 2063412 62638816    0    0     0 628776 172965 751394 78 22  0  0  0  0
procs -----------memory---------- ---swap-- -----io---- -system-- -------cpu-------
 r  b   swpd   free   buff  cache   si   so    bi    bo   in   cs us sy id wa st gu
158  0 380120 51672436 2063412 62638828    0    0     0 626772 174182 745861 78 22  0  0  0  0
147  0 380120 51674036 2063412 62638844    0    0     0 628748 174730 747324 77 22  1  0  0  0
168  1 380120 51673512 2063412 62638860    0    0     0 630632 176904 755127 77 22  1  0  0  0
169  0 380120 51673692 2063412 62638884    0    0     0 630888 177814 757352 77 22  1  0  0  0
176  0 380120 51675048 2063412 62638896    0    0     0 626584 176692 753365 77 22  1  0  0  0
158  0 380120 51676124 2063412 62638912    0    0     0 630408 172327 757450 78 22  0  0  0  0
178  0 380120 51690372 2063412 62638932    0    0     0 628780 179539 768993 77 22  1  0  0  0
183  0 380120 51689732 2063412 62638940    0    0     0 627476 176325 763228 78 21  1  0  0  0
148  0 380120 51679076 2063412 62638956    0    0     0 629888 171559 754522 78 22  1  0  0  0
152  0 380120 51668936 2063412 62638976    0    0     0 626572 172363 750090 77 22  1  0  0  0
140  0 380120 51673780 2063412 62638992    0    0     0 630916 173617 745384 78 22  0  0  0  0
169  0 380120 51678808 2063412 62639012    0    0     0 628528 171636 761537 77 22  1  0  0  0
187  0 380120 51681596 2063412 62639024    0    0     0 630344 174298 755434 77 22  1  0  0  0
151  0 380120 51684368 2063412 62639044    0    0     0 629076 170380 750734 77 22  1  0  0  0
163  0 380120 51676188 2063412 62639056    0    0     0 629556 171460 747202 77 22  1  0  0  0
141  0 380120 51676864 2063412 62639072    0    0     0 628088 170209 757660 77 22  1  0  0  0
159  0 380120 51682528 2063412 62639088    0    0     0 630500 171276 753333 77 22  1  0  0  0
135  0 380120 51681300 2063416 62639100    0    0     0 625864 174807 754411 77 22  1  0  0  0
154  0 380120 51673400 2063416 62639132    0    0     0 630192 175350 753637 77 22  1  0  0  0
177  0 380120 51680604 2063416 62639148    0    0     0 630260 176351 759541 77 22  1  0  0  0
180  0 380120 51678200 2063416 62639160    0    0     0 628348 176755 761511 77 22  1  0  0  0
procs -----------memory---------- ---swap-- -----io---- -system-- -------cpu-------
 r  b   swpd   free   buff  cache   si   so    bi    bo   in   cs us sy id wa st gu
145  0 380120 51676572 2063416 62639184    0    0     0 632152 176962 759976 77 22  1  0  0  0
169  0 380120 51684288 2063416 62639196    0    0     0 631304 176561 759033 78 21  1  0  0  0
179  0 380120 51684888 2063420 62639212    0    0     0 627248 170047 756086 78 21  1  0  0  0
181  0 380120 51676212 2063420 62639228    0    0     0 630552 178251 760056 77 22  1  0  0  0
169  0 380120 51679048 2063420 62639240    0    0     0 632524 174210 753537 77 22  1  0  0  0
191  0 380120 51679504 2063420 62639256    0    0     0 628928 171187 751185 78 22  1  0  0  0
193  0 380120 51681024 2063420 62639268    0    0     0 629572 174098 754173 77 22  1  0  0  0
146  0 380120 51678612 2063424 62639288    0    0     0 625820 170699 767359 78 22  1  0  0  0
179  0 380120 51672104 2063424 62639312    0    0     0 627552 170737 755775 78 22  0  0  0  0
176  0 380120 51665576 2063432 62639328    0    0     0 626184 177637 759867 77 22  1  0  0  0
207  1 380120 51660180 2063432 62639392    0    0     0 625648 170681 756075 77 22  1  0  0  0
147  0 380120 51668620 2063432 62639408    0    0     0 629224 179992 767805 77 22  1  0  0  0
147  0 380120 51672164 2063432 62639428    0    0     0 630668 172631 754375 77 22  1  0  0  0
181  1 380120 51671444 2063432 62639444    0    0     0 634160 177157 761566 77 22  1  0  0  0
161  0 380120 51670024 2063432 62639464    0    0     0 632176 173484 753856 77 22  1  0  0  0
159  0 380120 51672128 2063432 62639480    0    0     0 625180 176295 759989 78 22  1  0  0  0
142  0 380120 51674388 2063432 62639492    0    0     0 632864 173130 755891 78 22  1  0  0  0
146  0 380120 51682120 2063432 62639508    0    0     0 630320 172728 750483 78 21  1  0  0  0
124  0 380120 51674896 2063432 62639524    0    0     0 633100 176067 752602 77 22  1  0  0  0
131  0 380120 51667392 2063432 62639540    0    0     0 630804 168299 756042 77 22  1  0  0  0
137  0 380120 51658420 2063432 62639560    0    0     0 628424 174356 751789 77 22  1  0  0  0
procs -----------memory---------- ---swap-- -----io---- -system-- -------cpu-------
 r  b   swpd   free   buff  cache   si   so    bi    bo   in   cs us sy id wa st gu
157  0 380120 51665888 2063432 62639576    0    0     0 629760 174521 755616 78 22  1  0  0  0
141  0 380120 51676664 2063432 62639592    0    0     0 630992 176287 753618 77 22  1  0  0  0
155  0 380120 51679888 2063432 62639608    0    0     0 630484 172403 750023 77 22  1  0  0  0
178  0 380120 51681612 2063432 62639624    0    0     0 632976 172370 747787 77 22  0  0  0  0
173  0 380120 51669184 2063432 62639640    0    0     0 634460 171787 747332 77 22  0  0  0  0
154  0 380120 51675056 2063432 62639652    0    0     0 633656 174319 748213 77 22  1  0  0  0
158  0 380120 51677648 2063432 62639668    0    0     0 630160 172638 755553 78 22  1  0  0  0
143  0 380120 51670980 2063432 62639692    0    0     0 634156 171362 750004 78 22  1  0  0  0
179  0 380120 51672752 2063432 62639704    0    0     0 632556 172913 752033 78 22  1  0  0  0
161  0 380120 51663592 2063432 62639720    0    0     0 635360 180490 765284 77 22  1  0  0  0
171  0 380120 51675108 2063432 62639740    0    0     0 638532 174093 745552 78 22  0  0  0  0
161  0 380120 51676720 2063432 62639752    0    0     0 638424 172636 766420 78 21  1  0  0  0
142  0 380120 51672656 2063432 62639764    0    0     0 636520 178855 757073 78 22  1  0  0  0
139  0 380120 51677376 2063432 62639776    0    0     0 638512 173192 744214 77 22  0  0  0  0
152  0 380120 51675648 2063432 62639792    0    0     0 636732 172787 746492 78 22  1  0  0  0
147  0 380120 51665076 2063432 62639808    0    0     0 635776 179779 755824 77 22  1  0  0  0
164  0 380120 51671436 2063432 62639836    0    0     0 641756 177508 754698 77 22  1  0  0  0
178  0 380120 51678388 2063432 62639860    0    0     0 642464 172475 755136 78 22  1  0  0  0
158  0 380120 51672816 2063432 62639880    0    0     0 639156 174200 752332 77 22  1  0  0  0
167  0 380120 51679488 2063432 62639896    0    0     0 641368 174425 756381 77 22  1  0  0  0
173  0 380120 51687468 2063432 62639912    0    0     0 635040 179424 762931 77 22  1  0  0  0
procs -----------memory---------- ---swap-- -----io---- -system-- -------cpu-------
 r  b   swpd   free   buff  cache   si   so    bi    bo   in   cs us sy id wa st gu
129  0 380120 51677300 2063432 62639932    0    0     0 637304 174969 754550 77 22  1  0  0  0
180  0 380120 51677088 2063432 62639944    0    0     0 643420 173155 764390 77 22  1  0  0  0
161  0 380120 51680848 2063432 62639964    0    0     0 633752 178037 758310 77 22  1  0  0  0
161  0 380120 51676644 2063432 62639972    0    0     0 629264 177501 754621 77 22  1  0  0  0
184  0 380120 51677848 2063432 62639996    0    0     0 636776 175783 752963 77 22  1  0  0  0
135  0 380120 51671484 2063432 62640008    0    0     0 635180 176907 747758 77 22  1  0  0  0
168  0 380120 51666920 2063432 62640024    0    0     0 631428 175172 759059 78 21  1  0  0  0
192  0 380120 51672452 2063432 62640040    0    0     0 632696 172302 754896 78 21  1  0  0  0
147  0 380120 51666696 2063432 62640052    0    0     0 638628 173885 755264 77 22  0  0  0  0
200  0 380120 51673004 2063432 62640076    0    0     0 634756 174556 751729 77 22  1  0  0  0
177  1 380120 51678072 2063436 62640088    0    0     0 634388 171171 749006 77 22  1  0  0  0
183  0 380120 51674784 2063436 62640108    0    0     0 630168 173195 755477 78 22  0  0  0  0
176  0 380120 51676300 2063436 62640128    0    0     0 635744 173783 749052 77 22  1  0  0  0
174  0 380120 51676836 2063436 62640144    0    0     0 631908 175574 752656 77 22  1  0  0  0
181  0 380120 51674312 2063436 62640164    0    0     0 630692 173615 755960 77 22  1  0  0  0
171  2 380120 51670088 2063440 62640176    0    0     0 636292 173428 754945 77 22  1  0  0  0
176  0 380120 51671212 2063440 62640196    0    0     0 625524 175660 755436 77 22  1  0  0  0
174  2 380120 51673948 2063440 62640212    0    0     0 648344 179972 768892 77 22  1  0  0  0
185  3 380120 51671700 2063440 62640232    0    0     0 625240 172979 754136 78 22  0  0  0  0
146  1 380120 51677548 2063440 62640244    0    0     0 651528 171813 748125 78 22  1  0  0  0
153  3 380120 51676424 2063448 62640248    0    0     0 631216 173267 749355 77 22  1  0  0  0
procs -----------memory---------- ---swap-- -----io---- -system-- -------cpu-------
 r  b   swpd   free   buff  cache   si   so    bi    bo   in   cs us sy id wa st gu
179  3 380120 51683632 2063448 62640272    0    0     0 611704 171582 755442 77 22  1  0  0  0
137  6 380120 51679932 2063448 62640288    0    0     0 646112 174402 749002 78 21  1  0  0  0
71  4 380120 51684164 2063448 62640304    0    0     0 632800 173491 753273 77 22  1  0  0  0
196  0 380120 51674792 2063448 62640324    0    0     0 609084 175042 755077 77 22  1  0  0  0
113  1 380120 51665636 2063456 62640328    0    0     0 651328 174337 759066 77 22  1  0  0  0
151  2 380120 51674140 2063456 62640352    0    0     0 632856 176374 749577 77 22  1  0  0  0
197  0 380120 51661844 2063456 62640380    0    0     0 638368 174597 756085 77 22  0  0  0  0
199  0 380120 51667836 2063456 62640392    0    0     0 630808 176007 760379 77 22  1  0  0  0
179  5 380120 51671984 2063456 62640408    0    0     0 608868 178639 757237 77 22  1  0  0  0
181  1 380120 51672524 2063460 62640428    0    0     0 636428 173119 752810 77 22  1  0  0  0
158  2 380120 51678844 2063460 62640440    0    0     0 643844 175534 757816 77 22  1  0  0  0
194  3 380120 51674904 2063460 62640460    0    0     0 634848 176479 755488 77 22  1  0  0  0
150  0 380120 51680656 2063460 62640480    0    0     0 623816 174289 757283 77 22  1  0  0  0
160  1 380120 51683172 2063460 62640496    0    0     0 642480 172143 752341 78 22  0  0  0  0
205  0 380120 51681496 2063464 62640504    0    0     0 643804 170687 759478 78 22  0  0  0  0
182  2 380120 51674072 2063464 62640532    0    0     0 632532 172067 745188 78 22  0  0  0  0
153  0 380120 51673520 2063464 62640536    0    0     0 597364 174404 757564 78 22  1  0  0  0
179  2 380120 51675932 2063464 62640552    0    0     0 664000 175456 750093 78 22  1  0  0  0
209  0 380120 51674604 2063464 62640564    0    0     0 642176 169556 754484 78 22  0  0  0  0
177  0 380120 51676612 2063464 62640576    0    0     0 617796 171140 751851 77 22  1  0  0  0
195  0 380120 51678716 2063464 62640600    0    0     0 639004 175297 754899 77 22  1  0  0  0
procs -----------memory---------- ---swap-- -----io---- -system-- -------cpu-------
 r  b   swpd   free   buff  cache   si   so    bi    bo   in   cs us sy id wa st gu
165  0 380120 51680836 2063464 62640612    0    0     0 630040 172912 750230 77 22  1  0  0  0
203  4 380120 51680876 2063464 62640640    0    0     0 630776 176808 755157 77 22  1  0  0  0
160  4 380120 51679648 2063464 62640664    0    0     0 639772 174920 754744 77 22  1  0  0  0
180  0 380120 51678732 2063468 62640676    0    0     0 622832 174014 752109 77 22  1  0  0  0
158  3 380120 51677548 2063468 62640688    0    0     0 637980 180219 770242 77 22  1  0  0  0
210  0 380120 51677420 2063468 62640704    0    0     0 612592 178564 762930 77 22  1  0  0  0
158  2 380120 51680336 2063468 62640724    0    0     0 646124 170499 751523 78 22  0  0  0  0
164  2 380120 51676848 2063468 62640740    0    0     0 615580 170368 747620 78 22  0  0  0  0
179  1 380120 51677696 2063468 62640760    0    0     0 633192 185484 746910 77 22  1  0  0  0
166  1 380120 51674096 2063468 62640772    0    0     0 643280 173730 753729 77 22  1  0  0  0
176  0 380120 51671128 2063468 62640792    0    0     0 591516 172801 752787 78 22  1  0  0  0
145  2 380120 51673672 2063468 62640812    0    0     0 694420 176914 756106 78 21  1  0  0  0
164  1 380120 51670980 2063468 62640824    0    0     0 637980 173642 759554 77 22  1  0  0  0
213  0 380120 51661816 2063468 62640840    0    0     0 622064 171573 746375 78 22  1  0  0  0
162  2 380120 51668120 2063468 62640840    0    0     0 627548 171604 747480 77 22  0  0  0  0
126  1 380120 51666180 2063468 62640856    0    0     0 647448 171030 760113 78 22  1  0  0  0
170  2 380120 51667516 2063468 62640884    0    0     0 666252 178470 756746 77 22  1  0  0  0
181  1 380120 51664832 2063468 62640904    0    0     0 572620 172346 749973 77 22  1  0  0  0
148  2 380120 51665340 2063468 62640916    0    0     0 675856 175337 747869 77 22  1  0  0  0
183  2 380120 51669132 2063468 62640940    0    0     0 644612 181434 763048 77 22  1  0  0  0
215  2 380120 51666660 2063468 62640960    0    0     0 648624 174725 757694 77 22  1  0  0  0
procs -----------memory---------- ---swap-- -----io---- -system-- -------cpu-------
 r  b   swpd   free   buff  cache   si   so    bi    bo   in   cs us sy id wa st gu
144  1 380120 51667600 2063468 62640968    0    0     0 619716 171631 754845 77 22  1  0  0  0
194  2 380120 51661736 2063468 62640988    0    0     0 623616 170835 753321 78 22  1  0  0  0
161  2 380120 51662668 2063468 62641008    0    0     0 590100 171200 749636 77 22  1  0  0  0
153  2 380120 51673560 2063468 62641016    0    0     0 663736 174321 752937 77 22  1  0  0  0
150  1 380120 51668512 2063468 62641044    0    0     0 616704 172809 749995 78 22  1  0  0  0
185  0 380120 51673840 2063468 62641056    0    0     0 664668 172963 764213 78 22  1  0  0  0
188  0 380120 51673776 2063468 62641072    0    0     0 639000 172693 759629 78 21  1  0  0  0
153  5 380120 51671424 2063468 62641084    0    0     0 613332 170807 746895 77 22  1  0  0  0
184  1 380120 51672872 2063468 62641100    0    0     0 671140 174964 758610 78 22  1  0  0  0
168  3 380120 51674764 2063468 62641116    0    0     0 576820 168723 749355 77 22  1  0  0  0
148  2 380120 51675264 2063468 62641132    0    0     0 674484 178457 761630 77 22  1  0  0  0
131  2 380120 51668708 2063468 62641156    0    0     0 622628 174328 756885 77 22  1  0  0  0
212  1 380120 51662756 2063472 62641160    0    0     0 603752 178229 755091 77 22  1  0  0  0
165  1 380120 51663004 2063472 62641188    0    0     0 628480 172339 749639 77 22  1  0  0  0
155  0 380120 51658348 2063472 62641204    0    0     0 659208 171424 748551 77 22  1  0  0  0
183  1 380120 51664988 2063472 62641228    0    0     0 633888 171756 756335 78 22  0  0  0  0
177  2 380120 51664256 2063472 62641244    0    0     0 664812 172638 751797 77 22  1  0  0  0
165  3 380120 51667016 2063472 62641260    0    0     0 638012 172488 760220 77 22  1  0  0  0
218  0 380120 51677404 2063472 62641272    0    0     0 652656 174103 753868 77 22  1  0  0  0
210  0 380120 51671460 2063472 62641288    0    0     0 588268 169705 744317 77 22  0  0  0  0
178  0 380120 51675364 2063472 62641316    0    0     0 685856 175226 758399 78 22  1  0  0  0
procs -----------memory---------- ---swap-- -----io---- -system-- -------cpu-------
 r  b   swpd   free   buff  cache   si   so    bi    bo   in   cs us sy id wa st gu
176  2 380120 51679100 2063472 62641332    0    0     0 619084 171731 755935 78 21  1  0  0  0
167  2 380120 51676608 2063472 62641340    0    0     0 631236 169502 746248 78 22  1  0  0  0
171  1 380120 51677592 2063472 62641348    0    0     0 629000 173612 751763 77 22  1  0  0  0
111  3 380120 51673668 2063472 62641372    0    0     0 626628 176336 763873 77 22  1  0  0  0
142  2 380120 51671172 2063472 62641396    0    0     0 640108 180854 762427 77 22  1  0  0  0
170  0 380120 51672716 2063472 62641404    0    0     0 574356 172616 755122 77 22  1  0  0  0
219  1 380120 51669200 2063472 62641420    0    0     0 679868 175213 755567 77 22  1  0  0  0
176  2 380120 51672936 2063472 62641440    0    0     0 593852 177238 751627 77 22  1  0  0  0
160  2 380120 51666392 2063472 62641460    0    0     0 696324 172988 750880 77 22  1  0  0  0
179  2 380120 51670072 2063472 62641476    0    0     0 644516 173422 759310 77 22  1  0  0  0
179  1 380120 51671900 2063472 62641488    0    0     0 617820 171967 759192 77 22  1  0  0  0
140  4 380120 51670196 2063476 62641504    0    0     0 643656 175817 752262 77 22  1  0  0  0
176  0 380120 51673824 2063476 62641516    0    0     0 566920 171530 745051 78 22  1  0  0  0
159  2 380120 51675032 2063476 62641536    0    0     0 655428 174452 746065 77 22  0  0  0  0
171  2 380120 51662856 2063476 62641552    0    0     0 701144 177334 771488 77 22  1  0  0  0
156  0 380120 51670672 2063476 62641576    0    0     0 565996 170065 757008 78 22  1  0  0  0
143  0 380120 51679232 2063476 62641576    0    0     0 657236 172197 751261 78 22  1  0  0  0
162  2 380120 51673396 2063476 62641592    0    0     0 608996 170711 746426 78 22  0  0  0  0
186  3 380120 51673652 2063476 62641620    0    0     0 640644 180115 760001 77 22  1  0  0  0
193  1 380120 51674248 2063476 62641620    0    0     0 656768 174592 748038 77 22  1  0  0  0
134  0 380120 51669876 2063476 62641644    0    0     0 627272 171709 746778 78 22  1  0  0  0
procs -----------memory---------- ---swap-- -----io---- -system-- -------cpu-------
 r  b   swpd   free   buff  cache   si   so    bi    bo   in   cs us sy id wa st gu
153  3 380120 51669848 2063476 62641672    0    0     0 631652 174389 752902 77 22  1  0  0  0
130  2 380120 51669500 2063476 62641676    0    0     0 662812 174806 755864 77 22  1  0  0  0
214  3 380120 51660896 2063476 62641704    0    0     0 624320 172033 752606 77 22  0  0  0  0
187  2 380120 51669384 2063476 62641720    0    0     0 639784 174953 761805 78 22  1  0  0  0
144  3 380120 51663744 2063476 62641740    0    0     0 655684 177638 770789 77 22  1  0  0  0
170  5 380120 51662120 2063476 62641752    0    0     0 659832 174626 753618 78 22  1  0  0  0
185  1 380120 51666320 2063476 62641772    0    0     0 621284 173222 748322 77 22  1  0  0  0
125  4 380120 51661776 2063476 62641776    0    0     0 657864 172459 750936 78 22  0  0  0  0
172  5 380120 51666388 2063476 62641804    0    0     0 600324 171555 750724 77 22  1  0  0  0
189  0 380120 51661332 2063476 62641828    0    0     0 636652 170216 750135 78 22  0  0  0  0
125  1 380120 51670716 2063476 62641832    0    0     0 653252 175725 760651 78 22  1  0  0  0
149  2 380120 51673852 2063476 62641848    0    0     0 590800 174074 759587 78 21  1  0  0  0
189  2 380120 51662636 2063476 62641852    0    0     0 665288 183589 770460 77 22  1  0  0  0
155  3 380120 51664456 2063476 62641880    0    0     0 683864 175898 772959 77 22  1  0  0  0
138  5 380120 51671756 2063476 62641900    0    0     0 562312 175398 754423 77 22  1  0  0  0
146  2 380120 51672240 2063480 62641912    0    0     0 724148 180607 759959 77 22  1  0  0  0
161  3 380120 51676364 2063480 62641940    0    0     0 613916 173283 750974 77 22  1  0  0  0
162  4 380120 51669592 2063480 62641952    0    0     0 617476 172073 749478 77 22  1  0  0  0
173  1 380120 51651476 2063480 62641964    0    0     0 610092 170003 746162 78 22  1  0  0  0
144  0 380120 51658828 2063480 62641996    0    0     0 702932 172715 762932 78 22  1  0  0  0
177  3 380120 51667336 2063488 62642004    0    0     0 608912 173224 757409 77 22  1  0  0  0
procs -----------memory---------- ---swap-- -----io---- -system-- -------cpu-------
 r  b   swpd   free   buff  cache   si   so    bi    bo   in   cs us sy id wa st gu
107  1 380120 51663364 2063488 62642024    0    0     0 645356 175345 755218 78 22  1  0  0  0
172  0 380120 51660968 2063488 62642040    0    0     0 556868 169010 746982 78 22  1  0  0  0
160  2 380120 51665056 2063488 62642052    0    0     0 679604 172775 752786 77 22  1  0  0  0
190  0 380120 51659812 2063488 62642068    0    0     0 627192 169008 750069 78 22  0  0  0  0
155  3 380120 51666984 2063488 62642092    0    0     0 691292 170968 761625 78 22  0  0  0  0
133  1 380120 51674620 2063488 62642100    0    0     0 560600 173619 755365 78 21  1  0  0  0
146  3 380120 51668144 2063488 62642112    0    0     0 720224 178246 753027 78 22  1  0  0  0
162  5 380120 51660356 2063488 62642132    0    0     0 614460 172854 753760 77 22  1  0  0  0
111  4 380120 51661600 2063488 62642148    0    0     0 594712 174769 760651 77 22  1  0  0  0
193  0 380120 51667020 2063492 62642168    0    0     0 666372 175163 754487 77 22  1  0  0  0
183  3 380120 51667948 2063492 62642184    0    0     0 629668 169907 747773 78 22  1  0  0  0
160  0 380120 51654168 2063492 62642200    0    0     0 599632 171420 748548 78 22  1  0  0  0
165  1 380120 51658916 2063492 62642212    0    0     0 666312 171936 755993 77 22  1  0  0  0
120  5 380120 51659136 2063492 62642228    0    0     0 623256 168945 752441 77 22  1  0  0  0
149  0 380120 51659808 2063496 62642240    0    0     0 559472 168860 744731 78 22  0  0  0  0
160  2 380120 51661580 2063496 62642268    0    0     0 634608 172145 750284 77 22  0  0  0  0
195  2 380120 51671304 2063496 62642284    0    0     0 688320 176543 754803 77 22  1  0  0  0
190  2 380120 51662528 2063496 62642300    0    0     0 675700 174272 755282 77 22  1  0  0  0
190  2 380120 51669656 2063496 62642316    0    0     0 656788 174386 758393 77 22  1  0  0  0
164  0 380120 51664696 2063500 62642336    0    0     0 554608 169521 752389 77 22  0  0  0  0
161  1 380120 51675968 2063500 62642340    0    0     0 622912 175520 754063 78 22  1  0  0  0
procs -----------memory---------- ---swap-- -----io---- -system-- -------cpu-------
 r  b   swpd   free   buff  cache   si   so    bi    bo   in   cs us sy id wa st gu
171  4 380120 51679308 2063500 62642356    0    0     0 726016 179075 769143 78 21  1  0  0  0
143  5 380120 51671172 2063500 62642368    0    0     0 568116 167625 751782 78 22  1  0  0  0
135  1 380120 51677376 2063500 62642384    0    0     0 642068 178813 760489 77 22  1  0  0  0
207  0 380120 51676456 2063504 62642412    0    0     0 570960 170088 742774 78 22  1  0  0  0
156  3 380120 51670460 2063504 62642428    0    0     0 765580 179019 762639 77 22  1  0  0  0
218  2 380120 51670644 2063504 62642444    0    0     0 615148 173369 756393 77 22  1  0  0  0
134  4 380120 51661732 2063504 62642464    0    0     0 629464 173078 753748 77 22  1  0  0  0
130  4 380120 51662712 2063504 62642480    0    0     0 656372 174944 762179 77 22  1  0  0  0
194  1 380120 51667444 2063508 62642508    0    0     0 555464 170957 748443 77 22  1  0  0  0
138  4 380120 51673492 2063508 62642524    0    0     0 639428 171834 754976 77 22  1  0  0  0
169  0 380120 51675360 2063508 62642532    0    0     0 655588 173665 750718 77 22  1  0  0  0
140  3 380120 51667924 2063508 62642548    0    0     0 650708 172000 753124 77 22  1  0  0  0
132  3 380120 51675024 2063508 62642564    0    0     0 573596 170107 739630 78 22  1  0  0  0
82  4 380120 51677104 2063512 62642584    0    0     0 639200 178834 761919 77 22  1  0  0  0
168  5 380120 51677144 2063512 62642600    0    0     0 650236 180727 761406 77 22  1  0  0  0
162  2 380120 51676980 2063512 62642612    0    0     0 642060 177741 763207 78 21  1  0  0  0
88  4 380120 51676916 2063512 62642624    0    0     0 586228 174156 754435 78 22  0  0  0  0
184  2 380120 51664172 2063512 62642644    0    0     0 724212 182352 760550 77 22  1  0  0  0
96  4 380120 51668060 2063516 62642660    0    0     0 635060 174070 753542 77 22  1  0  0  0
137  4 380120 51666840 2063516 62642680    0    0     0 629196 171641 755438 77 22  1  0  0  0
176  4 380120 51652368 2063516 62642692    0    0     0 606324 169780 760246 77 22  1  0  0  0
procs -----------memory---------- ---swap-- -----io---- -system-- -------cpu-------
 r  b   swpd   free   buff  cache   si   so    bi    bo   in   cs us sy id wa st gu
91  4 380120 51671692 2063516 62642708    0    0     0 679108 176702 765354 77 22  1  0  0  0
155  0 380120 51666240 2063516 62642724    0    0     0 525444 166296 743377 78 22  0  0  0  0
155  5 380120 51667708 2063520 62642744    0    0     0 721388 178956 762361 77 22  1  0  0  0
201  3 380120 51666680 2063520 62642764    0    0     0 631636 174513 761648 77 22  1  0  0  0
141  2 380120 51662172 2063520 62642780    0    0     0 621700 173333 756026 77 22  1  0  0  0
174  4 380120 51654048 2063520 62642796    0    0     0 592884 169077 749933 78 22  1  0  0  0
143  4 380120 51654992 2063520 62642816    0    0     0 633652 172008 755797 77 22  1  0  0  0
155  5 380120 51660784 2063520 62642828    0    0     0 529588 173506 747904 77 22  1  0  0  0
203  3 380120 51665972 2063520 62642848    0    0     0 742168 180480 762454 77 22  1  0  0  0
144  5 380120 51660300 2063520 62642860    0    0     0 645852 173963 759551 77 22  1  0  0  0
157  4 380120 51654164 2063520 62642868    0    0     0 586700 178120 764531 78 21  1  0  0  0
181  3 380120 51665164 2063520 62642888    0    0     0 669124 176318 758997 77 22  1  0  0  0
151  2 380120 51667936 2063524 62642904    0    0     0 638376 172416 750830 77 22  1  0  0  0
193  3 380120 51661712 2063524 62642928    0    0     0 601508 173645 756307 77 22  1  0  0  0
161  4 380120 51664900 2063524 62642944    0    0     0 644212 176371 759457 77 22  1  0  0  0
76  3 380120 51667416 2063524 62642960    0    0     0 689088 175214 764647 77 22  1  0  0  0
182  1 380120 51674396 2063524 62642980    0    0     0 650960 177410 766033 77 22  1  0  0  0
146  6 380120 51657028 2063524 62642996    0    0     0 603612 172309 759831 77 22  1  0  0  0
163  0 380120 51679072 2063524 62643012    0    0     0 662716 174691 768621 77 22  1  0  0  0
158  5 380120 51671316 2063524 62643028    0    0     0 605924 173273 755849 77 22  1  0  0  0
160  3 380120 51669804 2063524 62643040    0    0     0 596468 170082 749173 77 22  1  0  0  0
procs -----------memory---------- ---swap-- -----io---- -system-- -------cpu-------
 r  b   swpd   free   buff  cache   si   so    bi    bo   in   cs us sy id wa st gu
129  1 380120 51658200 2063524 62643064    0    0     0 540992 168389 748005 77 22  1  0  0  0
126  3 380120 51668016 2063528 62643084    0    0     0 686172 180803 772454 77 22  1  0  0  0
164  4 380120 51670380 2063528 62643100    0    0     0 679628 178530 763468 77 22  1  0  0  0
121  4 380120 51663424 2063528 62643112    0    0     0 609356 170143 751246 77 22  1  0  0  0
138  4 380120 51674008 2063528 62643128    0    0     0 577312 174105 761140 78 22  1  0  0  0
172  1 380120 51672292 2063528 62643140    0    0     0 688532 176745 761056 78 22  1  0  0  0
153  0 380120 51661784 2063532 62643152    0    0     0 641504 174942 756008 78 22  1  0  0  0
150  0 380120 51669096 2063532 62643172    0    0     0 597388 172098 751698 77 22  1  0  0  0
165  2 380120 51667808 2063532 62643184    0    0     0 684352 176625 755402 77 22  1  0  0  0
142  3 380120 51664728 2063532 62643208    0    0     0 655532 173797 760285 77 22  1  0  0  0
161  0 380120 51672540 2063532 62643224    0    0     0 633204 174668 765795 77 22  1  0  0  0
197  1 380120 51663720 2063532 62643236    0    0     0 595564 170924 751364 78 22  1  0  0  0
209  0 380120 51661016 2063532 62643252    0    0     0 638016 172720 750450 77 22  0  0  0  0
148  4 380120 51661456 2063532 62643268    0    0     0 649320 176420 765126 77 22  1  0  0  0
185  2 380120 51662084 2063532 62643292    0    0     0 588912 174530 750848 77 22  1  0  0  0
120  2 380120 51660148 2063532 62643308    0    0     0 568260 171692 749636 77 22  1  0  0  0
181  1 380120 51657216 2063532 62643328    0    0     0 681020 176942 761585 77 22  1  0  0  0
179  2 380120 51659148 2063532 62643340    0    0     0 669448 174282 755934 77 22  1  0  0  0
194  1 380120 51669928 2063532 62643360    0    0     0 611172 170525 751137 77 22  1  0  0  0
159  3 380120 51664136 2063532 62643384    0    0     0 581912 175643 755986 77 22  1  0  0  0
169  3 380120 51667468 2063532 62643388    0    0     0 690304 178582 768370 78 21  0  0  0  0
procs -----------memory---------- ---swap-- -----io---- -system-- -------cpu-------
 r  b   swpd   free   buff  cache   si   so    bi    bo   in   cs us sy id wa st gu
139  3 380120 51675132 2063532 62643404    0    0     0 614316 172916 752860 78 22  1  0  0  0
148  0 380120 51667080 2063532 62643416    0    0     0 654940 174041 755138 78 22  1  0  0  0
187  3 380120 51655720 2063532 62643440    0    0     0 642400 172021 749389 78 22  0  0  0  0
129  0 380120 51652648 2063532 62643460    0    0     0 642156 174772 755570 77 22  1  0  0  0
168  1 380120 51653328 2063532 62643472    0    0     0 630116 172060 758677 77 22  1  0  0  0
198  2 380120 51656136 2063536 62643488    0    0     0 623656 174310 748337 77 22  1  0  0  0
142  3 380120 51661728 2063536 62643508    0    0     0 591648 169926 743621 78 22  0  0  0  0
181  0 380120 51662900 2063536 62643524    0    0     0 694304 174953 755994 77 22  1  0  0  0
155  0 380120 51654768 2063536 62643544    0    0     0 631512 169614 751884 78 22  0  0  0  0
80  5 380120 51661308 2063540 62643556    0    0     0 582172 172715 758309 77 22  1  0  0  0
155  0 380120 51657672 2063540 62643572    0    0     0 680296 179416 764017 77 22  1  0  0  0
157  0 380120 51660504 2063540 62643588    0    0     0 626176 174667 745777 77 22  1  0  0  0
152  3 380120 51669108 2063540 62643612    0    0     0 571532 174095 751368 77 22  1  0  0  0
190  0 380120 51661320 2063540 62643628    0    0     0 705920 179658 773768 77 22  1  0  0  0
137  0 380120 51658036 2063544 62643644    0    0     0 633948 174614 767884 77 22  1  0  0  0
173  0 380120 51670464 2063544 62643652    0    0     0 637676 174427 759706 78 21  1  0  0  0
166  0 380120 51663312 2063544 62643664    0    0     0 634576 173370 752961 77 22  1  0  0  0
146  0 380120 51650064 2063544 62643684    0    0     0 637452 171596 745410 77 22  1  0  0  0
160  0 380120 51659772 2063544 62643704    0    0     0 637864 171212 757210 77 22  1  0  0  0
174  0 380120 51656764 2063544 62643708    0    0     0 638820 170266 745328 77 22  1  0  0  0
159  0 380120 51657940 2063544 62643732    0    0     0 638604 172441 756005 77 22  1  0  0  0
procs -----------memory---------- ---swap-- -----io---- -system-- -------cpu-------
 r  b   swpd   free   buff  cache   si   so    bi    bo   in   cs us sy id wa st gu
190  0 380120 51652540 2063544 62643744    0    0     0 630896 169020 747836 78 22  0  0  0  0
142  0 380120 51643380 2063544 62643768    0    0     0 644900 171883 750259 78 22  1  0  0  0
206  2 380120 51642768 2063544 62643784    0    0     0 614984 174545 757016 78 22  1  0  0  0
96  5 380120 51652412 2063548 62643804    0    0     0 611992 177336 754111 77 22  1  0  0  0
170  0 380120 51660468 2063548 62643812    0    0     0 670812 176064 757715 77 22  1  0  0  0
175  0 380120 51657120 2063548 62643836    0    0     0 631136 170550 742650 78 22  0  0  0  0
98  3 380120 51657696 2063548 62643852    0    0     0 571612 178899 767397 77 22  1  0  0  0
184  2 380120 51668288 2063548 62643872    0    0     0 690052 178870 758168 77 22  1  0  0  0
186  0 380120 51659760 2063552 62643892    0    0     0 642948 175896 760776 77 22  1  0  0  0
126  0 380120 51658200 2063552 62643900    0    0     0 637112 176091 760285 78 21  1  0  0  0
147  0 380120 51662572 2063552 62643912    0    0     0 635432 175691 760447 78 22  1  0  0  0
157  0 380120 51656320 2063552 62643928    0    0     0 635032 169375 741928 78 22  0  0  0  0
186  0 380120 51659632 2063552 62643948    0    0     0 633776 172169 755875 78 22  0  0  0  0
148  0 380120 51659716 2063560 62643964    0    0     0 634156 177699 763236 77 22  1  0  0  0
149  0 380120 51659820 2063560 62643980    0    0     0 635616 174988 757116 77 22  1  0  0  0
165  0 380120 51671872 2063560 62643992    0    0     0 633280 173770 759588 77 22  1  0  0  0
149  0 380120 51665284 2063560 62644012    0    0     0 633340 173547 751975 77 22  1  0  0  0
148  1 380120 51663528 2063560 62644028    0    0     0 628840 178198 762658 77 22  1  0  0  0
168  0 380120 51664556 2063564 62644044    0    0     0 630436 178029 757494 77 22  1  0  0  0
168  0 380120 51664332 2063564 62644060    0    0     0 628404 174430 754663 77 22  1  0  0  0
154  2 380120 51659864 2063564 62644076    0    0     0 627468 175704 755429 77 22  1  0  0  0
procs -----------memory---------- ---swap-- -----io---- -system-- -------cpu-------
 r  b   swpd   free   buff  cache   si   so    bi    bo   in   cs us sy id wa st gu
188  0 380120 51650912 2063568 62644096    0    0     0 634048 176195 758067 77 22  1  0  0  0
161  0 380120 51643216 2063568 62644112    0    0     0 636560 172480 748898 78 22  0  0  0  0
224  0 380120 51659464 2063568 62644136    0    0     0 629896 169430 752918 77 22  1  0  0  0
153  0 380120 51654068 2063568 62644144    0    0     0 634340 169359 750932 78 22  0  0  0  0
166  0 380120 51668236 2063568 62644160    0    0     0 635188 173649 756989 78 21  1  0  0  0
153  0 380120 51672028 2063576 62644164    0    0     0 632196 171404 754462 78 22  0  0  0  0
168  0 380120 51657884 2063576 62644192    0    0     0 630764 169033 751077 78 22  0  0  0  0
181  0 380120 51659504 2063576 62644204    0    0     0 628344 170314 747078 77 22  0  0  0  0
163  0 380120 51658940 2063576 62644224    0    0     0 631100 170160 749328 77 22  0  0  0  0
161  0 380120 51667576 2063576 62644240    0    0     0 628724 171393 757371 77 22  1  0  0  0
164  0 380120 51663404 2063580 62644244    0    0     0 628616 173398 761893 77 22  1  0  0  0
154  0 380120 51657360 2063580 62644272    0    0     0 625496 186233 766135 77 22  1  0  0  0
150  0 380120 51651072 2063580 62644288    0    0     0 630080 174205 748123 77 22  0  0  0  0
176  0 380120 51662872 2063580 62644300    0    0     0 633128 173328 749797 78 22  1  0  0  0
128  0 380120 51668044 2063580 62644312    0    0     0 625860 177048 761649 77 22  1  0  0  0
144  0 380120 51657096 2063580 62644340    0    0     0 627760 175070 758378 77 22  1  0  0  0
187  0 380120 51648028 2063580 62644352    0    0     0 626772 173363 753128 78 22  1  0  0  0
155  0 380120 51651276 2063580 62644372    0    0     0 623012 174952 756804 77 22  1  0  0  0
176  0 380120 51666132 2063580 62644384    0    0     0 632856 174706 757046 77 22  1  0  0  0
171  0 380120 51650708 2063580 62644408    0    0     0 632516 178950 759489 77 22  1  0  0  0
182  0 380120 51658732 2063580 62644424    0    0     0 635900 172573 760290 78 21  1  0  0  0
procs -----------memory---------- ---swap-- -----io---- -system-- -------cpu-------
 r  b   swpd   free   buff  cache   si   so    bi    bo   in   cs us sy id wa st gu
103  0 380120 51656916 2063580 62644428    0    0     0 632488 171161 746376 78 21  1  0  0  0
143  0 380120 51656124 2063580 62644460    0    0     0 638948 176766 747561 77 22  1  0  0  0
186  0 380120 51648392 2063580 62644476    0    0     0 634616 170794 749654 78 22  1  0  0  0
171  0 380120 51655408 2063580 62644488    0    0     0 631104 174479 753010 77 22  1  0  0  0
166  1 380120 51644672 2063580 62644504    0    0     0 627072 181829 761042 77 22  1  0  0  0
107  0 380120 51656140 2063580 62644516    0    0     0 632864 179737 771043 77 22  1  0  0  0
163  0 380120 51653640 2063580 62644532    0    0     0 628700 176222 761248 77 22  1  0  0  0
132  0 380120 51651416 2063580 62644552    0    0     0 629204 180103 762886 77 22  1  0  0  0
203  0 380120 51650436 2063580 62644564    0    0     0 625480 177034 761486 77 22  1  0  0  0
192  0 380120 51651776 2063580 62644584    0    0     0 629828 173467 751714 77 22  1  0  0  0
154  0 380120 51649208 2063580 62644596    0    0     0 631072 176077 747175 77 22  1  0  0  0
178  0 380120 51652612 2063580 62644616    0    0     0 630348 172892 750049 77 22  1  0  0  0
177  0 380120 51657804 2063580 62644628    0    0     0 631332 173061 753396 77 22  1  0  0  0
142  0 380120 51647124 2063580 62644648    0    0     0 630456 175954 749474 77 22  1  0  0  0
157  0 380120 51660060 2063584 62644676    0    0     0 632840 172234 750826 78 22  1  0  0  0
171  1 380120 51659940 2063584 62644676    0    0     0 635100 171948 763333 78 21  1  0  0  0
149  0 380120 51657424 2063584 62644696    0    0     0 630360 172202 763972 78 22  1  0  0  0
178  0 380120 51665012 2063584 62644712    0    0     0 628140 176247 758309 77 22  1  0  0  0
177  0 380120 51667620 2063584 62644736    0    0     0 630476 177684 764174 77 22  1  0  0  0
145  0 380120 51666332 2063588 62644744    0    0     0 625912 176675 764124 77 22  1  0  0  0
191  0 380120 51663176 2063588 62644756    0    0     0 630392 177041 751128 77 22  1  0  0  0
procs -----------memory---------- ---swap-- -----io---- -system-- -------cpu-------
 r  b   swpd   free   buff  cache   si   so    bi    bo   in   cs us sy id wa st gu
175  0 380120 51665932 2063588 62644776    0    0     0 633944 172204 758642 77 22  1  0  0  0
171  0 380120 51659240 2063588 62644796    0    0     0 629488 179694 770699 77 22  1  0  0  0
152  0 380120 51646304 2063588 62644808    0    0     0 632048 189567 746385 77 22  1  0  0  0
157  0 380120 51657120 2063588 62644824    0    0     0 633860 171102 747776 77 22  0  0  0  0
157  0 380120 51655780 2063588 62644832    0    0     0 632768 175389 760507 77 22  1  0  0  0
163  0 380120 51647480 2063588 62644848    0    0     0 627808 171384 751227 77 22  0  0  0  0
183  0 380120 51650552 2063588 62644872    0    0     0 632960 174383 747469 77 22  0  0  0  0
142  0 380120 51648728 2063588 62644888    0    0     0 631800 175815 762538 77 22  1  0  0  0
160  0 380120 51653336 2063592 62644912    0    0     0 629992 177747 761480 77 22  1  0  0  0
168  0 380120 51663568 2063592 62644924    0    0     0 633760 175242 771448 77 22  1  0  0  0
160  0 380120 51659024 2063592 62644940    0    0     0 631096 176813 760669 78 22  1  0  0  0
178  0 380120 51663860 2063592 62644956    0    0     0 631012 173337 750543 77 22  1  0  0  0
130  0 380120 51654708 2063592 62644972    0    0     0 635568 178168 743142 77 22  0  0  0  0
178  0 380120 51661116 2063592 62644988    0    0     0 631816 175357 745869 75 22  3  0  0  0
152  0 380120 51655356 2063592 62645016    0    0     0 625200 175265 765560 77 22  1  0  0  0
169  0 380120 51657712 2063592 62645032    0    0     0 629344 173913 759448 77 22  1  0  0  0
169  1 380120 51659544 2063592 62645060    0    0     0 626884 181726 767700 76 22  1  0  0  0
170  0 380120 51664928 2063592 62645076    0    0     0 629516 173807 752617 77 22  1  0  0  0
136  0 380120 51650640 2063592 62645088    0    0     0 632672 172421 754332 78 22  1  0  0  0
179  0 380120 51652356 2063592 62645108    0    0     0 634368 175201 753888 77 22  1  0  0  0
171  0 380120 51655836 2063592 62645112    0    0     0 628444 177119 765690 77 22  1  0  0  0
procs -----------memory---------- ---swap-- -----io---- -system-- -------cpu-------
 r  b   swpd   free   buff  cache   si   so    bi    bo   in   cs us sy id wa st gu
185  0 380120 51652756 2063592 62645136    0    0     0 629768 174164 761847 77 22  1  0  0  0
173  0 380120 51645836 2063592 62645148    0    0     0 633536 174083 755825 77 22  1  0  0  0
157  0 380120 51650156 2063592 62645164    0    0     0 627276 175231 763728 77 22  1  0  0  0
177  1 380120 51649928 2063592 62645176    0    0     0 631952 173432 762168 78 22  1  0  0  0
179  0 380120 51655000 2063592 62645188    0    0     0 632872 175544 758972 78 21  1  0  0  0
173  0 380120 51640928 2063592 62645212    0    0     0 633780 173518 754937 78 22  1  0  0  0
120  0 380120 51650132 2063592 62645228    0    0     0 633688 171872 757278 77 22  1  0  0  0
166  1 380120 51650624 2063592 62645244    0    0     0 629296 178684 767957 77 22  1  0  0  0
162  0 380120 51656160 2063592 62645256    0    0     0 628824 174390 754170 77 22  1  0  0  0
178  0 380120 51647292 2063592 62645272    0    0     0 633652 175629 756341 77 22  1  0  0  0
177  0 380120 51656300 2063592 62645300    0    0     0 625776 175056 759521 77 22  1  0  0  0
172  0 380120 51652064 2063592 62645312    0    0     0 632044 171749 749534 77 22  0  0  0  0
146  1 380120 51649172 2063592 62645328    0    0     0 632832 174247 755529 77 22  1  0  0  0
137  0 380120 51651008 2063592 62645348    0    0     0 629632 171225 754067 77 22  1  0  0  0
161  0 380120 51658880 2063592 62645360    0    0     0 629284 172082 754270 78 22  1  0  0  0
188  0 380120 51659896 2063592 62645388    0    0     0 633236 173582 757261 77 22  1  0  0  0
192  0 380120 51651188 2063592 62645400    0    0     0 631832 171991 749504 77 22  1  0  0  0
194  0 380120 51661340 2063592 62645420    0    0     0 631288 174688 759441 77 22  1  0  0  0
173  1 380120 51654156 2063592 62645432    0    0     0 632868 169734 747804 77 22  1  0  0  0
167  0 380120 51663608 2063592 62645444    0    0     0 635656 170651 753762 78 21  1  0  0  0
170  0 380120 51657964 2063592 62645456    0    0     0 636336 173068 753512 78 21  1  0  0  0
procs -----------memory---------- ---swap-- -----io---- -system-- -------cpu-------
 r  b   swpd   free   buff  cache   si   so    bi    bo   in   cs us sy id wa st gu
156  0 380120 51654136 2063592 62645476    0    0     0 635712 175400 746582 78 22  0  0  0  0
175  0 380120 51652000 2063592 62645488    0    0     0 631888 176347 761166 77 22  1  0  0  0
144  0 380120 51647476 2063592 62645520    0    0     0 636800 173764 757256 77 22  1  0  0  0
169  0 380120 51652844 2063592 62645532    0    0     0 632968 176083 764167 77 22  1  0  0  0
171  0 380120 51657780 2063592 62645544    0    0     0 629856 176118 761542 77 22  1  0  0  0
165  0 380120 51648072 2063592 62645564    0    0     0 636676 170682 752825 77 22  1  0  0  0
170  0 380120 51653824 2063596 62645580    0    0     0 636540 173941 756953 77 22  1  0  0  0
199  0 380120 51652736 2063596 62645592    0    0     0 634096 170373 749222 78 22  0  0  0  0
166  0 380120 51656644 2063596 62645616    0    0     0 636640 170716 749763 78 22  1  0  0  0
129  0 380120 51656356 2063596 62645624    0    0     0 631340 170768 751296 77 22  1  0  0  0
160  0 380120 51659088 2063596 62645648    0    0     0 638372 170181 758233 78 22  0  0  0  0
212  0 380120 51653964 2063596 62645668    0    0     0 632372 171331 748922 78 22  0  0  0  0
181  1 380120 51653960 2063596 62645680    0    0     0 631164 175400 754000 77 22  1  0  0  0
161  0 380120 51651384 2063596 62645700    0    0     0 631972 173928 752831 77 22  1  0  0  0
183  0 380120 51657524 2063596 62645708    0    0     0 632408 174769 765103 78 21  1  0  0  0
177  0 380120 51667248 2063596 62645720    0    0     0 629688 179434 774085 77 22  1  0  0  0
190  0 380120 51664856 2063604 62645736    0    0     0 635768 179844 765284 77 22  1  0  0  0
113  0 380120 51661592 2063604 62645760    0    0     0 636448 174669 754476 77 22  1  0  0  0
175  0 380120 51652304 2063604 62645776    0    0     0 631796 176865 766133 77 22  1  0  0  0
160  0 380120 51655800 2063604 62645800    0    0     0 629924 170366 747766 78 22  0  0  0  0
187  0 380120 51656064 2063604 62645812    0    0     0 631952 170814 753588 77 22  1  0  0  0
procs -----------memory---------- ---swap-- -----io---- -system-- -------cpu-------
 r  b   swpd   free   buff  cache   si   so    bi    bo   in   cs us sy id wa st gu
166  0 380120 51649504 2063604 62645828    0    0     0 633712 171807 753613 77 22  1  0  0  0
137  0 380120 51650112 2063604 62645844    0    0     0 631436 172356 752821 77 22  1  0  0  0
146  0 380120 51655056 2063604 62645860    0    0     0 633316 172357 757180 78 22  1  0  0  0
163  0 380120 51651812 2063604 62645880    0    0     0 629200 169831 755744 78 22  0  0  0  0
146  0 380120 51650412 2063604 62645896    0    0     0 629588 174804 759884 77 22  1  0  0  0
161  0 380120 51643036 2063608 62645912    0    0     0 630396 172713 752187 77 22  1  0  0  0
160  0 380120 51646384 2063608 62645924    0    0     0 632012 170012 755032 78 22  1  0  0  0
183  0 380120 51649760 2063608 62645944    0    0     0 630392 171158 746485 77 22  1  0  0  0
133  0 380120 51648708 2063608 62645956    0    0     0 628664 173220 762046 77 22  1  0  0  0
163  0 380120 51647176 2063608 62645972    0    0     0 630320 176960 760086 78 21  1  0  0  0
173  0 380120 51659348 2063608 62645988    0    0     0 631580 181001 758632 77 22  1  0  0  0
146  0 380120 51648140 2063608 62646004    0    0     0 631236 173344 752251 78 22  1  0  0  0
157  1 380120 51657668 2063608 62646028    0    0     0 626176 175978 761676 77 22  1  0  0  0
168  1 380120 51652784 2063608 62646044    0    0     0 633332 173713 757586 77 22  1  0  0  0
189  0 380120 51645388 2063608 62646056    0    0     0 631208 176269 756987 78 22  1  0  0  0
153  0 380120 51647432 2063608 62646076    0    0     0 631352 169417 755753 77 22  0  0  0  0
172  0 380120 51638128 2063608 62646088    0    0     0 629440 173758 755393 77 22  1  0  0  0
190  0 380120 51647052 2063608 62646108    0    0     0 628112 174633 759071 77 22  1  0  0  0
157  1 380120 51652348 2063608 62646124    0    0     0 631176 175559 755169 77 22  1  0  0  0
154  1 380120 51658620 2063608 62646140    0    0     0 631076 172158 754638 77 22  1  0  0  0
171  1 380120 51651184 2063612 62646164    0    0     0 634168 172890 746508 77 22  1  0  0  0
procs -----------memory---------- ---swap-- -----io---- -system-- -------cpu-------
 r  b   swpd   free   buff  cache   si   so    bi    bo   in   cs us sy id wa st gu
159  0 380120 51649464 2063612 62646180    0    0     0 628580 173382 744920 77 22  0  0  0  0
184  0 380120 51659344 2063612 62646196    0    0     0 626840 176795 757136 77 22  1  0  0  0
186  0 380120 51661232 2063612 62646212    0    0     0 625488 175082 750503 77 22  1  0  0  0
156  0 380120 51659484 2063612 62646228    0    0     0 625036 181961 770068 77 22  1  0  0  0
175  0 380120 51662568 2063616 62646240    0    0     0 626396 176317 765421 78 21  1  0  0  0
162  0 380120 51661280 2063616 62646252    0    0     0 626752 177674 760735 77 22  1  0  0  0
185  0 380120 51653060 2063616 62646272    0    0     0 631264 172960 757093 77 22  1  0  0  0
159  0 380120 51649364 2063616 62646284    0    0     0 626964 173190 758549 77 22  1  0  0  0
189  0 380120 51646436 2063616 62646300    0    0     0 629300 171064 748737 78 22  0  0  0  0
162  0 380120 51642788 2063620 62646320    0    0     0 631224 173348 759590 77 22  0  0  0  0
161  0 380120 51637880 2063620 62646340    0    0     0 628844 177262 754090 77 22  1  0  0  0
193  0 380120 51652624 2063620 62646352    0    0     0 629848 173781 755630 77 22  1  0  0  0
184  0 380120 51656160 2063620 62646368    0    0     0 626336 174510 763379 77 22  1  0  0  0
158  0 380120 51658732 2063620 62646384    0    0     0 629172 170809 756388 78 22  0  0  0  0
188  0 380120 51653312 2063624 62646404    0    0     0 625516 170995 758928 77 22  1  0  0  0
198  0 380120 51656372 2063624 62646424    0    0     0 624488 173139 756808 77 22  1  0  0  0
145  0 380120 51653000 2063624 62646440    0    0     0 627784 170955 753873 77 22  1  0  0  0
194  0 380120 51660876 2063624 62646456    0    0     0 629080 171062 751480 78 22  0  0  0  0
182  0 380120 51658652 2063624 62646472    0    0     0 625992 173963 753983 77 22  1  0  0  0
125  0 380120 51661496 2063632 62646492    0    0     0 628920 176676 760374 77 22  1  0  0  0
156  0 380120 51656584 2063632 62646508    0    0     0 631592 179392 762027 78 21  1  0  0  0
procs -----------memory---------- ---swap-- -----io---- -system-- -------cpu-------
 r  b   swpd   free   buff  cache   si   so    bi    bo   in   cs us sy id wa st gu
146  0 380120 51651920 2063632 62646524    0    0     0 630752 174604 760447 77 22  1  0  0  0
160  0 380120 51652748 2063632 62646536    0    0     0 628604 174331 754576 77 22  1  0  0  0
143  0 380120 51651088 2063632 62646556    0    0     0 624928 171993 756365 77 22  1  0  0  0
137  0 380120 51655332 2063632 62646576    0    0     0 628268 173347 760103 77 22  1  0  0  0
171  1 380120 51652040 2063632 62646600    0    0     0 626352 172567 764976 77 22  1  0  0  0
181  0 380120 51652316 2063632 62646616    0    0     0 630556 172468 760578 77 22  1  0  0  0
164  0 380120 51650892 2063632 62646632    0    0     0 632044 173290 754975 77 22  1  0  0  0
159  0 380120 51643588 2063632 62646648    0    0     0 629744 174709 758668 77 22  1  0  0  0
150  0 380120 51648752 2063636 62646664    0    0     0 629252 173623 755083 77 22  1  0  0  0
161  0 380120 51655172 2063636 62646684    0    0     0 628268 174179 765931 77 22  1  0  0  0
144  0 380120 51651016 2063636 62646700    0    0     0 626376 171533 752067 77 22  1  0  0  0
162  1 380120 51645080 2063636 62646712    0    0     0 625868 175815 755271 77 22  1  0  0  0
151  0 380120 51651608 2063636 62646732    0    0     0 625328 175097 759035 77 22  1  0  0  0
155  0 380120 51653080 2063640 62646748    0    0     0 629732 173967 758583 77 22  1  0  0  0
135  0 380120 51650764 2063640 62646772    0    0     0 629476 175240 761198 78 22  1  0  0  0
174  0 380120 51660932 2063640 62646780    0    0     0 631080 171610 743076 78 21  0  0  0  0
187  0 380120 51657324 2063640 62646792    0    0     0 628768 172458 756811 77 22  1  0  0  0
174  0 380120 51647096 2063640 62646808    0    0     0 627140 171507 762613 77 22  1  0  0  0
200  0 380120 51642988 2063648 62646824    0    0     0 629760 172816 759343 77 22  1  0  0  0
159  0 380120 51645840 2063648 62646840    0    0     0 630868 173024 756648 77 22  1  0  0  0
168  0 380120 51653708 2063648 62646856    0    0     0 626120 173899 749097 77 22  1  0  0  0
procs -----------memory---------- ---swap-- -----io---- -system-- -------cpu-------
 r  b   swpd   free   buff  cache   si   so    bi    bo   in   cs us sy id wa st gu
158  0 380120 51652352 2063648 62646868    0    0     0 631380 171858 746529 78 22  0  0  0  0
178  0 380120 51657584 2063648 62646888    0    0     0 631008 170129 747742 77 22  1  0  0  0
164  0 380120 51650100 2063652 62646900    0    0     0 632488 170534 745402 77 22  1  0  0  0
153  0 380120 51654424 2063652 62646924    0    0     0 630480 173171 754006 78 22  1  0  0  0
161  1 380120 51647384 2063652 62646936    0    0     0 628708 170457 749957 78 22  1  0  0  0
186  0 380120 51648544 2063652 62646952    0    0     0 631076 175637 757054 77 22  1  0  0  0
121  0 380120 51649272 2063652 62646964    0    0     0 631656 189999 765503 77 22  1  0  0  0
168  0 380120 51650184 2063656 62646992    0    0     0 628132 176258 753050 77 22  1  0  0  0
151  0 380120 51647880 2063656 62647008    0    0     0 629528 173127 756950 78 22  1  0  0  0
