procs -----------memory---------- ---swap-- -----io---- -system-- -------cpu-------
 r  b   swpd   free   buff  cache   si   so    bi    bo   in   cs us sy id wa st gu
 4  0 115568 122769288 2161748 52871596   31   40 237665 251646 90547   44 24  4 69  3  0  0
83  0 115568 122744444 2161748 52871648    0    0     0 116756 87904 23873 46  1 52  0  0  0
123  0 115568 122742572 2161748 52871684    0    0     0 223812 145102 35785 97  2  1  0  0  0
114  0 115568 122737088 2161748 52871700    0    0     0 191324 91745 36646 98  2  0  0  0  0
97  0 115568 122737180 2161748 52871712    0    0     0 217780 121293 36986 97  2  1  0  0  0
124  0 115568 122731136 2161748 52871724    0    0     0 259268 96201 40643 97  2  1  0  0  0
103  0 115568 122715744 2161748 52871736    0    0     0 257584 100529 41307 98  2  0  0  0  0
105 31 115568 122367784 2161748 52871748    0    0 398592 341812 410813 346401 67 16 16  1  0  0
110 39 115568 122242060 2161748 52871768    0    0 2199648 384264 340704 1227445 67 24  3  6  0  0
103 36 115568 122204856 2161748 52871784    0    0 2203952 305528 335153 1220282 67 23  3  6  0  0
99 43 115568 122204944 2161748 52871808    0    0 2210064 313564 320455 1241720 66 23  4  7  0  0
94 44 115568 122187476 2161748 52871824    0    0 2210320 317228 319656 1239539 66 23  4  7  0  0
91 35 115568 122189040 2161748 52871848    0    0 2230960 320164 333328 1256256 66 23  4  7  0  0
95 44 115568 122204652 2161748 52871860    0    0 2238416 325224 322627 1260807 66 23  4  7  0  0
81 52 115568 122190196 2161748 52871872    0    0 2124912 318452 313795 1249752 63 23  5  9  0  0
91 43 115568 122195648 2161748 52871888    0    0 2196416 324728 319653 1240448 66 23  4  7  0  0
110 30 115568 122184792 2161748 52871908    0    0 2205952 325096 338681 1237069 65 24  4  7  0  0
59 79 115568 122200332 2161748 52871928    0    0 1968832 668856 315562 1187508 60 21  5 14  0  0
37 97 115568 122201640 2161748 52871944    0    0 1198336 1650080 302227 970067 40 15 11 34  0  0
35 100 115568 122212468 2161748 52871956    0    0 1195616 1682540 300935 963173 41 15 10 34  0  0
70 67 115568 122229836 2161748 52871976    0    0 1176176 1554388 293631 941341 39 15 11 36  0  0
procs -----------memory---------- ---swap-- -----io---- -system-- -------cpu-------
 r  b   swpd   free   buff  cache   si   so    bi    bo   in   cs us sy id wa st gu
80 53 115568 122213380 2161748 52872004    0    0 2159968 308240 311692 1210448 67 22  4  7  0  0
86 45 115568 122206588 2161752 52872016    0    0 2149408 309712 313529 1236083 65 21  5  9  0  0
102 43 115568 122203788 2161752 52872032    0    0 2180080 314248 319151 1228859 65 23  4  8  0  0
112 37 115568 122199328 2161752 52872060    0    0 2179632 321992 316896 1229423 65 23  4  8  0  0
94 33 115568 122197644 2161752 52872064    0    0 2195712 331408 320195 1229514 66 24  4  7  0  0
104 36 115568 122204296 2161752 52872084    0    0 2187584 342916 320553 1228561 65 24  4  7  0  0
108 34 115568 122202328 2161756 52872100    0    0 2191600 360124 321561 1233272 65 23  4  7  0  0
65 70 115568 122198488 2161764 52872136    0    0 1823344 878404 314786 1146404 56 21  6 17  0  0
40 91 115568 122241756 2161764 52872160    0    0 989728 1440564 272002 841519 32 12 13 43  0  0
43 91 115568 122233572 2161764 52872172    0    0 1146176 1646056 294728 934126 39 14 11 36  0  0
46 78 115568 122252524 2161764 52872200    0    0 1174992 1681644 299123 951432 39 13 11 37  0  0
100 45 115568 122226388 2161764 52872208    0    0 2062576 516888 315755 1165139 65 22  4  9  0  0
93 40 115568 122210760 2161768 52872220    0    0 2170096 350896 317891 1215560 66 23  4  7  0  0
97 42 115568 122189600 2161768 52872240    0    0 2174096 353024 320014 1224823 65 23  4  8  0  0
105 39 115568 122183752 2161768 52872268    0    0 2188480 355956 321559 1223709 66 23  4  7  0  0
85 50 115568 122192992 2161768 52872280    0    0 2189056 358568 321522 1228712 65 24  4  7  0  0
78 55 115568 122192864 2161768 52872300    0    0 2132672 355600 316065 1230376 64 23  4  9  0  0
104 34 115568 122201680 2161768 52872316    0    0 2049488 349240 308648 1189856 61 22  5 11  0  0
101 40 115568 122199652 2161768 52872344    0    0 2124672 365148 316750 1191353 65 24  4  7  0  0
90 32 115568 122192884 2161768 52872364    0    0 2179504 358932 320603 1214215 66 24  3  7  0  0
47 62 115568 122204512 2161768 52872376    0    0 1620912 1162656 312411 1102820 51 18  8 23  0  0
procs -----------memory---------- ---swap-- -----io---- -system-- -------cpu-------
 r  b   swpd   free   buff  cache   si   so    bi    bo   in   cs us sy id wa st gu
40 84 115568 122230916 2161768 52872388    0    0 996704 1444480 273828 846069 32 12 13 43  0  0
38 90 115568 122219764 2161776 52872400    0    0 1172960 1652952 298433 947374 40 15 10 35  0  0
107 30 115568 122201724 2161776 52872424    0    0 1319056 1537956 305907 990960 44 16  9 30  0  0
100 35 115568 122204288 2161776 52872440    0    0 2196880 330544 315826 1187220 68 23  3  6  0  0
109 27 115568 122200004 2161776 52872460    0    0 2156672 336836 316333 1182016 67 24  3  6  0  0
92 44 115568 122205428 2161776 52872484    0    0 2163968 345488 317589 1201862 66 24  3  6  0  0
105 33 115568 122205104 2161780 52872504    0    0 2132176 351200 315720 1191603 65 23  4  8  0  0
90 43 115568 122197592 2161780 52872528    0    0 2130528 356700 315786 1196676 65 23  4  8  0  0
97 37 115568 122201632 2161780 52872536    0    0 2148992 360128 317032 1196000 66 23  4  7  0  0
68 16 115568 122183836 2161780 52872652    0    0 2118080 362872 313708 1175328 65 24  4  7  0  0
16 108 115568 122194836 2161780 52872660    0    0 1779680 632360 297788 1095314 55 20  7 18  0  0
52 81 115568 122213540 2161780 52872680    0    0 1062800 1568972 284187 882568 35 13 12 40  0  0
57 92 115568 122238884 2161780 52872704    0    0 1024224 1487196 283901 856833 34 13 12 41  0  0
29 103 115568 122241544 2161780 52872712    0    0 1080848 1597452 287187 899828 36 13 11 39  0  0
107 33 115568 122213504 2161780 52872736    0    0 1814112 951248 317770 1116166 59 21  5 15  0  0
97 32 115568 122192548 2161780 52872760    0    0 2188688 394796 325583 1214441 66 24  3  7  0  0
81 46 115568 122193460 2161780 52872772    0    0 2143296 389424 317779 1193208 66 24  3  7  0  0
99 33 115568 122201808 2161780 52872784    0    0 2143824 381376 317217 1198802 66 23  4  7  0  0
107 33 115568 122203488 2161780 52872800    0    0 2141104 377848 318116 1181903 66 24  3  6  0  0
99 37 115568 122197860 2161780 52872816    0    0 2108080 371100 313492 1178846 65 24  4  7  0  0
83 50 115568 122193656 2161788 52872832    0    0 2082832 368264 310939 1164801 65 23  4  8  0  0
procs -----------memory---------- ---swap-- -----io---- -system-- -------cpu-------
 r  b   swpd   free   buff  cache   si   so    bi    bo   in   cs us sy id wa st gu
108 36 115568 122208512 2161788 52872852    0    0 2128640 364468 313608 1178141 66 24  3  7  0  0
101 36 115568 122183116 2161788 52872868    0    0 2134032 365064 314885 1179284 66 24  3  7  0  0
33 97 115568 122212172 2161788 52872884    0    0 1226608 1164156 278316 898489 38 14 11 37  0  0
35 90 115568 122229604 2161788 52872900    0    0 1101760 1568992 288309 908246 37 14 11 38  0  0
32 101 115568 122235888 2161792 52872924    0    0 1011376 1469028 275396 848857 34 12 12 42  0  0
115 27 115568 122246756 2161792 52872948    0    0 1264128 1466236 297206 965907 41 14 10 34  0  0
117 21 115568 122226684 2161792 52872968    0    0 2205904 338568 316879 1192549 68 23  3  6  0  0
111 28 115568 122206940 2161792 52872984    0    0 2203808 339456 319302 1209845 67 23  3  6  0  0
94 35 115568 122191948 2161792 52872996    0    0 2160800 343076 316744 1184555 67 24  3  6  0  0
97 34 115568 122184576 2161796 52873012    0    0 2159456 342896 317107 1179356 67 24  3  6  0  0
107 38 115568 122183348 2161796 52873040    0    0 2142064 343424 314689 1184055 66 24  3  6  0  0
97 41 115568 122173536 2161796 52873064    0    0 2143664 341064 314829 1178517 66 24  3  7  0  0
96 35 115568 122190436 2161796 52873076    0    0 2137136 336520 314436 1178118 66 24  3  6  0  0
38 89 115568 122197256 2161796 52873100    0    0 1580736 945508 296234 1015221 49 18  8 24  0  0
53 63 115568 122214888 2161800 52873112    0    0 1056672 1534204 280962 876031 34 13 12 42  0  0
44 81 115568 122247532 2161800 52873136    0    0 1052720 1495168 280254 875908 34 12 12 42  0  0
20 100 115568 122246200 2161800 52873148    0    0 1056960 1496748 281591 876143 35 13 12 40  0  0
94 45 115568 122208876 2161800 52873164    0    0 2045344 496916 312002 1162145 64 22  4 10  0  0
99 38 115568 122187244 2161800 52873180    0    0 2201056 362548 328808 1214951 66 24  3  7  0  0
103 37 115568 122168376 2161800 52873208    0    0 2150048 362480 321434 1191476 66 24  3  6  0  0
112 31 115568 122172444 2161800 52873216    0    0 2120848 364108 313855 1169752 66 24  3  6  0  0
procs -----------memory---------- ---swap-- -----io---- -system-- -------cpu-------
 r  b   swpd   free   buff  cache   si   so    bi    bo   in   cs us sy id wa st gu
89 45 115568 122198576 2161800 52873236    0    0 2135344 360020 314603 1175672 66 24  3  7  0  0
89 45 115568 122202468 2161800 52873256    0    0 2143824 359888 314626 1181044 66 24  3  6  0  0
97 42 115568 122194516 2161800 52873272    0    0 2152736 358008 315361 1186185 66 24  3  6  0  0
89 40 115568 122185164 2161800 52873288    0    0 2160800 357172 316715 1201525 67 23  3  7  0  0
28 82 115568 122180656 2161800 52873304    0    0 1698176 829420 299399 1050543 52 19  7 22  0  0
32 96 115568 122196432 2161800 52873316    0    0 965312 1385492 267837 823535 31 12 13 45  0  0
37 108 115568 122227852 2161800 52873336    0    0 935008 1381864 260220 796211 30 11 13 46  0  0
26 92 115568 122231120 2161800 52873352    0    0 977456 1405240 266879 826264 32 12 12 44  0  0
78 50 115568 122218380 2161800 52873376    0    0 1454944 994644 288085 1014478 48 16  9 27  0  0
93 33 115568 122191192 2161800 52873392    0    0 2058960 345044 305351 1176599 65 22  4  9  0  0
90 35 115568 122151100 2161800 52873408    0    0 2086032 348232 311487 1209961 63 23  4 10  0  0
74 59 115568 122152404 2161800 52873428    0    0 2068864 347868 309982 1205353 63 22  5 10  0  0
80 49 115568 122176216 2161800 52873444    0    0 2060176 349796 309618 1216591 63 22  5 11  0  0
91 46 115568 122176572 2161804 52873460    0    0 2040368 348876 305702 1184232 63 23  4 10  0  0
91 45 115568 122179192 2161804 52873480    0    0 2032416 345180 305557 1187709 63 23  5 10  0  0
109 28 115568 122189392 2161804 52873500    0    0 2044912 344644 307315 1177430 63 23  4  9  0  0
87 48 115568 122179836 2161804 52873520    0    0 2045328 345300 306065 1178813 63 23  4  9  0  0
49 83 115568 122184252 2161804 52873540    0    0 1378224 1123496 288519 975410 43 16 10 32  0  0
39 87 115568 122217584 2161804 52873560    0    0 1094064 1534300 286502 899656 36 13 12 39  0  0
23 93 115568 122205028 2161804 52873592    0    0 1029280 1494424 277465 862022 34 13 12 41  0  0
46 71 115568 122214088 2161804 52873612    0    0 1037792 1392644 272094 855799 34 12 12 41  0  0
procs -----------memory---------- ---swap-- -----io---- -system-- -------cpu-------
 r  b   swpd   free   buff  cache   si   so    bi    bo   in   cs us sy id wa st gu
46 74 115568 122228196 2161804 52873624    0    0 2076864 499796 315055 1183348 65 21  4 10  0  0
43 80 115568 122204396 2161804 52873632    0    0 2159280 362092 317540 1202075 66 23  4  8  0  0
87 44 115568 122196344 2161808 52873656    0    0 2116272 364264 315495 1186931 65 24  4  7  0  0
75 64 115568 122199204 2161808 52873676    0    0 2096832 367892 312510 1165578 65 24  4  7  0  0
55 78 115568 122196004 2161808 52873692    0    0 2095824 381348 312451 1174404 65 24  4  8  0  0
52 46 115568 122182988 2161808 52873700    0    0 2105072 379944 313386 1176691 65 23  4  7  0  0
80 48 115568 122181696 2161808 52873736    0    0 2109792 384912 313459 1173423 66 24  3  7  0  0
54 79 115568 122187584 2161808 52873812    0    0 2111376 364028 312636 1177994 66 24  4  7  0  0
36 95 115568 122189796 2161808 52873824    0    0 1708576 797884 300905 1056821 53 20  7 21  0  0
29 85 115568 122217444 2161808 52873848    0    0 1133472 1563252 291883 926137 37 14 11 38  0  0
21 104 115568 122231096 2161808 52873864    0    0 1061344 1521688 282994 881582 35 12 12 41  0  0
29 107 115568 122231544 2161808 52873884    0    0 1005616 1414100 269007 844085 33 12 12 43  0  0
72 67 115568 122214496 2161808 52873892    0    0 1809520 625576 298007 1055609 57 20  6 18  0  0
47 48 115568 122193476 2161808 52873916    0    0 2188336 346520 317787 1215179 66 24  3  7  0  0
78 49 115568 122181540 2161808 52873928    0    0 2153712 348744 317161 1194227 66 24  3  7  0  0
55 78 115568 122183292 2161808 52873956    0    0 2126864 346436 313160 1172572 66 24  3  7  0  0
36 96 115568 122197636 2161808 52873960    0    0 2125184 350416 313790 1180613 66 24  3  7  0  0
87 57 115568 122175148 2161808 52873980    0    0 2117936 355148 313352 1177996 65 24  4  7  0  0
53 65 115568 122172360 2161808 52874004    0    0 2117216 351216 312830 1179938 66 24  4  7  0  0
39 99 115568 122172644 2161808 52874016    0    0 2143520 349848 315333 1197928 66 23  4  8  0  0
28 90 115568 122181356 2161808 52874024    0    0 1476464 1189268 302377 1034029 47 17  9 27  0  0
procs -----------memory---------- ---swap-- -----io---- -system-- -------cpu-------
 r  b   swpd   free   buff  cache   si   so    bi    bo   in   cs us sy id wa st gu
50 88 115568 122181136 2161808 52874052    0    0 1124816 1600852 292200 922669 37 14 11 38  0  0
35 72 115568 122203084 2161808 52874060    0    0 1126032 1585360 292940 922555 38 14 11 37  0  0
46 68 115568 122211512 2161808 52874084    0    0 1211488 1280040 282839 921762 40 14 11 35  0  0
38 93 115568 122199212 2161808 52874112    0    0 2079472 354848 306332 1170866 65 22  4  9  0  0
24 101 115568 122177964 2161808 52874120    0    0 2153696 348600 315892 1187457 66 24  3  7  0  0
49 87 115568 122173352 2161808 52874152    0    0 2086208 352356 309645 1159861 65 24  4  8  0  0
32 103 115568 122171728 2161812 52874160    0    0 2100496 357424 313157 1164666 65 24  4  8  0  0
56 73 115568 122187052 2161812 52874184    0    0 2132496 360928 315002 1195020 66 23  4  7  0  0
68 68 115568 122174332 2161812 52874204    0    0 2125328 358236 313000 1177242 66 23  4  7  0  0
26 108 115568 122161760 2161812 52874208    0    0 2117072 358832 312664 1178898 66 24  4  7  0  0
66 51 115568 122159664 2161812 52874224    0    0 2122352 349124 312545 1175518 66 24  3  7  0  0
38 78 115568 122165672 2161816 52874240    0    0 1800512 778716 308427 1113031 56 21  6 17  0  0
30 96 115568 122179088 2161816 52874268    0    0 1106112 1593780 289542 909993 37 14 11 38  0  0
42 75 115568 122198796 2161816 52874284    0    0 1127808 1591948 291773 924032 38 14 11 37  0  0
38 95 115568 122189440 2161816 52874308    0    0 1113232 1573220 290875 921883 38 14 11 37  0  0
91 48 115568 122181944 2161816 52874316    0    0 1979456 501624 307512 1137900 62 21  5 12  0  0
86 47 115568 122188556 2161816 52874340    0    0 2071328 348332 308529 1204899 63 22  5 11  0  0
98 39 115568 122174012 2161816 52874364    0    0 2050096 354716 308009 1171729 64 22  5 10  0  0
111 29 115568 122165088 2161816 52874368    0    0 2120288 358420 313451 1173623 66 24  3  7  0  0
118 29 115568 122159124 2161816 52874396    0    0 2091184 355216 310857 1167805 65 24  4  8  0  0
98 41 115568 122162096 2161816 52874404    0    0 2108512 354716 311392 1169913 65 24  4  7  0  0
procs -----------memory---------- ---swap-- -----io---- -system-- -------cpu-------
 r  b   swpd   free   buff  cache   si   so    bi    bo   in   cs us sy id wa st gu
96 44 115568 122190292 2161816 52874432    0    0 2125056 355400 313343 1179006 66 24  3  7  0  0
99 40 115568 122175652 2161816 52874436    0    0 2127392 355956 313982 1176435 66 24  3  7  0  0
59 80 115568 122178808 2161816 52874472    0    0 1504720 1208936 305098 1055096 48 19  8 26  0  0
37 90 115568 122158404 2161816 52874492    0    0 1102656 1581412 289555 913610 36 14 11 39  0  0
20 100 115568 122175872 2161816 52874512    0    0 1136208 1603476 291942 926691 39 14 11 37  0  0
117 25 115568 122182772 2161816 52874524    0    0 1310928 1357720 295837 963719 42 14 10 33  0  0
97 42 115568 122184868 2161816 52874544    0    0 2162624 349224 314676 1175121 67 23  3  7  0  0
118 32 115568 122180416 2161816 52874552    0    0 2154320 349764 316453 1193073 66 24  3  7  0  0
96 38 115568 122162304 2161816 52874588    0    0 2118336 354772 313780 1176026 66 24  3  7  0  0
91 42 115568 122168128 2161816 52874596    0    0 2075088 355196 310991 1163331 64 23  4  9  0  0
88 46 115568 122162636 2161816 52874608    0    0 2021984 350580 304669 1173752 62 23  5 10  0  0
109 24 115568 122144072 2161816 52874636    0    0 2097440 355072 312129 1172610 65 24  4  7  0  0
92 45 115568 122155992 2161816 52874652    0    0 2107856 357532 313563 1177206 65 24  4  7  0  0
97 44 115568 122167972 2161816 52874672    0    0 2086576 356932 310505 1164743 64 24  4  8  0  0
32 96 115568 122188800 2161816 52874688    0    0 1868432 664764 306714 1123340 58 21  6 15  0  0
22 93 115568 122203368 2161816 52874696    0    0 1120096 1576896 289291 914626 37 13 11 39  0  0
48 77 115568 122187516 2161816 52874704    0    0 1081472 1574532 285916 896767 36 13 12 39  0  0
36 87 115568 122180056 2161816 52874736    0    0 1094864 1578000 288018 902886 37 13 11 38  0  0
97 40 115568 122157812 2161816 52874756    0    0 1926960 694724 314442 1143076 61 21  5 12  0  0
108 34 115568 122164232 2161816 52874776    0    0 2160768 361048 317525 1203998 66 23  4  7  0  0
113 30 115568 122157692 2161820 52874784    0    0 2102176 363624 313729 1171853 66 23  4  7  0  0
procs -----------memory---------- ---swap-- -----io---- -system-- -------cpu-------
 r  b   swpd   free   buff  cache   si   so    bi    bo   in   cs us sy id wa st gu
106 35 115568 122170268 2161820 52874812    0    0 2108224 364224 312910 1170517 66 24  3  7  0  0
114 31 115568 122165008 2161820 52874832    0    0 2131472 363460 315415 1183179 66 24  3  6  0  0
98 43 115568 122159956 2161820 52874856    0    0 2066512 359600 311680 1167502 64 23  4  8  0  0
115 37 115568 122158116 2161820 52874884    0    0 2052016 356276 307127 1192512 63 21  5 11  0  0
107 36 115568 122178932 2161820 52874944    0    0 2032464 351644 304936 1168113 63 22  5 10  0  0
45 90 115568 122190680 2161820 52874964    0    0 1174608 1397728 282289 904730 39 14 11 36  0  0
33 96 115568 122194408 2161820 52874984    0    0 1117216 1581372 289816 915959 38 14 11 37  0  0
52 84 115568 122199576 2161820 52875004    0    0 1087568 1559108 286847 900783 37 13 11 38  0  0
109 31 115568 122184080 2161820 52875020    0    0 1502256 1113484 299880 1008065 49 17  8 26  0  0
100 40 115568 122183264 2161820 52875036    0    0 2169776 359176 314957 1183272 68 23  3  7  0  0
93 37 115568 122173160 2161820 52875060    0    0 2138208 362448 315603 1191067 66 23  3  7  0  0
88 53 115568 122148144 2161820 52875088    0    0 2105792 362664 313418 1169239 65 24  4  7  0  0
96 38 115568 122157768 2161820 52875092    0    0 2128464 366664 314331 1194000 65 23  4  8  0  0
75 50 115568 122154880 2161820 52875116    0    0 2104000 364168 310878 1172497 65 23  4  8  0  0
77 51 115568 122174388 2161824 52875120    0    0 2109568 364592 312524 1178284 65 24  4  7  0  0
97 38 115568 122158072 2161824 52875152    0    0 2102208 360912 312819 1177269 65 24  4  8  0  0
86 48 115568 122171440 2161824 52875168    0    0 2100944 361120 311493 1176844 65 23  4  8  0  0
29 97 115568 122178360 2161824 52875180    0    0 1318192 1052628 277378 917488 41 16 10 34  0  0
45 87 115568 122196128 2161824 52875208    0    0 978160 1438368 267523 826330 31 12 13 44  0  0
39 71 115568 122189016 2161824 52875232    0    0 1109712 1589648 289452 912342 38 14 11 38  0  0
82 54 115568 122200344 2161824 52875248    0    0 1108640 1566888 289446 912910 37 14 11 38  0  0
procs -----------memory---------- ---swap-- -----io---- -system-- -------cpu-------
 r  b   swpd   free   buff  cache   si   so    bi    bo   in   cs us sy id wa st gu
106 37 115568 122199384 2161824 52875248    0    0 2173120 382924 317548 1205889 67 22  3  8  0  0
104 40 115568 122188280 2161824 52875272    0    0 2170352 350996 318373 1216008 65 23  4  8  0  0
96 38 115568 122158096 2161824 52875284    0    0 2146928 354324 315463 1189918 66 24  3  7  0  0
112 28 115568 122155488 2161824 52875296    0    0 2117536 356088 313817 1171582 66 24  3  7  0  0
111 29 115568 122146064 2161824 52875336    0    0 2123712 356508 312420 1178148 66 24  3  7  0  0
104 35 115568 122146964 2161824 52875340    0    0 2119984 353544 313719 1180067 66 24  4  7  0  0
95 36 115568 122145132 2161824 52875376    0    0 2130048 352180 313314 1182023 66 24  3  7  0  0
102 44 115568 122152596 2161824 52875392    0    0 2114528 353580 313741 1182712 65 24  4  7  0  0
36 71 115568 122157108 2161824 52875412    0    0 1320832 1257816 290226 957515 41 16 10 33  0  0
27 109 115568 122176872 2161828 52875436    0    0 959872 1399448 265637 816057 31 11 13 45  0  0
44 86 115568 122209396 2161828 52875436    0    0 1034592 1499764 278491 867964 34 12 12 42  0  0
40 94 115568 122212032 2161828 52875464    0    0 981504 1458632 272528 840964 32 12 12 43  0  0
107 37 115568 122191996 2161828 52875480    0    0 1924336 504744 302752 1147752 61 21  5 13  0  0
96 30 115568 122164244 2161828 52875496    0    0 2077968 356688 309645 1208581 63 22  5 10  0  0
83 47 115568 122141984 2161832 52875516    0    0 2075088 359560 312847 1213057 63 23  5 10  0  0
91 39 115568 122142600 2161832 52875536    0    0 2056144 358540 308469 1197893 63 23  4  9  0  0
80 43 115568 122144444 2161832 52875556    0    0 2035984 357004 306795 1178579 64 23  4  9  0  0
74 53 115568 122171192 2161832 52875580    0    0 2024896 354804 306336 1177268 63 23  5 10  0  0
73 54 115568 122168220 2161832 52875592    0    0 2039104 354376 307159 1176656 63 23  5 10  0  0
83 54 115568 122168368 2161832 52875604    0    0 2060832 358292 308925 1204071 63 22  5 10  0  0
102 32 115568 122146964 2161832 52875608    0    0 2109056 359872 312566 1186870 65 24  4  7  0  0
procs -----------memory---------- ---swap-- -----io---- -system-- -------cpu-------
 r  b   swpd   free   buff  cache   si   so    bi    bo   in   cs us sy id wa st gu
26 92 115568 122180344 2161832 52875632    0    0 1596032 956124 298482 1026906 50 19  8 24  0  0
19 114 115568 122208664 2161832 52875644    0    0 1055920 1532764 281117 875577 35 13 12 40  0  0
73 41 115568 122202148 2161832 52875660    0    0 959680 1407284 266245 817116 31 12 13 44  0  0
32 83 115568 122206420 2161832 52875680    0    0 1092144 1582488 288302 907587 37 14 11 38  0  0
102 39 115568 122168316 2161832 52875700    0    0 1980320 557932 310631 1146538 63 22  4 11  0  0
107 31 115568 122158904 2161832 52875732    0    0 2148384 360012 316062 1204287 65 23  4  8  0  0
105 29 115568 122145264 2161832 52875752    0    0 2122320 359500 314040 1189766 65 23  4  8  0  0
93 42 115568 122150972 2161832 52875760    0    0 2164144 360684 318903 1199634 67 23  3  7  0  0
90 46 115568 122164296 2161832 52875768    0    0 2147440 356492 316297 1181816 67 24  3  6  0  0
116 22 115568 122162856 2161832 52875792    0    0 2128256 355712 313943 1175262 66 24  3  6  0  0
96 37 115568 122144584 2161832 52875812    0    0 2132480 359328 314709 1178069 66 24  3  7  0  0
75 51 115568 122151628 2161832 52875832    0    0 2148800 359204 315365 1186232 67 24  3  6  0  0
43 79 115568 122167012 2161832 52875848    0    0 1468272 1254284 301952 1013252 46 18  8 28  0  0
31 88 115568 122158756 2161836 52875864    0    0 1183824 1678264 301279 956784 40 15 10 35  0  0
23 109 115568 122179244 2161836 52875888    0    0 981872 1400568 270198 834528 32 12 12 43  0  0
94 47 115568 122181624 2161836 52875904    0    0 1334576 1452312 302156 995843 45 16  9 29  0  0
107 25 115568 122186556 2161836 52875920    0    0 2199104 368280 317821 1203796 68 22  3  7  0  0
116 28 115568 122177380 2161836 52875924    0    0 2167120 368896 317682 1197544 67 23  3  6  0  0
74 46 115568 122162616 2161836 52875956    0    0 2131792 367312 315679 1168905 67 24  3  6  0  0
89 40 115568 122146028 2161836 52875968    0    0 2141968 364080 315194 1184043 67 24  3  6  0  0
94 35 115568 122143340 2161836 52875988    0    0 2129696 363376 316498 1180137 66 24  3  6  0  0
procs -----------memory---------- ---swap-- -----io---- -system-- -------cpu-------
 r  b   swpd   free   buff  cache   si   so    bi    bo   in   cs us sy id wa st gu
112 28 115568 122129952 2161836 52876076    0    0 2128576 362404 314670 1174961 66 24  3  7  0  0
101 40 115568 122130288 2161836 52876088    0    0 2127136 362804 313829 1177691 66 24  3  7  0  0
105 29 115568 122155416 2161836 52876116    0    0 2136672 365204 315884 1183789 66 24  3  6  0  0
33 80 115568 122160060 2161836 52876132    0    0 1605760 1017376 301827 1037838 51 19  7 23  0  0
14 90 115568 122156364 2161836 52876152    0    0 1203312 1713404 303136 971184 41 15 10 34  0  0
36 101 115568 122165312 2161836 52876168    0    0 1154336 1560396 290700 928683 38 13 11 38  0  0
64 70 115568 122174668 2161836 52876184    0    0 1120240 1367848 279573 897178 37 14 11 38  0  0
36 99 115568 122179324 2161840 52876192    0    0 2142944 424376 314742 1174395 67 23  3  7  0  0
53 77 115568 122152788 2161840 52876212    0    0 2174816 354532 319296 1199124 66 24  3  6  0  0
72 54 115568 122142732 2161840 52876228    0    0 2134144 358524 314603 1172139 67 24  3  6  0  0
78 63 115568 122128688 2161840 52876240    0    0 2138672 357516 315118 1178800 66 24  3  6  0  0
45 78 115568 122127300 2161840 52876272    0    0 2138992 368136 315221 1182366 66 24  3  6  0  0
65 61 115568 122155672 2161840 52876288    0    0 2137440 353544 316460 1183888 67 24  3  6  0  0
52 69 115568 122156924 2161840 52876312    0    0 2141040 355184 315166 1181478 66 24  3  6  0  0
46 75 115568 122142928 2161840 52876328    0    0 2145984 357208 317068 1195547 66 23  4  7  0  0
40 94 115568 122150372 2161840 52876336    0    0 1338784 1447968 303877 1005232 42 15 10 33  0  0
34 83 115568 122152508 2161840 52876364    0    0 1204624 1683500 302160 966434 41 15 10 34  0  0
48 94 115568 122159292 2161844 52876380    0    0 1174800 1657584 298096 950843 40 15 10 35  0  0
90 60 115568 122159544 2161844 52876388    0    0 1499984 930032 287864 1011252 48 17  8 27  0  0
33 103 115568 122168400 2161844 52876408    0    0 2157072 359436 313624 1174647 67 23  3  6  0  0
72 61 115568 122153968 2161844 52876436    0    0 2109824 368768 313620 1172322 66 24  4  7  0  0
procs -----------memory---------- ---swap-- -----io---- -system-- -------cpu-------
 r  b   swpd   free   buff  cache   si   so    bi    bo   in   cs us sy id wa st gu
37 90 115568 122165420 2161844 52876444    0    0 2107504 380224 313730 1173042 65 24  4  7  0  0
67 61 115568 122149552 2161844 52876476    0    0 2138832 359440 315602 1178424 66 24  3  6  0  0
65 60 115568 122133340 2161844 52876484    0    0 2129536 365796 314708 1182199 66 24  4  7  0  0
42 85 115568 122142676 2161844 52876500    0    0 2161728 369988 319539 1209413 66 23  4  7  0  0
49 80 115568 122138856 2161844 52876520    0    0 2139232 358704 314696 1182491 66 24  3  7  0  0
83 54 115568 122154892 2161844 52876536    0    0 2148640 369944 315892 1184171 66 24  3  6  0  0
25 108 115568 122150156 2161844 52876564    0    0 1573088 1151780 308576 1063939 50 19  8 24  0  0
24 112 115568 122175052 2161844 52876584    0    0 1204976 1656028 301466 970541 41 15 10 34  0  0
41 90 115568 122176236 2161844 52876596    0    0 1208608 1703384 304558 969355 41 15 10 33  0  0
53 83 115568 122164176 2161844 52876624    0    0 1495648 1174160 313464 1034069 49 17  8 26  0  0
81 60 115568 122151536 2161844 52876644    0    0 2066048 363052 305451 1166739 65 22  4  9  0  0
82 62 115568 122143176 2161852 52876656    0    0 2101760 363124 312009 1163736 66 24  4  7  0  0
45 86 115568 122141160 2161852 52876672    0    0 2158608 363116 316726 1199424 66 23  4  7  0  0
53 73 115568 122157280 2161852 52876688    0    0 2120368 353476 312907 1176670 66 23  4  7  0  0
70 66 115568 122169684 2161852 52876704    0    0 2095472 365900 312476 1171089 65 24  4  7  0  0
63 65 115568 122155988 2161852 52876728    0    0 2117328 367176 314639 1179654 66 24  3  7  0  0
55 77 115568 122143192 2161852 52876736    0    0 2141280 355704 313790 1181427 67 24  3  6  0  0
37 86 115568 122143992 2161852 52876760    0    0 1918768 654360 310432 1128026 60 22  5 13  0  0
24 87 115568 122152360 2161852 52876784    0    0 1192480 1681464 301663 963299 41 15 10 34  0  0
36 86 115568 122165468 2161852 52876804    0    0 1196560 1647884 302107 965080 41 15 10 34  0  0
86 52 115568 122159336 2161852 52876820    0    0 1212064 1708024 304552 972067 42 15 10 33  0  0
procs -----------memory---------- ---swap-- -----io---- -system-- -------cpu-------
 r  b   swpd   free   buff  cache   si   so    bi    bo   in   cs us sy id wa st gu
109 34 115568 122156292 2161856 52876844    0    0 2175696 397340 317010 1195658 68 23  3  7  0  0
39 86 115568 122160772 2161856 52876848    0    0 2152784 357256 315567 1186556 67 23  3  6  0  0
64 66 115568 122147020 2161856 52876872    0    0 2139760 364564 316490 1180811 67 24  3  6  0  0
55 84 115568 122145200 2161856 52876880    0    0 2055184 364540 308419 1196710 64 23  4  9  0  0
67 65 115568 122147784 2161856 52876904    0    0 2074240 367528 310071 1165520 64 23  4  8  0  0
62 73 115568 122153724 2161856 52876924    0    0 2111584 363808 315362 1175664 66 24  4  7  0  0
72 59 115568 122153464 2161856 52876936    0    0 2120480 363168 314021 1176136 66 24  3  7  0  0
54 73 115568 122150948 2161856 52876956    0    0 2100928 364232 312132 1176174 66 23  4  7  0  0
65 62 115568 122134276 2161856 52876976    0    0 1990576 478288 309895 1147431 62 23  5 11  0  0
49 79 115568 122146336 2161856 52876996    0    0 1185776 1660376 299299 954859 40 15 10 34  0  0
42 91 115568 122162272 2161856 52877008    0    0 1172768 1666276 297890 952736 39 14 11 36  0  0
62 75 115568 122168780 2161856 52877020    0    0 1182080 1683108 301791 958785 40 15 10 35  0  0
118 28 115568 122167392 2161856 52877044    0    0 2006960 612464 315036 1146382 64 22  4 10  0  0
98 42 115568 122144224 2161856 52877060    0    0 2164928 356932 317491 1191508 67 24  3  6  0  0
100 35 115568 122132532 2161856 52877084    0    0 2142144 363096 315318 1171356 67 24  3  6  0  0
94 42 115568 122143652 2161860 52877092    0    0 2128656 362944 314279 1180039 66 24  3  6  0  0
81 48 115568 122131972 2161860 52877120    0    0 2134800 365148 316226 1177258 66 24  3  6  0  0
98 37 115568 122135544 2161860 52877136    0    0 2140000 362412 314304 1180373 66 24  3  6  0  0
77 56 115568 122151380 2161860 52877228    0    0 2029808 356804 304786 1190389 63 23  5 10  0  0
98 42 115568 122148324 2161860 52877248    0    0 2105504 356816 311266 1177351 65 24  4  8  0  0
42 85 115568 122156808 2161860 52877260    0    0 1235152 1428468 291354 952949 38 14 11 37  0  0
procs -----------memory---------- ---swap-- -----io---- -system-- -------cpu-------
 r  b   swpd   free   buff  cache   si   so    bi    bo   in   cs us sy id wa st gu
48 72 115568 122172640 2161860 52877280    0    0 1165744 1663988 299103 947382 40 15 11 35  0  0
38 96 115568 122179344 2161860 52877292    0    0 1174624 1651552 299255 949788 41 15 10 34  0  0
109 34 115568 122159712 2161860 52877316    0    0 1714608 903708 305681 1058843 54 19  6 20  0  0
100 40 115568 122156044 2161860 52877328    0    0 2147616 362096 312495 1162391 68 23  3  6  0  0
90 42 115568 122141348 2161864 52877352    0    0 2136192 364748 314988 1171979 67 24  3  6  0  0
104 32 115568 122139124 2161864 52877368    0    0 2128640 366328 315308 1174139 67 24  3  6  0  0
111 29 115568 122145900 2161864 52877376    0    0 2129184 367216 314681 1180896 66 24  3  6  0  0
104 39 115568 122141696 2161864 52877408    0    0 2138464 367472 315018 1186246 66 24  3  6  0  0
107 30 115568 122142008 2161864 52877420    0    0 2148816 367776 316730 1203807 66 23  4  7  0  0
109 32 115568 122137948 2161868 52877436    0    0 2130032 365884 314413 1183961 66 24  4  7  0  0
98 36 115568 122132520 2161868 52877452    0    0 2130624 362412 313234 1174509 66 24  3  7  0  0
24 89 115568 122178344 2161868 52877476    0    0 1018800 1460232 274228 862386 31 12 13 43  0  0
61 75 115568 122202384 2161868 52877484    0    0 1098528 1562992 288086 904073 37 14 11 38  0  0
48 79 115568 122177952 2161868 52877508    0    0 1174784 1647780 297813 952076 40 15 10 35  0  0
100 34 115568 122172912 2161868 52877536    0    0 1626624 1054060 305113 1050535 53 19  7 21  0  0
120 28 115568 122163288 2161868 52877560    0    0 2176992 357260 315645 1180159 68 23  3  6  0  0
99 36 115568 122140240 2161868 52877572    0    0 2145136 360976 315968 1188953 66 23  3  7  0  0
93 44 115568 122141620 2161868 52877588    0    0 2143824 363796 315699 1193947 66 23  4  7  0  0
96 40 115568 122143120 2161868 52877596    0    0 2147712 363748 316154 1187554 67 23  3  7  0  0
103 32 115568 122140100 2161868 52877616    0    0 2137488 363352 315256 1178218 66 24  3  6  0  0
95 43 115568 122138256 2161868 52877632    0    0 2127520 359864 314525 1179215 66 24  3  6  0  0
procs -----------memory---------- ---swap-- -----io---- -system-- -------cpu-------
 r  b   swpd   free   buff  cache   si   so    bi    bo   in   cs us sy id wa st gu
94 38 115568 122136012 2161868 52877652    0    0 2135056 357216 314372 1181164 66 24  3  6  0  0
47 86 115568 122155452 2161868 52877668    0    0 1803552 863220 312160 1115608 57 21  6 16  0  0
78 61 115568 122170488 2161868 52877688    0    0 1051600 1514660 280561 880541 35 13 12 40  0  0
32 103 115568 122178128 2161868 52877712    0    0 1038688 1490480 279282 869085 35 13 12 41  0  0
45 80 115568 122174292 2161868 52877732    0    0 1167856 1662496 299157 950326 40 15 10 35  0  0
101 41 115568 122160996 2161868 52877740    0    0 2001168 677092 319321 1173401 64 21  4 11  0  0
90 36 115568 122170212 2161868 52877760    0    0 2181200 363704 318455 1218433 66 23  4  8  0  0
96 34 115568 122166456 2161868 52877772    0    0 2130800 367136 315704 1182402 66 24  3  7  0  0
95 46 115568 122151816 2161872 52877792    0    0 2113232 368680 314373 1172811 66 24  3  7  0  0
95 27 115568 122149440 2161872 52877812    0    0 2129216 370436 316289 1180198 66 24  3  6  0  0
98 37 115568 122147684 2161872 52877832    0    0 2125472 368940 314386 1181351 66 24  3  6  0  0
98 45 115568 122126240 2161872 52877852    0    0 2119200 366192 313928 1174508 66 24  3  7  0  0
111 21 115568 122130388 2161872 52877928    0    0 2125040 365744 313722 1163008 67 25  3  6  0  0
80 52 115568 122145740 2161872 52877924    0    0 2115296 366456 311882 1167624 66 24  3  6  0  0
43 82 115568 122160072 2161872 52877940    0    0 1376112 1367820 300563 995743 44 17  9 30  0  0
44 82 115568 122185140 2161872 52877952    0    0 1039184 1528132 278472 861526 34 12 12 43  0  0
67 69 115568 122183724 2161872 52877964    0    0 1031712 1498952 278007 864224 34 12 12 42  0  0
102 38 115568 122171784 2161872 52877980    0    0 1433232 1333960 304799 1010308 48 17  8 27  0  0
117 33 115568 122158136 2161876 52878000    0    0 2184688 359184 315437 1180344 68 23  3  6  0  0
124 28 115568 122144468 2161876 52878024    0    0 2167808 360664 318926 1203012 66 24  3  7  0  0
111 30 115568 122151880 2161876 52878044    0    0 2139088 361736 315737 1179190 67 24  3  6  0  0
procs -----------memory---------- ---swap-- -----io---- -system-- -------cpu-------
 r  b   swpd   free   buff  cache   si   so    bi    bo   in   cs us sy id wa st gu
102 37 115568 122152796 2161876 52878060    0    0 2128608 358588 314913 1177039 67 24  3  6  0  0
89 41 115568 122139652 2161876 52878080    0    0 2140176 359420 315222 1181729 67 24  3  6  0  0
101 33 115568 122142540 2161880 52878092    0    0 2129472 356768 325111 1178738 66 24  3  6  0  0
91 45 115568 122135984 2161880 52878120    0    0 2137856 359240 314998 1180948 66 24  3  6  0  0
44 91 115568 122136736 2161880 52878132    0    0 1979152 641908 314787 1175617 62 22  5 12  0  0
40 85 115568 122171616 2161880 52878148    0    0 1187488 1680824 300858 961593 41 15 10 34  0  0
37 88 115568 122179136 2161880 52878164    0    0 1105408 1574840 286890 905514 37 14 11 38  0  0
31 98 115568 122187984 2161884 52878192    0    0 980576 1464244 271192 838954 32 12 13 43  0  0
117 30 115568 122176028 2161884 52878212    0    0 1916816 755632 315894 1136731 62 21  4 12  0  0
110 31 115568 122151560 2161884 52878232    0    0 2174000 364472 319265 1211080 67 23  3  7  0  0
114 31 115568 122144656 2161884 52878248    0    0 2157280 366636 317767 1183914 67 24  3  6  0  0
105 34 115568 122134264 2161884 52878264    0    0 2140560 364256 316349 1180141 67 24  3  6  0  0
99 38 115568 122139096 2161884 52878284    0    0 2131120 362856 316131 1179873 66 24  3  6  0  0
83 41 115568 122143108 2161884 52878300    0    0 2163184 362696 317540 1206940 67 23  3  7  0  0
93 41 115568 122149624 2161884 52878316    0    0 2142208 361380 316178 1181169 66 24  3  6  0  0
97 40 115568 122146560 2161884 52878420    0    0 2128832 363304 314431 1174839 67 24  3  6  0  0
96 37 115568 122146812 2161884 52878436    0    0 2126128 365736 313924 1177353 66 24  3  6  0  0
30 101 115568 122149664 2161884 52878460    0    0 1295392 1421048 296420 973273 41 16 10 33  0  0
43 78 115568 122160388 2161884 52878484    0    0 1043552 1508992 280265 882676 35 13 12 41  0  0
44 103 115568 122174996 2161884 52878500    0    0 1111968 1561116 288218 908894 38 14 11 38  0  0
96 41 115568 122176240 2161884 52878520    0    0 1210976 1239172 279972 913318 40 14 11 35  0  0
procs -----------memory---------- ---swap-- -----io---- -system-- -------cpu-------
 r  b   swpd   free   buff  cache   si   so    bi    bo   in   cs us sy id wa st gu
109 33 115568 122153600 2161884 52878540    0    0 2161840 360576 312959 1171630 68 23  3  6  0  0
82 50 115568 122155948 2161884 52878552    0    0 2190688 365344 321377 1229706 66 23  4  7  0  0
92 45 115568 122140560 2161884 52878568    0    0 2142112 360844 316081 1184098 67 23  3  6  0  0
81 47 115568 122130720 2161884 52878584    0    0 2134368 360264 314490 1174651 66 24  3  6  0  0
88 41 115568 122130324 2161884 52878600    0    0 2127744 357884 314503 1176872 66 24  3  6  0  0
104 34 115568 122135860 2161892 52878624    0    0 2136128 356408 314247 1178514 67 24  3  6  0  0
98 38 115568 122160168 2161892 52878640    0    0 2140432 355108 314650 1181622 66 24  3  6  0  0
19 99 115568 122156532 2161892 52878660    0    0 2099424 400188 315406 1171977 65 24  4  7  0  0
45 92 115568 122174268 2161892 52878680    0    0 1191136 1628900 299906 968790 37 15 11 37  0  0
44 76 115568 122162604 2161892 52878696    0    0 1049232 1460260 279242 881407 35 13 12 40  0  0
25 88 115568 122162400 2161892 52878720    0    0 1124752 1630784 293273 923683 38 14 11 37  0  0
69 71 115568 122174432 2161892 52878732    0    0 1461840 934128 283480 990988 47 16  9 28  0  0
58 80 115568 122148652 2161892 52878744    0    0 2117104 406224 313029 1165748 67 23  3  7  0  0
57 84 115568 122148420 2161892 52878764    0    0 2149520 384060 316419 1192788 66 24  3  7  0  0
40 85 115568 122153628 2161892 52878784    0    0 2112608 368240 312394 1163928 66 24  3  7  0  0
80 55 115568 122127840 2161892 52878808    0    0 2126256 364512 314689 1179174 66 24  3  6  0  0
54 83 115568 122118492 2161892 52878824    0    0 2125040 373784 314208 1172988 66 24  3  7  0  0
55 78 115568 122127228 2161892 52878840    0    0 2124224 369116 314343 1175831 66 24  3  6  0  0
63 77 115568 122137380 2161892 52878860    0    0 2123504 365740 314825 1180046 66 24  3  7  0  0
58 68 115568 122145588 2161892 52878880    0    0 2137232 363092 314826 1182657 66 24  3  6  0  0
19 94 115568 122139328 2161892 52878892    0    0 1754176 825252 305709 1085848 55 20  6 19  0  0
procs -----------memory---------- ---swap-- -----io---- -system-- -------cpu-------
 r  b   swpd   free   buff  cache   si   so    bi    bo   in   cs us sy id wa st gu
20 91 115568 122150012 2161892 52878904    0    0 1139920 1644072 293774 929980 39 13 11 37  0  0
23 109 115568 122182092 2161892 52878920    0    0 1007760 1455344 274899 857700 33 12 12 42  0  0
24 107 115568 122183152 2161892 52878944    0    0 1134848 1631928 293924 932260 39 14 11 36  0  0
65 69 115568 122162056 2161892 52878960    0    0 1851280 551776 297393 1115580 58 20  6 15  0  0
36 98 115568 122151904 2161892 52878988    0    0 2149648 357480 313888 1176894 67 23  3  6  0  0
26 107 115568 122145192 2161892 52879004    0    0 2096368 359224 312693 1175632 65 24  4  7  0  0
83 57 115568 122142892 2161892 52879020    0    0 2105184 366020 312503 1165689 66 24  3  7  0  0
69 56 115568 122148736 2161892 52879044    0    0 2130480 358960 315281 1177552 67 24  3  6  0  0
53 71 115568 122153856 2161892 52879064    0    0 2125376 356408 313894 1178047 66 24  3  6  0  0
68 67 115568 122161556 2161892 52879072    0    0 2138400 354456 314291 1197265 66 23  4  7  0  0
31 86 115568 122167640 2161892 52879092    0    0 2122272 353884 313144 1176459 66 24  3  6  0  0
56 85 115568 122142824 2161892 52879108    0    0 1822960 798084 311578 1116178 57 21  6 15  0  0
36 95 115568 122148048 2161892 52879132    0    0 1141792 1639972 294908 934206 39 14 11 36  0  0
65 65 115568 122158880 2161892 52879152    0    0 1115024 1536256 289248 916550 37 14 11 38  0  0
61 73 115568 122154032 2161896 52879168    0    0 1042656 1535664 282730 876721 35 13 12 40  0  0
116 26 115568 122162632 2161896 52879188    0    0 2074160 508344 315052 1164543 66 22  4  8  0  0
85 49 115568 122150276 2161896 52879204    0    0 2128176 367096 315514 1194072 65 23  4  8  0  0
98 20 115568 122142896 2161896 52879224    0    0 2037248 364784 305477 1188770 63 23  4  9  0  0
105 17 115568 122153452 2161896 52879240    0    0 2074768 368408 309320 1180884 64 22  5  9  0  0
122 26 115568 122148424 2161900 52879252    0    0 2092160 366388 311359 1169914 65 24  4  8  0  0
91 37 115568 122147104 2161900 52879264    0    0 2103376 365992 313856 1176200 65 24  4  7  0  0
procs -----------memory---------- ---swap-- -----io---- -system-- -------cpu-------
 r  b   swpd   free   buff  cache   si   so    bi    bo   in   cs us sy id wa st gu
70 42 115568 122149880 2161900 52879280    0    0 2117120 365388 314275 1178378 66 24  3  7  0  0
110 26 115568 122146000 2161900 52879304    0    0 2115040 366204 314357 1174200 66 24  4  7  0  0
110 28 115568 122157444 2161904 52879320    0    0 2117376 368040 313694 1174419 66 24  3  7  0  0
27 88 115568 122151620 2161904 52879340    0    0 1218608 1653576 302188 978676 39 15 11 35  0  0
63 74 115568 122156268 2161904 52879356    0    0 1154624 1668480 306494 946971 39 15 10 35  0  0
24 99 115568 122169612 2161904 52879376    0    0 1096320 1563380 286750 909163 37 14 11 39  0  0
104 33 115568 122178436 2161904 52879388    0    0 1635568 848344 297045 1033524 51 17  8 24  0  0
115 19 115568 122175088 2161904 52879408    0    0 2186992 361176 315944 1182631 69 23  3  6  0  0
90 32 115568 122142684 2161904 52879424    0    0 2129152 358936 314827 1175546 66 24  3  6  0  0
90 45 115568 122137136 2161904 52879436    0    0 2131776 362080 314562 1179083 67 24  3  6  0  0
90 35 115568 122131516 2161904 52879456    0    0 2091968 358804 311350 1172108 65 23  4  7  0  0
72 56 115568 122152484 2161904 52879476    0    0 2036128 352488 305370 1176827 63 23  4  9  0  0
101 31 115568 122137132 2161904 52879568    0    0 2075808 353224 309380 1172723 65 23  4  8  0  0
88 47 115568 122140080 2161904 52879580    0    0 2094464 355952 310931 1171756 65 24  4  7  0  0
40 84 115568 122144812 2161904 52879596    0    0 1922080 619488 309972 1137566 61 22  5 12  0  0
49 85 115568 122152872 2161904 52879624    0    0 1167888 1657352 298361 948285 40 15 10 35  0  0
35 80 115568 122169572 2161904 52879624    0    0 1144928 1669080 295001 935121 39 13 11 37  0  0
34 90 115568 122189172 2161904 52879644    0    0 1101264 1600380 288784 912160 37 14 11 38  0  0
73 58 115568 122169540 2161904 52879668    0    0 1814432 637832 300991 1108001 58 20  6 16  0  0
86 53 115568 122138632 2161904 52879688    0    0 2145504 373652 313278 1164643 68 23  3  6  0  0
117 26 115568 122124036 2161904 52879708    0    0 2116592 369392 313887 1173449 66 24  3  7  0  0
procs -----------memory---------- ---swap-- -----io---- -system-- -------cpu-------
 r  b   swpd   free   buff  cache   si   so    bi    bo   in   cs us sy id wa st gu
70 45 115568 122137964 2161904 52879728    0    0 2127408 370900 315989 1178125 66 24  3  6  0  0
100 30 115568 122145280 2161904 52879748    0    0 2113552 369920 314944 1175196 66 24  3  7  0  0
88 39 115568 122151560 2161904 52879764    0    0 2122960 369936 315945 1181235 66 24  3  7  0  0
108 33 115568 122144860 2161904 52879780    0    0 2086544 366932 312507 1169404 65 24  4  7  0  0
85 48 115568 122141964 2161904 52879792    0    0 2073312 368132 311399 1197954 64 23  4  9  0  0
103 27 115568 122152088 2161904 52879812    0    0 2058736 368256 309455 1183522 64 22  4  9  0  0
92 46 115568 122149500 2161904 52879828    0    0 1790992 776372 307736 1112024 56 21  6 16  0  0
69 69 115568 122138644 2161904 52879844    0    0 1192560 1666216 300631 959876 41 15 10 34  0  0
53 84 115568 122156880 2161904 52879880    0    0 1184496 1681840 300748 957023 41 15 10 34  0  0
26 105 115568 122173344 2161904 52879896    0    0 1099056 1604988 290120 914049 38 14 11 38  0  0
111 34 115568 122143468 2161904 52879912    0    0 2024992 417656 306322 1164620 64 22  4 10  0  0
66 26 115568 122138140 2161904 52879932    0    0 2154096 363500 317620 1193679 67 24  3  6  0  0
95 32 115568 122122144 2161904 52879948    0    0 2143136 360204 315221 1176570 67 24  3  6  0  0
98 40 115568 122114444 2161904 52879964    0    0 2151456 358264 317507 1190378 67 24  3  6  0  0
88 40 115568 122143576 2161904 52879972    0    0 2148256 358004 316127 1192536 67 23  3  6  0  0
93 30 115568 122137108 2161904 52879980    0    0 2123584 354912 314420 1173691 67 24  3  6  0  0
103 24 115568 122148812 2161904 52880008    0    0 2130976 357052 313588 1175856 67 24  3  6  0  0
95 37 115568 122130672 2161904 52880024    0    0 2111040 359680 314174 1174779 66 24  3  7  0  0
32 100 115568 122149372 2161904 52880048    0    0 1210320 1221972 278243 903999 37 14 11 37  0  0
38 98 115568 122176552 2161904 52880064    0    0 1032432 1497304 278071 867266 34 13 12 41  0  0
28 104 115568 122168444 2161904 52880084    0    0 1170032 1685840 300272 952849 40 15 10 35  0  0
procs -----------memory---------- ---swap-- -----io---- -system-- -------cpu-------
 r  b   swpd   free   buff  cache   si   so    bi    bo   in   cs us sy id wa st gu
98 39 115568 122163504 2161908 52880100    0    0 1415040 1349968 303855 1006857 47 17  8 28  0  0
103 35 115568 122139348 2161908 52880124    0    0 2174928 369876 315840 1182877 68 23  3  6  0  0
100 40 115568 122141856 2161908 52880140    0    0 2091504 369596 313489 1215602 64 22  5  9  0  0
100 37 115568 122145836 2161908 52880152    0    0 2048768 366684 309243 1169383 64 23  4  9  0  0
97 41 115568 122133408 2161908 52880168    0    0 2132480 366044 315031 1178338 67 24  3  6  0  0
87 44 115568 122125664 2161912 52880184    0    0 2137600 364532 314116 1176675 67 24  3  6  0  0
92 34 115568 122134812 2161912 52880216    0    0 2123648 365264 315098 1175473 66 24  3  6  0  0
97 42 115568 122136772 2161912 52880232    0    0 2120048 366996 314179 1180231 66 24  3  6  0  0
105 39 115568 122124036 2161912 52880248    0    0 2120624 366952 314103 1176537 66 24  3  6  0  0
16 92 115568 122134332 2161912 52880256    0    0 2012480 527048 312294 1156008 63 23  4  9  0  0
22 85 115568 122146756 2161920 52880348    0    0 1046960 1527384 282013 887966 33 13 13 41  0  0
65 75 115568 122163196 2161920 52880368    0    0 1035536 1507112 279635 869748 34 12 12 42  0  0
64 70 115568 122181736 2161920 52880388    0    0 1183936 1676608 299242 956694 40 14 10 35  0  0
99 42 115568 122175596 2161920 52880404    0    0 1814592 910568 314286 1117868 59 21  5 15  0  0
123 33 115568 122147472 2161920 52880420    0    0 2162432 365808 313417 1175544 68 23  3  6  0  0
82 54 115568 122128668 2161924 52880436    0    0 2123488 361988 314226 1183245 67 24  3  7  0  0
94 39 115568 122104596 2161924 52880464    0    0 2028816 357260 305589 1176066 64 23  4  9  0  0
106 31 115568 122108924 2161924 52880480    0    0 2132992 358236 314178 1179354 67 24  3  6  0  0
110 31 115568 122127464 2161924 52880496    0    0 2144656 358096 315804 1181073 67 24  3  6  0  0
95 46 115568 122155632 2161924 52880512    0    0 2142064 356260 316892 1182672 67 24  3  6  0  0
82 53 115568 122142728 2161924 52880528    0    0 2130368 358848 314822 1177151 67 24  3  6  0  0
procs -----------memory---------- ---swap-- -----io---- -system-- -------cpu-------
 r  b   swpd   free   buff  cache   si   so    bi    bo   in   cs us sy id wa st gu
39 90 115568 122155064 2161924 52880544    0    0 1969648 637724 315229 1170194 62 22  5 12  0  0
37 89 115568 122165316 2161924 52880560    0    0 1117488 1605392 291436 916382 38 14 11 37  0  0
49 86 115568 122167600 2161924 52880580    0    0 949152 1425216 267868 813414 31 12 13 44  0  0
31 100 115568 122186060 2161924 52880600    0    0 1153520 1652844 295743 939157 39 14 10 36  0  0
107 38 115568 122157484 2161924 52880616    0    0 1787408 902536 313072 1112550 59 20  6 16  0  0
104 36 115568 122130052 2161928 52880632    0    0 2164304 371780 314623 1176829 68 23  3  6  0  0
108 28 115568 122129944 2161928 52880652    0    0 2132240 371084 315862 1185513 67 24  3  6  0  0
101 38 115568 122126640 2161928 52880668    0    0 2120048 369784 313414 1169201 66 24  3  7  0  0
105 37 115568 122115924 2161928 52880684    0    0 2110400 367560 313683 1169911 66 24  3  7  0  0
91 44 115568 122129860 2161928 52880768    0    0 2084144 364840 311340 1194383 64 23  4  9  0  0
99 39 115568 122142180 2161928 52880780    0    0 2103904 364728 313050 1205608 65 23  4  8  0  0
104 31 115568 122119380 2161928 52880800    0    0 2105568 367516 313807 1169082 66 24  3  7  0  0
101 37 115568 122123460 2161928 52880820    0    0 2121728 370280 313563 1177628 66 24  3  6  0  0
41 88 115568 122150980 2161928 52880840    0    0 1588928 1014160 300958 1034854 50 19  7 23  0  0
31 105 115568 122160848 2161928 52880860    0    0 1129328 1607088 292967 924390 38 14 11 37  0  0
30 92 115568 122172512 2161928 52880876    0    0 966512 1425520 269302 824701 32 12 13 44  0  0
97 44 115568 122174948 2161928 52880900    0    0 1187200 1608536 298960 955929 40 15 10 34  0  0
103 38 115568 122159816 2161928 52880916    0    0 2168432 370748 316430 1180216 68 23  3  6  0  0
102 20 115568 122148592 2161928 52880928    0    0 2177952 367136 320293 1222954 66 23  4  7  0  0
97 36 115568 122156824 2161928 52880940    0    0 2145568 364356 315958 1189166 67 23  3  6  0  0
104 31 115568 122134688 2161928 52880956    0    0 2137696 364136 316802 1178006 67 24  3  6  0  0
procs -----------memory---------- ---swap-- -----io---- -system-- -------cpu-------
 r  b   swpd   free   buff  cache   si   so    bi    bo   in   cs us sy id wa st gu
92 39 115568 122147544 2161928 52880980    0    0 2136304 362284 315185 1175026 67 24  3  6  0  0
88 44 115568 122141792 2161928 52880996    0    0 2130496 362204 314366 1176882 67 24  3  6  0  0
90 42 115568 122126384 2161928 52881016    0    0 2091104 360192 311116 1179728 65 24  4  7  0  0
104 35 115568 122138908 2161928 52881032    0    0 2046944 360968 308557 1187867 64 23  4  9  0  0
24 100 115568 122148168 2161928 52881048    0    0 1319008 1513180 302737 996539 42 17 10 32  0  0
57 77 115568 122156356 2161928 52881068    0    0 1136144 1622680 294811 933157 39 14 11 36  0  0
44 76 115568 122185560 2161928 52881084    0    0 1051552 1525788 281705 874658 35 13 11 40  0  0
113 17 115568 122193912 2161928 52881104    0    0 1489872 1065916 295362 1013399 48 16  9 27  0  0
100 37 115568 122159168 2161928 52881108    0    0 2157776 374336 314736 1173968 68 23  3  6  0  0
111 30 115568 122139260 2161928 52881136    0    0 2138960 369752 316695 1189642 67 24  3  6  0  0
99 46 115568 122129464 2161928 52881152    0    0 2112704 369172 314570 1168441 66 24  3  6  0  0
87 46 115568 122128092 2161928 52881176    0    0 2126960 365864 314864 1182106 66 24  3  6  0  0
107 37 115568 122143296 2161928 52881196    0    0 2115552 366296 314307 1174432 66 24  3  7  0  0
111 29 115568 122133176 2161928 52881208    0    0 2128720 365260 314978 1177871 66 24  3  6  0  0
97 41 115568 122130264 2161928 52881232    0    0 2138608 367952 315413 1186274 66 24  3  6  0  0
86 49 115568 122124784 2161928 52881252    0    0 2129248 370240 315703 1182822 67 24  3  6  0  0
43 90 115568 122137436 2161928 52881272    0    0 1691696 788320 296967 1038384 53 19  7 21  0  0
46 91 115568 122158284 2161928 52881280    0    0 1055328 1483280 279819 884067 35 12 12 41  0  0
27 112 115568 122175492 2161928 52881296    0    0 1097120 1569972 287748 900798 37 14 11 38  0  0
21 93 115568 122180892 2161928 52881316    0    0 950832 1394340 264553 814398 31 11 13 45  0  0
74 60 115568 122166620 2161928 52881336    0    0 1551824 763468 281255 1028763 50 17  8 25  0  0
procs -----------memory---------- ---swap-- -----io---- -system-- -------cpu-------
 r  b   swpd   free   buff  cache   si   so    bi    bo   in   cs us sy id wa st gu
86 43 115568 122149632 2161928 52881356    0    0 2064752 363024 306721 1183332 65 22  4  9  0  0
89 50 115568 122145916 2161928 52881376    0    0 2058192 359292 310381 1220413 63 22  5 10  0  0
81 49 115568 122117612 2161928 52881392    0    0 2040464 357440 306979 1184725 63 23  5 10  0  0
77 52 115568 122119716 2161928 52881404    0    0 2012848 354332 304162 1165734 63 23  4  9  0  0
72 61 115568 122161316 2161928 52881432    0    0 2021024 354436 304448 1168357 63 23  4 10  0  0
90 44 115568 122157728 2161928 52881444    0    0 2017136 353680 305780 1202839 63 21  5 11  0  0
92 41 115568 122157036 2161928 52881460    0    0 2002480 355252 303174 1176933 62 22  5 10  0  0
74 62 115568 122146048 2161928 52881476    0    0 2025824 358584 306518 1175588 63 23  5 10  0  0
22 106 115568 122143300 2161928 52881488    0    0 1207808 1254024 281745 925769 37 14 11 37  0  0
23 85 115568 122153516 2161928 52881512    0    0 1004864 1460776 273121 851929 33 13 12 42  0  0
28 105 115568 122169624 2161928 52881540    0    0 1025488 1539860 279747 870757 34 12 12 41  0  0
42 90 115568 122174592 2161928 52881548    0    0 1123520 1335936 278342 903076 38 14 12 37  0  0
56 76 115568 122160724 2161928 52881576    0    0 2009616 466740 305984 1176409 64 22  4 10  0  0
61 62 115568 122140776 2161932 52881592    0    0 2109520 371748 313034 1198711 64 23  4  9  0  0
47 84 115568 122142020 2161932 52881612    0    0 2133904 370532 318270 1209049 65 23  4  8  0  0
48 59 115568 122137488 2161932 52881628    0    0 2087520 365924 312330 1165313 65 24  4  7  0  0
55 33 115568 122133696 2161932 52881644    0    0 2095984 371880 313472 1173704 66 24  4  7  0  0
56 56 115568 122143440 2161932 52881660    0    0 2087024 375548 313580 1168702 66 24  4  7  0  0
55 75 115568 122131612 2161932 52881672    0    0 2082768 360224 311161 1167708 65 24  4  7  0  0
28 108 115568 122128628 2161932 52881692    0    0 2091536 374960 311859 1172116 65 24  4  7  0  0
36 95 115568 122130192 2161932 52881720    0    0 2093504 365444 312107 1176339 65 24  4  7  0  0
procs -----------memory---------- ---swap-- -----io---- -system-- -------cpu-------
 r  b   swpd   free   buff  cache   si   so    bi    bo   in   cs us sy id wa st gu
51 76 115568 122132612 2161932 52881728    0    0 1523344 1025848 297704 1024433 48 18  9 26  0  0
18 114 115568 122149908 2161932 52881752    0    0 1116960 1586096 290904 920448 38 14 11 37  0  0
27 109 115568 122157472 2161932 52881768    0    0 1118800 1572372 289955 919387 38 13 11 38  0  0
38 95 115568 122165372 2161932 52881780    0    0 1205504 1411612 288969 940966 41 14 11 34  0  0
53 73 115568 122157924 2161932 52881804    0    0 2144480 345952 313084 1183566 67 23  3  7  0  0
36 85 115568 122128824 2161932 52881824    0    0 2040336 367792 306939 1195483 63 23  5 10  0  0
17 110 115568 122126784 2161932 52881908    0    0 2085280 357980 310864 1169766 65 24  4  8  0  0
61 78 115568 122137868 2161932 52881924    0    0 2085024 358852 309476 1165516 65 24  4  8  0  0
58 86 115568 122135016 2161932 52881940    0    0 2092720 359860 310517 1170953 65 23  4  8  0  0
55 82 115568 122116004 2161932 52881960    0    0 2098528 357000 310734 1171485 66 24  4  7  0  0
20 100 115568 122131280 2161932 52881976    0    0 2095984 357620 312295 1171974 65 24  4  7  0  0
51 82 115568 122137308 2161932 52881988    0    0 2101376 362876 312797 1177225 66 24  3  7  0  0
35 99 115568 122139016 2161940 52882008    0    0 1241216 1437348 294779 980157 39 14 11 36  0  0
28 105 115568 122162316 2161940 52882012    0    0 1077760 1574852 287485 898705 37 13 12 39  0  0
49 56 115568 122154200 2161940 52882036    0    0 1109888 1583060 291012 916869 38 14 11 37  0  0
80 56 115568 122155908 2161940 52882080    0    0 1478928 1124840 297069 1000182 48 17  8 26  0  0
49 84 115568 122144244 2161940 52882096    0    0 2139536 383144 313819 1181015 67 23  3  7  0  0
52 76 115568 122134536 2161940 52882116    0    0 2107360 359900 314406 1184645 65 24  4  7  0  0
36 96 115568 122134112 2161940 52882132    0    0 2045872 373304 309937 1157328 64 23  4  8  0  0
69 69 115568 122132204 2161940 52882140    0    0 2064768 368628 311237 1163249 64 24  4  8  0  0
44 89 115568 122115704 2161940 52882168    0    0 2011616 363380 304186 1167141 63 23  4 10  0  0
procs -----------memory---------- ---swap-- -----io---- -system-- -------cpu-------
 r  b   swpd   free   buff  cache   si   so    bi    bo   in   cs us sy id wa st gu
72 58 115568 122126200 2161940 52882188    0    0 2024432 368288 306587 1169019 63 22  5 10  0  0
75 57 115568 122139836 2161940 52882196    0    0 2070048 367300 309481 1168785 65 23  4  8  0  0
75 60 115568 122142888 2161940 52882212    0    0 2078144 377132 311644 1166288 65 23  4  8  0  0
70 58 115568 122138404 2161940 52882236    0    0 2100272 368052 313445 1175415 66 24  4  7  0  0
30 84 115568 122138112 2161940 52882256    0    0 1462608 1234812 304925 1046654 47 18  9 27  0  0
55 79 115568 122165276 2161940 52882272    0    0 1107264 1576180 289164 919460 38 14 11 37  0  0
51 78 115568 122155308 2161948 52882288    0    0 1117280 1612220 291109 922188 38 14 11 37  0  0
96 43 115568 122168040 2161948 52882312    0    0 1401984 1235304 297904 986992 46 16  9 29  0  0
100 35 115568 122131276 2161948 52882324    0    0 2153584 364392 313439 1176316 67 23  3  7  0  0
101 36 115568 122115828 2161948 52882340    0    0 2134272 362908 316947 1202461 66 23  4  7  0  0
109 29 115568 122132780 2161948 52882352    0    0 2108336 359264 314857 1179885 66 23  4  7  0  0
98 34 115568 122133888 2161956 52882368    0    0 2095648 357840 313168 1170442 65 24  4  7  0  0
82 46 115568 122145020 2161956 52882392    0    0 2054640 356376 309564 1161783 64 23  4  8  0  0
71 59 115568 122136492 2161956 52882404    0    0 2058864 355788 308762 1172424 64 23  4  9  0  0
89 44 115568 122127148 2161956 52882432    0    0 2025232 354628 304843 1171830 63 23  4  9  0  0
28 80 115568 122133172 2161956 52882444    0    0 2056640 382204 309628 1161772 64 23  4  8  0  0
25 107 115568 122143764 2161960 52882468    0    0 1082480 1551728 284862 900906 34 14 12 41  0  0
43 87 115568 122154312 2161960 52882488    0    0 1075792 1580872 288207 904635 37 13 12 39  0  0
56 75 115568 122178836 2161960 52882504    0    0 1079472 1572836 287123 901504 37 13 12 39  0  0
97 41 115568 122182744 2161960 52882516    0    0 1543024 1036108 298849 1017901 50 16  8 26  0  0
86 46 115568 122166988 2161960 52882536    0    0 2136688 373968 313759 1184778 67 23  3  7  0  0
procs -----------memory---------- ---swap-- -----io---- -system-- -------cpu-------
 r  b   swpd   free   buff  cache   si   so    bi    bo   in   cs us sy id wa st gu
99 33 115568 122139764 2161960 52882568    0    0 2122832 370964 316808 1193128 65 24  4  7  0  0
95 47 115568 122123516 2161960 52882576    0    0 2081792 370396 312624 1170797 65 24  4  7  0  0
102 30 115568 122120968 2161960 52882600    0    0 2095008 368268 313102 1175985 66 24  4  7  0  0
86 43 115568 122119812 2161960 52882612    0    0 2082480 366940 311859 1171317 65 24  4  8  0  0
105 33 115568 122128836 2161960 52882636    0    0 2087680 368560 312865 1169170 65 24  4  7  0  0
100 39 115568 122129044 2161960 52882648    0    0 2043824 368100 309728 1159846 64 23  4  9  0  0
102 39 115568 122127580 2161960 52882664    0    0 2047808 371748 309983 1162857 64 23  4  8  0  0
47 90 115568 122142364 2161960 52882672    0    0 1977600 456064 305183 1173701 61 22  5 12  0  0
51 78 115568 122176872 2161960 52882692    0    0 1009248 1487584 274816 855264 31 11 13 45  0  0
45 78 115568 122167572 2161960 52882716    0    0 1091936 1540100 287528 905349 37 14 11 38  0  0
38 80 115568 122169372 2161964 52882732    0    0 1090592 1520572 286689 905611 37 13 12 38  0  0
94 42 115568 122160776 2161964 52882756    0    0 1580416 1001472 300021 1021982 51 18  8 24  0  0
100 38 115568 122142916 2161964 52882764    0    0 2143456 365512 314397 1178789 67 23  3  6  0  0
93 45 115568 122122996 2161964 52882796    0    0 2135360 360080 316874 1193381 66 24  4  7  0  0
94 33 115568 122124716 2161964 52882812    0    0 2099280 359352 314637 1172445 65 24  3  7  0  0
96 32 115568 122125856 2161964 52882828    0    0 2094736 354432 313080 1166959 66 24  4  7  0  0
91 45 115568 122147812 2161964 52882844    0    0 2100800 355912 313624 1179192 65 24  4  7  0  0
105 29 115568 122152552 2161964 52882860    0    0 2116192 357576 313205 1194021 66 23  4  8  0  0
101 38 115568 122135324 2161964 52882880    0    0 2104032 360376 313789 1174130 66 24  4  7  0  0
48 86 115568 122134444 2161964 52882900    0    0 1828416 622572 304354 1107296 58 21  6 15  0  0
35 97 115568 122167732 2161968 52882920    0    0 943088 1396996 263547 807670 31 11 13 45  0  0
procs -----------memory---------- ---swap-- -----io---- -system-- -------cpu-------
 r  b   swpd   free   buff  cache   si   so    bi    bo   in   cs us sy id wa st gu
45 67 115568 122179804 2161968 52882936    0    0 1062304 1550664 282369 884378 36 13 12 39  0  0
63 63 115568 122178628 2161968 52882952    0    0 1078608 1558292 287334 900894 37 13 12 39  0  0
117 35 115568 122147220 2161968 52882976    0    0 1548768 1030252 298663 1019486 50 18  8 24  0  0
78 48 115568 122146728 2161968 52883060    0    0 2137360 373128 312625 1173629 67 23  3  7  0  0
72 56 115568 122134864 2161968 52883076    0    0 2133472 371872 317298 1199891 65 23  4  8  0  0
80 53 115568 122138324 2161968 52883088    0    0 2132912 372192 317498 1200088 66 23  4  8  0  0
108 29 115568 122137108 2161968 52883104    0    0 2099200 368464 322570 1172159 66 24  3  7  0  0
112 30 115568 122142708 2161968 52883124    0    0 2085840 366804 312415 1171822 65 24  4  8  0  0
98 39 115568 122143952 2161968 52883144    0    0 2102944 368832 314425 1175175 66 24  3  7  0  0
88 40 115568 122138464 2161972 52883164    0    0 2087744 370932 313214 1171717 66 23  4  7  0  0
84 50 115568 122137532 2161972 52883172    0    0 2081968 371548 312251 1169974 65 24  4  7  0  0
40 89 115568 122126392 2161972 52883204    0    0 2055456 421796 312098 1169317 65 24  4  8  0  0
33 84 115568 122151956 2161972 52883208    0    0 1004656 1476344 274953 859145 31 12 13 43  0  0
35 100 115568 122173872 2161972 52883240    0    0 956416 1423592 266810 817375 32 12 13 44  0  0
62 71 115568 122177560 2161972 52883260    0    0 1118032 1581640 289895 914835 37 13 11 39  0  0
109 29 115568 122179276 2161972 52883260    0    0 1429584 1189464 298719 1000991 47 16  9 28  0  0
103 40 115568 122159896 2161972 52883292    0    0 2143536 362828 313593 1174450 67 23  3  7  0  0
84 45 115568 122141632 2161972 52883308    0    0 2132592 360940 317143 1201610 65 23  4  8  0  0
105 28 115568 122122724 2161972 52883324    0    0 2118256 357656 315899 1179943 66 24  3  7  0  0
81 46 115568 122115040 2161972 52883344    0    0 2107792 357312 313801 1170621 66 24  3  7  0  0
97 37 115568 122122036 2161972 52883360    0    0 2110368 358572 314292 1176306 66 24  3  7  0  0
procs -----------memory---------- ---swap-- -----io---- -system-- -------cpu-------
 r  b   swpd   free   buff  cache   si   so    bi    bo   in   cs us sy id wa st gu
92 36 115568 122124956 2161972 52883380    0    0 2102048 358536 312584 1177071 66 24  3  7  0  0
80 50 115568 122128128 2161972 52883396    0    0 2099280 361972 312427 1174806 66 24  4  7  0  0
87 42 115568 122128416 2161972 52883412    0    0 2104208 373052 313391 1175846 65 24  4  7  0  0
35 86 115568 122159284 2161972 52883424    0    0 1160768 1465800 287368 922539 36 13 12 39  0  0
34 95 115568 122172724 2161972 52883452    0    0 931920 1384816 263860 798948 31 11 13 45  0  0
26 104 115568 122174208 2161972 52883468    0    0 1042048 1537608 281788 877472 35 13 12 40  0  0
86 50 115568 122169696 2161972 52883488    0    0 1292880 1400992 298128 980796 44 16 10 31  0  0
98 35 115568 122142472 2161972 52883512    0    0 2131744 371116 313877 1178255 67 23  3  7  0  0
111 31 115568 122137636 2161972 52883528    0    0 2139136 366444 317864 1211251 65 23  4  8  0  0
97 38 115568 122124588 2161972 52883548    0    0 2111952 365500 314079 1179945 66 24  4  7  0  0
73 59 115568 122136820 2161972 52883556    0    0 2090816 364548 312860 1169633 66 24  3  7  0  0
93 40 115568 122123236 2161972 52883580    0    0 2098352 365524 313391 1173392 66 24  3  7  0  0
104 31 115568 122139448 2161972 52883596    0    0 2125920 364456 314970 1195984 66 23  4  8  0  0
86 48 115568 122144792 2161976 52883600    0    0 2098400 367120 314185 1182723 66 23  4  7  0  0
96 41 115568 122121780 2161976 52883624    0    0 2105424 369796 314239 1176545 66 24  3  7  0  0
106 32 115568 122125404 2161976 52883640    0    0 2105904 364380 313399 1176663 66 24  4  7  0  0
40 89 115568 122159356 2161976 52883656    0    0 1375312 1207092 293267 974236 44 16 10 30  0  0
39 80 115568 122164312 2161976 52883680    0    0 1030384 1479828 278324 860205 34 13 12 41  0  0
16 107 115568 122174276 2161980 52883716    0    0 932880 1405588 263867 805903 30 11 13 45  0  0
49 88 115568 122176216 2161980 52883736    0    0 1164720 1571924 295791 944239 40 15 11 35  0  0
94 42 115568 122158076 2161980 52883756    0    0 2127488 388348 315395 1177752 67 23  3  7  0  0
procs -----------memory---------- ---swap-- -----io---- -system-- -------cpu-------
 r  b   swpd   free   buff  cache   si   so    bi    bo   in   cs us sy id wa st gu
82 45 115568 122153420 2161980 52883772    0    0 2170352 363460 322403 1234187 65 23  4  8  0  0
103 34 115568 122141980 2161980 52883780    0    0 2115376 359440 314255 1187637 66 23  4  7  0  0
92 47 115568 122124848 2161988 52883800    0    0 2093760 356948 311194 1173259 65 24  4  7  0  0
106 40 115568 122125204 2161988 52883824    0    0 2093424 357984 312658 1169097 66 24  4  7  0  0
91 46 115568 122132680 2161988 52883840    0    0 2093440 360076 311542 1169998 66 24  3  7  0  0
70 18 115568 122130980 2161988 52883848    0    0 2104224 364280 313033 1180696 66 24  4  7  0  0
114 31 115568 122135212 2161988 52883872    0    0 2103424 373912 314666 1183367 65 24  4  7  0  0
29 108 115568 122159092 2161988 52883888    0    0 1415824 1133364 292935 981236 45 17  9 29  0  0
29 108 115568 122158696 2161988 52883912    0    0 988272 1428896 269734 838752 33 12 12 43  0  0
19 113 115568 122169344 2161988 52883944    0    0 939760 1374964 261444 802433 31 11 13 45  0  0
20 110 115568 122188832 2161988 52883952    0    0 948064 1401724 265203 812607 31 11 13 45  0  0
42 79 115568 122167824 2161988 52883972    0    0 1698192 707436 293559 1065998 55 19  7 20  0  0
30 94 115568 122153164 2161992 52883992    0    0 2043088 371032 303279 1169722 64 22  4 10  0  0
45 66 115568 122135032 2161992 52884008    0    0 2067536 365832 311710 1204130 63 23  5 10  0  0
46 87 115568 122128532 2161992 52884024    0    0 2037504 370652 307888 1175712 63 23  5 10  0  0
29 108 115568 122122988 2161992 52884036    0    0 2027296 352100 307024 1174747 63 23  5  9  0  0
49 72 115568 122131428 2161992 52884056    0    0 2016016 358760 305536 1168445 63 23  5 10  0  0
35 93 115568 122142260 2161992 52884080    0    0 2011872 367312 304888 1160946 63 23  5 10  0  0
45 96 115568 122133700 2161992 52884096    0    0 2014240 357464 305737 1173627 63 23  5 10  0  0
43 76 115568 122132416 2161992 52884112    0    0 2001328 368708 306004 1183745 62 22  5 11  0  0
40 85 115568 122151164 2161992 52884124    0    0 2027072 372040 307088 1171919 63 23  5 10  0  0
procs -----------memory---------- ---swap-- -----io---- -system-- -------cpu-------
 r  b   swpd   free   buff  cache   si   so    bi    bo   in   cs us sy id wa st gu
22 94 115568 122151364 2161992 52884236    0    0 1378896 1019612 284597 969736 43 16 10 31  0  0
19 93 115568 122154904 2161992 52884260    0    0 987584 1449516 270683 843532 33 12 12 42  0  0
24 109 115568 122161868 2161992 52884276    0    0 1021264 1433160 272310 852806 34 13 12 41  0  0
40 95 115568 122160652 2161992 52884292    0    0 1021616 1481652 275043 854008 34 13 12 41  0  0
75 62 115568 122160656 2161992 52884316    0    0 1916512 565012 304661 1103204 60 21  5 14  0  0
45 90 115568 122136276 2161992 52884324    0    0 2125760 356028 311679 1171831 67 23  3  7  0  0
45 82 115568 122125084 2161992 52884352    0    0 2107344 362360 314546 1188286 64 24  4  8  0  0
41 93 115568 122127872 2161992 52884360    0    0 2119552 353412 314026 1192393 65 23  4  8  0  0
51 74 115568 122130192 2161992 52884368    0    0 2092320 365528 312196 1170332 66 23  4  7  0  0
70 50 115568 122131820 2161992 52884392    0    0 2094624 355056 312479 1171215 65 24  4  7  0  0
26 71 115568 122130864 2161992 52884416    0    0 2087952 365704 312426 1172901 65 24  4  7  0  0
59 81 115568 122139196 2161992 52884432    0    0 2074736 366908 312505 1170749 65 24  4  7  0  0
51 60 115568 122135880 2161992 52884452    0    0 1823760 664228 306087 1111314 58 21  6 15  0  0
30 99 115568 122151732 2161992 52884468    0    0 999088 1489580 271294 849904 33 12 12 42  0  0
51 84 115568 122167044 2161992 52884488    0    0 1074016 1572544 286060 896996 36 13 12 39  0  0
69 62 115568 122166592 2161992 52884500    0    0 1047968 1551900 282068 877952 35 13 12 40  0  0
97 41 115568 122172560 2161996 52884520    0    0 1724336 748900 299641 1053411 53 18  7 22  0  0
101 31 115568 122145728 2161996 52884536    0    0 2127456 372628 313355 1179783 67 22  3  7  0  0
89 51 115568 122139756 2161996 52884560    0    0 2105664 368956 315557 1187881 65 24  4  8  0  0
105 32 115568 122132576 2161996 52884576    0    0 2089760 365704 313311 1168283 65 24  4  7  0  0
81 52 115568 122129092 2161996 52884588    0    0 2085328 366452 312618 1170885 65 24  4  7  0  0
procs -----------memory---------- ---swap-- -----io---- -system-- -------cpu-------
 r  b   swpd   free   buff  cache   si   so    bi    bo   in   cs us sy id wa st gu
91 44 115568 122120472 2162004 52884588    0    0 2095616 367108 314923 1170881 65 24  4  7  0  0
113 33 115568 122122208 2162004 52884624    0    0 2091920 367772 329673 1171852 65 24  4  7  0  0
104 34 115568 122112504 2162004 52884640    0    0 2096416 366508 312342 1174386 65 24  4  7  0  0
99 42 115568 122118764 2162004 52884656    0    0 2106736 360164 313117 1182267 66 24  4  7  0  0
41 94 115568 122118708 2162004 52884672    0    0 2024928 458360 311315 1161022 64 23  4  9  0  0
44 92 115568 122142220 2162012 52884696    0    0 1043648 1521220 280487 883469 32 11 13 44  0  0
43 90 115568 122170404 2162012 52884712    0    0 1031616 1498392 277335 869282 35 12 12 41  0  0
54 81 115568 122164024 2162012 52884732    0    0 1095520 1566744 286666 904227 37 14 11 38  0  0
105 32 115568 122163880 2162012 52884752    0    0 1425312 998604 285809 973153 46 16  9 29  0  0
101 41 115568 122128672 2162012 52884768    0    0 2025920 363572 304100 1156729 64 22  5 10  0  0
105 36 115568 122122616 2162016 52884784    0    0 2066080 358140 309242 1202811 63 22  5 10  0  0
85 47 115568 122131872 2162016 52884808    0    0 2030272 356476 306547 1168388 63 23  5 10  0  0
89 36 115568 122122228 2162016 52884824    0    0 2096624 358272 312966 1169733 66 24  4  7  0  0
98 37 115568 122127572 2162016 52884840    0    0 2102016 359016 311831 1172127 66 24  4  7  0  0
108 26 115568 122127336 2162016 52884848    0    0 2120848 364132 314585 1199099 66 23  4  7  0  0
96 32 115568 122125220 2162020 52884872    0    0 2096880 366528 311400 1177153 66 23  4  7  0  0
109 36 115568 122114920 2162020 52884888    0    0 2106944 375764 312958 1178872 66 24  4  7  0  0
53 79 115568 122131344 2162020 52884912    0    0 1085424 1577128 286268 908834 35 14 12 40  0  0
37 94 115568 122160648 2162020 52884936    0    0 985808 1501600 272440 841592 33 12 12 43  0  0
43 93 115568 122165640 2162020 52884944    0    0 1049632 1516808 279527 874233 35 13 12 40  0  0
84 51 115568 122143500 2162020 52884968    0    0 1410032 1112316 289853 969087 46 16  9 29  0  0
procs -----------memory---------- ---swap-- -----io---- -system-- -------cpu-------
 r  b   swpd   free   buff  cache   si   so    bi    bo   in   cs us sy id wa st gu
109 31 115568 122118312 2162020 52884992    0    0 2117024 373284 311178 1172258 66 23  4  8  0  0
103 31 115568 122098180 2162020 52885012    0    0 2130096 372944 315404 1200348 65 23  4  8  0  0
87 47 115568 122122684 2162020 52885028    0    0 2050720 374124 310142 1175277 64 22  5  9  0  0
92 48 115568 122131552 2162020 52885040    0    0 2043264 372240 309035 1167191 64 23  4  9  0  0
103 32 115568 122142352 2162028 52885048    0    0 2059344 371864 309082 1165335 65 23  4  8  0  0
91 44 115568 122136796 2162028 52885076    0    0 2080000 373984 310939 1172886 65 23  4  7  0  0
108 26 115568 122121888 2162028 52885096    0    0 2074656 369952 311763 1170416 65 23  4  8  0  0
66 35 115568 122114508 2162028 52885112    0    0 2070976 363816 310230 1167711 65 24  4  8  0  0
109 25 115568 122108980 2162032 52885124    0    0 2086304 359660 312704 1172072 65 24  4  8  0  0
34 99 115568 122125348 2162032 52885140    0    0 1231120 1416504 292114 949985 39 15 11 35  0  0
36 87 115568 122157560 2162032 52885164    0    0 1032016 1522280 278580 871937 34 13 12 41  0  0
28 87 115568 122171616 2162032 52885184    0    0 1010784 1493940 275416 857637 34 12 12 42  0  0
91 47 115568 122174164 2162032 52885196    0    0 1404912 1190564 294667 980981 46 15  9 30  0  0
91 45 115568 122157196 2162032 52885208    0    0 2124640 360780 311005 1175138 66 23  3  7  0  0
95 42 115568 122156680 2162032 52885224    0    0 2124224 358992 315325 1200011 65 23  4  8  0  0
79 55 115568 122143964 2162032 52885252    0    0 2094080 357528 310969 1166629 65 24  4  7  0  0
96 38 115568 122123056 2162032 52885268    0    0 2082528 355140 309690 1165102 65 24  4  8  0  0
83 50 115568 122122076 2162032 52885288    0    0 2056256 357136 309054 1162816 64 23  4  8  0  0
98 44 115568 122115516 2162032 52885376    0    0 2072288 358752 309087 1168550 65 24  4  8  0  0
118 23 115568 122115896 2162032 52885396    0    0 2102080 360784 310966 1170214 65 24  4  7  0  0
108 32 115568 122119780 2162032 52885412    0    0 2082816 371804 312008 1166108 65 24  4  8  0  0
procs -----------memory---------- ---swap-- -----io---- -system-- -------cpu-------
 r  b   swpd   free   buff  cache   si   so    bi    bo   in   cs us sy id wa st gu
47 77 115568 122141744 2162032 52885432    0    0 1220992 1425468 291455 942664 38 14 11 36  0  0
61 66 115568 122166020 2162032 52885444    0    0 1072704 1596224 286035 895201 36 13 12 40  0  0
34 101 115568 122154900 2162032 52885460    0    0 1007120 1484696 273363 853329 34 12 12 42  0  0
92 47 115568 122145708 2162032 52885480    0    0 1267472 1294640 287389 948776 42 15 10 33  0  0
91 45 115568 122132172 2162032 52885492    0    0 2155264 373132 314805 1186932 66 24  3  7  0  0
104 38 115568 122128712 2162032 52885508    0    0 2145168 372432 318188 1210672 65 24  4  7  0  0
96 41 115568 122136628 2162032 52885524    0    0 2088048 369760 312482 1171213 65 24  4  8  0  0
115 22 115568 122128036 2162036 52885544    0    0 2068336 365712 310497 1158608 65 23  4  8  0  0
104 41 115568 122122816 2162036 52885564    0    0 2091216 366552 312305 1167626 65 24  4  7  0  0
92 35 115568 122130752 2162036 52885592    0    0 2112128 368708 314951 1184140 66 23  4  7  0  0
92 49 115568 122141072 2162036 52885608    0    0 2062016 369952 311648 1179838 64 22  4  9  0  0
101 33 115568 122143304 2162036 52885624    0    0 2053536 367516 310060 1163821 64 23  4  8  0  0
75 19 115568 122140000 2162044 52885636    0    0 2085312 363696 312919 1175930 65 23  4  8  0  0
50 51 115568 122142176 2162044 52885656    0    0 1224240 1329380 288193 932072 39 15 11 35  0  0
39 103 115568 122145908 2162044 52885672    0    0 1089136 1577396 287534 902839 37 13 11 38  0  0
37 78 115568 122157740 2162044 52885692    0    0 1030016 1523524 279191 867139 34 13 12 41  0  0
92 48 115568 122128392 2162044 52885716    0    0 1186112 1332052 281192 912980 40 14 11 36  0  0
97 29 115568 122117364 2162048 52885728    0    0 2146624 364660 313994 1181429 66 23  3  7  0  0
114 25 115568 122126240 2162048 52885756    0    0 2151168 365124 318939 1224471 65 23  4  8  0  0
91 35 115568 122137856 2162048 52885772    0    0 2132768 362008 317074 1195614 66 23  4  7  0  0
102 43 115568 122123460 2162048 52885784    0    0 2095008 361340 313452 1168349 66 24  4  7  0  0
procs -----------memory---------- ---swap-- -----io---- -system-- -------cpu-------
 r  b   swpd   free   buff  cache   si   so    bi    bo   in   cs us sy id wa st gu
101 41 115568 122123256 2162048 52885808    0    0 2077872 362220 311940 1172375 65 24  4  8  0  0
109 23 115568 122126156 2162048 52885828    0    0 2092512 364732 312877 1171176 66 24  4  7  0  0
117 29 115568 122126460 2162048 52885848    0    0 2113088 368524 314306 1173574 66 24  3  7  0  0
100 37 115568 122119680 2162048 52885864    0    0 2119312 370240 316114 1176965 66 24  3  7  0  0
65 66 115568 122128272 2162048 52885880    0    0 1574096 896648 293348 1004558 49 18  8 24  0  0
40 89 115568 122138124 2162048 52885904    0    0 1176896 1692088 300724 959537 41 15 10 34  0  0
41 89 115568 122135272 2162048 52885928    0    0 1180992 1676620 301233 954131 41 15 10 34  0  0
31 97 115568 122143068 2162048 52885944    0    0 1095680 1441072 280277 901331 36 12 12 40  0  0
85 50 115568 122150604 2162048 52885960    0    0 2048544 500228 312093 1161613 65 22  4  9  0  0
74 48 115568 122125628 2162048 52885968    0    0 2165024 368764 314394 1173649 68 24  3  6  0  0
100 36 115568 122121868 2162048 52885992    0    0 2128272 364692 316227 1171906 66 24  3  6  0  0
94 44 115568 122122184 2162052 52886004    0    0 2127344 361008 314601 1176517 66 24  3  6  0  0
107 31 115568 122117984 2162052 52886028    0    0 2140464 362172 315824 1182968 66 24  3  6  0  0
118 17 115568 122125944 2162052 52886044    4    0 2128212 364132 315672 1178533 66 24  3  6  0  0
104 32 115568 122130560 2162052 52886060    0    0 2086656 366528 311998 1169053 65 24  4  8  0  0
102 35 115568 122126304 2162052 52886084    0    0 2076000 368080 311488 1166213 65 23  4  8  0  0
99 32 115568 122132220 2162052 52886104    0    0 2112688 370660 314432 1179605 66 24  4  7  0  0
37 89 115568 122141632 2162052 52886124    0    0 1304816 1364272 295391 977184 41 15 11 34  0  0
22 108 115568 122156800 2162052 52886136    0    0 1177808 1680232 300721 957497 41 15 10 34  0  0
26 94 115568 122142836 2162052 52886160    0    0 1170432 1668432 298272 950479 41 15 10 34  0  0
36 97 115568 122126348 2162052 52886184    0    0 1446000 1084376 291208 1003225 48 17  9 27  0  0
procs -----------memory---------- ---swap-- -----io---- -system-- -------cpu-------
 r  b   swpd   free   buff  cache   si   so    bi    bo   in   cs us sy id wa st gu
71 64 115568 122112860 2162052 52886200    0    0 2099728 406304 312475 1174463 66 23  4  8  0  0
38 87 115568 122116624 2162056 52886212    0    0 2143184 363696 317461 1181304 67 24  3  6  0  0
44 86 115568 122113468 2162056 52886228    0    0 2137840 370228 315739 1177048 66 24  3  6  0  0
73 60 115568 122105552 2162056 52886244    0    0 2133536 359260 315642 1176342 66 24  3  6  0  0
78 45 115568 122114484 2162056 52886268    0    0 2120272 363168 314432 1177024 66 24  3  7  0  0
29 95 115568 122116920 2162056 52886284    0    0 2147408 357792 317151 1199528 66 23  4  7  0  0
58 62 115568 122135872 2162056 52886292    0    0 2134816 370080 316771 1184762 66 24  3  6  0  0
74 62 115568 122128772 2162056 52886308    0    0 2096816 355496 312492 1172320 65 24  4  7  0  0
30 102 115568 122137608 2162056 52886324    0    0 1699584 859036 304322 1068016 54 20  7 20  0  0
45 81 115568 122134372 2162056 52886348    0    0 1152208 1594752 295073 940192 40 14 11 35  0  0
37 94 115568 122133624 2162056 52886356    0    0 1181280 1670732 300285 957974 41 15 10 34  0  0
52 80 115568 122127704 2162056 52886380    0    0 1293440 1568548 305051 991110 45 16  9 29  0  0
67 74 115568 122121040 2162056 52886396    0    0 2110240 347588 310035 1176077 66 23  4  8  0  0
47 56 115568 122125372 2162056 52886416    0    0 2031888 357196 307381 1171983 63 23  4  9  0  0
42 88 115568 122118040 2162056 52886440    0    0 2128016 392772 316308 1186744 66 24  3  7  0  0
60 44 115568 122117896 2162056 52886524    0    0 2147328 359268 316672 1191478 67 24  3  6  0  0
42 86 115568 122113868 2162056 52886540    0    0 2136432 371404 316656 1180108 66 24  3  6  0  0
65 73 115568 122132140 2162056 52886548    0    0 2131520 359916 314967 1180408 67 24  3  6  0  0
34 92 115568 122122500 2162056 52886572    0    0 2122848 367408 314564 1174186 66 24  3  6  0  0
50 69 115568 122114576 2162056 52886596    0    0 2111728 374644 312823 1170921 66 24  3  7  0  0
22 110 115568 122112364 2162056 52886616    0    0 1641120 978860 306259 1069330 53 19  7 20  0  0
procs -----------memory---------- ---swap-- -----io---- -system-- -------cpu-------
 r  b   swpd   free   buff  cache   si   so    bi    bo   in   cs us sy id wa st gu
45 68 115568 122112368 2162056 52886632    0    0 1120096 1590248 292453 918863 38 14 11 37  0  0
38 90 115568 122141916 2162056 52886648    0    0 1172256 1681048 300175 952064 40 15 10 34  0  0
30 92 115568 122155092 2162056 52886664    0    0 1371264 1444712 304710 1001585 46 16  9 29  0  0
41 92 115568 122149272 2162056 52886680    0    0 2186304 368500 317602 1199814 68 22  3  7  0  0
76 60 115568 122136648 2162056 52886688    0    0 2129024 371244 314951 1176598 66 24  3  6  0  0
69 67 115568 122120568 2162060 52886712    0    0 2070432 368680 310761 1168833 65 23  4  8  0  0
56 56 115568 122119816 2162060 52886732    0    0 2026416 367784 307231 1177981 63 23  5  9  0  0
79 59 115568 122110884 2162060 52886748    0    0 2124960 368836 316526 1179793 66 24  3  6  0  0
74 63 115568 122108400 2162060 52886756    0    0 2129040 367648 314690 1177729 66 24  3  6  0  0
41 87 115568 122115564 2162060 52886796    0    0 2115904 373080 314788 1179933 66 24  3  6  0  0
42 91 115568 122116224 2162060 52886812    0    0 2118800 370220 314342 1179359 66 24  3  6  0  0
27 90 115568 122128560 2162060 52886832    0    0 2076096 431720 313047 1167868 65 24  4  8  0  0
21 112 115568 122137804 2162060 52886852    0    0 1145568 1615740 294709 945259 36 14 12 38  0  0
55 79 115568 122162624 2162060 52886852    0    0 1090496 1611384 288200 902957 36 12 11 40  0  0
48 86 115568 122155724 2162060 52886880    0    0 1163600 1685660 299414 949997 40 15 10 34  0  0
96 38 115568 122135456 2162060 52886900    0    0 1808368 768056 306882 1084272 57 20  6 17  0  0
99 42 115568 122123460 2162060 52886920    0    0 2147392 371528 313289 1172810 67 23  3  7  0  0
107 42 115568 122109400 2162060 52886936    0    0 2115184 365524 314850 1171345 66 24  3  6  0  0
88 48 115568 122115856 2162060 52886952    0    0 2112512 364976 313284 1175219 66 24  3  6  0  0
106 32 115568 122109696 2162060 52886968    0    0 2042736 362348 307916 1173329 63 23  4  9  0  0
117 33 115568 122112756 2162072 52886992    0    0 2031888 360028 306212 1174422 63 23  5  9  0  0
procs -----------memory---------- ---swap-- -----io---- -system-- -------cpu-------
 r  b   swpd   free   buff  cache   si   so    bi    bo   in   cs us sy id wa st gu
98 43 115568 122123896 2162072 52887008    0    0 2115728 361608 314563 1177793 66 24  3  6  0  0
100 43 115568 122125780 2162072 52887024    0    0 2144416 362736 323403 1201422 66 23  4  7  0  0
48 87 115568 122137404 2162072 52887024    0    0 1902688 703456 313301 1140276 60 22  5 13  0  0
57 65 115568 122152080 2162072 52887048    0    0 1152576 1645332 298097 948310 37 15 11 37  0  0
44 78 115568 122149504 2162072 52887072    0    0 1112048 1609584 292494 923753 38 14 11 37  0  0
48 82 115568 122133472 2162072 52887084    0    0 1133392 1626924 293854 930794 39 14 11 36  0  0
104 37 115568 122104564 2162072 52887100    0    0 2017104 590360 313729 1149140 64 22  4 10  0  0
99 39 115568 122110220 2162072 52887124    0    0 2144000 375588 314031 1168985 68 23  3  6  0  0
109 34 115568 122121928 2162072 52887144    0    0 2113552 371328 314332 1169041 66 24  3  6  0  0
111 30 115568 122132008 2162072 52887172    0    0 2110720 370032 314690 1175598 66 24  4  6  0  0
95 36 115568 122129796 2162072 52887188    0    0 2143472 367716 317348 1198577 66 23  4  7  0  0
96 36 115568 122125800 2162072 52887200    0    0 2125344 366672 315222 1178806 66 23  3  7  0  0
91 38 115568 122124320 2162072 52887216    0    0 2075552 365500 309004 1176537 65 24  4  8  0  0
92 36 115568 122117600 2162072 52887228    0    0 2028528 368540 307358 1177390 63 23  4  9  0  0
106 37 115568 122119108 2162072 52887260    0    0 2092592 371784 312691 1172105 65 24  4  7  0  0
26 95 115568 122126360 2162072 52887272    0    0 1731936 983604 312004 1110066 56 21  6 17  0  0
51 55 115568 122138148 2162072 52887288    0    0 1152032 1655508 295563 941450 39 14 11 35  0  0
34 95 115568 122150724 2162072 52887304    0    0 1141792 1633424 294913 933695 39 15 11 36  0  0
87 25 115568 122150548 2162072 52887320    0    0 1200448 1537084 297073 949723 41 15 10 34  0  0
91 39 115568 122147936 2162076 52887352    0    0 2178064 366712 317442 1199336 67 23  3  6  0  0
109 31 115568 122144756 2162076 52887364    0    0 2144448 363768 316554 1194720 67 23  3  7  0  0
procs -----------memory---------- ---swap-- -----io---- -system-- -------cpu-------
 r  b   swpd   free   buff  cache   si   so    bi    bo   in   cs us sy id wa st gu
106 25 115568 122118824 2162076 52887408    0    0 2120640 360860 314237 1168241 66 24  3  6  0  0
87 41 115568 122130604 2162076 52887420    0    0 2118944 360328 315064 1176887 66 24  3  7  0  0
104 35 115568 122121856 2162076 52887436    0    0 2124752 360112 315211 1174950 66 24  3  6  0  0
100 32 115568 122107492 2162076 52887468    0    0 2134000 362716 315464 1181807 67 24  3  6  0  0
91 51 115568 122113300 2162076 52887480    0    0 2125728 364032 314515 1180329 66 24  3  6  0  0
92 41 115568 122109324 2162076 52887496    0    0 2119520 366572 314472 1176077 66 24  3  6  0  0
17 103 115568 122110516 2162076 52887508    0    0 1327888 1102436 281059 928278 42 16 10 33  0  0
94 56 115568 122128952 2162076 52887536    0    0 1018768 1492588 274969 856489 33 13 12 42  0  0
50 84 115568 122146588 2162076 52887556    0    0 1103504 1607260 290393 908446 37 13 12 39  0  0
88 46 115568 122166888 2162076 52887568    0    0 1169504 1554228 294039 933780 40 14 11 35  0  0
103 33 115568 122130152 2162076 52887576    0    0 2155776 394304 316344 1191193 67 23  3  6  0  0
103 41 115568 122114020 2162076 52887596    0    0 2160416 372264 320434 1215101 66 24  4  7  0  0
94 44 115568 122118436 2162076 52887688    0    0 2123104 368984 316958 1177537 66 24  3  6  0  0
106 31 115568 122104440 2162080 52887704    0    0 2107520 369092 314808 1174037 66 24  3  7  0  0
96 36 115568 122112444 2162080 52887724    0    0 2118304 366992 315087 1176019 66 24  3  6  0  0
69 16 115568 122103504 2162080 52887744    0    0 2123504 369632 315928 1179916 66 24  3  6  0  0
85 42 115568 122134032 2162080 52887764    0    0 2109616 369588 313670 1173975 66 24  4  7  0  0
69 53 115568 122129848 2162080 52887784    0    0 2119248 372392 314659 1181822 66 24  3  7  0  0
107 27 115568 122133396 2162092 52887804    0    0 2152928 370084 317685 1201274 67 23  4  7  0  0
24 92 115568 122160508 2162092 52887816    0    0 1068384 1510852 280209 886645 34 13 12 41  0  0
41 84 115568 122168172 2162092 52887840    0    0 993824 1480992 270328 843299 32 12 12 43  0  0
procs -----------memory---------- ---swap-- -----io---- -system-- -------cpu-------
 r  b   swpd   free   buff  cache   si   so    bi    bo   in   cs us sy id wa st gu
27 108 115568 122166244 2162092 52887860    0    0 1113856 1622156 291943 916065 38 14 11 37  0  0
99 42 115568 122151964 2162092 52887876    0    0 1463104 1235432 304249 1029636 49 17  8 25  0  0
102 36 115568 122127760 2162100 52887892    0    0 2175568 368740 317093 1188860 68 23  3  6  0  0
110 35 115568 122111384 2162100 52887912    0    0 2162016 363852 319337 1200936 66 24  3  7  0  0
86 44 115568 122112468 2162100 52887932    0    0 2129696 361456 315395 1178494 67 24  3  6  0  0
118 30 115568 122105860 2162100 52887952    0    0 2132272 360808 315349 1179780 66 24  3  6  0  0
98 39 115568 122107428 2162100 52887964    0    0 2147744 362348 318819 1202960 67 23  4  7  0  0
91 36 115568 122114724 2162100 52887980    0    0 2117040 361940 313715 1172949 66 24  3  6  0  0
109 34 115568 122120808 2162100 52888004    0    0 2112944 365332 313940 1176644 66 24  3  7  0  0
91 37 115568 122110340 2162100 52888020    0    0 2114304 375284 314169 1177404 66 24  3  7  0  0
30 98 115568 122129440 2162100 52888040    0    0 1482272 1207400 300864 1013329 48 18  8 26  0  0
30 97 115568 122133440 2162100 52888056    0    0 991008 1480016 270161 838030 32 12 12 43  0  0
33 99 115568 122137468 2162100 52888076    0    0 1047696 1518296 278640 877540 35 13 12 40  0  0
117 28 115568 122145588 2162100 52888096    0    0 1186400 1552296 295806 943020 40 15 11 35  0  0
89 46 115568 122135352 2162100 52888120    0    0 2178064 373524 316956 1195170 67 23  3  6  0  0
101 35 115568 122138544 2162100 52888136    0    0 2139104 371732 318918 1221231 64 22  5  9  0  0
93 13 115568 122125840 2162100 52888156    0    0 2103984 369164 314047 1174641 65 24  4  7  0  0
101 31 115568 122118976 2162100 52888172    0    0 2129200 366272 314991 1179123 66 24  3  6  0  0
93 48 115568 122109304 2162100 52888188    0    0 2129216 363464 315034 1179508 66 24  3  6  0  0
102 34 115568 122121860 2162100 52888212    0    0 2131632 365012 315174 1180431 66 24  3  6  0  0
86 33 115568 122106312 2162100 52888232    0    0 2115632 368856 314023 1177746 66 24  3  6  0  0
procs -----------memory---------- ---swap-- -----io---- -system-- -------cpu-------
 r  b   swpd   free   buff  cache   si   so    bi    bo   in   cs us sy id wa st gu
104 34 115568 122137144 2162100 52888248    0    0 2122512 369804 315267 1177477 66 24  3  7  0  0
87 47 115568 122139216 2162104 52888264    0    0 2118848 367112 314837 1178529 66 24  3  7  0  0
38 89 115568 122126440 2162104 52888288    0    0 1210832 1636036 299776 966592 40 15 10 35  0  0
24 106 115568 122151164 2162104 52888308    0    0 991104 1489068 272054 839630 32 12 12 44  0  0
33 102 115568 122158504 2162104 52888316    0    0 1026816 1519356 275477 862184 34 11 12 43  0  0
111 21 115568 122152228 2162104 52888328    0    0 1543296 1208184 309397 1060285 52 18  7 22  0  0
101 38 115568 122133540 2162104 52888344    0    0 2180576 364236 318060 1194007 67 23  3  6  0  0
110 38 115568 122122464 2162104 52888364    0    0 2155888 363952 319198 1200599 66 24  3  6  0  0
113 29 115568 122114436 2162104 52888384    0    0 2102752 360828 312031 1168454 65 24  4  7  0  0
112 30 115568 122107768 2162104 52888404    0    0 2093280 361164 313207 1171175 65 24  4  7  0  0
105 33 115568 122103344 2162104 52888428    0    0 2110784 359908 314699 1176469 66 24  3  7  0  0
101 38 115568 122122380 2162108 52888448    0    0 2113600 363252 313760 1174742 66 24  3  6  0  0
117 22 115568 122112380 2162108 52888468    0    0 2107008 367608 314282 1169235 66 24  4  7  0  0
105 31 115568 122107448 2162108 52888488    0    0 2128528 369856 315639 1190217 66 23  4  7  0  0
32 93 115568 122131500 2162108 52888496    0    0 1694736 896172 302100 1057567 54 19  7 20  0  0
30 107 115568 122126560 2162108 52888512    0    0 1159632 1666388 297266 945755 40 14 11 35  0  0
34 79 115568 122121700 2162108 52888528    0    0 956480 1435044 262783 811976 31 11 13 45  0  0
41 87 115568 122150936 2162108 52888552    0    0 1092432 1603752 287828 906043 37 14 11 38  0  0
109 30 115568 122121408 2162108 52888576    0    0 2072448 482196 313548 1164727 65 23  4  9  0  0
93 43 115568 122112932 2162108 52888580    0    0 2138320 374348 314705 1183739 66 23  3  7  0  0
101 37 115568 122091764 2162108 52888600    0    0 2135072 366752 316695 1183055 66 24  3  7  0  0
procs -----------memory---------- ---swap-- -----io---- -system-- -------cpu-------
 r  b   swpd   free   buff  cache   si   so    bi    bo   in   cs us sy id wa st gu
111 28 115568 122110288 2162108 52888624    0    0 2116944 366508 313414 1176769 66 24  3  7  0  0
93 51 115568 122103912 2162108 52888640    0    0 2128656 367864 315569 1184813 66 23  4  7  0  0
87 49 115568 122116660 2162108 52888640    0    0 2103376 369560 312963 1184044 65 23  4  8  0  0
84 50 115568 122120372 2162108 52888672    0    0 2083968 371688 312985 1168000 65 23  4  8  0  0
85 38 115568 122128396 2162108 52888692    0    0 2123296 367132 316225 1178001 66 24  3  7  0  0
41 89 115568 122119300 2162108 52888708    0    0 2106192 389512 314545 1173404 66 24  3  7  0  0
57 80 115568 122124760 2162108 52888728    0    0 1174208 1645364 299662 959073 38 15 11 36  0  0
29 90 115568 122136032 2162108 52888748    0    0 1168560 1605084 296671 942613 40 15 10 35  0  0
29 90 115568 122128980 2162108 52888768    0    0 948192 1427260 261498 808333 31 11 13 45  0  0
37 97 115568 122155276 2162108 52888852    0    0 1585824 1035468 300862 1031129 52 18  7 23  0  0
34 101 115568 122137144 2162108 52888872    0    0 2193360 378260 319394 1204698 67 23  3  7  0  0
95 54 115568 122141568 2162108 52888880    0    0 2139600 349992 318090 1202578 66 23  4  7  0  0
60 58 115568 122139312 2162108 52888900    0    0 2093952 364448 312745 1169227 65 24  4  7  0  0
38 82 115568 122114676 2162108 52888912    0    0 2107152 377740 314261 1174979 66 24  3  7  0  0
46 55 115568 122107864 2162108 52888940    0    0 2102960 360928 312986 1168982 66 23  4  7  0  0
28 70 115568 122102020 2162108 52888952    0    0 2121168 362168 313469 1175500 66 24  3  7  0  0
35 97 115568 122125660 2162108 52888968    0    0 2103952 350232 313025 1174984 66 23  4  7  0  0
46 86 115568 122119024 2162108 52888988    0    0 2091488 373636 312090 1171424 65 23  4  8  0  0
32 103 115568 122126656 2162108 52889008    0    0 1621728 1056936 308320 1068542 52 19  7 21  0  0
35 85 115568 122129064 2162108 52889024    0    0 1171088 1687828 300322 954143 40 15 10 34  0  0
19 98 115568 122147428 2162108 52889044    0    0 1144464 1611460 293732 934131 38 13 11 37  0  0
procs -----------memory---------- ---swap-- -----io---- -system-- -------cpu-------
 r  b   swpd   free   buff  cache   si   so    bi    bo   in   cs us sy id wa st gu
57 58 115568 122151612 2162108 52889056    0    0 1028304 1385072 266680 843472 33 12 12 43  0  0
46 73 115568 122130496 2162108 52889080    0    0 2104672 393260 311502 1168343 66 23  4  7  0  0
60 71 115568 122116060 2162108 52889096    0    0 2152240 374668 313612 1176623 68 23  3  6  0  0
65 71 115568 122112084 2162108 52889112    0    0 2118432 372112 314255 1177689 66 24  3  6  0  0
