procs -----------memory---------- ---swap-- -----io---- -system-- -------cpu-------
 r  b   swpd   free   buff  cache   si   so    bi    bo   in   cs us sy id wa st gu
 4  0 380120 97919724 2069240 62909568    5   10 26618 33228 15812    6  3  1 96  0  0  0
86  0 380120 97883952 2069252 62909648    0    0     0 320096 98285 45302 46  3 51  0  0  0
136  0 380120 97880288 2069256 62909700    0    0     0 156492 177058 33115 96  2  2  0  0  0
135  0 380120 97804212 2069256 62909716    0    0     0 251716 96660 46285 98  2  0  0  0  0
119  0 380120 97736544 2069256 62909728    0    0     0 275360 94334 43867 98  2  0  0  0  0
99  1 380120 97721752 2069256 62909740    0    0     0 272448 94716 46238 97  2  1  0  0  0
139  0 380120 97713340 2069256 62909724    0    0     0 263176 93918 45568 98  2  0  0  0  0
142  0 380120 97714256 2069256 62909736    0    0     0 289476 165962 48032 97  2  1  0  0  0
121  1 380120 97704628 2069256 62909748    0    0     0 270292 95918 46383 98  2  1  0  0  0
159  0 380120 97682960 2069256 62909764    0    0     0 246272 96904 45904 98  2  0  0  0  0
145  0 380120 97666616 2069256 62909776    0    0     0 240076 99488 45150 98  2  0  0  0  0
206  0 380120 97634728 2069260 62909796    0    0     0 297564 105973 47450 97  2  1  0  0  0
121  0 380120 97617464 2069260 62909804    0    0     0 268772 106451 46496 98  2  0  0  0  0
67  0 380120 97185964 2069260 62909820    0    0     0 369172 418159 145305 71 17 12  0  0  0
173 65 380120 96719188 2069260 62909832    0    0 1616544 348240 539086 721063 66 30  3  1  0  0
141 24 380120 96584708 2069260 62909856    0    0 2195248 328972 352330 954788 71 24  1  4  0  0
158 52 380120 96518556 2069260 62909880    0    0 2249392 330828 365879 1002608 70 25  1  4  0  0
140 39 380120 96512856 2069260 62909892    0    0 2264880 335484 338766 1017978 70 24  1  5  0  0
193 47 380120 96491372 2069260 62909908    0    0 2267440 336372 346165 1002773 70 24  1  5  0  0
212 35 380120 96472220 2069260 62909916    0    0 2227792 337092 342430 1015122 69 25  1  5  0  0
163 21 380120 96461584 2069260 62909936    0    0 2229104 339424 333882 1010999 69 25  1  5  0  0
procs -----------memory---------- ---swap-- -----io---- -system-- -------cpu-------
 r  b   swpd   free   buff  cache   si   so    bi    bo   in   cs us sy id wa st gu
180 30 380120 96462116 2069260 62909956    0    0 2212224 343948 331727 1014769 69 24  1  6  0  0
122 48 380120 96451864 2069260 62909972    0    0 2265200 341352 330217 1002803 70 25  1  5  0  0
185 35 380120 96454280 2069260 62909992    0    0 2259280 346636 331686 1013230 70 25  1  5  0  0
219 32 380120 96450076 2069260 62910008    0    0 2259440 347404 330358 1006404 70 25  1  5  0  0
143 49 380120 96461428 2069260 62910024    0    0 2260928 343908 330509 1005117 70 25  1  5  0  0
180 23 380120 96460884 2069260 62910044    0    0 2258016 340264 334506 1012951 70 25  1  4  0  0
206 47 380120 96459188 2069260 62910056    0    0 2280464 340444 331023 1008796 70 25  1  4  0  0
222 42 380120 96465116 2069260 62910072    0    0 2261248 341132 333566 1002939 70 25  1  4  0  0
196 41 380120 96463076 2069260 62910092    0    0 2282736 342652 332323 1027863 70 24  1  5  0  0
190 44 380120 96466624 2069260 62910100    0    0 2156944 339248 324366 1001891 67 24  1  8  0  0
109 55 380120 96462388 2069260 62910120    0    0 2256368 344488 332154 1009416 70 25  1  4  0  0
67 157 380120 96520068 2069260 62910132    0    0 1482768 1335428 308315 935006 47 18  4 30  0  0
30 190 380120 96511056 2069260 62910156    0    0 1427120 1412196 305473 920714 47 17  5 31  0  0
92 126 380120 96506612 2069260 62910176    0    0 1510448 1436504 316923 968647 50 19  3 28  0  0
43 159 380120 96512320 2069260 62910192    0    0 1451104 1417492 310694 934812 48 18  5 30  0  0
64 144 380120 96514784 2069260 62910208    0    0 1419664 1373344 304457 923286 46 17  5 31  0  0
178 46 380120 96500900 2069260 62910224    0    0 1961872 789736 326106 994098 64 23  2 11  0  0
120 20 380120 96492120 2069260 62910244    0    0 2255152 358352 333955 999555 70 25  1  4  0  0
142 52 380120 96483564 2069260 62910264    0    0 2196640 357688 326517 1015710 68 24  1  7  0  0
198 30 380120 96478120 2069264 62910276    0    0 2150272 354800 321295 1006609 67 23  1  9  0  0
188 52 380120 96461652 2069264 62910288    0    0 2255696 354880 330350 1005490 70 25  1  5  0  0
procs -----------memory---------- ---swap-- -----io---- -system-- -------cpu-------
 r  b   swpd   free   buff  cache   si   so    bi    bo   in   cs us sy id wa st gu
164 42 380120 96461804 2069264 62910312    0    0 2241344 354516 330879 1001596 70 25  1  5  0  0
144 34 380120 96476048 2069264 62910332    0    0 2251312 353412 330937 1006007 70 25  1  5  0  0
137 48 380120 96469780 2069264 62910352    0    0 2218096 356852 328209 1002320 69 24  1  6  0  0
188 58 380120 96460452 2069264 62910368    0    0 2197328 373936 326327 999575 68 25  1  6  0  0
219 39 380120 96475044 2069264 62910380    0    0 2227920 378604 330385 1006700 69 25  1  5  0  0
199 36 380120 96475456 2069264 62910412    0    0 2221968 382772 330512 1011813 69 25  1  5  0  0
163 48 380120 96478844 2069264 62910428    0    0 2219872 385756 332786 1017500 69 25  1  5  0  0
45 175 380120 96493764 2069264 62910440    0    0 2088272 600292 327570 975733 67 25  1  8  0  0
38 180 380120 96510132 2069264 62910460    0    0 1442416 1454596 311182 947442 47 18  4 31  0  0
38 81 380120 96537404 2069264 62910472    0    0 1406816 1367792 302272 918444 45 16  5 35  0  0
52 143 380120 96532832 2069264 62910488    0    0 1435168 1445600 308753 929185 47 18  4 31  0  0
51 144 380120 96518792 2069264 62910512    0    0 1377088 1401092 301947 908806 44 17  5 34  0  0
41 160 380120 96506012 2069264 62910524    0    0 1305616 1233152 286619 866854 44 16  6 35  0  0
187 43 380120 96488464 2069264 62910540    0    0 1869616 871200 321699 986952 62 22  2 13  0  0
216 37 380120 96471164 2069264 62910556    0    0 2161600 382256 318739 950496 71 24  1  4  0  0
165 24 380120 96458316 2069264 62910580    0    0 2231520 382844 329492 978436 70 25  1  4  0  0
205 48 380120 96465736 2069264 62910592    0    0 2218816 391416 329819 996153 70 25  1  4  0  0
177 38 380120 96461884 2069264 62910616    0    0 2222768 394356 330671 996161 70 25  1  4  0  0
193 38 380120 96459104 2069264 62910632    0    0 2233840 394380 331282 992313 70 25  1  4  0  0
206 25 380120 96448584 2069264 62910652    0    0 2213488 403664 330777 988784 70 25  1  4  0  0
209 38 380120 96454428 2069264 62910672    0    0 2228416 416644 332117 1007251 70 24  1  5  0  0
procs -----------memory---------- ---swap-- -----io---- -system-- -------cpu-------
 r  b   swpd   free   buff  cache   si   so    bi    bo   in   cs us sy id wa st gu
194 46 380120 96465464 2069264 62910680    0    0 2205680 420072 330668 998298 70 25  1  5  0  0
119 43 380120 96460600 2069264 62910700    0    0 2193824 420072 330490 996885 70 25  1  5  0  0
111 68 380120 96464520 2069268 62910708    0    0 2174640 416960 327450 991041 69 25  1  6  0  0
196 33 380120 96457076 2069268 62910732    0    0 2150112 414376 326916 985269 68 25  1  6  0  0
46 172 380120 96460644 2069268 62910756    0    0 2156144 489376 328193 989300 69 25  1  6  0  0
34 106 380120 96492100 2069268 62910764    0    0 1476064 1448388 314351 953583 47 18  4 30  0  0
49 160 380120 96480272 2069268 62910784    0    0 1347120 1327920 295620 884576 45 16  5 34  0  0
46 180 380120 96501732 2069268 62910808    0    0 1328288 1272840 290274 875966 44 16  5 35  0  0
40 153 380120 96495472 2069268 62910820    0    0 1442192 1436460 310619 934965 48 18  4 30  0  0
27 168 380120 96531928 2069268 62910844    0    0 1442624 1512752 312853 949200 47 17  4 32  0  0
81 119 380120 96526012 2069268 62910856    0    0 1817984 1016696 323004 998122 61 21  2 16  0  0
49 197 380120 96506704 2069268 62910876    0    0 2109248 382632 316016 943352 70 24  1  5  0  0
143 78 380120 96485528 2069272 62910888    0    0 2171824 407100 329064 992419 69 25  1  5  0  0
44 150 380120 96468564 2069272 62910904    0    0 2194880 434208 329870 997774 69 25  1  5  0  0
112 157 380120 96466072 2069272 62910924    0    0 2202880 416900 331124 998493 70 25  1  4  0  0
63 195 380120 96453328 2069272 62910944    0    0 2200272 421252 330333 989987 70 25  1  4  0  0
89 153 380120 96445116 2069272 62910964    0    0 2208816 410516 332915 991196 70 25  1  4  0  0
109 154 380120 96435396 2069272 62910984    0    0 2215680 417572 329715 996534 70 25  1  4  0  0
108 123 380120 96440024 2069272 62910996    0    0 2217840 410364 330530 982405 70 25  1  4  0  0
25 157 380120 96450004 2069272 62911012    0    0 1831040 650084 308363 926882 58 21  3 18  0  0
50 84 380120 96476704 2069272 62911044    0    0 1351872 1269392 292527 880307 45 16  5 34  0  0
procs -----------memory---------- ---swap-- -----io---- -system-- -------cpu-------
 r  b   swpd   free   buff  cache   si   so    bi    bo   in   cs us sy id wa st gu
61 156 380120 96500920 2069272 62911048    0    0 1476256 1393168 312209 943713 49 17  4 31  0  0
19 178 380120 96494080 2069272 62911068    0    0 1452080 1481268 312350 943860 47 18  4 31  0  0
37 175 380120 96479572 2069272 62911084    0    0 1457840 1410768 311808 940410 48 18  4 29  0  0
207 48 380120 96498088 2069272 62911092    0    0 1489552 1298772 307914 927709 49 18  4 28  0  0
205 40 380120 96476012 2069272 62911112    0    0 2150928 411748 320053 965813 71 24  1  4  0  0
225 47 380120 96460816 2069272 62911136    0    0 2194624 413636 329853 998769 69 25  1  5  0  0
174 49 380120 96455256 2069272 62911160    0    0 2202832 411304 329773 995109 69 25  1  5  0  0
197 49 380120 96451808 2069272 62911172    0    0 2187584 407672 327799 1004360 69 25  1  5  0  0
220 24 380120 96440276 2069272 62911184    0    0 2085536 412816 321236 996639 66 24  1  8  0  0
225 33 380120 96430308 2069272 62911204    0    0 2193296 412736 330728 984106 69 25  1  5  0  0
187 50 380120 96427656 2069272 62911212    0    0 2213472 413072 329562 991446 70 25  1  5  0  0
113 44 380120 96440976 2069272 62911228    0    0 2193504 415268 333704 1012482 70 24  1  5  0  0
117 41 380120 96434336 2069272 62911240    0    0 2167136 411440 326317 988151 68 25  1  6  0  0
159 37 380120 96419480 2069272 62911268    0    0 2123552 413572 338501 977761 68 25  1  6  0  0
190 33 380120 96406248 2069272 62911296    0    0 2169232 412916 327546 979116 69 25  1  5  0  0
157 111 380120 96403728 2069272 62911304    0    0 2169984 414800 328235 990379 69 25  1  5  0  0
211 60 380120 96413420 2069272 62911324    0    0 2184816 419088 327196 977213 69 25  1  5  0  0
47 136 380120 96443736 2069272 62911336    0    0 1960512 771624 326250 1002127 64 24  2 11  0  0
63 167 380120 96461212 2069272 62911360    0    0 1446656 1418172 309296 934610 47 18  4 31  0  0
37 175 380120 96471772 2069272 62911384    0    0 1373424 1394400 301492 902884 45 17  5 33  0  0
35 180 380120 96458680 2069272 62911404    0    0 1448080 1434876 309699 938501 47 18  4 31  0  0
procs -----------memory---------- ---swap-- -----io---- -system-- -------cpu-------
 r  b   swpd   free   buff  cache   si   so    bi    bo   in   cs us sy id wa st gu
52 141 380120 96477280 2069272 62911424    0    0 1296304 1293088 287914 865946 41 15  6 38  0  0
44 164 380120 96487888 2069272 62911428    0    0 1303360 1277448 288687 871921 42 15  6 37  0  0
203 27 380120 96477632 2069272 62911452    0    0 1881680 930780 327646 1010256 63 23  2 13  0  0
143 50 380120 96455688 2069272 62911468    0    0 2144096 463124 322305 970290 70 24  1  5  0  0
134 26 380120 96447780 2069272 62911488    0    0 2189184 455892 330902 991584 69 25  1  5  0  0
118 37 380120 96439356 2069272 62911508    0    0 2204608 452924 330264 991140 69 25  1  5  0  0
208 43 380120 96437572 2069272 62911524    0    0 2182480 446520 329419 991833 69 25  1  5  0  0
169 54 380120 96429068 2069272 62911536    0    0 2198112 443648 330641 999768 69 25  1  5  0  0
109 28 380120 96420660 2069272 62911552    0    0 2174912 440948 328036 990681 69 25  1  5  0  0
118 45 380120 96410552 2069272 62911576    0    0 2131216 438192 323728 984781 68 25  1  6  0  0
205 45 380120 96422716 2069272 62911588    0    0 2168528 433612 327446 989933 69 25  1  5  0  0
221 51 380120 96414820 2069272 62911608    0    0 2190480 427420 328591 991295 69 25  1  5  0  0
144 45 380120 96427452 2069272 62911624    0    0 2187552 425692 329170 1008895 69 24  1  6  0  0
42 165 380120 96469024 2069272 62911636    0    0 1654800 1179040 316059 952310 54 20  3 24  0  0
21 142 380120 96465824 2069272 62911656    0    0 1326848 1292316 293252 876719 44 16  5 35  0  0
40 168 380120 96487032 2069272 62911676    0    0 1268800 1305108 286640 853860 41 16  7 37  0  0
37 142 380120 96477160 2069272 62911692    0    0 1432048 1424980 309097 926370 48 18  4 30  0  0
31 135 380120 96480740 2069272 62911704    0    0 1467072 1455868 312963 946281 47 18  4 30  0  0
50 142 380120 96470852 2069272 62911732    0    0 1537648 1286280 311061 962419 52 19  4 25  0  0
96 132 380120 96458960 2069272 62911752    0    0 2147440 412100 317577 953107 70 24  1  5  0  0
29 216 380120 96445504 2069272 62911760    0    0 2209120 409632 329184 978314 70 25  1  4  0  0
procs -----------memory---------- ---swap-- -----io---- -system-- -------cpu-------
 r  b   swpd   free   buff  cache   si   so    bi    bo   in   cs us sy id wa st gu
109 140 380120 96438044 2069272 62911780    0    0 2212592 407764 329566 977131 70 25  1  4  0  0
164 86 380120 96443260 2069272 62911804    0    0 2202016 398168 328754 983327 70 25  1  5  0  0
105 101 380120 96445816 2069272 62911812    0    0 2224256 393948 329239 994559 70 24  1  5  0  0
73 134 380120 96446640 2069272 62911824    0    0 2206976 411616 329390 978738 70 25  1  4  0  0
136 65 380120 96446328 2069272 62911844    0    0 2184640 415132 328583 978089 69 25  1  4  0  0
56 143 380120 96445488 2069272 62911868    0    0 2149888 388528 324577 980765 69 25  1  6  0  0
65 171 380120 96433956 2069272 62911880    0    0 2040560 400972 314856 979742 65 24  1 10  0  0
45 198 380120 96429584 2069272 62911912    0    0 2096080 460320 322681 982751 67 24  1  7  0  0
73 149 380120 96418108 2069272 62911924    0    0 2168784 401368 326722 986359 69 25  1  5  0  0
82 180 380120 96422648 2069272 62911940    0    0 2153936 402280 326526 988137 69 25  1  6  0  0
34 193 380120 96423748 2069272 62911968    0    0 1924704 714408 318812 961120 61 22  2 14  0  0
42 150 380120 96451696 2069272 62911988    0    0 1418112 1457052 308013 922030 45 18  5 33  0  0
46 149 380120 96469488 2069272 62912008    0    0 1424224 1430644 308506 927554 46 17  5 32  0  0
37 142 380120 96502196 2069272 62912016    0    0 1409168 1356924 302283 915903 44 16  5 35  0  0
49 86 380120 96470704 2069272 62912020    0    0 1496704 1393716 313689 944401 49 19  4 29  0  0
80 187 380120 96479144 2069276 62912044    0    0 1466992 1354212 308805 949930 49 18  4 29  0  0
140 50 380120 96449080 2069276 62912060    0    0 1990032 442972 308801 977519 66 23  1  9  0  0
206 42 380120 96425460 2069276 62912076    0    0 2175536 410604 327143 989794 69 25  1  5  0  0
194 33 380120 96417052 2069276 62912096    0    0 2151296 407532 325553 991728 68 25  1  6  0  0
160 16 380120 96408700 2069276 62912112    0    0 2188608 406688 327975 992630 69 25  1  5  0  0
119 26 380120 96401928 2069276 62912144    0    0 2197984 409212 329173 989782 69 25  1  5  0  0
procs -----------memory---------- ---swap-- -----io---- -system-- -------cpu-------
 r  b   swpd   free   buff  cache   si   so    bi    bo   in   cs us sy id wa st gu
185 30 380120 96402240 2069276 62912160    0    0 2182576 422220 328241 990702 69 25  1  5  0  0
216 43 380120 96381040 2069276 62912168    0    0 2171392 433100 329570 993951 69 25  1  5  0  0
230 32 380120 96385704 2069276 62912184    0    0 2186576 432820 329638 988452 69 25  1  5  0  0
229 23 380120 96393640 2069276 62912196    0    0 2211664 432564 331941 995445 70 24  1  5  0  0
184 45 380120 96386928 2069276 62912204    0    0 2191520 421292 328675 977945 70 25  1  4  0  0
177 49 380120 96391028 2069276 62912224    0    0 2196416 421048 329237 983327 70 25  1  4  0  0
64 173 380120 96417512 2069276 62912244    0    0 1936848 817284 325451 990724 63 23  2 12  0  0
70 148 380120 96449924 2069276 62912264    0    0 1400640 1360220 305325 913039 45 17  4 33  0  0
86 121 380120 96444664 2069280 62912284    0    0 1463200 1430640 312964 946947 48 18  4 30  0  0
54 159 380120 96444304 2069280 62912308    0    0 1359664 1303184 295432 897185 44 16  4 35  0  0
51 33 380120 96446872 2069280 62912320    0    0 1194880 1175072 272188 826852 38 14  6 42  0  0
44 161 380120 96442000 2069280 62912352    0    0 1412176 1445836 307875 928520 46 17  4 32  0  0
178 46 380120 96414696 2069280 62912368    0    0 1969088 768604 323953 993448 65 23  1 11  0  0
226 39 380120 96409624 2069280 62912380    0    0 2189392 406796 322891 964834 71 24  1  4  0  0
216 45 380120 96407168 2069280 62912400    0    0 2213056 409336 329635 994695 70 24  1  5  0  0
218 38 380120 96400780 2069280 62912424    0    0 2187472 406420 327578 990280 69 25  1  5  0  0
207 40 380120 96398164 2069280 62912436    0    0 2196624 411796 329687 988556 69 25  1  5  0  0
103 41 380120 96392048 2069280 62912440    0    0 2148768 428072 325990 988546 68 25  1  6  0  0
175 42 380120 96379548 2069280 62912468    0    0 2159936 435544 328188 997397 69 25  1  6  0  0
93 30 380120 96382212 2069280 62912492    0    0 2188416 434304 329596 982186 70 25  1  4  0  0
209 39 380120 96394956 2069280 62912512    0    0 2178256 429652 328029 988448 70 25  1  5  0  0
procs -----------memory---------- ---swap-- -----io---- -system-- -------cpu-------
 r  b   swpd   free   buff  cache   si   so    bi    bo   in   cs us sy id wa st gu
217 55 380120 96405976 2069284 62912520    0    0 2184432 425380 334187 993224 70 25  1  4  0  0
214 24 380120 96405988 2069284 62912544    0    0 2178944 426964 328748 984634 70 25  1  5  0  0
180 62 380120 96400032 2069288 62912560    0    0 2182400 426704 328391 985782 69 26  1  5  0  0
46 153 380120 96425928 2069288 62912588    0    0 1370432 1198240 291967 879190 43 17  5 35  0  0
83 126 380120 96450516 2069288 62912600    0    0 1217456 1201980 274167 835447 38 13  7 42  0  0
46 142 380120 96434420 2069288 62912616    0    0 1446464 1402880 311070 933240 48 18  4 31  0  0
31 191 380120 96445248 2069288 62912632    0    0 1484880 1444088 313981 949575 49 19  4 29  0  0
36 153 380120 96434912 2069288 62912640    0    0 1425328 1383984 307746 918635 47 18  4 31  0  0
68 164 380120 96419332 2069288 62912660    0    0 1658672 1250816 318510 981709 56 21  3 20  0  0
154 36 380120 96405348 2069288 62912680    0    0 2138240 471564 322843 963076 70 24  1  5  0  0
172 46 380120 96408548 2069288 62912688    0    0 2199472 419616 330442 987609 70 25  1  5  0  0
144 34 380120 96416652 2069288 62912720    0    0 2189872 432072 330132 996095 69 25  1  5  0  0
47 218 380120 96414400 2069288 62912736    0    0 2108192 404208 320747 989864 67 24  1  8  0  0
96 147 380120 96416060 2069288 62912748    0    0 2059344 409744 318032 991020 66 24  1  9  0  0
76 184 380120 96416312 2069288 62912764    0    0 2131280 469080 327518 1006195 68 25  1  7  0  0
137 70 380120 96408996 2069288 62912788    0    0 2097056 376216 318757 997250 66 23  1  9  0  0
113 158 380120 96397720 2069288 62912792    0    0 2110544 469044 324702 998633 67 24  1  8  0  0
184 88 380120 96400932 2069288 62912820    0    0 2154096 428508 327467 993575 69 25  1  6  0  0
208 45 380120 96396252 2069288 62912836    0    0 2180160 428560 327342 989184 69 25  1  5  0  0
127 43 380120 96385324 2069288 62912848    0    0 2169888 429784 326958 986826 69 25  1  5  0  0
139 22 380120 96402784 2069292 62912864    0    0 2172336 427528 328149 990548 69 25  1  5  0  0
procs -----------memory---------- ---swap-- -----io---- -system-- -------cpu-------
 r  b   swpd   free   buff  cache   si   so    bi    bo   in   cs us sy id wa st gu
35 167 380120 96416632 2069292 62912884    0    0 1698768 1082576 316976 943485 55 20  3 22  0  0
20 108 380120 96438488 2069296 62912900    0    0 1457040 1391164 308643 927397 49 18  4 29  0  0
51 174 380120 96454396 2069296 62912928    0    0 1420336 1398156 304754 911800 47 17  5 31  0  0
38 162 380120 96435712 2069296 62912948    0    0 1476160 1441812 315167 957816 48 18  3 30  0  0
30 190 380120 96446072 2069296 62912960    0    0 1274688 1169672 282818 853058 42 15  5 38  0  0
73 164 380120 96461980 2069296 62912976    0    0 1344432 1109556 284814 892226 44 15  5 37  0  0
101 119 380120 96444612 2069296 62912996    0    0 2122320 430236 319847 976931 70 24  1  6  0  0
55 112 380120 96438872 2069296 62913012    0    0 2202080 406712 329146 987623 70 25  1  4  0  0
65 195 380120 96431856 2069296 62913028    0    0 2202336 421824 329563 981348 70 25  1  4  0  0
86 147 380120 96429880 2069296 62913056    0    0 2211696 416232 329301 994401 69 26  1  5  0  0
44 209 380120 96419732 2069296 62913068    0    0 2191648 446504 330373 985021 69 25  1  5  0  0
126 95 380120 96404080 2069300 62913084    0    0 2193696 431840 329339 988042 69 25  1  5  0  0
60 183 380120 96403060 2069300 62913108    0    0 2187040 430748 329345 989253 69 25  1  5  0  0
86 152 380120 96399944 2069300 62913128    0    0 2174912 434372 327232 992279 69 25  1  5  0  0
98 122 380120 96398320 2069300 62913144    0    0 2164992 432404 328426 988439 70 25  1  5  0  0
77 155 380120 96393592 2069300 62913160    0    0 2147696 430448 325013 985025 68 25  1  6  0  0
32 141 380120 96402312 2069300 62913168    0    0 2142784 431136 324932 1001839 68 24  1  7  0  0
48 159 380120 96436128 2069300 62913184    0    0 1880128 888000 325218 986632 60 22  2 15  0  0
56 118 380120 96434960 2069300 62913200    0    0 1423664 1426676 310151 941845 46 17  4 32  0  0
53 158 380120 96427160 2069300 62913224    0    0 1274896 1223152 284944 855620 41 15  5 39  0  0
46 172 380120 96438552 2069300 62913248    0    0 1280528 1190476 282567 859204 41 15  5 39  0  0
procs -----------memory---------- ---swap-- -----io---- -system-- -------cpu-------
 r  b   swpd   free   buff  cache   si   so    bi    bo   in   cs us sy id wa st gu
39 114 380120 96446980 2069300 62913268    0    0 1408048 1439436 304817 915847 46 18  5 31  0  0
34 172 380120 96445684 2069300 62913288    0    0 1434864 1490976 312617 943662 46 18  4 32  0  0
200 24 380120 96417784 2069300 62913308    0    0 2062960 665332 326898 1011345 67 24  1  8  0  0
109 34 380120 96398104 2069300 62913320    0    0 2134800 420060 321132 965922 70 25  1  5  0  0
170 36 380120 96389556 2069300 62913340    0    0 2148928 428844 326317 990942 68 25  1  6  0  0
204 12 380120 96382200 2069300 62913360    0    0 2191152 435808 329776 999628 69 25  1  5  0  0
138 57 380120 96402976 2069300 62913368    0    0 2204720 441460 331924 1003495 69 24  1  6  0  0
230 38 380120 96379712 2069300 62913388    0    0 2183392 439000 330688 997526 69 25  1  5  0  0
152 43 380120 96375768 2069300 62913404    0    0 2200384 433388 330534 988955 69 25  1  5  0  0
202 59 380120 96387296 2069300 62913408    0    0 2109088 427284 322743 989402 67 25  1  7  0  0
120 23 380120 96386348 2069300 62913444    0    0 2051312 418076 316333 988447 66 24  1  9  0  0
198 47 380120 96391776 2069300 62913460    0    0 2187424 422596 328323 992623 69 25  1  5  0  0
174 64 380120 96393424 2069300 62913468    0    0 2190896 425440 329607 994285 70 25  1  5  0  0
170 35 380120 96395924 2069300 62913492    0    0 2134992 425504 324745 1000185 68 25  1  7  0  0
128 48 380120 96395556 2069300 62913504    0    0 2019952 422392 315541 993198 65 24  1 10  0  0
51 148 380120 96393124 2069300 62913532    0    0 1878464 915644 326687 1009958 61 23  2 14  0  0
118 77 380120 96412916 2069300 62913544    0    0 1497296 1420580 315918 957111 48 19  4 29  0  0
20 180 380120 96448292 2069300 62913556    0    0 1453984 1446588 309743 941646 47 17  4 33  0  0
12 180 380120 96455892 2069300 62913564    0    0 1398176 1388104 303808 913691 45 17  5 33  0  0
74 124 380120 96447660 2069300 62913588    0    0 1427696 1448752 310139 930788 46 18  4 32  0  0
47 189 380120 96437244 2069300 62913592    0    0 1354704 1217328 291164 888081 44 16  5 35  0  0
procs -----------memory---------- ---swap-- -----io---- -system-- -------cpu-------
 r  b   swpd   free   buff  cache   si   so    bi    bo   in   cs us sy id wa st gu
183 42 380120 96405220 2069308 62913632    0    0 2044400 545808 317717 990882 68 24  1  8  0  0
149 34 380120 96407636 2069308 62913648    0    0 2075968 423812 316500 966298 68 24  1  7  0  0
172 86 380120 96404864 2069308 62913672    0    0 2011664 430968 314625 994875 65 23  1 11  0  0
205 47 380120 96396640 2069308 62913688    0    0 2195184 436632 329974 996388 69 25  1  5  0  0
200 25 380120 96382716 2069308 62913704    0    0 2182128 430552 329962 994344 69 25  1  5  0  0
163 24 380120 96383680 2069308 62913732    0    0 2185440 425096 330687 993537 69 25  1  5  0  0
80 35 380120 96382032 2069308 62913744    0    0 2205648 427076 330456 986968 70 25  1  5  0  0
127 43 380120 96397220 2069308 62913748    0    0 2215360 427964 329748 990077 70 25  1  5  0  0
221 27 380120 96381044 2069308 62913768    0    0 2196896 431520 330276 989211 70 25  1  5  0  0
173 27 380120 96373452 2069308 62913780    0    0 2185456 431280 329797 992172 69 25  1  5  0  0
116 36 380120 96362288 2069308 62913800    0    0 2193424 426708 330528 1001680 69 25  1  5  0  0
199 42 380120 96388152 2069308 62913812    0    0 2162896 426732 329050 994819 69 25  1  5  0  0
39 138 380120 96418860 2069308 62913832    0    0 1544640 1204460 308940 930901 50 19  4 27  0  0
51 129 380120 96435680 2069308 62913864    0    0 1444848 1426964 310804 936654 47 18  4 31  0  0
23 51 380120 96439980 2069308 62913884    0    0 1318896 1313952 292242 871833 43 16  5 36  0  0
24 193 380120 96439048 2069312 62913900    0    0 1295360 1257736 288003 866910 43 15  5 36  0  0
47 168 380120 96426676 2069312 62913920    0    0 1265680 1224924 280927 849223 42 15  6 37  0  0
126 98 380120 96423544 2069312 62913940    0    0 1653696 1356644 327937 1011995 55 21  3 22  0  0
170 34 380120 96420692 2069312 62913948    0    0 2186800 452136 325260 979914 71 23  1  4  0  0
106 38 380120 96404768 2069316 62913964    0    0 2179776 439992 328662 986941 70 25  1  5  0  0
209 39 380120 96394884 2069320 62913984    0    0 2189744 436440 330172 991111 69 25  1  5  0  0
procs -----------memory---------- ---swap-- -----io---- -system-- -------cpu-------
 r  b   swpd   free   buff  cache   si   so    bi    bo   in   cs us sy id wa st gu
215 50 380120 96391624 2069320 62913996    0    0 2201984 428992 330887 1000594 69 25  1  5  0  0
182 47 380120 96386952 2069320 62914012    0    0 2201984 427048 330567 993824 70 25  1  4  0  0
224 36 380120 96393804 2069320 62914036    0    0 2148672 428804 327103 997285 68 25  1  6  0  0
192 19 380120 96397672 2069320 62914044    0    0 2162240 425584 328008 1000754 69 25  1  6  0  0
189 28 380120 96396632 2069320 62914072    0    0 2172800 429908 328412 992066 69 25  1  5  0  0
199 25 380120 96406648 2069320 62914088    0    0 2169984 429188 326955 985506 69 25  1  5  0  0
128 14 380120 96396664 2069320 62914104    0    0 2180576 427952 329074 993851 70 25  1  5  0  0
179 45 380120 96395332 2069320 62914120    0    0 2116656 429600 323217 986576 67 25  1  7  0  0
37 167 380120 96404008 2069320 62914132    0    0 1837696 602316 303016 895741 57 20  3 20  0  0
36 146 380120 96431700 2069320 62914148    0    0 1405040 1331836 303536 920639 44 16  5 34  0  0
37 143 380120 96436352 2069320 62914176    0    0 1261328 1190852 281509 851130 41 15  6 38  0  0
26 147 380120 96434100 2069320 62914196    0    0 1459152 1486772 315289 951695 48 18  4 30  0  0
39 159 380120 96413648 2069320 62914212    0    0 1481744 1423616 315669 944727 49 19  4 28  0  0
41 174 380120 96423004 2069320 62914228    0    0 1502288 1339216 313139 945742 50 18  4 28  0  0
63 127 380120 96402232 2069320 62914236    0    0 2059744 647192 326496 988410 68 24  1  7  0  0
64 169 380120 96393276 2069320 62914268    0    0 2183472 430576 328111 981950 70 25  1  4  0  0
112 137 380120 96380868 2069320 62914284    0    0 2181520 448648 331295 1006590 70 25  1  5  0  0
129 105 380120 96382764 2069320 62914296    0    0 2137984 382048 323986 992521 68 24  1  7  0  0
55 152 380120 96374672 2069320 62914312    0    0 2053024 435336 318297 990190 66 24  1 10  0  0
107 113 380120 96381640 2069324 62914328    0    0 2201744 481192 332811 1016484 69 24  1  6  0  0
75 123 380120 96384816 2069324 62914344    0    0 2166528 401304 356567 985383 69 25  1  6  0  0
procs -----------memory---------- ---swap-- -----io---- -system-- -------cpu-------
 r  b   swpd   free   buff  cache   si   so    bi    bo   in   cs us sy id wa st gu
57 158 380120 96386260 2069324 62914364    0    0 2140160 435648 325624 985961 68 25  1  6  0  0
46 135 380120 96387376 2069324 62914380    0    0 2074016 397428 317177 983236 66 24  1  8  0  0
76 152 380120 96386024 2069324 62914396    0    0 2089680 476068 322399 994354 67 24  1  8  0  0
62 102 380120 96369540 2069324 62914412    0    0 2167248 440488 331628 997780 69 25  1  5  0  0
130 68 380120 96370500 2069324 62914432    0    0 2195168 435036 330024 994146 69 25  1  5  0  0
38 137 380120 96388628 2069324 62914444    0    0 1838688 915348 322628 966014 59 22  2 16  0  0
46 134 380120 96421356 2069324 62914464    0    0 1471808 1421816 312918 942948 48 18  4 30  0  0
43 170 380120 96421680 2069324 62914480    0    0 1439232 1402164 308192 933281 47 17  4 31  0  0
57 164 380120 96426228 2069324 62914508    0    0 1461312 1384508 311872 940055 48 18  4 30  0  0
42 175 380120 96459244 2069324 62914524    0    0 1323376 1283316 288094 875606 42 15  5 38  0  0
56 203 380120 96455456 2069324 62914536    0    0 1317808 1259620 289130 878736 43 15  5 36  0  0
182 54 380120 96425336 2069324 62914552    0    0 2004048 433320 307249 967194 66 23  1 10  0  0
204 25 380120 96418092 2069324 62914568    0    0 2157776 437788 323397 963824 70 25  1  4  0  0
162 28 380120 96416624 2069324 62914584    0    0 2197728 433064 330131 997867 70 25  1  5  0  0
103 32 380120 96392640 2069324 62914604    0    0 2206864 430560 330810 996018 69 25  1  5  0  0
186 41 380120 96388764 2069324 62914620    0    0 2209392 428220 331096 993592 70 25  1  4  0  0
148 43 380120 96391144 2069324 62914636    0    0 2211136 429632 331487 996970 69 26  1  4  0  0
140 31 380120 96380668 2069324 62914656    0    0 2211792 429864 331351 985336 70 25  1  4  0  0
96 54 380120 96376400 2069324 62914680    0    0 2168192 432284 326805 970557 69 25  1  5  0  0
129 39 380120 96371352 2069324 62914700    0    0 2191216 432916 327225 983748 69 25  1  5  0  0
166 38 380120 96374884 2069324 62914728    0    0 2188688 436640 329040 991524 70 25  1  5  0  0
procs -----------memory---------- ---swap-- -----io---- -system-- -------cpu-------
 r  b   swpd   free   buff  cache   si   so    bi    bo   in   cs us sy id wa st gu
151 55 380120 96385104 2069324 62914736    0    0 2187744 437892 329763 1002268 69 24  1  6  0  0
192 59 380120 96376448 2069324 62914752    0    0 2018688 632532 323701 992781 65 24  1 10  0  0
67 145 380120 96396364 2069324 62914772    0    0 1457552 1406484 309677 946731 47 18  4 31  0  0
43 49 380120 96420672 2069328 62914788    0    0 1336544 1290468 292658 885835 43 16  5 36  0  0
28 176 380120 96427104 2069328 62914808    0    0 1243184 1246068 281603 847869 40 15  6 39  0  0
45 172 380120 96431828 2069328 62914824    0    0 1271264 1279960 284379 852161 41 15  6 38  0  0
76 147 380120 96418708 2069328 62914848    0    0 1452160 1490540 313176 939228 48 18  4 30  0  0
223 44 380120 96402536 2069332 62914884    0    0 1759392 1104876 323905 1006335 59 21  2 17  0  0
177 37 380120 96388356 2069332 62914888    0    0 2161664 448720 324503 976605 70 25  1  4  0  0
215 55 380120 96370828 2069332 62914908    0    0 2190208 445260 329986 990183 70 25  1  4  0  0
170 57 380120 96385152 2069332 62914928    0    0 2144320 444684 328925 1007178 68 23  1  7  0  0
161 42 380120 96386996 2069332 62914944    0    0 2165296 434152 329400 1001341 69 25  1  6  0  0
97 28 380120 96380640 2069336 62914956    0    0 2200032 436164 330502 988250 69 25  1  5  0  0
86 39 380120 96387136 2069336 62914964    0    0 2204480 435152 332197 999524 69 26  1  4  0  0
201 46 380120 96379468 2069336 62914992    0    0 2187168 435724 330908 997078 69 25  1  5  0  0
157 41 380120 96382536 2069336 62915008    0    0 2051408 432844 319379 981081 66 24  1  9  0  0
171 47 380120 96370320 2069336 62915028    0    0 2060528 431696 317095 993604 66 24  1  9  0  0
191 72 380120 96376156 2069336 62915044    0    0 2184080 437268 329607 991306 69 26  1  5  0  0
74 22 380120 96372668 2069336 62915068    0    0 2133376 432900 325275 1000586 68 24  1  6  0  0
135 28 380120 96372732 2069336 62915080    0    0 2091712 432104 319971 988308 67 24  1  8  0  0
29 186 380120 96369728 2069336 62915104    0    0 1928352 524360 308693 980552 62 23  2 14  0  0
procs -----------memory---------- ---swap-- -----io---- -system-- -------cpu-------
 r  b   swpd   free   buff  cache   si   so    bi    bo   in   cs us sy id wa st gu
73 120 380120 96404920 2069336 62915116    0    0 1443760 1432468 310023 943275 46 17  4 33  0  0
70 51 380120 96434532 2069336 62915124    0    0 1497248 1422044 315736 952921 49 18  4 30  0  0
35 160 380120 96418728 2069336 62915152    0    0 1431856 1453512 311309 940252 47 18  4 31  0  0
48 157 380120 96437120 2069336 62915172    0    0 1444512 1347024 307772 927177 47 18  4 31  0  0
51 165 380120 96419492 2069336 62915196    0    0 1381328 1294776 298582 901634 46 17  5 32  0  0
175 64 380120 96397528 2069336 62915216    0    0 1794256 857152 312832 972981 60 22  2 17  0  0
58 182 380120 96381460 2069340 62915232    0    0 2088160 409796 316773 958747 69 24  1  6  0  0
62 200 380120 96378356 2069340 62915248    0    0 2088480 398768 317392 987754 66 24  1  9  0  0
169 105 380120 96382100 2069340 62915268    0    0 2123632 493368 326815 1004991 67 25  1  7  0  0
206 58 380120 96384176 2069340 62915292    0    0 2180560 428600 328512 992762 69 25  1  5  0  0
227 34 380120 96380884 2069340 62915304    0    0 2187632 426044 329202 994469 69 25  1  5  0  0
181 41 380120 96386724 2069344 62915316    0    0 2205488 430140 331642 1007123 70 25  1  5  0  0
180 25 380120 96404112 2069344 62915336    0    0 2207056 432260 330805 993232 70 25  1  5  0  0
195 53 380120 96391532 2069344 62915356    0    0 2168464 434068 329801 993155 69 25  1  5  0  0
222 33 380120 96397364 2069344 62915372    0    0 2185760 434424 329793 981949 69 26  1  4  0  0
200 44 380120 96381704 2069344 62915388    0    0 2198176 432428 330221 994465 69 25  1  5  0  0
171 81 380120 96374752 2069344 62915392    0    0 2173040 431172 328870 996842 69 25  1  5  0  0
23 146 380120 96388020 2069344 62915416    0    0 1683536 1067096 315108 938126 55 20  3 22  0  0
32 161 380120 96400544 2069344 62915428    0    0 1412480 1356852 303225 915779 46 17  5 32  0  0
24 138 380120 96403420 2069344 62915448    0    0 1370944 1299176 297778 900922 44 17  5 34  0  0
46 146 380120 96422008 2069344 62915472    0    0 1258448 1237664 284634 851453 41 15  7 37  0  0
procs -----------memory---------- ---swap-- -----io---- -system-- -------cpu-------
 r  b   swpd   free   buff  cache   si   so    bi    bo   in   cs us sy id wa st gu
42 130 380120 96424468 2069348 62915484    0    0 1260576 1208424 282989 849304 41 15  5 38  0  0
79 151 380120 96451548 2069348 62915496    0    0 1573296 1361016 316714 969500 51 18  3 28  0  0
124 105 380120 96416620 2069348 62915520    0    0 2184576 430328 325815 979946 71 24  1  5  0  0
98 134 380120 96410576 2069348 62915536    0    0 2174864 441268 329443 984617 69 25  1  5  0  0
118 101 380120 96399076 2069348 62915556    0    0 2167008 430660 328452 997932 69 25  1  5  0  0
92 114 380120 96390880 2069352 62915572    0    0 2167216 434916 327288 996928 69 25  1  5  0  0
56 167 380120 96377468 2069352 62915592    0    0 2179472 429048 330173 997054 69 25  1  5  0  0
67 176 380120 96365188 2069352 62915608    0    0 2194752 424076 329443 988200 69 25  1  5  0  0
57 198 380120 96357980 2069352 62915624    0    0 2147104 414192 326174 991383 68 25  1  6  0  0
130 103 380120 96354148 2069352 62915644    0    0 2161728 443848 327507 988350 69 25  1  6  0  0
93 149 380120 96334928 2069352 62915668    0    0 2174736 433200 328847 995072 69 25  1  5  0  0
165 65 380120 96336548 2069352 62915680    0    0 2179152 443644 328464 989893 69 25  1  5  0  0
99 128 380120 96333836 2069352 62915688    0    0 2177808 436500 327744 984152 69 25  1  5  0  0
38 29 380120 96370384 2069352 62915704    0    0 1858576 695364 313621 953657 59 21  3 18  0  0
46 85 380120 96416668 2069352 62915720    0    0 1318848 1270544 291339 881059 42 16  5 37  0  0
34 171 380120 96433356 2069356 62915740    0    0 1248384 1172416 279784 844549 40 15  5 39  0  0
55 143 380120 96410188 2069356 62915764    0    0 1476368 1438788 314944 947773 48 18  4 30  0  0
31 191 380120 96404052 2069356 62915788    0    0 1447104 1428880 315417 931937 48 18  4 30  0  0
38 162 380120 96403552 2069356 62915812    0    0 1411104 1391504 306943 921346 46 18  5 32  0  0
246 36 380120 96387004 2069356 62915832    0    0 2059248 621692 325982 993077 68 24  1  7  0  0
199 36 380120 96362852 2069360 62915844    0    0 2167808 443532 325810 972316 70 25  1  5  0  0
procs -----------memory---------- ---swap-- -----io---- -system-- -------cpu-------
 r  b   swpd   free   buff  cache   si   so    bi    bo   in   cs us sy id wa st gu
158 47 380120 96360776 2069360 62915864    0    0 2186400 440980 329098 993432 69 25  1  5  0  0
169 33 380120 96352300 2069360 62915880    0    0 2189072 437588 330923 991498 69 25  1  5  0  0
194 61 380120 96364204 2069360 62915896    0    0 2095520 426936 321524 1004041 66 23  1  9  0  0
164 39 380120 96374880 2069360 62915900    0    0 2075712 427600 316910 1000583 66 23  1 10  0  0
180 58 380120 96361792 2069368 62915932    0    0 2184032 433188 329179 994541 69 25  1  5  0  0
181 30 380120 96382776 2069368 62915948    0    0 2157680 435872 327505 985508 68 25  1  6  0  0
184 29 380120 96375276 2069368 62915968    0    0 2033360 433944 315583 985722 65 24  1 10  0  0
210 52 380120 96365256 2069368 62915984    0    0 2022720 433160 315394 982511 65 23  1 11  0  0
165 40 380120 96366352 2069368 62916000    0    0 2170224 433952 327107 980615 69 25  1  5  0  0
129 26 380120 96353568 2069372 62916016    0    0 2175328 435120 328153 988848 69 25  1  5  0  0
61 116 380120 96373376 2069372 62916024    0    0 1608800 1270532 317308 946400 53 20  3 24  0  0
38 78 380120 96392620 2069372 62916056    0    0 1427392 1465744 309470 932083 47 18  4 32  0  0
87 61 380120 96395132 2069372 62916068    0    0 1410368 1397388 306741 914052 47 18  5 31  0  0
46 110 380120 96435372 2069372 62916092    0    0 1452496 1449048 310662 935200 48 17  4 31  0  0
38 183 380120 96436928 2069376 62916108    0    0 1319056 1298472 291776 885129 43 15  5 37  0  0
63 201 380120 96423988 2069376 62916128    0    0 1430352 1091964 295234 932064 47 18  5 30  0  0
217 47 380120 96399560 2069376 62916148    0    0 1987920 545524 314949 990672 67 23  1  9  0  0
181 44 380120 96391696 2069376 62916152    0    0 2172304 443216 329157 984658 69 25  1  5  0  0
93 34 380120 96371116 2069376 62916180    0    0 2200048 438204 331774 996107 69 25  1  4  0  0
182 39 380120 96376132 2069380 62916196    0    0 2214480 433648 330608 995607 70 25  1  4  0  0
179 40 380120 96357576 2069380 62916212    0    0 2213920 429736 330771 986262 70 25  1  4  0  0
procs -----------memory---------- ---swap-- -----io---- -system-- -------cpu-------
 r  b   swpd   free   buff  cache   si   so    bi    bo   in   cs us sy id wa st gu
183 22 380120 96355208 2069380 62916236    0    0 2215248 431736 331109 1002434 70 25  1  4  0  0
211 41 380120 96349084 2069380 62916248    0    0 2192512 437344 330627 996149 69 25  1  5  0  0
158 39 380120 96350148 2069380 62916264    0    0 2181792 433664 330094 989996 69 25  1  5  0  0
237 30 380120 96383040 2069384 62916276    0    0 2178400 434836 329305 985431 69 25  1  5  0  0
171 41 380120 96391904 2069384 62916296    0    0 2208896 434524 331696 1007800 70 24  1  5  0  0
167 61 380120 96386384 2069384 62916312    0    0 2156880 432268 327315 995279 69 25  1  5  0  0
180 23 380120 96383132 2069384 62916328    0    0 2138368 431936 324661 987832 68 25  1  6  0  0
83 102 380120 96389188 2069384 62916348    0    0 1868752 757900 312326 917106 59 22  2 17  0  0
38 158 380120 96401196 2069388 62916364    0    0 1471504 1343924 310663 937244 48 18  4 31  0  0
33 129 380120 96395752 2069388 62916384    0    0 1258784 1258784 283510 844719 41 15  6 38  0  0
34 153 380120 96383328 2069388 62916404    0    0 1259904 1170708 281310 848925 42 15  6 37  0  0
32 156 380120 96386456 2069388 62916424    0    0 1453456 1467712 312295 935729 48 18  4 30  0  0
37 184 380120 96383916 2069388 62916448    0    0 1433968 1501752 315291 949857 46 18  4 32  0  0
98 121 380120 96365200 2069388 62916464    0    0 2040608 643244 324791 998667 67 23  1  9  0  0
64 169 380120 96360648 2069388 62916488    0    0 2166320 454660 325159 985764 70 24  1  5  0  0
152 123 380120 96366324 2069388 62916496    0    0 2147104 411664 329321 1001681 68 24  1  7  0  0
53 149 380120 96368816 2069388 62916516    0    0 2145664 458096 328643 1004197 68 25  1  6  0  0
71 95 380120 96370024 2069388 62916536    0    0 2182992 434472 329917 993966 69 25  1  5  0  0
89 80 380120 96356776 2069388 62916552    0    0 2190304 429292 331355 1004036 69 25  1  5  0  0
95 156 380120 96345764 2069388 62916568    0    0 2176720 452996 330843 1005413 69 25  1  5  0  0
70 182 380120 96344440 2069388 62916580    0    0 2170320 403676 326325 994845 69 25  1  5  0  0
procs -----------memory---------- ---swap-- -----io---- -system-- -------cpu-------
 r  b   swpd   free   buff  cache   si   so    bi    bo   in   cs us sy id wa st gu
49 162 380120 96355052 2069388 62916588    0    0 2048624 423888 315534 981702 66 24  1 10  0  0
83 139 380120 96350008 2069388 62916612    0    0 2087280 472152 324063 1002830 67 24  1  8  0  0
62 134 380120 96357368 2069392 62916640    0    0 2169536 435496 328541 990097 69 25  1  5  0  0
33 168 380120 96348168 2069392 62916648    0    0 2103616 400840 320345 989628 67 25  1  8  0  0
56 49 380120 96365580 2069392 62916668    0    0 1968016 508960 312514 957256 63 22  2 13  0  0
59 150 380120 96414628 2069392 62916688    0    0 1501920 1384232 312795 957349 48 17  4 31  0  0
36 169 380120 96397972 2069392 62916700    0    0 1512704 1413020 316979 962937 50 18  3 29  0  0
49 148 380120 96412944 2069396 62916716    0    0 1384912 1448780 302434 910122 45 17  5 34  0  0
100 122 380120 96402176 2069396 62916740    0    0 1423104 1369880 308114 918536 47 18  4 30  0  0
38 142 380120 96395932 2069396 62916760    0    0 1401632 1360324 302963 912415 46 17  4 32  0  0
228 43 380120 96361252 2069396 62916780    0    0 1862368 588576 306402 982101 63 22  2 14  0  0
206 40 380120 96351324 2069396 62916796    0    0 2172304 439796 325394 983286 70 25  1  5  0  0
131 43 380120 96353904 2069396 62916804    0    0 2132176 438332 325457 998192 67 24  1  7  0  0
203 67 380120 96346188 2069396 62916828    0    0 2046176 434292 315075 991679 65 24  1 10  0  0
141 68 380120 96353932 2069396 62916840    0    0 2083696 429340 320513 988401 66 24  1  9  0  0
133 69 380120 96361328 2069396 62916856    0    0 2200960 434388 329533 999556 69 25  1  5  0  0
219 29 380120 96370764 2069396 62916864    0    0 2204336 434164 330576 1008443 69 24  1  6  0  0
201 45 380120 96356260 2069396 62916884    0    0 2193520 437716 329740 990672 70 25  1  5  0  0
118 65 380120 96361744 2069396 62916896    0    0 2186880 434596 327904 982801 70 25  1  5  0  0
159 24 380120 96345872 2069396 62916916    0    0 2189584 434548 329787 986374 70 25  1  4  0  0
173 40 380120 96335816 2069396 62916936    0    0 2181152 436924 328693 986338 69 26  1  5  0  0
procs -----------memory---------- ---swap-- -----io---- -system-- -------cpu-------
 r  b   swpd   free   buff  cache   si   so    bi    bo   in   cs us sy id wa st gu
123 31 380120 96355780 2069396 62916952    0    0 2191536 435248 328487 993666 69 25  1  5  0  0
218 46 380120 96346968 2069396 62916964    0    0 2166880 432352 328001 992044 69 25  1  5  0  0
38 41 380120 96372024 2069396 62916988    0    0 1607456 1175696 312518 941541 51 19  4 26  0  0
65 151 380120 96396516 2069396 62917012    0    0 1460144 1386592 310212 941326 47 18  4 31  0  0
36 97 380120 96404892 2069396 62917028    0    0 1288880 1251944 288082 868547 43 16  6 36  0  0
49 136 380120 96402712 2069396 62917056    0    0 1313104 1333716 291601 870392 43 15  6 35  0  0
62 125 380120 96412580 2069396 62917060    0    0 1263952 1188120 280999 852638 41 13  6 39  0  0
74 157 380120 96394284 2069396 62917084    0    0 1544752 1432648 320701 973789 50 20  4 27  0  0
108 23 380120 96371624 2069396 62917104    0    0 2126848 548240 326151 994747 69 24  1  6  0  0
164 55 380120 96357516 2069396 62917120    0    0 2182544 436692 328963 989742 70 25  1  5  0  0
197 37 380120 96352660 2069396 62917132    0    0 2174800 431096 329100 1005072 69 25  1  5  0  0
224 33 380120 96355032 2069400 62917160    0    0 2198032 428872 328604 987344 69 25  1  5  0  0
200 48 380120 96343872 2069400 62917180    0    0 2204272 435440 330180 999001 70 25  1  5  0  0
174 33 380120 96352404 2069400 62917192    0    0 2140208 433676 327289 995689 68 25  1  6  0  0
211 42 380120 96354324 2069400 62917196    0    0 2164784 437160 327572 996185 68 25  1  6  0  0
138 24 380120 96341284 2069400 62917216    0    0 2194032 437524 329775 993036 70 25  1  5  0  0
173 36 380120 96347048 2069400 62917240    0    0 2175536 438212 329499 985916 70 25  1  5  0  0
215 32 380120 96349704 2069400 62917256    0    0 2217088 434116 332027 1009804 70 24  1  5  0  0
49 163 380120 96341436 2069400 62917268    0    0 2066992 412740 317011 993155 66 23  1  9  0  0
31 152 380120 96360488 2069400 62917288    0    0 1515408 1045708 295342 903895 48 18  4 30  0  0
27 142 380120 96388024 2069400 62917304    0    0 1270224 1242960 281670 849849 40 15  6 38  0  0
procs -----------memory---------- ---swap-- -----io---- -system-- -------cpu-------
 r  b   swpd   free   buff  cache   si   so    bi    bo   in   cs us sy id wa st gu
42 170 380120 96400516 2069400 62917328    0    0 1390416 1314808 300415 910267 45 17  4 34  0  0
78 131 380120 96394932 2069400 62917352    0    0 1486400 1434276 314807 957188 48 18  4 30  0  0
52 169 380120 96397556 2069400 62917368    0    0 1435600 1419944 309351 935610 47 18  4 31  0  0
68 161 380120 96381336 2069400 62917396    0    0 1561824 1268068 312934 958112 52 19  4 25  0  0
37 140 380120 96367016 2069400 62917408    0    0 2156656 443876 323024 976627 70 24  1  5  0  0
78 154 380120 96358764 2069400 62917428    0    0 2170816 441880 328820 987235 69 25  1  5  0  0
40 139 380120 96364156 2069400 62917452    0    0 2155520 401624 325385 999192 68 24  1  7  0  0
95 146 380120 96375232 2069400 62917460    0    0 2093232 449280 321370 1001513 66 23  1  9  0  0
78 111 380120 96372344 2069400 62917476    0    0 2187008 437432 351160 999429 69 25  1  5  0  0
71 101 380120 96351644 2069400 62917492    0    0 2153344 419912 325987 991750 68 25  1  6  0  0
61 147 380120 96336512 2069412 62917548    0    0 2163728 448868 328336 992207 68 25  1  6  0  0
45 108 380120 96331560 2069412 62917572    0    0 2063952 401644 316680 983488 66 24  1  9  0  0
164 89 380120 96333480 2069412 62917588    0    0 2061920 453488 320496 990625 66 24  1  9  0  0
56 156 380120 96341028 2069412 62917604    0    0 2159008 444796 328330 984156 69 25  1  5  0  0
131 115 380120 96352572 2069412 62917624    0    0 2180672 440168 329046 986298 69 25  1  5  0  0
53 150 380120 96370444 2069416 62917640    0    0 1971456 746148 324795 976303 63 23  2 12  0  0
34 184 380120 96392372 2069416 62917660    0    0 1448656 1452364 310455 941638 47 18  4 32  0  0
74 153 380120 96399304 2069416 62917672    0    0 1403856 1435240 305232 915378 46 17  4 32  0  0
88 98 380120 96419216 2069416 62917684    0    0 1436944 1392184 307510 923487 47 16  4 32  0  0
47 132 380120 96407512 2069416 62917700    0    0 1343296 1308196 294015 886244 44 16  5 35  0  0
52 169 380120 96402276 2069416 62917724    0    0 1320064 1259892 292941 877058 44 16  5 35  0  0
procs -----------memory---------- ---swap-- -----io---- -system-- -------cpu-------
 r  b   swpd   free   buff  cache   si   so    bi    bo   in   cs us sy id wa st gu
153 26 380120 96381832 2069416 62917748    0    0 1877344 571248 305711 981877 63 22  2 14  0  0
215 32 380120 96361836 2069416 62917760    0    0 2145328 438920 325105 984765 69 25  1  5  0  0
182 46 380120 96346876 2069416 62917780    0    0 2188992 437476 329423 984774 69 25  1  4  0  0
208 49 380120 96347496 2069416 62917800    0    0 2220208 430932 331349 990033 70 25  1  4  0  0
201 38 380120 96346124 2069416 62917824    0    0 2209296 430920 330782 986545 70 25  1  4  0  0
147 22 380120 96335420 2069416 62917836    0    0 2211280 432536 331428 1004875 70 25  1  5  0  0
181 44 380120 96344148 2069416 62917844    0    0 2200320 433784 329646 986213 70 25  1  5  0  0
213 49 380120 96359864 2069416 62917864    0    0 2172384 435308 328016 996025 69 25  1  5  0  0
179 51 380120 96374616 2069416 62917876    0    0 2190000 436608 329172 1000344 69 24  1  6  0  0
222 28 380120 96372220 2069416 62917888    0    0 2174480 437020 328612 991311 69 25  1  5  0  0
163 57 380120 96364584 2069416 62917912    0    0 2189904 435628 329240 993452 69 25  1  5  0  0
141 30 380120 96346864 2069416 62917928    0    0 2170080 433216 326819 987697 69 25  1  5  0  0
48 152 380120 96384424 2069416 62917944    0    0 1927568 765784 321481 989802 62 23  2 13  0  0
89 62 380120 96387824 2069416 62917964    0    0 1425008 1447732 311014 940638 46 18  5 31  0  0
40 44 380120 96393176 2069420 62917976    0    0 1260000 1204848 279751 847239 41 15  6 38  0  0
31 176 380120 96384552 2069420 62918000    0    0 1188016 1161712 270715 826790 38 14  6 43  0  0
49 142 380120 96403116 2069420 62918032    0    0 1245168 1198064 279629 857523 40 15  5 41  0  0
59 118 380120 96396852 2069420 62918048    0    0 1267936 1233768 282345 848580 42 15  6 37  0  0
82 140 380120 96411524 2069420 62918068    0    0 1412304 1066396 289878 921475 48 16  5 31  0  0
56 120 380120 96399728 2069420 62918076    0    0 1933616 549300 309775 992450 64 22  1 12  0  0
55 166 380120 96380100 2069424 62918096    0    0 2035840 452028 313440 987063 66 23  1 10  0  0
procs -----------memory---------- ---swap-- -----io---- -system-- -------cpu-------
 r  b   swpd   free   buff  cache   si   so    bi    bo   in   cs us sy id wa st gu
44 171 380120 96361320 2069424 62918120    0    0 2058048 438956 318219 1001689 66 24  1  9  0  0
70 140 380120 96365608 2069424 62918140    0    0 2068592 435992 318277 997501 66 24  1  9  0  0
24 187 380120 96345884 2069424 62918144    0    0 2066912 436220 316870 994281 66 24  1  9  0  0
54 140 380120 96336532 2069424 62918156    0    0 2067040 420880 318603 997740 66 24  1  9  0  0
74 109 380120 96333940 2069424 62918184    0    0 2037392 430784 316681 988170 66 23  1  9  0  0
72 144 380120 96346300 2069424 62918208    0    0 2057936 438748 318786 996905 65 24  1 10  0  0
103 134 380120 96338364 2069424 62918228    0    0 2057136 410644 316219 989646 65 24  1 10  0  0
45 172 380120 96336424 2069424 62918244    0    0 2041920 465836 318515 1002199 65 24  1 10  0  0
37 156 380120 96334260 2069424 62918264    0    0 2033152 391188 311584 973867 64 23  1 12  0  0
44 185 380120 96341828 2069424 62918280    0    0 2052512 473024 318576 1006168 66 22  1 11  0  0
46 186 380120 96338472 2069424 62918300    0    0 2047008 411828 312034 983316 65 23  1 10  0  0
61 204 380120 96352632 2069424 62918316    0    0 2114880 470388 325222 1003316 67 25  1  7  0  0
39 164 380120 96377112 2069424 62918332    0    0 1714944 934824 311118 948488 54 20  3 23  0  0
39 164 380120 96383856 2069424 62918348    0    0 1396592 1302416 300373 908664 45 17  5 33  0  0
46 179 380120 96402872 2069432 62918356    0    0 1387232 1242464 297681 895281 45 17  6 32  0  0
47 80 380120 96415500 2069432 62918392    0    0 1352192 1322568 295454 891117 44 17  5 35  0  0
44 145 380120 96383052 2069432 62918412    0    0 1359136 1329252 296090 884633 44 16  5 34  0  0
83 145 380120 96378612 2069432 62918432    0    0 1395888 1278256 299514 898562 46 17  5 32  0  0
212 48 380120 96365520 2069432 62918456    0    0 2064256 468392 317102 965811 68 23  1  8  0  0
100 28 380120 96373512 2069432 62918460    0    0 2078864 433372 318132 988506 67 23  1  9  0  0
195 38 380120 96377604 2069432 62918472    0    0 2031936 427504 315593 990643 65 23  1 11  0  0
procs -----------memory---------- ---swap-- -----io---- -system-- -------cpu-------
 r  b   swpd   free   buff  cache   si   so    bi    bo   in   cs us sy id wa st gu
124 26 380120 96367520 2069432 62918492    0    0 2147328 433536 326838 1001126 68 25  1  6  0  0
82 28 380120 96346576 2069432 62918512    0    0 2146608 432864 326546 1002336 68 25  1  6  0  0
179 67 380120 96336528 2069432 62918528    0    0 2159824 432440 328516 998486 68 25  1  6  0  0
180 41 380120 96332284 2069436 62918536    0    0 2164752 436276 329011 1002290 69 25  1  6  0  0
145 39 380120 96335772 2069436 62918556    0    0 2159344 434504 327638 998134 68 25  1  6  0  0
213 27 380120 96333100 2069436 62918580    0    0 2159776 434520 326333 1000075 69 25  1  6  0  0
152 44 380120 96346752 2069436 62918600    0    0 2156560 435152 325824 993201 69 25  1  6  0  0
204 56 380120 96332368 2069436 62918624    0    0 2120736 432236 324877 988411 68 24  1  7  0  0
55 153 380120 96361852 2069440 62918636    0    0 1816688 881984 319369 996368 59 22  3 16  0  0
61 130 380120 96393240 2069440 62918648    0    0 1368672 1344904 299918 896983 45 16  5 34  0  0
36 128 380120 96403896 2069440 62918668    0    0 1387456 1379256 302064 909138 45 16  5 34  0  0
50 163 380120 96397068 2069440 62918684    0    0 1347712 1367660 299442 886750 45 17  6 32  0  0
21 194 380120 96392372 2069440 62918696    0    0 1254432 1172300 279473 844381 41 15  5 39  0  0
47 131 380120 96383744 2069440 62918716    0    0 1363872 1379356 300699 898413 45 17  5 33  0  0
238 26 380120 96375392 2069440 62918744    0    0 1904784 802996 321471 1004926 64 22  2 12  0  0
201 50 380120 96357484 2069440 62918756    0    0 2158320 435504 323204 980920 70 24  1  5  0  0
139 47 380120 96344452 2069440 62918780    0    0 2145024 431144 325084 997248 68 24  1  6  0  0
224 42 380120 96336140 2069440 62918800    0    0 2142144 425196 324718 994571 68 25  1  7  0  0
194 37 380120 96333000 2069444 62918816    0    0 2152320 424508 325954 996477 68 25  1  6  0  0
187 42 380120 96335568 2069444 62918832    0    0 2140304 427796 325204 992390 68 25  1  6  0  0
147 117 380120 96348132 2069444 62918852    0    0 2155328 429276 327470 1005895 68 24  1  7  0  0
procs -----------memory---------- ---swap-- -----io---- -system-- -------cpu-------
 r  b   swpd   free   buff  cache   si   so    bi    bo   in   cs us sy id wa st gu
188 24 380120 96335656 2069444 62918860    0    0 2176784 430044 329768 1004792 70 24  1  6  0  0
174 55 380120 96334336 2069444 62918876    0    0 2162192 431696 328112 997475 69 25  1  5  0  0
175 40 380120 96331112 2069444 62918884    0    0 2157488 432216 327423 997678 68 25  1  6  0  0
135 42 380120 96337488 2069444 62918908    0    0 2153904 430096 326197 986609 69 25  1  6  0  0
159 39 380120 96341416 2069444 62918928    0    0 2152992 425816 325653 995816 69 25  1  6  0  0
36 37 380120 96367704 2069444 62918952    0    0 1688272 927280 308725 916169 53 20  3 23  0  0
37 185 380120 96383372 2069444 62918972    0    0 1296096 1190804 282684 863398 41 15  5 38  0  0
45 141 380120 96396460 2069452 62918980    0    0 1326544 1305136 292674 878400 43 16  5 36  0  0
48 142 380120 96385420 2069452 62919008    0    0 1411376 1366564 304378 910999 46 17  5 32  0  0
44 146 380120 96375228 2069452 62919024    0    0 1409696 1309860 302077 912925 46 17  5 32  0  0
54 126 380120 96422420 2069452 62919048    0    0 1415776 1333940 303018 926227 45 16  4 34  0  0
54 127 380120 96388948 2069452 62919056    0    0 2013360 624908 321445 993942 67 23  1  9  0  0
46 194 380120 96373548 2069452 62919068    0    0 2124784 442336 324611 983697 69 25  1  5  0  0
71 128 380120 96362420 2069452 62919088    0    0 2175184 421564 327226 999595 69 25  1  6  0  0
61 179 380120 96363348 2069452 62919100    0    0 2146160 427904 325313 994904 68 25  1  7  0  0
99 119 380120 96352176 2069452 62919132    0    0 2143520 436980 329577 1005514 68 25  1  6  0  0
131 104 380120 96321052 2069452 62919144    0    0 2157216 438080 328120 996482 68 25  1  6  0  0
84 148 380120 96322072 2069452 62919164    0    0 2098336 395768 318747 992519 66 24  1  8  0  0
52 147 380120 96318272 2069452 62919180    0    0 2069520 455908 321002 1002436 66 24  1  9  0  0
166 70 380120 96311172 2069452 62919204    0    0 2152304 435576 327057 998507 68 25  1  6  0  0
61 152 380120 96310604 2069452 62919220    0    0 2136720 430268 324798 995196 68 25  1  6  0  0
procs -----------memory---------- ---swap-- -----io---- -system-- -------cpu-------
 r  b   swpd   free   buff  cache   si   so    bi    bo   in   cs us sy id wa st gu
65 61 380120 96312636 2069452 62919236    0    0 2142640 422072 328646 989758 68 25  1  6  0  0
82 104 380120 96315892 2069456 62919252    0    0 2175808 449304 329590 1010602 69 24  1  6  0  0
69 68 380120 96366564 2069456 62919272    0    0 1803600 906688 319693 977496 58 22  3 18  0  0
40 180 380120 96377844 2069456 62919288    0    0 1434240 1345464 305083 921483 46 18  4 32  0  0
70 133 380120 96392316 2069456 62919312    0    0 1368016 1355044 297034 899446 45 17  4 34  0  0
62 144 380120 96378020 2069456 62919328    0    0 1371376 1406356 300429 903872 45 17  5 33  0  0
45 162 380120 96362952 2069456 62919344    0    0 1423792 1343056 304594 908065 48 17  4 31  0  0
55 197 380120 96355448 2069456 62919364    0    0 1274464 1187672 279685 856552 41 15  5 39  0  0
188 26 380120 96336220 2069456 62919380    0    0 2022336 538028 317692 989803 67 23  1  9  0  0
160 22 380120 96322604 2069456 62919404    0    0 2122784 432104 323487 975346 69 24  1  6  0  0
203 37 380120 96332348 2069456 62919416    0    0 2149216 430000 328358 1000367 68 25  1  6  0  0
188 42 380120 96334620 2069456 62919436    0    0 2183856 429492 328868 1005041 69 24  1  6  0  0
164 21 380120 96342624 2069456 62919448    0    0 2162992 431924 327257 997822 69 24  1  6  0  0
172 31 380120 96347392 2069456 62919456    0    0 2154224 432960 326088 1000085 68 25  1  6  0  0
209 40 380120 96339820 2069456 62919484    0    0 2165056 434432 327833 1002746 69 25  1  6  0  0
209 31 380120 96338672 2069456 62919500    0    0 2153136 431740 325442 996443 68 25  1  6  0  0
219 22 380120 96335880 2069456 62919508    0    0 2127888 433112 325916 990707 68 25  1  6  0  0
231 40 380120 96341228 2069456 62919524    0    0 2123408 435320 330282 986755 68 25  1  6  0  0
153 36 380120 96336656 2069456 62919540    0    0 2119408 434624 324901 987952 67 25  1  7  0  0
201 22 380120 96328692 2069456 62919564    0    0 2148624 429940 326150 993655 68 25  1  6  0  0
36 160 380120 96326852 2069456 62919580    0    0 2013136 654460 324081 998076 65 24  1 10  0  0
procs -----------memory---------- ---swap-- -----io---- -system-- -------cpu-------
 r  b   swpd   free   buff  cache   si   so    bi    bo   in   cs us sy id wa st gu
46 122 380120 96349868 2069456 62919600    0    0 1462720 1324136 306608 936738 47 18  4 30  0  0
46 136 380120 96373396 2069456 62919620    0    0 1373536 1317888 299359 903654 45 16  5 34  0  0
43 173 380120 96399840 2069456 62919632    0    0 1226240 1223760 276643 835069 39 13  6 42  0  0
37 195 380120 96405944 2069456 62919656    0    0 1361328 1332856 295783 885219 44 17  5 34  0  0
44 51 380120 96394228 2069456 62919672    0    0 1376176 1354496 300370 894230 45 17  5 33  0  0
99 55 380120 96369960 2069460 62919692    0    0 1629296 1101052 313106 1002484 54 20  3 22  0  0
137 38 380120 96362732 2069460 62919716    0    0 2127104 438324 321138 966061 69 24  1  6  0  0
173 32 380120 96353136 2069460 62919732    0    0 2114512 433780 323588 989657 68 25  1  6  0  0
227 30 380120 96328840 2069460 62919760    0    0 2155184 434504 326954 994816 68 25  1  6  0  0
70 33 380120 96318308 2069460 62919764    0    0 2142672 437132 325755 997310 68 25  1  6  0  0
202 20 380120 96313368 2069460 62919792    0    0 2147984 434108 325510 1000255 68 25  1  6  0  0
103 45 380120 96322648 2069460 62919800    0    0 2134544 436992 325192 1003228 68 25  1  7  0  0
149 39 380120 96336848 2069460 62919824    0    0 2162160 435972 327976 1008226 68 25  1  6  0  0
208 51 380120 96335728 2069460 62919832    0    0 2150304 439020 328244 1008499 68 24  1  7  0  0
149 36 380120 96327320 2069460 62919860    0    0 2147152 436848 326042 993343 68 25  1  6  0  0
175 52 380120 96340032 2069464 62919876    0    0 2046016 436900 316833 986293 66 24  1  9  0  0
145 68 380120 96345380 2069464 62919888    0    0 2037120 431700 314461 987585 65 24  1 10  0  0
28 174 380120 96364432 2069464 62919908    0    0 1773456 811092 309204 911440 56 21  3 20  0  0
43 141 380120 96377776 2069464 62919924    0    0 1430384 1350248 304527 919864 45 17  5 33  0  0
38 161 380120 96375340 2069464 62919948    0    0 1402016 1371984 303977 907475 47 17  5 31  0  0
44 154 380120 96371048 2069468 62919968    0    0 1372320 1332684 297896 897655 44 17  5 34  0  0
procs -----------memory---------- ---swap-- -----io---- -system-- -------cpu-------
 r  b   swpd   free   buff  cache   si   so    bi    bo   in   cs us sy id wa st gu
33 162 380120 96367072 2069468 62919988    0    0 1408768 1351380 301702 912705 47 17  4 32  0  0
66 157 380120 96355584 2069468 62920004    0    0 1531072 1311076 314290 967377 50 19  4 27  0  0
71 189 380120 96355000 2069468 62920028    0    0 2162784 424408 324324 985564 70 23  1  6  0  0
57 150 380120 96355748 2069468 62920044    0    0 2156160 448124 328002 1001957 69 24  1  6  0  0
56 198 380120 96330548 2069468 62920064    0    0 2047264 411252 315209 995570 66 24  1 10  0  0
34 210 380120 96322580 2069468 62920076    0    0 2074400 466352 320556 999084 66 24  1  9  0  0
123 75 380120 96318016 2069468 62920092    0    0 2162464 440200 330204 1001779 69 25  1  5  0  0
91 112 380120 96300924 2069468 62920108    0    0 2178640 442096 328352 994617 69 25  1  5  0  0
110 101 380120 96312684 2069468 62920128    0    0 2185456 440952 330277 998106 69 25  1  5  0  0
121 146 380120 96324160 2069472 62920144    0    0 2182352 428668 328259 995764 69 25  1  5  0  0
56 88 380120 96322092 2069472 62920160    0    0 2180512 447656 329666 981842 70 25  1  4  0  0
49 163 380120 96323656 2069472 62920184    0    0 2197648 435816 330643 1001227 70 25  1  4  0  0
65 187 380120 96340180 2069480 62920192    0    0 2196480 438128 328640 989615 70 25  1  4  0  0
31 192 380120 96339836 2069480 62920220    0    0 2096272 500548 322215 951887 66 24  1  8  0  0
40 172 380120 96370772 2069480 62920232    0    0 1415568 1367976 303160 918175 45 16  5 34  0  0
73 129 380120 96362236 2069480 62920252    0    0 1469552 1433044 313592 941044 49 18  4 29  0  0
64 166 380120 96359260 2069480 62920260    0    0 1509536 1456760 318441 962784 49 19  4 29  0  0
76 143 380120 96353764 2069488 62920288    0    0 1346256 1275000 290936 887962 44 16  5 35  0  0
56 165 380120 96353868 2069488 62920308    0    0 1371120 1315704 299525 902006 44 17  4 35  0  0
197 49 380120 96343296 2069488 62920320    0    0 2046768 626464 322425 968568 69 23  1  7  0  0
221 36 380120 96326232 2069488 62920336    0    0 2189152 436744 327741 980100 70 25  1  4  0  0
procs -----------memory---------- ---swap-- -----io---- -system-- -------cpu-------
 r  b   swpd   free   buff  cache   si   so    bi    bo   in   cs us sy id wa st gu
167 36 380120 96311712 2069488 62920348    0    0 2190864 443168 330600 1001594 69 25  1  5  0  0
195 32 380120 96308728 2069488 62920368    0    0 2195696 433500 330490 998040 69 25  1  5  0  0
189 54 380120 96308864 2069488 62920384    0    0 2186640 429068 329515 996841 69 25  1  5  0  0
190 41 380120 96298844 2069488 62920404    0    0 2197120 427252 329820 1005327 69 25  1  5  0  0
182 42 380120 96299800 2069488 62920416    0    0 2190656 434604 330391 1007242 70 24  1  5  0  0
205 36 380120 96309084 2069488 62920432    0    0 2127632 436256 325714 1000125 68 25  1  6  0  0
174 55 380120 96315656 2069488 62920448    0    0 2150480 434880 327242 1001550 69 25  1  6  0  0
145 65 380120 96313596 2069488 62920468    0    0 2181248 438156 330016 1004138 69 25  1  5  0  0
205 48 380120 96313288 2069488 62920496    0    0 2192256 435360 328344 992283 69 25  1  5  0  0
219 46 380120 96313444 2069488 62920520    0    0 2179216 435472 328198 986907 69 25  1  5  0  0
61 151 380120 96335140 2069488 62920536    0    0 1833360 1046628 326500 1003648 60 23  2 16  0  0
49 172 380120 96377132 2069492 62920540    0    0 1394144 1348804 302333 915942 45 17  5 34  0  0
59 78 380120 96386568 2069492 62920568    0    0 1274944 1268252 285419 859592 41 15  6 38  0  0
34 193 380120 96376460 2069492 62920596    0    0 1495296 1431136 315713 953645 48 18  4 29  0  0
43 181 380120 96388540 2069492 62920612    0    0 1451584 1439492 312234 942649 47 17  4 31  0  0
45 145 380120 96397284 2069492 62920628    0    0 1435776 1378332 306848 923468 47 16  4 33  0  0
162 61 380120 96362040 2069492 62920632    0    0 2108336 584272 325366 991943 69 24  1  6  0  0
185 29 380120 96369172 2069492 62920652    0    0 2155776 439588 323754 961795 70 24  1  5  0  0
213 46 380120 96349768 2069492 62920672    0    0 2204032 435140 331504 986197 70 25  1  5  0  0
216 48 380120 96351512 2069492 62920700    0    0 2205616 429216 331176 986474 70 25  1  4  0  0
135 21 380120 96337748 2069492 62920720    0    0 2211328 430144 330279 992870 70 25  1  4  0  0
procs -----------memory---------- ---swap-- -----io---- -system-- -------cpu-------
 r  b   swpd   free   buff  cache   si   so    bi    bo   in   cs us sy id wa st gu
209 38 380120 96325940 2069492 62920732    0    0 2202560 433432 331071 996155 70 25  1  4  0  0
130 49 380120 96331948 2069492 62920752    0    0 2158832 428912 325313 973983 69 25  1  6  0  0
158 43 380120 96327764 2069492 62920768    0    0 2020576 433776 313419 983287 65 23  1 10  0  0
112 44 380120 96320192 2069492 62920792    0    0 2132912 437004 325585 992688 68 25  1  6  0  0
194 65 380120 96322492 2069492 62920808    0    0 2160416 435596 327456 997919 69 25  1  6  0  0
207 44 380120 96316824 2069496 62920820    0    0 2186976 432420 329131 1010492 69 25  1  5  0  0
214 50 380120 96309056 2069496 62920824    0    0 2195680 433156 329708 1003011 70 24  1  5  0  0
113 60 380120 96319692 2069496 62920848    0    0 2191616 432168 329236 991748 69 25  1  5  0  0
45 167 380120 96349788 2069496 62920876    0    0 1510016 1036572 296717 884771 47 18  4 31  0  0
38 153 380120 96375928 2069496 62920896    0    0 1398720 1361972 302409 915230 44 17  5 34  0  0
46 128 380120 96374208 2069496 62920908    0    0 1454784 1342036 321330 930291 47 18  4 30  0  0
36 145 380120 96365292 2069496 62920916    0    0 1527456 1421176 318599 967405 50 19  3 28  0  0
35 139 380120 96364724 2069496 62920944    0    0 1516480 1404476 317171 956434 50 19  3 28  0  0
99 135 380120 96347144 2069496 62920956    0    0 1410320 1064776 289131 922892 47 17  5 32  0  0
64 151 380120 96339444 2069496 62920976    0    0 2072560 477244 316044 961285 70 23  1  6  0  0
104 121 380120 96328524 2069500 62920992    0    0 2146768 442316 325083 988454 69 25  1  5  0  0
71 141 380120 96334900 2069500 62921000    0    0 2226544 442536 332577 1019578 70 24  1  5  0  0
69 127 380120 96337344 2069500 62921020    0    0 2117888 386508 321048 999580 68 24  1  8  0  0
53 136 380120 96314028 2069500 62921044    0    0 2119056 477576 325141 1000864 67 25  1  7  0  0
125 95 380120 96326840 2069500 62921064    0    0 2202512 435096 330338 994519 69 25  1  5  0  0
52 182 380120 96326688 2069500 62921076    0    0 2183584 431072 329767 990363 69 25  1  5  0  0
procs -----------memory---------- ---swap-- -----io---- -system-- -------cpu-------
 r  b   swpd   free   buff  cache   si   so    bi    bo   in   cs us sy id wa st gu
110 90 380120 96319280 2069504 62921096    0    0 2151792 429724 325290 983924 69 25  1  6  0  0
53 184 380120 96340036 2069504 62921112    0    0 2165472 449728 327770 1000554 69 25  1  5  0  0
61 105 380120 96354044 2069504 62921136    0    0 2132864 418256 322796 978478 68 25  1  7  0  0
44 167 380120 96357560 2069504 62921152    0    0 2004432 608456 321632 957365 64 23  2 11  0  0
31 168 380120 96375924 2069504 62921156    0    0 1447792 1453540 311503 941648 47 18  4 31  0  0
67 115 380120 96381644 2069504 62921172    0    0 1481328 1440168 313080 954365 48 18  4 30  0  0
34 187 380120 96405128 2069504 62921192    0    0 1295712 1245160 284839 872569 41 14  6 39  0  0
50 158 380120 96399008 2069504 62921208    0    0 1364432 1368936 301090 903697 45 16  5 35  0  0
23 55 380120 96391344 2069504 62921232    0    0 1325600 1241244 288355 872916 44 16  5 35  0  0
128 38 380120 96362256 2069504 62921248    0    0 2007952 596896 317635 986369 66 23  1 10  0  0
112 44 380120 96344568 2069504 62921272    0    0 2173056 442096 327238 975222 70 25  1  5  0  0
180 53 380120 96328664 2069504 62921292    0    0 2139872 442008 325278 998148 68 25  1  7  0  0
225 27 380120 96311520 2069504 62921316    0    0 1981168 434756 310441 981339 63 23  2 12  0  0
218 57 380120 96317544 2069504 62921332    0    0 2015664 433688 312763 993589 64 23  1 11  0  0
126 34 380120 96303944 2069504 62921348    0    0 2039952 430232 317090 989947 65 24  1 10  0  0
191 32 380120 96306032 2069504 62921364    0    0 2049904 434828 317038 989871 65 24  1 10  0  0
153 70 380120 96302464 2069504 62921392    0    0 2033440 434576 315429 990087 65 23  2 10  0  0
176 46 380120 96304796 2069504 62921400    0    0 2068848 439884 319184 1005705 66 23  1 10  0  0
100 39 380120 96314700 2069504 62921420    0    0 2059328 441268 318282 1001095 66 23  1 10  0  0
209 31 380120 96313900 2069504 62921436    0    0 2049920 437400 315323 983147 66 24  1  9  0  0
158 62 380120 96308860 2069504 62921452    0    0 2034736 433888 315265 993461 65 24  1 10  0  0
procs -----------memory---------- ---swap-- -----io---- -system-- -------cpu-------
 r  b   swpd   free   buff  cache   si   so    bi    bo   in   cs us sy id wa st gu
197 28 380120 96320656 2069504 62921468    0    0 2036544 431964 316543 997221 65 23  1 10  0  0
59 133 380120 96363712 2069504 62921488    0    0 1318416 1125528 281565 851461 42 16  5 37  0  0
93 129 380120 96375212 2069504 62921504    0    0 1234544 1247636 279282 841478 40 15  6 39  0  0
34 193 380120 96363092 2069504 62921516    0    0 1244800 1207912 277015 862709 39 15  5 41  0  0
63 170 380120 96366160 2069504 62921540    0    0 1234576 1214320 278933 849804 40 15  5 40  0  0
78 154 380120 96366940 2069504 62921560    0    0 1209920 1170236 276522 822007 39 14  6 40  0  0
57 162 380120 96379592 2069504 62921580    0    0 1415040 1318788 303960 912342 47 17  5 32  0  0
133 32 380120 96368144 2069504 62921584    0    0 2081856 564216 322711 1002424 68 23  1  8  0  0
189 24 380120 96356432 2069504 62921608    0    0 2150784 441060 324955 989604 69 24  1  6  0  0
175 60 380120 96347332 2069504 62921624    0    0 2164672 439916 328574 990038 69 25  1  5  0  0
165 57 380120 96344644 2069504 62921632    0    0 2148608 432760 326434 995053 68 25  1  6  0  0
195 15 380120 96339200 2069504 62921652    0    0 2126608 437100 324926 995110 68 24  1  7  0  0
171 46 380120 96330276 2069504 62921672    0    0 2140544 436308 326315 1006673 68 25  1  7  0  0
116 15 380120 96316888 2069504 62921696    0    0 2158096 441384 327544 997259 68 25  1  6  0  0
190 41 380120 96317812 2069504 62921716    0    0 2170960 437800 327585 1003193 69 25  1  6  0  0
216 23 380120 96322444 2069504 62921736    0    0 2154592 440248 328758 998828 68 25  1  6  0  0
134 38 380120 96319984 2069504 62921760    0    0 2158368 439468 328249 998652 68 25  1  6  0  0
32 184 380120 96346944 2069504 62921776    0    0 1527856 996544 295911 900063 48 18  4 30  0  0
55 178 380120 96387104 2069504 62921796    0    0 1348592 1305184 293652 895170 43 15  5 37  0  0
27 195 380120 96386832 2069504 62921804    0    0 1365584 1240664 294620 880070 45 16  5 34  0  0
52 176 380120 96369196 2069504 62921816    0    0 1429360 1316752 303588 913442 47 17  5 31  0  0
procs -----------memory---------- ---swap-- -----io---- -system-- -------cpu-------
 r  b   swpd   free   buff  cache   si   so    bi    bo   in   cs us sy id wa st gu
29 148 380120 96377868 2069504 62921828    0    0 1418448 1328388 302432 906743 47 17  5 31  0  0
64 192 380120 96371668 2069504 62921852    0    0 1485376 1230432 303872 922456 50 18  4 28  0  0
75 124 380120 96349900 2069504 62921872    0    0 2137056 418492 317524 962937 70 24  1  5  0  0
69 168 380120 96329740 2069504 62921884    0    0 2151104 428728 325309 983022 69 25  1  5  0  0
56 102 380120 96321784 2069504 62921908    0    0 2155552 439952 327479 999654 68 25  1  6  0  0
54 97 380120 96313048 2069504 62921924    0    0 2158224 434152 328551 999964 68 25  1  6  0  0
75 133 380120 96317820 2069504 62921956    0    0 2097792 440428 321753 992610 67 24  1  8  0  0
89 112 380120 96320568 2069504 62921972    0    0 2086384 429988 321762 1000810 66 24  1  8  0  0
61 176 380120 96325888 2069504 62921980    0    0 2168144 441748 327911 1011409 68 24  1  7  0  0
64 99 380120 96312136 2069504 62921996    0    0 2144976 432700 327961 1002956 68 24  1  7  0  0
42 196 380120 96323024 2069504 62922008    0    0 2131088 443112 324748 987751 68 25  1  6  0  0
54 132 380120 96323664 2069504 62922032    0    0 2095792 416292 321282 983720 66 25  1  8  0  0
174 104 380120 96322112 2069504 62922048    0    0 2121936 451704 325019 994185 68 25  1  7  0  0
58 86 380120 96327456 2069508 62922056    0    0 2138992 425036 325276 985970 68 25  1  6  0  0
71 168 380120 96325520 2069508 62922076    0    0 2136448 441572 324194 995348 68 25  1  7  0  0
53 161 380120 96334588 2069508 62922092    0    0 1909472 741396 317750 981622 61 23  2 14  0  0
36 27 380120 96348036 2069508 62922112    0    0 1412928 1355364 304931 916771 45 17  5 33  0  0
52 182 380120 96357356 2069508 62922128    0    0 1341296 1362404 296519 891599 44 17  5 34  0  0
92 46 380120 96367100 2069512 62922144    0    0 1418048 1359692 305695 918742 47 18  4 32  0  0
31 175 380120 96395456 2069512 62922164    0    0 1320816 1314068 289802 886809 42 14  5 38  0  0
31 192 380120 96379336 2069512 62922180    0    0 1321088 1294980 290841 885490 43 15  5 36  0  0
procs -----------memory---------- ---swap-- -----io---- -system-- -------cpu-------
 r  b   swpd   free   buff  cache   si   so    bi    bo   in   cs us sy id wa st gu
204 42 380120 96358672 2069512 62922196    0    0 1836544 780108 316034 989072 62 22  2 14  0  0
166 56 380120 96351056 2069516 62922224    0    0 2139056 436000 323842 989518 69 24  1  6  0  0
180 67 380120 96347828 2069516 62922244    0    0 2126608 437216 326482 994248 68 25  1  7  0  0
200 28 380120 96335116 2069516 62922256    0    0 2158176 433860 328125 997327 68 25  1  6  0  0
167 53 380120 96309036 2069516 62922280    0    0 2158080 433256 327408 1000867 68 25  1  6  0  0
128 33 380120 96301760 2069516 62922288    0    0 2162752 433160 328347 1003781 68 25  1  6  0  0
217 35 380120 96296392 2069516 62922304    0    0 2173600 432700 328392 993329 69 25  1  6  0  0
160 37 380120 96292744 2069520 62922324    0    0 2164064 433500 327764 1006946 69 25  1  6  0  0
177 45 380120 96312632 2069520 62922352    0    0 2141104 435052 326713 996127 68 25  1  6  0  0
168 72 380120 96319752 2069520 62922372    0    0 2143536 436252 326417 996355 68 24  1  6  0  0
187 62 380120 96315508 2069520 62922384    0    0 2142928 433668 327808 1008238 68 24  1  7  0  0
179 41 380120 96308196 2069520 62922396    0    0 2135744 432340 324921 981647 68 25  1  6  0  0
48 122 380120 96305968 2069524 62922412    0    0 2143136 453492 326416 993212 68 25  1  6  0  0
77 172 380120 96344076 2069524 62922428    0    0 1386816 1344372 300722 909059 45 17  5 33  0  0
62 155 380120 96376828 2069524 62922452    0    0 1273408 1227920 282856 861743 41 15  5 39  0  0
66 141 380120 96386128 2069524 62922468    0    0 1361824 1330280 295399 886290 44 17  5 34  0  0
61 165 380120 96374468 2069524 62922488    0    0 1422912 1291168 304050 918212 47 18  4 32  0  0
50 129 380120 96379224 2069524 62922500    0    0 1424736 1346040 304360 916797 46 18  5 31  0  0
120 38 380120 96364204 2069524 62922520    0    0 1683968 1135436 319747 1010164 56 21  3 20  0  0
167 37 380120 96341468 2069524 62922536    0    0 2120880 435944 321893 971023 69 24  1  6  0  0
98 42 380120 96344960 2069524 62922548    0    0 2155984 437492 328038 1009623 68 24  1  7  0  0
procs -----------memory---------- ---swap-- -----io---- -system-- -------cpu-------
 r  b   swpd   free   buff  cache   si   so    bi    bo   in   cs us sy id wa st gu
187 37 380120 96331612 2069524 62922560    0    0 2179600 432656 329040 1006666 69 25  1  6  0  0
217 39 380120 96323208 2069532 62922572    0    0 2161376 429804 327393 1002743 68 25  1  6  0  0
85 29 380120 96315940 2069532 62922600    0    0 2175872 430384 328709 999247 69 25  1  5  0  0
201 51 380120 96306672 2069532 62922620    0    0 2172608 432688 328544 1001182 69 25  1  6  0  0
162 54 380120 96309968 2069532 62922636    0    0 2088480 432668 319427 991257 66 24  1  8  0  0
172 72 380120 96323200 2069532 62922656    0    0 2051552 431036 317090 996488 65 24  1  9  0  0
228 39 380120 96323516 2069532 62922676    0    0 2140512 434804 325474 984952 68 25  1  6  0  0
196 32 380120 96327700 2069532 62922696    0    0 2147280 432444 326794 995685 69 25  1  6  0  0
212 48 380120 96329656 2069532 62922712    0    0 2150064 434924 326489 990808 68 25  1  6  0  0
38 161 380120 96360592 2069532 62922728    0    0 1837600 730936 311765 926075 58 21  3 18  0  0
34 46 380120 96365748 2069532 62922748    0    0 1339552 1313500 296225 884310 43 16  6 35  0  0
53 101 380120 96386228 2069532 62922768    0    0 1396720 1359316 301120 904046 45 16  5 34  0  0
29 157 380120 96372280 2069532 62922776    0    0 1367184 1373108 299195 898765 45 17  5 33  0  0
42 183 380120 96374840 2069532 62922792    0    0 1367792 1365528 297453 897958 45 17  6 33  0  0
21 156 380120 96376360 2069532 62922808    0    0 1389568 1344172 299923 907492 45 17  5 33  0  0
106 104 380120 96347956 2069532 62922832    0    0 1880144 650524 309624 977564 63 22  2 13  0  0
67 115 380120 96334540 2069532 62922852    0    0 2135632 461720 323410 988820 69 25  1  6  0  0
111 116 380120 96321100 2069532 62922868    0    0 2164432 421224 324774 995020 69 25  1  6  0  0
95 92 380120 96322032 2069532 62922892    0    0 2146064 452440 328208 1002233 68 25  1  6  0  0
51 173 380120 96313272 2069532 62922896    0    0 2174736 431616 328075 995833 68 25  1  6  0  0
58 162 380120 96321460 2069532 62922916    0    0 2100016 427472 320863 987936 67 24  1  8  0  0
procs -----------memory---------- ---swap-- -----io---- -system-- -------cpu-------
 r  b   swpd   free   buff  cache   si   so    bi    bo   in   cs us sy id wa st gu
72 151 380120 96321364 2069532 62922936    0    0 2126192 451188 326706 1001304 67 24  1  7  0  0
141 88 380120 96324536 2069532 62922956    0    0 2169296 439656 329042 1007883 68 24  1  7  0  0
79 180 380120 96313108 2069532 62922960    0    0 2140800 433212 326698 998443 68 24  1  6  0  0
61 124 380120 96312356 2069532 62922980    0    0 2125520 442036 324259 988981 68 25  1  6  0  0
54 84 380120 96306144 2069532 62923004    0    0 2132464 447756 326363 999295 68 25  1  6  0  0
43 142 380120 96336416 2069536 62923016    0    0 2021760 533908 316936 947025 64 23  2 12  0  0
34 134 380120 96354548 2069536 62923032    0    0 1443008 1308596 305535 927615 47 18  4 31  0  0
38 145 380120 96362736 2069536 62923048    0    0 1403616 1454488 308630 920096 47 17  4 32  0  0
97 38 380120 96364664 2069536 62923068    0    0 1353664 1340364 296626 897621 45 17  5 34  0  0
72 106 380120 96348004 2069536 62923088    0    0 1359312 1291008 295970 890489 43 17  5 36  0  0
57 159 380120 96369736 2069540 62923104    0    0 1422272 1356528 307054 917027 47 17  5 31  0  0
35 210 380120 96366824 2069540 62923124    0    0 1961856 716808 316957 957440 64 21  2 13  0  0
63 182 380120 96362632 2069540 62923136    0    0 2183008 460420 329225 985479 70 24  1  5  0  0
67 117 380120 96351728 2069540 62923152    0    0 2199424 446000 330100 983796 70 25  1  4  0  0
124 122 380120 96354192 2069540 62923172    0    0 2212016 436724 331358 990835 70 25  1  4  0  0
46 149 380120 96346232 2069540 62923184    0    0 2189920 443264 329733 986909 69 25  1  5  0  0
76 109 380120 96336356 2069540 62923204    0    0 2198256 434144 330133 993332 70 25  1  5  0  0
66 155 380120 96332012 2069540 62923220    0    0 2183568 429048 328114 995812 69 25  1  5  0  0
79 152 380120 96322720 2069540 62923240    0    0 2134448 433312 324550 995261 68 24  1  7  0  0
75 70 380120 96318984 2069540 62923252    0    0 2176128 438468 328057 992844 69 25  1  5  0  0
69 117 380120 96307264 2069548 62923260    0    0 2186384 436872 326935 968980 69 25  1  5  0  0
procs -----------memory---------- ---swap-- -----io---- -system-- -------cpu-------
 r  b   swpd   free   buff  cache   si   so    bi    bo   in   cs us sy id wa st gu
53 165 380120 96311704 2069548 62923296    0    0 2181824 438916 329493 993118 69 25  1  5  0  0
48 160 380120 96300240 2069548 62923308    0    0 2183056 437912 328892 992731 69 25  1  4  0  0
29 49 380120 96324616 2069548 62923332    0    0 2168464 441128 326934 999273 68 24  1  7  0  0
93 150 380120 96359124 2069548 62923336    0    0 1416480 1282108 302415 925319 44 16  5 35  0  0
57 173 380120 96356272 2069548 62923356    0    0 1433648 1341120 305767 924018 47 18  5 30  0  0
74 114 380120 96360592 2069548 62923376    0    0 1441456 1415420 310122 933489 47 18  4 31  0  0
66 131 380120 96372596 2069548 62923396    0    0 1481680 1444980 316083 949849 49 18  3 29  0  0
61 151 380120 96351772 2069548 62923416    0    0 1359264 1428408 298319 894013 44 17  5 34  0  0
146 25 380120 96348792 2069548 62923432    0    0 1798400 950528 317290 975260 60 21  2 16  0  0
151 24 380120 96345976 2069552 62923460    0    0 2154704 442292 325623 982783 70 25  1  5  0  0
124 39 380120 96342320 2069552 62923604    0    0 2190496 437700 327958 987956 69 25  1  5  0  0
140 35 380120 96333516 2069552 62923620    0    0 2063664 432556 317212 997859 65 24  1 10  0  0
162 26 380120 96333072 2069552 62923640    0    0 2151440 433748 326736 1004819 68 25  1  6  0  0
149 38 380120 96339820 2069552 62923652    0    0 2220608 436080 332641 1008656 69 24  1  5  0  0
202 35 380120 96343080 2069556 62923668    0    0 2167744 438332 329241 1001865 69 25  1  5  0  0
207 42 380120 96338848 2069556 62923684    0    0 2163744 437016 327637 980738 69 25  1  5  0  0
175 40 380120 96327128 2069556 62923704    0    0 2138064 437076 342659 991927 68 25  1  6  0  0
142 46 380120 96310860 2069556 62923720    0    0 2142016 437824 326711 992483 68 25  1  6  0  0
229 36 380120 96307584 2069556 62923736    0    0 2183424 437972 329469 993925 69 25  1  5  0  0
212 44 380120 96305684 2069560 62923764    0    0 2179552 435260 330235 995295 69 25  1  5  0  0
63 97 380120 96318948 2069560 62923776    0    0 1903744 889432 324401 998119 61 23  2 14  0  0
procs -----------memory---------- ---swap-- -----io---- -system-- -------cpu-------
 r  b   swpd   free   buff  cache   si   so    bi    bo   in   cs us sy id wa st gu
80 53 380120 96347264 2069560 62923788    0    0 1491200 1428672 314588 947055 49 18  4 29  0  0
47 159 380120 96344600 2069560 62923816    0    0 1433664 1354064 304795 917763 47 17  4 32  0  0
61 100 380120 96356448 2069560 62923828    0    0 1505872 1387648 316687 955105 49 18  3 29  0  0
74 153 380120 96384684 2069560 62923848    0    0 1314352 1287276 289962 870976 42 15  5 39  0  0
 5 189 380120 96399612 2069560 62923868    0    0 1325120 1305420 292957 880857 43 15  5 37  0  0
228 39 380120 96369000 2069560 62923880    0    0 2000192 690648 321632 1009974 65 23  1 10  0  0
122 52 380120 96346324 2069560 62923900    0    0 2147312 439032 323397 974105 69 25  1  5  0  0
239 39 380120 96324500 2069560 62923920    0    0 2177712 436436 333038 1003373 69 25  1  6  0  0
220 34 380120 96325896 2069560 62923928    0    0 2182096 435256 330532 999196 69 25  1  5  0  0
88 36 380120 96309836 2069560 62923960    0    0 2200304 436492 333666 1000375 69 25  1  5  0  0
155 34 380120 96320296 2069560 62923968    0    0 2201184 436700 330776 996601 69 25  1  5  0  0
219 41 380120 96320876 2069560 62923980    0    0 2192416 434936 330548 1000692 69 25  1  5  0  0
191 55 380120 96320180 2069560 62923996    0    0 2160016 437376 330313 987808 69 25  1  5  0  0
233 26 380120 96311392 2069560 62924016    0    0 2154880 436656 334135 995822 68 25  1  5  0  0
232 33 380120 96318548 2069560 62924036    0    0 2153536 433440 328075 988494 68 25  1  6  0  0
222 36 380120 96325976 2069560 62924056    0    0 2173520 437704 328097 1017847 68 24  1  7  0  0
51 172 380120 96344152 2069560 62924064    0    0 1876848 788344 318239 941160 60 21  2 16  0  0
49 156 380120 96360084 2069560 62924080    0    0 1452880 1426372 311879 937569 47 18  4 31  0  0
29 126 380120 96357392 2069560 62924104    0    0 1280000 1217016 283116 860416 42 15  6 37  0  0
49 173 380120 96367376 2069560 62924124    0    0 1306192 1260296 289296 865513 43 16  6 35  0  0
46 159 380120 96364360 2069560 62924144    0    0 1282432 1276272 286460 852326 42 15  6 37  0  0
procs -----------memory---------- ---swap-- -----io---- -system-- -------cpu-------
 r  b   swpd   free   buff  cache   si   so    bi    bo   in   cs us sy id wa st gu
55 150 380120 96367908 2069560 62924160    0    0 1516016 1445212 318592 962300 50 19  3 28  0  0
115 67 380120 96357948 2069560 62924180    0    0 2022656 650616 320873 974137 67 23  1  9  0  0
79 182 380120 96329920 2069564 62924192    0    0 2168096 428184 325514 983928 69 25  1  5  0  0
73 197 380120 96319736 2069564 62924212    0    0 2151184 436924 328409 988516 68 25  1  6  0  0
107 115 380120 96300852 2069564 62924240    0    0 2168672 440416 326416 1009727 68 24  1  7  0  0
34 225 380120 96305612 2069564 62924248    0    0 2210736 446384 330874 1003677 69 25  1  5  0  0
96 152 380120 96298864 2069564 62924260    0    0 2189136 439368 328969 993143 69 25  1  5  0  0
58 175 380120 96292120 2069564 62924288    0    0 2194176 430960 329161 988034 69 26  1  5  0  0
63 195 380120 96303240 2069564 62924300    0    0 2198512 433396 330140 997549 69 25  1  5  0  0
103 162 380120 96299220 2069564 62924320    0    0 2168800 433936 328813 986726 69 25  1  5  0  0
41 154 380120 96300448 2069564 62924332    0    0 2079216 406224 319124 994559 66 24  1  9  0  0
52 146 380120 96297212 2069564 62924352    0    0 2089216 465100 323671 996364 67 24  1  8  0  0
122 69 380120 96301888 2069564 62924364    0    0 2185808 430948 329056 993283 69 25  1  5  0  0
36 175 380120 96310728 2069568 62924384    0    0 2070096 475180 320939 965981 66 24  2  9  0  0
28 190 380120 96350256 2069568 62924404    0    0 1287616 1231636 282940 864357 41 15  6 38  0  0
51 161 380120 96360712 2069568 62924432    0    0 1406192 1395300 304845 912111 46 17  4 32  0  0
48 121 380120 96386920 2069568 62924440    0    0 1479104 1435700 312858 951859 47 17  4 32  0  0
71 146 380120 96370144 2069568 62924464    0    0 1407792 1393044 305403 906551 48 17  5 30  0  0
61 151 380120 96347592 2069572 62924484    0    0 1485264 1426576 314239 946534 49 18  4 29  0  0
179 40 380120 96327212 2069572 62924496    0    0 1918176 730884 318392 988790 64 23  2 12  0  0
158 52 380120 96319160 2069572 62924524    0    0 2043328 439496 318223 982498 67 24  1  9  0  0
procs -----------memory---------- ---swap-- -----io---- -system-- -------cpu-------
 r  b   swpd   free   buff  cache   si   so    bi    bo   in   cs us sy id wa st gu
185 35 380120 96312044 2069572 62924532    0    0 2197824 442052 331891 998334 70 25  1  5  0  0
176 33 380120 96309900 2069576 62924540    0    0 2153248 436296 328086 1008103 68 25  1  6  0  0
162 40 380120 96306692 2069576 62924564    0    0 2144112 431264 327239 993270 68 25  1  6  0  0
140 23 380120 96308688 2069576 62924584    0    0 2111808 434224 320600 998020 67 24  1  8  0  0
173 38 380120 96294976 2069576 62924604    0    0 2043632 433064 316740 991813 65 24  1 10  0  0
171 39 380120 96296948 2069576 62924632    0    0 2190848 435536 330086 995275 69 25  1  5  0  0
189 30 380120 96317260 2069576 62924636    0    0 2208464 439248 331911 998459 70 25  1  5  0  0
252 20 380120 96329004 2069576 62924648    0    0 2175744 437772 327835 983894 69 24  1  5  0  0
141 49 380120 96328028 2069576 62924676    0    0 2193328 436968 329564 987240 70 25  1  4  0  0
160 39 380120 96322348 2069576 62924700    0    0 2199040 434288 329101 981863 70 25  1  4  0  0
23 188 380120 96343040 2069576 62924716    0    0 1980800 804760 327537 990257 64 24  1 11  0  0
72 133 380120 96344420 2069576 62924736    0    0 1447216 1379348 308761 933009 47 18  4 30  0  0
46 138 380120 96364328 2069576 62924760    0    0 1450544 1444876 311888 944676 47 18  4 31  0  0
40 156 380120 96357856 2069576 62924788    0    0 1323248 1311432 291783 877587 43 16  5 36  0  0
37 168 380120 96350788 2069576 62924804    0    0 1330560 1302844 295742 887480 44 16  5 35  0  0
40 129 380120 96347336 2069576 62924820    0    0 1287728 1212912 283537 857596 42 15  5 38  0  0
218 36 380120 96348760 2069576 62924836    0    0 1824784 970428 320228 992542 60 22  2 15  0  0
92 49 380120 96347644 2069576 62924852    0    0 2199936 445760 328823 996384 70 24  1  5  0  0
213 23 380120 96346488 2069576 62924872    0    0 2213664 436496 330308 996507 70 25  1  4  0  0
133 30 380120 96336548 2069576 62924892    0    0 2208912 426992 330634 1009258 69 25  1  5  0  0
168 19 380120 96324136 2069576 62924908    0    0 2179648 432912 329332 995635 69 25  1  5  0  0
procs -----------memory---------- ---swap-- -----io---- -system-- -------cpu-------
 r  b   swpd   free   buff  cache   si   so    bi    bo   in   cs us sy id wa st gu
192 59 380120 96309156 2069576 62924928    0    0 2199040 430648 330509 992911 69 25  1  5  0  0
184 29 380120 96315136 2069576 62924932    0    0 2189840 434692 330345 1002946 69 25  1  5  0  0
173 51 380120 96320788 2069576 62924952    0    0 2154896 435516 326996 988607 69 25  1  6  0  0
173 39 380120 96311048 2069576 62924972    0    0 2170432 434776 329044 985463 70 25  1  5  0  0
163 27 380120 96313888 2069576 62924984    0    0 2202976 437056 330250 996962 70 25  1  4  0  0
223 33 380120 96300228 2069576 62924996    0    0 2188064 435784 328437 993263 70 25  1  5  0  0
165 61 380120 96307832 2069576 62925020    0    0 2171184 433732 325808 996627 69 25  1  5  0  0
34 190 380120 96333072 2069576 62925036    0    0 1662528 811188 298422 888271 52 19  4 25  0  0
37 187 380120 96370652 2069576 62925052    0    0 1428560 1412832 303913 915033 46 16  5 33  0  0
26 153 380120 96341892 2069576 62925064    0    0 1239072 1199924 278814 837086 41 15  7 37  0  0
33 172 380120 96342948 2069580 62925076    0    0 1421056 1438784 308840 921414 47 17  4 31  0  0
77 128 380120 96337564 2069580 62925108    0    0 1460336 1467740 314445 950051 47 18  4 30  0  0
109 143 380120 96349960 2069580 62925132    0    0 1457824 1365136 308233 930415 48 18  5 29  0  0
52 199 380120 96327748 2069580 62925148    0    0 2078672 594596 324855 985171 68 23  1  7  0  0
101 130 380120 96311952 2069580 62925152    0    0 2179760 440328 328493 983931 70 25  1  4  0  0
70 172 380120 96307284 2069580 62925172    0    0 2176608 451812 328093 981102 69 25  1  5  0  0
51 174 380120 96308804 2069580 62925204    0    0 2059728 439552 318493 999445 65 24  1  9  0  0
102 161 380120 96312552 2069580 62925212    0    0 2167376 428940 326797 990887 68 25  1  6  0  0
81 142 380120 96307216 2069580 62925236    0    0 2191920 437188 329942 1006684 69 25  1  5  0  0
71 116 380120 96300744 2069580 62925248    0    0 2217440 435968 334405 1022762 70 24  1  5  0  0
52 185 380120 96304940 2069580 62925256    0    0 2163248 436704 327136 991624 68 25  1  6  0  0
procs -----------memory---------- ---swap-- -----io---- -system-- -------cpu-------
 r  b   swpd   free   buff  cache   si   so    bi    bo   in   cs us sy id wa st gu
98 162 380120 96302224 2069580 62925272    0    0 2078816 431404 319381 990796 66 24  1  8  0  0
106 89 380120 96305408 2069580 62925292    0    0 2027648 443932 315787 988601 65 23  1 10  0  0
139 109 380120 96290772 2069580 62925304    0    0 2181296 432036 330028 994733 70 25  1  5  0  0
77 145 380120 96295460 2069580 62925328    0    0 2178448 445168 330435 996523 69 25  1  5  0  0
45 176 380120 96306952 2069580 62925348    0    0 1918512 876136 328630 1009177 62 23  2 13  0  0
39 158 380120 96325240 2069584 62925364    0    0 1454848 1455972 312634 945002 47 18  3 32  0  0
52 149 380120 96361780 2069584 62925384    0    0 1444272 1381188 309088 931245 48 18  4 31  0  0
60 168 380120 96362832 2069584 62925400    0    0 1470720 1406868 312463 940631 48 18  4 30  0  0
53 152 380120 96338160 2069584 62925420    0    0 1325856 1267588 292352 882769 43 16  5 36  0  0
58 157 380120 96359504 2069584 62925440    0    0 1350448 1269012 292144 884650 44 15  5 36  0  0
186 30 380120 96346348 2069588 62925448    0    0 1881872 597232 307717 993348 63 22  2 14  0  0
194 43 380120 96323720 2069588 62925464    0    0 2174400 435040 325592 981645 70 25  1  5  0  0
193 20 380120 96310820 2069588 62925488    0    0 2180752 439944 330786 995517 69 25  1  5  0  0
117 44 380120 96304824 2069588 62925504    0    0 2205920 428560 331416 1000148 69 25  1  5  0  0
208 49 380120 96294824 2069588 62925524    0    0 2219296 432380 330580 997644 70 25  1  4  0  0
150 43 380120 96286920 2069588 62925540    0    0 2212160 433076 330267 998375 70 25  1  4  0  0
167 21 380120 96275268 2069588 62925556    0    0 2222304 436996 331318 995157 70 25  1  4  0  0
184 21 380120 96283360 2069588 62925572    0    0 2185856 434140 328681 998225 69 25  1  5  0  0
212 40 380120 96291856 2069596 62925596    0    0 2175392 437744 328168 999505 69 25  1  5  0  0
193 47 380120 96294948 2069596 62925616    0    0 2172976 436224 327990 985992 69 25  1  5  0  0
103 44 380120 96305488 2069596 62925632    0    0 2200048 434296 330148 996493 69 25  1  5  0  0
procs -----------memory---------- ---swap-- -----io---- -system-- -------cpu-------
 r  b   swpd   free   buff  cache   si   so    bi    bo   in   cs us sy id wa st gu
211 34 380120 96296240 2069596 62925652    0    0 2181040 432728 327745 1007403 68 24  1  7  0  0
51 148 380120 96335580 2069596 62925652    0    0 1598736 1183332 314571 940404 52 19  3 26  0  0
32 158 380120 96350092 2069596 62925680    0    0 1321088 1265916 290431 875374 43 16  5 36  0  0
63 163 380120 96365828 2069596 62925696    0    0 1393552 1289992 300019 903614 47 17  4 32  0  0
31 60 380120 96366088 2069596 62925720    0    0 1205312 1205000 273184 817316 39 14  7 40  0  0
47 155 380120 96346524 2069596 62925752    0    0 1399616 1473184 306788 925749 46 17  5 32  0  0
58 182 380120 96346456 2069596 62925776    0    0 1587424 1357768 323672 999301 52 20  3 24  0  0
167 51 380120 96329448 2069596 62925796    0    0 2159248 455404 321893 975006 71 24  1  5  0  0
197 37 380120 96319344 2069600 62925804    0    0 2175184 433048 324583 972906 70 25  1  5  0  0
207 54 380120 96325760 2069600 62925824    0    0 2165840 430588 328323 1000543 69 25  1  6  0  0
