procs -----------memory---------- ---swap-- -----io---- -system-- -------cpu-------
 r  b   swpd   free   buff  cache   si   so    bi    bo   in   cs us sy id wa st gu
 4  0 111728 90518480 1785872 26271080   25   29 243137 218171 64497   38 20  3 72  4  0  0
93  0 111728 90345120 1785872 26271236    0    0     0 94900 89697 41260 94  1  4  0  0  0
123  0 111728 90298328 1785872 26271240    0    0     0 259920 253806 37676 98  1  1  0  0  0
172  0 111728 90219716 1785872 26271320    0    0     0 280212 97261 46608 98  1  1  0  0  0
111  0 111728 90187028 1785872 26271328    0    0     0 284268 98325 47094 97  1  2  0  0  0
155  0 111728 90159432 1785876 26271332    0    0     0 272004 94529 43289 98  1  1  0  0  0
86  0 111728 90143484 1785876 26271348    0    0     0 296660 150258 46688 97  1  2  0  0  0
124  0 111728 90123408 1785876 26271356    0    0     0 235780 113018 42175 98  1  1  0  0  0
124  0 111728 90104452 1785876 26271364    0    0     0 275024 97634 44187 98  1  1  0  0  0
148  0 111728 90076084 1785876 26271372    0    0     0 253820 98955 42560 98  1  1  0  0  0
130  0 111728 90064320 1785876 26271380    0    0     0 271052 102148 44102 98  1  1  0  0  0
127  0 111728 90050512 1785876 26271392    0    0     0 283604 101370 44942 98  1  1  0  0  0
165  0 111728 90024616 1785876 26271400    0    0     0 257700 104975 44068 98  1  1  0  0  0
159  0 111728 90014176 1785876 26271408    0    0     0 267284 100345 45887 98  1  1  0  0  0
143  0 111728 89999700 1785876 26271416    0    0     0 254980 99925 44145 98  1  1  0  0  0
75  0 111728 89972408 1785880 26271420    0    0     0 263540 105784 42649 98  1  1  0  0  0
189  0 111728 89454016 1785880 26271448    0    0     0 313860 340249 98973 85  6  9  0  0  0
145  0 111728 89176240 1785880 26271460    0    0     0 295620 329567 73155 95  4  1  0  0  0
154  0 111728 89159440 1785880 26271468    0    0     0 260148 95736 45625 98  1  1  0  0  0
128  0 111728 89154380 1785880 26271472    0    0     0 259504 94297 42662 98  1  1  0  0  0
177  0 111728 89157360 1785884 26271476    0    0     0 276072 112219 45256 98  1  1  0  0  0
procs -----------memory---------- ---swap-- -----io---- -system-- -------cpu-------
 r  b   swpd   free   buff  cache   si   so    bi    bo   in   cs us sy id wa st gu
101  0 111728 89155680 1785884 26271492    0    0     0 276372 96794 43247 98  1  1  0  0  0
129  0 111728 89151732 1785884 26271500    0    0     0 270324 95586 43709 98  1  1  0  0  0
96  0 111728 89130600 1785884 26271512    0    0     0 264980 97938 43186 98  1  1  0  0  0
110  0 111728 88815044 1785884 26271520    0    0     0 300876 280293 76259 95  4  1  0  0  0
297  0 111728 87876364 1785888 26271524    0    0     0 359128 718207 314942 68 26  5  0  0  0
234  0 111728 87712732 1785888 26271540    0    0     0 335172 247429 537365 82 17  0  0  0  0
244  1 111728 87518992 1785888 26271548    0    0     0 333812 256195 612029 80 20  0  0  0  0
315  0 111728 87345440 1785888 26271556    0    0     0 326340 273355 623139 79 20  0  0  0  0
311  0 111728 87268680 1785888 26271568    0    0     0 330520 264903 612795 79 20  0  0  0  0
247  0 111728 87243600 1785892 26271572    0    0     0 333916 241691 620124 80 20  0  0  0  0
282  0 111728 87187404 1785892 26271588    0    0     0 335388 247439 624376 79 21  0  0  0  0
300  0 111728 87176988 1785892 26271596    0    0     0 332684 227545 629160 80 20  0  0  0  0
271  0 111728 87166504 1785892 26271604    0    0     0 332788 248234 631494 80 20  0  0  0  0
261  0 111728 87169020 1785892 26271616    0    0     0 336804 208487 635484 80 20  0  0  0  0
216  0 111728 87166376 1785896 26271620    0    0     0 338608 206207 632732 80 20  0  0  0  0
186  0 111728 87156696 1785896 26271632    0    0     0 341168 206538 631616 80 20  0  0  0  0
231  0 111728 87153660 1785896 26271640    0    0     0 340420 208564 637115 80 20  0  0  0  0
223  0 111728 87148808 1785896 26271648    0    0     0 340152 207582 631494 80 20  1  0  0  0
264  0 111728 87139956 1785896 26271656    0    0     0 343036 222071 630375 80 20  0  0  0  0
250  0 111728 87149876 1785904 26271660    0    0     0 346432 212531 629911 80 20  0  0  0  0
245  0 111728 87141072 1785904 26271680    0    0     0 345212 212592 632637 80 20  0  0  0  0
procs -----------memory---------- ---swap-- -----io---- -system-- -------cpu-------
 r  b   swpd   free   buff  cache   si   so    bi    bo   in   cs us sy id wa st gu
210  0 111728 87143884 1785904 26271692    0    0     0 342652 211921 630356 79 20  0  0  0  0
288  0 111728 87144980 1785904 26271700    0    0     0 348124 215372 634365 80 20  1  0  0  0
225  0 111728 87140644 1785904 26271712    0    0     0 349820 218611 631688 79 20  0  0  0  0
285  0 111728 87157928 1785908 26271716    0    0     0 349772 205132 626042 80 20  0  0  0  0
194  0 111728 87162716 1785908 26271728    0    0     0 350744 212892 634779 79 20  0  0  0  0
257  0 111728 87159632 1785908 26271744    0    0     0 352544 214016 629204 80 20  0  0  0  0
230  0 111728 87155464 1785908 26271752    0    0     0 354024 217914 628269 79 20  0  0  0  0
292  0 111728 87153016 1785908 26271760    0    0     0 354084 212401 635414 79 20  1  0  0  0
187  0 111728 87168200 1785912 26271768    0    0     0 355892 208075 630287 80 20  0  0  0  0
328  0 111728 87176564 1785912 26271784    0    0     0 353652 207156 641285 80 20  1  0  0  0
253  0 111728 87171056 1785912 26271796    0    0     0 356164 214651 635885 80 20  0  0  0  0
275  0 111728 87170268 1785912 26271804    0    0     0 360304 209601 636868 80 20  0  0  0  0
197  1 111728 87164800 1785912 26271812    0    0     0 360728 209955 633292 79 20  1  0  0  0
256  0 111728 87171676 1785916 26271816    0    0     0 362136 210194 623892 80 20  0  0  0  0
259  0 111728 87170572 1785916 26271832    0    0     0 363924 206683 619553 80 20  0  0  0  0
205  0 111728 87172284 1785916 26271844    0    0     0 410004 206612 632981 80 20  0  0  0  0
219  0 111728 87157232 1785916 26271852    0    0     0 411240 215073 622572 79 20  0  0  0  0
245  0 111728 87151384 1785916 26271896    0    0     0 415384 201156 614969 79 21  0  0  0  0
275  0 111728 87152404 1785916 26271872    0    0     0 414432 205980 624600 80 20  0  0  0  0
234  0 111728 87155936 1785916 26271880    0    0     0 414736 215422 628049 80 20  0  0  0  0
236  0 111728 87165840 1785916 26271892    0    0     0 417936 207689 625393 80 20  0  0  0  0
procs -----------memory---------- ---swap-- -----io---- -system-- -------cpu-------
 r  b   swpd   free   buff  cache   si   so    bi    bo   in   cs us sy id wa st gu
232  0 111728 87172836 1785920 26271984    0    0     0 414328 213647 616612 79 20  0  0  0  0
250  0 111728 87173072 1785920 26271996    0    0     0 417280 207185 624094 80 20  0  0  0  0
279  0 111728 87173464 1785920 26272008    0    0     0 418976 211130 622681 79 20  0  0  0  0
229  0 111728 87167600 1785920 26272016    0    0     0 421112 211252 621204 80 20  0  0  0  0
246  0 111728 87157900 1785920 26272028    0    0     0 416768 217536 615940 79 21  0  0  0  0
197  0 111728 87161900 1785920 26272036    0    0     0 416316 203713 624791 79 20  1  0  0  0
180  0 111728 87151880 1785924 26272052    0    0     0 421652 211784 620140 79 20  0  0  0  0
256  0 111728 87158044 1785924 26272060    0    0     0 419828 207864 622773 80 20  0  0  0  0
280  0 111728 87160280 1785924 26272064    0    0     0 422252 205491 623842 79 20  1  0  0  0
274  0 111728 87154332 1785924 26272072    0    0     0 421228 212309 639760 80 20  1  0  0  0
272  0 111728 87142736 1785924 26272084    0    0     0 421944 215647 618286 79 21  0  0  0  0
268  0 111728 87151136 1785928 26272092    0    0     0 428008 211121 609149 79 20  0  0  0  0
226  0 111728 87148568 1785928 26272104    0    0     0 425576 212224 624460 80 20  0  0  0  0
276  0 111728 87157220 1785928 26272116    0    0     0 425552 263377 618288 80 20  0  0  0  0
220  0 111728 87150416 1785928 26272124    0    0     0 428704 211021 619226 79 20  0  0  0  0
322  0 111728 87154972 1785928 26272136    0    0     0 428164 203862 627376 79 20  1  0  0  0
288  0 111728 87154816 1785928 26272144    0    0     0 425720 207632 620920 80 20  0  0  0  0
314  0 111728 87156804 1785928 26272160    0    0     0 427664 210448 616965 79 20  0  0  0  0
238  0 111728 87144948 1785928 26272168    0    0     0 426472 225865 620912 79 20  0  0  0  0
268  1 111728 87144156 1785928 26272176    0    0     0 430300 216245 619108 79 21  0  0  0  0
252  0 111728 87139204 1785928 26272188    0    0     0 430052 219284 612123 79 20  0  0  0  0
procs -----------memory---------- ---swap-- -----io---- -system-- -------cpu-------
 r  b   swpd   free   buff  cache   si   so    bi    bo   in   cs us sy id wa st gu
317  0 111728 87150684 1785928 26272200    0    0     0 429052 207741 625146 79 20  1  0  0  0
177  0 111728 87146004 1785928 26272208    0    0     0 430268 211456 620679 79 20  0  0  0  0
296  0 111728 87135024 1785928 26272220    0    0     0 431756 216988 618979 79 21  0  0  0  0
259  0 111728 87144000 1785928 26272232    0    0     0 466796 207517 623171 79 20  0  0  0  0
265  0 111728 87147272 1785932 26272236    0    0     0 467576 206608 627753 79 20  0  0  0  0
227  0 111728 87143448 1785932 26272248    0    0     0 470656 222246 620518 79 21  0  0  0  0
186  0 111728 87130544 1785932 26272260    0    0     0 468688 215777 623219 79 21  0  0  0  0
307  0 111728 87133268 1785932 26272268    0    0     0 473524 218079 619933 79 20  0  0  0  0
222  0 111728 87119952 1785932 26272276    0    0     0 469140 212136 626830 79 20  0  0  0  0
274  0 111728 87129472 1785940 26272280    0    0     0 467068 209098 636314 80 20  0  0  0  0
212  0 111728 87121760 1785940 26272296    0    0     0 472432 211129 616939 79 20  0  0  0  0
238  0 111728 87131216 1785940 26272308    0    0     0 473600 205283 614154 80 20  0  0  0  0
301  0 111728 87125328 1785944 26272324    0    0     4 473948 209243 621410 80 20  0  0  0  0
240  0 111728 87125592 1785944 26272336    0    0     0 473284 206371 623284 79 20  1  0  0  0
286  0 111728 87119056 1785948 26272344    0    0     0 475564 216589 617820 79 20  0  0  0  0
279  0 111728 87126856 1785948 26272356    0    0     0 475588 210502 614575 79 20  0  0  0  0
249  2 111728 87119676 1785948 26272368    0    0     0 488524 210514 613132 79 20  0  0  0  0
256  0 111728 87121264 1785948 26272376    0    0     0 463000 209043 628498 80 20  0  0  0  0
188  1 111728 87120184 1785948 26272384    0    0     0 495236 208896 619942 80 20  0  0  0  0
172  1 111728 87104096 1785948 26272420    0    0     0 474208 203507 608486 79 20  0  0  0  0
215  5 111728 87091780 1785948 26272564    0    0     0 477108 206074 612325 79 20  0  0  0  0
procs -----------memory---------- ---swap-- -----io---- -system-- -------cpu-------
 r  b   swpd   free   buff  cache   si   so    bi    bo   in   cs us sy id wa st gu
243  0 111728 87082284 1785948 26272812    0    0     0 461452 206051 616892 79 20  1  0  0  0
269  0 111728 87086636 1785948 26272452    0    0     0 477520 207200 619628 80 20  0  0  0  0
277  0 111728 87088284 1785948 26272460    0    0     0 503540 207123 625628 80 20  0  0  0  0
250  0 111728 87084808 1785952 26272464    0    0     0 476048 206642 618468 80 20  0  0  0  0
267  0 111728 87080056 1785952 26272480    0    0     0 476248 213775 620786 79 20  0  0  0  0
323  0 111728 87085308 1785952 26272488    0    0     0 484924 214750 623763 79 20  0  0  0  0
289  0 111728 87073516 1785952 26272500    0    0     0 473960 210456 620986 79 21  0  0  0  0
308  2 111728 87073580 1785952 26272508    0    0     0 485940 212617 621844 80 20  0  0  0  0
286  0 111728 87080628 1785956 26272512    0    0     0 489192 208295 619513 80 20  0  0  0  0
234  0 111728 87074808 1785956 26272528    0    0     0 470304 209866 628713 80 20  0  0  0  0
282  0 111728 87068056 1785956 26272540    0    0     0 479328 207871 623515 79 20  0  0  0  0
244  0 111728 87074916 1785956 26272548    0    0     0 484584 274744 622681 79 20  0  0  0  0
302  0 111728 87073604 1785956 26272560    0    0     0 523064 223667 624310 79 21  0  0  0  0
255  0 111728 87072292 1785960 26272568    0    0     0 507024 215524 617186 79 20  0  0  0  0
293  1 111728 87076052 1785960 26272584    0    0     0 498824 209155 616474 79 20  0  0  0  0
270  0 111728 87074832 1785960 26272596    0    0     0 515784 208466 620282 79 20  1  0  0  0
267  0 111728 87073356 1785960 26272612    0    0     0 501088 207466 622527 80 20  0  0  0  0
310  0 111728 87056608 1785960 26272620    0    0     0 513288 258513 618678 79 21  0  0  0  0
292  0 111728 87057384 1785972 26272680    0    0     0 495624 236971 617319 79 20  0  0  0  0
245  1 111728 87061328 1785972 26272704    0    0     0 521900 234162 636333 79 21  0  0  0  0
260  0 111728 87059188 1785972 26272716    0    0     0 496792 258034 617935 79 21  0  0  0  0
procs -----------memory---------- ---swap-- -----io---- -system-- -------cpu-------
 r  b   swpd   free   buff  cache   si   so    bi    bo   in   cs us sy id wa st gu
156  1 111728 87074436 1785972 26272724    0    0     0 546936 240873 625327 79 20  0  0  0  0
252  2 111728 87072708 1785972 26272732    0    0     0 485040 246979 623320 79 21  0  0  0  0
279  0 111728 87070148 1785976 26272736    0    0     0 498276 239296 629049 79 21  0  0  0  0
248  0 111728 87074856 1785976 26272752    0    0     0 525920 241554 632380 79 20  0  0  0  0
277  2 111728 87064380 1785976 26272760    0    0     0 500364 235477 614811 79 20  0  0  0  0
189  0 111728 87050360 1785976 26272772    0    0     0 504092 238354 622673 79 21  0  0  0  0
253  0 111728 87063400 1785976 26272780    0    0     0 540740 225755 624399 79 20  0  0  0  0
146  4 111728 87067556 1785980 26272784    0    0     0 486344 228667 620814 79 20  0  0  0  0
309  0 111728 87059920 1785980 26272804    0    0     0 503100 227371 627138 79 20  0  0  0  0
274  0 111728 87060184 1785980 26272812    0    0     0 505968 230171 619738 79 21  0  0  0  0
259  0 111728 87060168 1785980 26272824    0    0     0 517104 225948 625915 79 20  0  0  0  0
338  0 111728 87042372 1785980 26272832    0    0     0 504920 234899 615766 79 21  0  0  0  0
273  0 111728 87050472 1785980 26272840    0    0     0 514444 214668 624463 79 20  0  0  0  0
172  1 111728 87045400 1785980 26272848    0    0     0 514808 206815 622573 80 20  0  0  0  0
225  0 111728 87041976 1785980 26272860    0    0     0 480468 207471 628139 80 20  0  0  0  0
264  0 111728 87042680 1785980 26272868    0    0     0 548356 207723 629700 80 20  0  0  0  0
307  0 111728 87042132 1785980 26272876    0    0     0 527356 211524 632020 80 20  0  0  0  0
226  0 111728 87038520 1785984 26272880    0    0     0 516468 206812 621001 80 20  0  0  0  0
321  0 111728 87030588 1785984 26272892    0    0     0 548968 209709 633022 80 20  0  0  0  0
194  0 111728 87030208 1785984 26272904    0    0     0 479240 207283 619513 79 20  0  0  0  0
324  0 111728 87029500 1785984 26272920    0    0     0 555380 208800 622043 79 20  0  0  0  0
procs -----------memory---------- ---swap-- -----io---- -system-- -------cpu-------
 r  b   swpd   free   buff  cache   si   so    bi    bo   in   cs us sy id wa st gu
314  1 111728 87032480 1785984 26272928    0    0     0 513220 206426 631742 79 20  1  0  0  0
211  1 111728 87030304 1785988 26272932    0    0     0 500444 207208 621466 80 20  0  0  0  0
139  0 111728 87038672 1785988 26272948    0    0     0 511500 209113 624094 80 20  0  0  0  0
247  3 111728 87044008 1785988 26272960    0    0     0 558292 211793 631639 79 20  0  0  0  0
259  0 111728 87038020 1785988 26272972    0    0     0 511364 206571 620829 80 20  0  0  0  0
269  0 111728 87039772 1785988 26272984    0    0     0 551116 210611 630870 80 20  0  0  0  0
266  0 111728 87033680 1785988 26272992    0    0     0 515732 209929 625766 79 20  0  0  0  0
269  0 111728 87028232 1785988 26273000    0    0     0 522424 208168 625650 79 20  0  0  0  0
254  1 111728 87028432 1785988 26273012    0    0     0 591152 208596 624678 80 20  0  0  0  0
243  2 111728 87034544 1785988 26273024    0    0     0 620588 213299 640389 80 20  0  0  0  0
287  0 111728 87032936 1785988 26273028    0    0     0 611652 209012 631164 79 20  1  0  0  0
253  1 111728 87036200 1785988 26273036    0    0     0 666220 211056 634940 79 20  1  0  0  0
175  1 111728 87029216 1785988 26273048    0    0     0 617588 207220 626842 79 20  0  0  0  0
304  1 111728 87030100 1785988 26273060    0    0     0 568928 209156 630976 80 20  0  0  0  0
312  0 111728 87029808 1785988 26273072    0    0     0 622676 211128 637023 80 20  0  0  0  0
299  1 111728 87025836 1785988 26273080    0    0     0 556580 206903 633172 79 20  0  0  0  0
337  1 111728 87021956 1785988 26273088    0    0     0 589232 208442 625294 79 20  0  0  0  0
263  0 111728 87024592 1785988 26273096    0    0     0 595332 211208 634855 80 20  0  0  0  0
217  0 111728 87028308 1785988 26273108    0    0     0 609440 208955 628284 80 20  0  0  0  0
327  1 111728 87030632 1785988 26273116    0    0     0 648984 215284 629232 79 20  0  0  0  0
172  2 111728 87030512 1785996 26273120    0    0     0 561524 210100 620374 80 20  0  0  0  0
procs -----------memory---------- ---swap-- -----io---- -system-- -------cpu-------
 r  b   swpd   free   buff  cache   si   so    bi    bo   in   cs us sy id wa st gu
312  1 111728 87035716 1786004 26273128    0    0     0 517400 212472 625716 79 20  0  0  0  0
280  1 111728 87038064 1786004 26273144    0    0     0 701300 216365 636752 79 20  0  0  0  0
211  2 111728 87029640 1786004 26273156    0    0     0 498744 208306 627052 80 20  1  0  0  0
281  2 111728 87027132 1786004 26273168    0    0     0 558528 212328 629435 80 20  0  0  0  0
269  0 111728 87032088 1786004 26273176    0    0     0 550564 211980 630774 79 20  0  0  0  0
312  0 111728 87035120 1786004 26273184    0    0     0 596020 213757 632908 79 20  0  0  0  0
292  0 111728 87031380 1786004 26273192    0    0     0 556532 209618 617986 80 20  0  0  0  0
145  1 111728 87035092 1786004 26273196    0    0     0 640788 215542 634470 79 20  0  0  0  0
188  4 111728 87031608 1786004 26273212    0    0     0 591576 208275 625903 80 20  0  0  0  0
290  0 111728 87027960 1786004 26273220    0    0     0 467488 206031 617535 80 20  0  0  0  0
204  0 111728 87023616 1786004 26273228    0    0     0 607548 214366 631630 80 20  0  0  0  0
214  3 111728 87026480 1786004 26273236    0    0     0 634744 214482 640849 79 20  0  0  0  0
196  3 111728 87023808 1786004 26273240    0    0     0 558680 208769 621524 79 20  0  0  0  0
316  0 111728 87024512 1786004 26273252    0    0     0 567768 211538 629959 79 20  0  0  0  0
288  1 111728 87026640 1786020 26273248    0    0     4 662852 213936 635106 80 20  0  0  0  0
224  0 111728 87021808 1786020 26273344    0    0     0 505564 207551 619658 80 20  0  0  0  0
265  1 111728 87012512 1786020 26273368    0    0     0 589868 207811 622934 79 20  0  0  0  0
194  0 111728 86987384 1786020 26273628    0    0     0 518096 203853 606007 80 20  0  0  0  0
275  0 111728 87002148 1786020 26273688    0    0     0 630864 212894 627650 79 20  0  0  0  0
225  1 111728 87002492 1786020 26273396    0    0     0 581824 208711 621543 80 20  0  0  0  0
312  0 111728 87009336 1786020 26273404    0    0     0 509316 207003 620596 79 20  0  0  0  0
procs -----------memory---------- ---swap-- -----io---- -system-- -------cpu-------
 r  b   swpd   free   buff  cache   si   so    bi    bo   in   cs us sy id wa st gu
222  0 111728 87013072 1786020 26273420    0    0     0 575952 210052 627668 80 20  0  0  0  0
306  0 111728 87015340 1786020 26273424    0    0     0 613204 215532 631438 80 20  0  0  0  0
266  0 111728 87011400 1786020 26273436    0    0     0 474108 207282 616134 80 20  0  0  0  0
281  2 111728 87007508 1786024 26273444    0    0     0 718652 217606 632518 79 21  0  0  0  0
210  0 111728 87008132 1786024 26273456    0    0     0 490812 206723 622439 80 20  0  0  0  0
287  0 111728 87003980 1786024 26273464    0    0     0 613964 213250 631829 80 20  0  0  0  0
202  1 111728 87004068 1786024 26273476    0    0     0 526644 209340 620349 79 20  0  0  0  0
244  0 111728 87008000 1786024 26273492    0    0     0 595676 209692 628605 79 20  1  0  0  0
224  0 111728 87009504 1786024 26273500    0    0     0 521368 204504 619045 80 20  0  0  0  0
282  0 111728 87006204 1786028 26273508    0    0     0 555312 208410 627553 80 20  0  0  0  0
234  2 111728 87006608 1786028 26273520    0    0     0 607708 208704 624552 80 20  0  0  0  0
238  1 111728 87006396 1786028 26273528    0    0     0 599784 208680 623146 80 20  0  0  0  0
248  0 111728 87003780 1786028 26273544    0    0     0 519332 206296 620437 80 20  0  0  0  0
228  1 111728 87000252 1786028 26273552    0    0     0 567700 210899 636351 80 20  0  0  0  0
268  0 111728 86994924 1786032 26273556    0    0     0 519548 208021 623506 80 20  0  0  0  0
312  0 111728 86996708 1786032 26273568    0    0     0 583112 211175 620987 80 20  0  0  0  0
243  2 111728 86996744 1786032 26273576    0    0     0 473816 205142 622064 80 20  0  0  0  0
252  0 111728 87000320 1786040 26273576    0    0     0 551988 210581 626216 79 20  0  0  0  0
316  0 111728 86990788 1786040 26273600    0    0     0 598104 214867 638557 80 20  0  0  0  0
247  2 111728 86991156 1786048 26273600    0    0     0 638688 212274 633840 80 20  0  0  0  0
257  1 111728 86988812 1786048 26273620    0    0     0 549308 209318 630180 79 20  0  0  0  0
procs -----------memory---------- ---swap-- -----io---- -system-- -------cpu-------
 r  b   swpd   free   buff  cache   si   so    bi    bo   in   cs us sy id wa st gu
306  2 111728 86988620 1786048 26273628    0    0     0 518700 206935 628900 79 20  1  0  0  0
287  1 111728 86980328 1786048 26273636    0    0     0 539956 208054 624370 80 20  0  0  0  0
284  0 111728 86981916 1786048 26273648    0    0     0 520980 207260 627100 80 20  0  0  0  0
298  0 111728 86984540 1786048 26273656    0    0     0 626588 213042 635727 80 20  0  0  0  0
234  0 111728 86980532 1786048 26273664    0    0     0 553044 206606 624436 80 20  0  0  0  0
204  0 111728 86984084 1786048 26273672    0    0     0 543520 207490 618661 79 20  0  0  0  0
302  0 111728 86987472 1786048 26273684    0    0     0 565876 211449 630500 80 20  0  0  0  0
212  2 111728 86983364 1786048 26273696    0    0     0 635864 212024 631920 79 20  0  0  0  0
272  2 111728 86982952 1786052 26273704    0    0     0 538636 207453 623047 80 20  0  0  0  0
326  0 111728 86982788 1786052 26273716    0    0     0 556644 207593 625442 79 20  0  0  0  0
273  0 111728 86979720 1786052 26273724    0    0     0 488068 217942 620273 80 20  0  0  0  0
267  0 111728 86977852 1786052 26273740    0    0     0 546228 209936 628617 80 20  0  0  0  0
258  1 111728 86977300 1786052 26273756    0    0     0 659860 211424 632615 80 20  0  0  0  0
229  1 111728 86980292 1786068 26273756    0    0     0 526344 210087 633884 79 20  0  0  0  0
269  0 111728 86977220 1786068 26273772    0    0     0 488476 207201 621141 80 20  0  0  0  0
275  0 111728 86969048 1786068 26273780    0    0     0 583004 209719 622970 79 20  0  0  0  0
284  0 111728 86971896 1786068 26273788    0    0     0 618520 210734 629262 80 20  0  0  0  0
251  0 111728 86968020 1786068 26273800    0    0     0 480244 209006 628017 79 20  0  0  0  0
211  0 111728 86971536 1786072 26273796    0    0     0 581756 210074 629026 80 20  0  0  0  0
268  0 111728 86971828 1786072 26273808    0    0     0 579244 208603 624271 80 20  0  0  0  0
289  0 111728 86969508 1786072 26273816    0    0     0 571240 206893 625064 80 20  0  0  0  0
procs -----------memory---------- ---swap-- -----io---- -system-- -------cpu-------
 r  b   swpd   free   buff  cache   si   so    bi    bo   in   cs us sy id wa st gu
273  1 111728 86971592 1786072 26273832    0    0     0 526196 207877 622049 80 20  0  0  0  0
184  1 111728 86967612 1786072 26273840    0    0     0 588560 212256 631217 80 20  0  0  0  0
262  0 111728 86963404 1786072 26273848    0    0     0 508328 206446 628341 80 20  0  0  0  0
230  0 111728 86963904 1786072 26273856    0    0     0 490948 207132 620667 80 20  0  0  0  0
271  0 111728 86960732 1786072 26273864    0    0     0 584168 208110 630328 80 20  0  0  0  0
247  4 111728 86965284 1786072 26273876    0    0     0 618100 213498 636547 80 20  0  0  0  0
248  0 111728 86966500 1786072 26273888    0    0     0 548328 210373 629757 80 20  0  0  0  0
164  0 111728 86965600 1786072 26273900    0    0     0 511168 207851 630534 79 20  1  0  0  0
327  0 111728 86961152 1786072 26273908    0    0     0 522724 208807 626314 79 20  0  0  0  0
281  1 111728 86961088 1786072 26273916    0    0     0 601284 209113 629578 80 20  0  0  0  0
305  0 111728 86961780 1786072 26273932    0    0     0 629620 211806 627712 80 20  0  0  0  0
262  0 111728 86960400 1786072 26273996    0    0     0 447360 204279 617319 80 20  0  0  0  0
312  1 111728 86959748 1786076 26274028    0    0     4 602212 212362 629353 80 20  0  0  0  0
301  1 111728 86957220 1786076 26274044    0    0     0 668648 216308 638311 79 20  0  0  0  0
401  0 111728 86947208 1786076 26274052    0    0     0 428656 213320 619927 80 20  0  0  0  0
293  1 111728 86943332 1786076 26274060    0    0     0 458852 213897 620363 79 21  0  0  0  0
269  0 111728 86957196 1786076 26274060    0    0     0 640788 215208 629914 79 21  0  0  0  0
268  0 111728 86946372 1786076 26274072    0    0     0 474552 209723 619135 79 21  0  0  0  0
210  1 111728 86951728 1786076 26274088    0    0     0 602632 220906 631301 79 21  0  0  0  0
295  0 111728 86945744 1786076 26274088    0    0     0 540140 212987 621997 79 20  0  0  0  0
225  1 111728 86954936 1786076 26274108    0    0     0 541508 211340 622940 80 20  0  0  0  0
procs -----------memory---------- ---swap-- -----io---- -system-- -------cpu-------
 r  b   swpd   free   buff  cache   si   so    bi    bo   in   cs us sy id wa st gu
254  0 111728 86946808 1786076 26274124    0    0     0 549324 217804 622369 79 20  0  0  0  0
267  3 111728 86955652 1786080 26274124    0    0     0 677956 217230 638394 80 20  0  0  0  0
270  0 111728 86954288 1786080 26274140    0    0     0 446240 208919 618679 80 20  0  0  0  0
301  2 111728 86956332 1786080 26274140    0    0     0 634664 215511 631628 80 20  0  0  0  0
272  1 111728 86961012 1786080 26274136    0    0     0 511896 206002 622463 80 20  0  0  0  0
334  4 111728 86953420 1786080 26274156    0    0     0 630004 215391 630753 79 21  0  0  0  0
218  0 111728 86956032 1786092 26274156    0    0     0 495532 215663 617209 79 20  0  0  0  0
199  0 111728 86955632 1786092 26274164    0    0     0 669104 217325 638613 79 20  0  0  0  0
280  2 111728 86959540 1786092 26274176    0    0     0 396544 206219 613238 80 20  0  0  0  0
268  1 111728 86954516 1786092 26274176    0    0     0 620464 216375 633082 79 20  0  0  0  0
185  0 111728 86953868 1786092 26274188    0    0     0 468232 214641 611498 79 20  0  0  0  0
314  0 111728 86955440 1786096 26274200    0    0     0 515452 212531 623652 79 20  0  0  0  0
259  0 111728 86954740 1786096 26274208    0    0     0 634924 213724 628037 80 20  0  0  0  0
283  0 111728 86953440 1786096 26274216    0    0     0 581372 209551 624222 79 20  0  0  0  0
308  0 111728 86947788 1786096 26274224    0    0     0 470612 208744 621659 80 20  0  0  0  0
223  0 111728 86951552 1786096 26274236    0    0     0 499360 213406 629794 80 20  0  0  0  0
231  0 111728 86946256 1786100 26274248    0    0     0 583740 214760 626319 79 20  0  0  0  0
180  1 111728 86952412 1786100 26274256    0    0     0 642076 210101 620983 80 20  0  0  0  0
162  2 111728 86949272 1786100 26274264    0    0     0 563160 207426 620804 80 20  0  0  0  0
312  0 111728 86952992 1786100 26274272    0    0     0 503036 208775 624292 80 20  0  0  0  0
262  3 111728 86951560 1786100 26274284    0    0     0 588548 210384 626978 79 20  0  0  0  0
procs -----------memory---------- ---swap-- -----io---- -system-- -------cpu-------
 r  b   swpd   free   buff  cache   si   so    bi    bo   in   cs us sy id wa st gu
290  1 111728 86951376 1786112 26274288    0    0     0 456168 204958 614115 80 20  0  0  0  0
239  1 111728 86948104 1786112 26274308    0    0     0 569964 235755 626730 80 20  0  0  0  0
250  0 111728 86949200 1786112 26274316    0    0     0 612120 211386 622011 79 20  0  0  0  0
326  2 111728 86952208 1786112 26274324    0    0     0 411508 205932 617263 80 20  0  0  0  0
299  0 111728 86946696 1786112 26274336    0    0     0 638164 211302 624151 80 20  0  0  0  0
224  2 111728 86948692 1786116 26274344    0    0     0 504804 208501 617151 80 20  0  0  0  0
281  0 111728 86946512 1786116 26274356    0    0     0 486472 208993 622609 80 20  0  0  0  0
338  1 111728 86947004 1786116 26274364    0    0     0 575520 213009 629741 80 20  0  0  0  0
209  1 111728 86941740 1786116 26274372    0    0     0 519632 218376 629418 79 21  0  0  0  0
276  0 111728 86944824 1786116 26274384    0    0     0 581704 210548 624389 79 21  0  0  0  0
203  1 111728 86947772 1786120 26274388    0    0     0 539464 211142 630972 80 20  0  0  0  0
200  0 111728 86945744 1786120 26274404    0    0     0 618272 212449 633631 79 20  0  0  0  0
204  0 111728 86938840 1786124 26274416    0    0     0 569324 207389 636043 80 20  0  0  0  0
229  1 111728 86936312 1786124 26274424    0    0     0 373080 202645 621643 80 20  0  0  0  0
325  0 111728 86935132 1786124 26274436    0    0     0 653092 215570 630293 79 21  0  0  0  0
202  0 111728 86931820 1786128 26274440    0    0     0 689632 216019 648776 79 20  1  0  0  0
255  0 111728 86927740 1786128 26274456    0    0     0 425416 204511 620450 80 20  0  0  0  0
187  0 111728 86925324 1786128 26274464    0    0     0 676680 215236 641313 80 20  0  0  0  0
348  0 111728 86929464 1786128 26274472    0    0     0 487696 208119 631356 79 20  0  0  0  0
222  1 111728 86927648 1786128 26274484    0    0     0 598252 209721 622351 79 20  0  0  0  0
209  1 111728 86923868 1786128 26274496    0    0     0 534440 218973 631030 79 20  0  0  0  0
procs -----------memory---------- ---swap-- -----io---- -system-- -------cpu-------
 r  b   swpd   free   buff  cache   si   so    bi    bo   in   cs us sy id wa st gu
380  0 111728 86925368 1786128 26274508    0    0     0 511508 219185 627466 79 20  0  0  0  0
313  0 111728 86923864 1786128 26274516    0    0     0 561172 221942 628548 79 20  0  0  0  0
286  0 111728 86921444 1786128 26274520    0    0     0 519780 221867 629528 80 20  0  0  0  0
224  0 111728 86920792 1786128 26274528    0    0     0 654368 223850 642396 79 21  0  0  0  0
319  1 111728 86920080 1786132 26274552    0    0     4 515044 217476 620775 80 20  0  0  0  0
291  0 111728 86917964 1786132 26274560    0    0     0 576068 221777 624205 80 20  0  0  0  0
275  0 111728 86916856 1786132 26274568    0    0     0 562996 217434 623735 79 20  0  0  0  0
338  0 111728 86915160 1786132 26274576    0    0     0 460600 213502 627732 80 20  0  0  0  0
210  0 111728 86919588 1786132 26274656    0    0     0 630728 223783 645677 79 21  0  0  0  0
218  0 111728 86918728 1786136 26274664    0    0     0 527284 214216 627740 80 20  0  0  0  0
225  0 111728 86920080 1786136 26274680    0    0     0 567144 218762 633597 79 20  0  0  0  0
246  0 111728 86918900 1786136 26274688    0    0     0 547692 215805 632409 79 20  1  0  0  0
298  0 111728 86910424 1786136 26274700    0    0     0 447004 213924 624546 79 20  0  0  0  0
239  0 111728 86912132 1786136 26274712    0    0     0 542800 213041 636160 80 20  0  0  0  0
270  0 111728 86907844 1786140 26274716    0    0     0 636752 212813 631641 80 20  0  0  0  0
311  0 111728 86912884 1786140 26274728    0    0     0 510620 218879 617622 80 20  0  0  0  0
259  0 111728 86915928 1786140 26274740    0    0     0 571004 213310 627763 79 20  0  0  0  0
297  0 111728 86915272 1786140 26274748    0    0     0 545124 210229 628638 80 20  0  0  0  0
235  0 111728 86919376 1786140 26274756    0    0     0 495268 207397 627033 80 20  0  0  0  0
256  0 111728 86913488 1786140 26274764    0    0     0 538024 209801 630977 80 20  0  0  0  0
319  0 111728 86914740 1786140 26274772    0    0     0 623932 211947 639717 80 20  1  0  0  0
procs -----------memory---------- ---swap-- -----io---- -system-- -------cpu-------
 r  b   swpd   free   buff  cache   si   so    bi    bo   in   cs us sy id wa st gu
189  0 111728 86921008 1786140 26274784    0    0     0 537368 211212 633769 79 20  0  0  0  0
320  1 111728 86919080 1786140 26274792    0    0     0 524076 207585 623120 80 20  0  0  0  0
163  0 111728 86914644 1786140 26274804    0    0     0 564824 212262 633137 79 20  0  0  0  0
287  0 111728 86911496 1786152 26274804    0    0     0 445752 204455 618280 80 20  0  0  0  0
289  0 111728 86913760 1786152 26274828    0    0     0 614020 215033 633011 79 20  0  0  0  0
319  0 111728 86913352 1786152 26274840    0    0     0 568816 210041 629018 79 20  0  0  0  0
268  0 111728 86907132 1786152 26274848    0    0     0 490304 208271 623887 80 20  0  0  0  0
213  0 111728 86914092 1786152 26274856    0    0     0 592384 211383 632357 80 20  0  0  0  0
263  0 111728 86915096 1786156 26274864    0    0     0 501680 208868 623351 80 20  0  0  0  0
265  0 111728 86914608 1786156 26274876    0    0     0 588372 211490 628617 79 20  0  0  0  0
225  0 111728 86911508 1786156 26274888    0    0     0 537956 208281 622873 80 20  0  0  0  0
372  0 111728 86915452 1786156 26274896    0    0     0 553620 212802 627327 80 20  0  0  0  0
294  0 111728 86904552 1786156 26274904    0    0     0 525712 211156 629481 80 20  0  0  0  0
256  0 111728 86901052 1786160 26274912    0    0     0 573000 212234 624243 80 20  0  0  0  0
145  0 111728 86900724 1786160 26274924    0    0     0 529004 211037 634801 79 21  0  0  0  0
282  1 111728 86900964 1786160 26274932    0    0     0 517512 210419 624297 80 20  0  0  0  0
216  0 111728 86898744 1786160 26274940    0    0     0 602608 213044 630903 80 20  0  0  0  0
304  0 111728 86897432 1786160 26274948    0    0     0 536184 210096 626840 80 20  0  0  0  0
214  0 111728 86898376 1786164 26274956    0    0     0 544912 212133 627251 80 20  0  0  0  0
295  0 111728 86897112 1786164 26274968    0    0     0 554044 211988 631078 79 20  0  0  0  0
223  0 111728 86898708 1786164 26274984    0    0     0 535580 211198 631252 80 20  0  0  0  0
procs -----------memory---------- ---swap-- -----io---- -system-- -------cpu-------
 r  b   swpd   free   buff  cache   si   so    bi    bo   in   cs us sy id wa st gu
250  0 111728 86897916 1786180 26274976    0    0   172 554860 209861 626999 80 20  0  0  0  0
312  0 111728 86896420 1786180 26275156    0    0     0 542900 209876 625650 80 20  0  0  0  0
184  0 111728 86899436 1786184 26275164    0    0     0 511248 210101 627396 80 20  0  0  0  0
264  0 111728 86897240 1786184 26275176    0    0     0 612244 211154 626243 80 20  0  0  0  0
166  0 111728 86896556 1786184 26275188    0    0     0 547324 211957 624417 80 20  0  0  0  0
302  0 111728 86900648 1786184 26275196    0    0     0 546772 212439 631548 79 20  1  0  0  0
231  0 111728 86901760 1786184 26275208    0    0     0 545764 209690 626149 80 20  0  0  0  0
173  0 111728 86896080 1786184 26275220    0    0     0 548928 209379 625496 80 20  0  0  0  0
324  0 111728 86896008 1786184 26275228    0    0     0 545156 207524 626315 80 20  0  0  0  0
249  0 111728 86890972 1786184 26275236    0    0     0 544244 208718 634182 79 20  1  0  0  0
256  0 111728 86892428 1786184 26275248    0    0     0 541940 210656 629675 80 20  0  0  0  0
235  0 111728 86892084 1786184 26275256    0    0     0 553636 213241 630867 79 20  0  0  0  0
337  0 111728 86888908 1786184 26275264    0    0     0 544328 210577 631743 80 20  0  0  0  0
358  0 111728 86890736 1786184 26275272    0    0     0 547352 207676 631166 79 20  1  0  0  0
269  0 111728 86892524 1786184 26275280    0    0     0 547800 207518 625079 80 20  0  0  0  0
231  0 111728 86891784 1786188 26275296    0    0     0 548444 209837 624685 79 20  0  0  0  0
258  0 111728 86888608 1786188 26275308    0    0     0 546120 209837 630844 79 20  0  0  0  0
207  0 111728 86887576 1786196 26275312    0    0     0 552032 206543 633140 79 20  1  0  0  0
232  0 111728 86887172 1786196 26275328    0    0     0 549124 208343 632693 79 20  0  0  0  0
285  0 111728 86884312 1786204 26275328    0    0     4 579152 206991 631211 80 20  0  0  0  0
235  3 111728 86886060 1786204 26275356    0    0     0 535660 209758 630224 80 20  0  0  0  0
procs -----------memory---------- ---swap-- -----io---- -system-- -------cpu-------
 r  b   swpd   free   buff  cache   si   so    bi    bo   in   cs us sy id wa st gu
277  0 111728 86883804 1786204 26275364    0    0     0 560128 209008 629518 80 20  0  0  0  0
131  0 111728 86881220 1786208 26275388    0    0     0 547448 208527 629412 80 20  0  0  0  0
234  0 111728 86882016 1786208 26275400    0    0     0 551636 209788 628591 80 20  0  0  0  0
211  0 111728 86882276 1786208 26275408    0    0     0 551536 212951 630503 79 20  0  0  0  0
263  0 111728 86882636 1786208 26275420    0    0     0 549108 206479 624050 79 20  0  0  0  0
289  0 111728 86879660 1786208 26275516    0    0     0 546768 207556 627650 79 20  0  0  0  0
179  0 111728 86882140 1786208 26275528    0    0     0 550372 209105 628188 80 20  0  0  0  0
271  0 111728 86879620 1786208 26275536    0    0     0 548600 209920 635132 80 20  0  0  0  0
245  0 111728 86880788 1786208 26275544    0    0     0 551608 210940 628509 80 20  0  0  0  0
202  0 111728 86883496 1786208 26275560    0    0     0 552304 208754 624408 80 20  0  0  0  0
258  0 111728 86882196 1786208 26275568    0    0     0 557580 208604 628277 79 20  0  0  0  0
325  0 111728 86875492 1786208 26275576    0    0     0 548644 210004 631556 80 20  0  0  0  0
250  0 111728 86875976 1786208 26275588    0    0     0 583388 210010 628097 79 20  0  0  0  0
266  0 111728 86874156 1786208 26275596    0    0     0 551084 210501 627884 80 20  0  0  0  0
317  0 111728 86875348 1786208 26275608    0    0     0 554100 206003 622729 80 20  0  0  0  0
231  0 111728 86874888 1786208 26275616    0    0     0 550904 209058 629358 79 20  0  0  0  0
210  0 111728 86871216 1786208 26275624    0    0     0 550376 208685 629492 80 20  0  0  0  0
204  0 111728 86875820 1786208 26275636    0    0     0 556116 214164 631255 80 20  0  0  0  0
288  0 111728 86872812 1786208 26275644    0    0     0 554652 210861 632843 80 20  0  0  0  0
214  0 111728 86871448 1786208 26275652    0    0     0 558212 207405 623971 80 20  0  0  0  0
186  0 111728 86870616 1786208 26275664    0    0     0 553416 208763 629311 79 20  0  0  0  0
procs -----------memory---------- ---swap-- -----io---- -system-- -------cpu-------
 r  b   swpd   free   buff  cache   si   so    bi    bo   in   cs us sy id wa st gu
247  0 111728 86869396 1786212 26275672    0    0     0 552464 210536 637610 79 20  0  0  0  0
275  0 111728 86869228 1786216 26275680    0    0     0 551060 210454 634909 80 20  0  0  0  0
260  0 111728 86864516 1786216 26275692    0    0     0 550900 209338 626154 80 20  0  0  0  0
268  0 111728 86862672 1786220 26275700    0    0     0 557700 208729 625654 80 20  0  0  0  0
318  0 111728 86870876 1786220 26275708    0    0     0 552396 210894 633327 80 20  0  0  0  0
240  0 111728 86870412 1786228 26275708    0    0     0 587840 210280 631948 80 20  0  0  0  0
215  0 111728 86872872 1786228 26275728    0    0     0 550756 213554 625413 80 20  0  0  0  0
318  0 111728 86870236 1786228 26275740    0    0     0 550832 213482 636458 80 20  0  0  0  0
312  0 111728 86869312 1786228 26275748    0    0     0 556812 207412 625316 80 20  0  0  0  0
282  0 111728 86869516 1786228 26275760    0    0     0 555280 212538 630632 79 20  0  0  0  0
273  0 111728 86865168 1786232 26275768    0    0     0 552368 212250 635609 79 20  1  0  0  0
262  0 111728 86863128 1786232 26275780    0    0     0 549912 208961 631019 79 20  0  0  0  0
218  0 111728 86867528 1786232 26275788    0    0     0 554680 207953 627824 80 20  0  0  0  0
218  0 111728 86867008 1786232 26275796    0    0     0 557780 207382 621071 80 20  0  0  0  0
252  0 111728 86863900 1786232 26275808    0    0     0 554816 211329 629256 80 20  0  0  0  0
302  0 111728 86865208 1786236 26275816    0    0     0 550132 210734 626631 80 20  0  0  0  0
257  0 111728 86871528 1786236 26275832    0    0     0 558592 210380 633783 79 20  0  0  0  0
227  0 111728 86874608 1786236 26275840    0    0     0 550980 210828 630296 80 20  0  0  0  0
177  0 111728 86867804 1786236 26275848    0    0     0 585520 208429 629115 80 20  0  0  0  0
257  0 111728 86864652 1786236 26275864    0    0     0 552588 208247 632098 79 20  0  0  0  0
140  0 111728 86862024 1786240 26275868    0    0     0 558580 208282 622765 79 20  0  0  0  0
procs -----------memory---------- ---swap-- -----io---- -system-- -------cpu-------
 r  b   swpd   free   buff  cache   si   so    bi    bo   in   cs us sy id wa st gu
273  0 111728 86867108 1786240 26275852    0    0     0 551376 209002 634130 79 20  1  0  0  0
241  0 111728 86865768 1786240 26275860    0    0     0 551544 210382 636602 79 20  0  0  0  0
236  0 111728 86864148 1786240 26275868    0    0     0 552988 209579 628084 80 20  0  0  0  0
294  0 111728 86862192 1786240 26275880    0    0     0 548248 209366 627868 80 20  0  0  0  0
201  0 111728 86865648 1786244 26275884    0    0     0 547780 208369 639184 80 20  0  0  0  0
253  0 111728 86864712 1786244 26275900    0    0     0 550628 222535 624422 80 20  0  0  0  0
211  0 111728 86862500 1786244 26275908    0    0     0 552248 209032 632757 79 20  0  0  0  0
241  0 111728 86862764 1786244 26275916    0    0     0 550804 210282 630867 80 20  0  0  0  0
254  0 111728 86858900 1786244 26275928    0    0     0 554104 206957 630022 80 20  0  0  0  0
258  0 111728 86857420 1786244 26275936    0    0     0 551616 210755 636939 80 20  0  0  0  0
247  0 111728 86863548 1786244 26275948    0    0     0 551260 210695 628225 80 20  0  0  0  0
252  0 111728 86853472 1786248 26275952    0    0     4 588348 208748 625931 79 20  1  0  0  0
244  0 111728 86855496 1786248 26275972    0    0     0 561728 209431 634773 80 20  0  0  0  0
228  0 111728 86855824 1786248 26275980    0    0     0 560572 209029 628541 80 20  0  0  0  0
304  0 111728 86857416 1786252 26275992    0    0     0 566412 210117 625192 80 20  0  0  0  0
272  0 111728 86854624 1786252 26276004    0    0     0 564608 208227 624378 80 20  0  0  0  0
290  0 111728 86857080 1786252 26276012    0    0     0 564872 209683 629981 80 20  0  0  0  0
277  0 111728 86857896 1786252 26276020    0    0     0 564324 209625 632421 80 20  0  0  0  0
250  0 111728 86858236 1786252 26276024    0    0     0 567308 211811 637910 80 20  0  0  0  0
267  0 111728 86855308 1786260 26276028    0    0     0 568012 210441 630908 79 20  0  0  0  0
253  0 111728 86854160 1786260 26276052    0    0     0 567320 206441 625429 80 20  0  0  0  0
procs -----------memory---------- ---swap-- -----io---- -system-- -------cpu-------
 r  b   swpd   free   buff  cache   si   so    bi    bo   in   cs us sy id wa st gu
220  0 111728 86854832 1786260 26276060    0    0     0 563980 207699 625253 80 20  0  0  0  0
220  0 111728 86854500 1786260 26276068    0    0     0 567076 206455 625610 79 20  0  0  0  0
267  0 111728 86857508 1786260 26276148    0    0     0 566268 208991 623422 79 20  0  0  0  0
202  0 111728 86852000 1786268 26276152    0    0     0 563452 208538 620282 80 20  0  0  0  0
210  0 111728 86847428 1786268 26276172    0    0     0 594784 211664 628493 79 20  0  0  0  0
266  0 111728 86843332 1786268 26276180    0    0     0 564100 208098 628230 80 20  0  0  0  0
222  0 111728 86843120 1786268 26276188    0    0     0 559668 209464 627390 80 20  0  0  0  0
253  0 111728 86838304 1786268 26276196    0    0     0 556556 208012 631853 79 20  0  0  0  0
270  0 111728 86841960 1786272 26276208    0    0     0 556940 209973 635196 80 20  0  0  0  0
253  0 111728 86834436 1786272 26276224    0    0     0 559552 207012 627087 80 20  0  0  0  0
220  0 111728 86831904 1786272 26276232    0    0     0 561520 207442 620062 80 20  0  0  0  0
326  0 111728 86834388 1786272 26276240    0    0     0 556984 208365 621356 80 20  0  0  0  0
287  0 111728 86834544 1786272 26276248    0    0     0 555060 208896 629479 79 20  0  0  0  0
271  0 111728 86834476 1786276 26276256    0    0     0 551716 207794 631788 80 20  0  0  0  0
231  0 111728 86832032 1786276 26276268    0    0     0 553668 210069 632602 80 20  0  0  0  0
257  0 111728 86835392 1786276 26276276    0    0     0 556048 208984 628912 80 20  0  0  0  0
271  0 111728 86833632 1786276 26276284    0    0     0 551388 211004 633645 79 20  0  0  0  0
288  0 111728 86834740 1786276 26276292    0    0     0 548584 209423 634650 79 20  0  0  0  0
298  0 111728 86834608 1786284 26276300    0    0     0 586592 209574 624905 80 20  0  0  0  0
321  0 111728 86834700 1786284 26276316    0    0     0 554020 227366 625677 79 21  0  0  0  0
304  0 111728 86836532 1786284 26276328    0    0     0 552388 208220 629028 80 20  0  0  0  0
procs -----------memory---------- ---swap-- -----io---- -system-- -------cpu-------
 r  b   swpd   free   buff  cache   si   so    bi    bo   in   cs us sy id wa st gu
282  0 111728 86841392 1786284 26276340    0    0     0 552332 207234 623285 79 20  0  0  0  0
230  0 111728 86836872 1786284 26276348    0    0     0 552396 206291 628157 80 20  0  0  0  0
207  0 111728 86841800 1786288 26276352    0    0     0 548468 210012 633845 79 20  0  0  0  0
287  0 111728 86841900 1786288 26276372    0    0     0 549784 207984 622699 80 20  0  0  0  0
259  0 111728 86841900 1786288 26276380    0    0     0 547864 210387 634406 80 20  0  0  0  0
266  0 111728 86840412 1786288 26276388    0    0     0 553308 204166 622923 80 20  0  0  0  0
239  0 111728 86840516 1786288 26276396    0    0     0 550308 208330 627375 80 20  0  0  0  0
140  0 111728 86843376 1786292 26276400    0    0     0 551332 210597 623469 80 20  0  0  0  0
293  0 111728 86837252 1786292 26276420    0    0     0 587320 210211 627787 80 20  0  0  0  0
299  0 111728 86828484 1786296 26276472    0    0     0 553608 207009 625842 79 20  0  0  0  0
257  0 111728 86834792 1786296 26276480    0    0     0 549184 209515 632878 79 20  0  0  0  0
281  0 111728 86832316 1786296 26276492    0    0     0 555368 211042 636653 80 20  1  0  0  0
265  0 111728 86837640 1786300 26276496    0    0     0 549624 210296 634423 80 20  0  0  0  0
296  0 111728 86843132 1786300 26276512    0    0     0 550792 210470 634164 80 20  0  0  0  0
345  0 111728 86840588 1786300 26276524    0    0     0 551192 206795 625053 80 20  0  0  0  0
218  0 111728 86842136 1786300 26276532    0    0     0 553124 210527 626746 79 20  0  0  0  0
282  0 111728 86840316 1786300 26276540    0    0     0 551880 209154 629985 80 20  0  0  0  0
244  0 111728 86834616 1786300 26276548    0    0     0 553828 220858 625803 80 20  0  0  0  0
265  0 111728 86836612 1786300 26276568    0    0     0 553988 216422 629462 79 21  0  0  0  0
263  0 111728 86842636 1786300 26276576    0    0     0 552796 223138 632302 79 20  0  0  0  0
248  0 111728 86838864 1786300 26276584    0    0     0 553076 219218 627610 79 21  0  0  0  0
procs -----------memory---------- ---swap-- -----io---- -system-- -------cpu-------
 r  b   swpd   free   buff  cache   si   so    bi    bo   in   cs us sy id wa st gu
264  0 111728 86839832 1786300 26276592    0    0     0 555168 209702 619914 79 20  0  0  0  0
243  0 111728 86844200 1786300 26276600    0    0     0 551212 236847 631280 79 21  0  0  0  0
315  0 111728 86843592 1786300 26276612    0    0     0 553056 210430 624467 80 20  0  0  0  0
331  0 111728 86831224 1786304 26276620    0    0     4 587892 223336 626839 79 21  0  0  0  0
159  0 111728 86834164 1786304 26276640    0    0     0 555288 213189 631586 80 20  0  0  0  0
213  0 111728 86843536 1786304 26276648    0    0     0 553256 206793 619148 80 20  0  0  0  0
129  1 111728 86842500 1786312 26276644    0    0     0 550064 217711 626662 79 20  0  0  0  0
276  0 111728 86841616 1786312 26276668    0    0     0 551736 216896 634310 79 21  0  0  0  0
235  0 111728 86839220 1786312 26276676    0    0     0 551664 224383 633294 79 21  0  0  0  0
241  0 111728 86835628 1786312 26276684    0    0     0 551620 220987 633807 79 20  0  0  0  0
200  0 111728 86831788 1786312 26276692    0    0     0 552648 215159 630763 79 21  0  0  0  0
279  0 111728 86834616 1786316 26276696    0    0     0 550084 217238 633385 79 21  0  0  0  0
214  0 111728 86831284 1786316 26276712    0    0     0 553536 216505 618551 79 20  0  0  0  0
255  0 111728 86835680 1786316 26276724    0    0     0 554088 212831 629301 80 20  0  0  0  0
177  0 111728 86842548 1786316 26276732    0    0     0 556324 213107 631551 79 20  0  0  0  0
282  0 111728 86835056 1786316 26276740    0    0     0 554624 215379 627587 80 20  0  0  0  0
297  0 111728 86825412 1786320 26276748    0    0     0 552144 215224 629657 79 20  0  0  0  0
236  0 111728 86830904 1786328 26276752    0    0     0 554128 224015 628836 79 21  0  0  0  0
252  0 111728 86832384 1786328 26276780    0    0     0 553924 224234 625142 79 21  0  0  0  0
257  0 111728 86833264 1786328 26276788    0    0     0 554024 216693 627062 80 20  0  0  0  0
205  0 111728 86840396 1786328 26276860    0    0     0 588728 217143 630874 80 20  0  0  0  0
procs -----------memory---------- ---swap-- -----io---- -system-- -------cpu-------
 r  b   swpd   free   buff  cache   si   so    bi    bo   in   cs us sy id wa st gu
280  0 111728 86836692 1786328 26276868    0    0     0 552472 220966 631243 79 21  0  0  0  0
311  0 111728 86839604 1786328 26276880    0    0     0 551772 221995 630191 79 20  0  0  0  0
183  0 111728 86842864 1786328 26276896    0    0     0 552180 234021 636772 79 20  0  0  0  0
315  0 111728 86840476 1786328 26276904    0    0     0 553684 214106 634289 79 20  1  0  0  0
263  0 111728 86840360 1786328 26276912    0    0     0 552176 213705 634918 79 20  1  0  0  0
175  0 111728 86835160 1786336 26276912    0    0     0 551584 213054 628647 79 20  1  0  0  0
260  0 111728 86831768 1786336 26276928    0    0     0 554720 212707 624347 80 20  0  0  0  0
321  0 111728 86833976 1786336 26276952    0    0     0 552084 209891 623303 80 20  0  0  0  0
227  0 111728 86831452 1786336 26276960    0    0     0 550544 213151 625246 80 20  0  0  0  0
282  0 111728 86832700 1786336 26276968    0    0     0 551588 213080 628879 80 20  0  0  0  0
213  0 111728 86832664 1786344 26276968    0    0     0 551588 208050 630700 80 20  0  0  0  0
185  0 111728 86829564 1786344 26276984    0    0     0 551960 210844 632230 80 20  0  0  0  0
233  0 111728 86827912 1786344 26277000    0    0     0 554284 212694 637469 79 20  0  0  0  0
268  0 111728 86823740 1786344 26277008    0    0     0 559916 208861 629993 80 20  0  0  0  0
220  0 111728 86827384 1786344 26277016    0    0     0 553896 211222 633415 79 20  0  0  0  0
140  0 111728 86828336 1786348 26277020    0    0     0 584320 208981 627224 80 20  0  0  0  0
274  1 111728 86825312 1786348 26277032    0    0     0 556268 209356 625400 80 20  0  0  0  0
252  0 111728 86827512 1786348 26277044    0    0     0 555172 206568 618043 79 20  0  0  0  0
223  0 111728 86826308 1786348 26277056    0    0     0 554384 208714 628104 80 20  0  0  0  0
282  0 111728 86822200 1786348 26277064    0    0     0 553092 209605 632802 79 20  1  0  0  0
215  0 111728 86822776 1786352 26277064    0    0     0 552188 210151 633577 80 20  0  0  0  0
procs -----------memory---------- ---swap-- -----io---- -system-- -------cpu-------
 r  b   swpd   free   buff  cache   si   so    bi    bo   in   cs us sy id wa st gu
281  0 111728 86823156 1786352 26277076    0    0     0 550396 208037 638574 80 20  0  0  0  0
271  0 111728 86820028 1786352 26277092    0    0     0 552372 211478 639999 79 20  1  0  0  0
204  0 111728 86821684 1786352 26277100    0    0     0 557324 209053 628779 80 20  0  0  0  0
221  0 111728 86822180 1786352 26277108    0    0     0 554468 207385 625687 79 20  0  0  0  0
240  0 111728 86821440 1786352 26277116    0    0     0 553696 212181 634221 80 20  0  0  0  0
275  0 111728 86819588 1786352 26277124    0    0     0 557596 207526 623416 80 20  0  0  0  0
177  0 111728 86817408 1786352 26277136    0    0     0 557012 209065 622226 80 20  0  0  0  0
258  0 111728 86820048 1786352 26277148    0    0     0 559144 209953 624941 79 20  0  0  0  0
297  0 111728 86819460 1786360 26277148    0    0     0 592312 209325 625860 80 20  0  0  0  0
274  0 111728 86817428 1786364 26277160    0    0     0 558888 215686 640072 79 20  0  0  0  0
259  0 111728 86821024 1786364 26277172    0    0     0 556256 209491 621341 80 20  0  0  0  0
231  0 111728 86821288 1786364 26277184    0    0     0 554996 212280 631456 79 20  0  0  0  0
283  0 111728 86818332 1786364 26277196    0    0     0 554504 209963 630245 79 20  0  0  0  0
206  0 111728 86817520 1786364 26277208    0    0     0 553576 211508 636035 80 20  0  0  0  0
223  0 111728 86813692 1786368 26277212    0    0     0 554568 206778 618523 79 20  0  0  0  0
254  0 111728 86814160 1786368 26277228    0    0     0 557508 208792 633351 79 20  0  0  0  0
306  0 111728 86805368 1786368 26277236    0    0     0 562928 206041 620471 79 20  1  0  0  0
236  0 111728 86809468 1786368 26277252    0    0     0 557148 209990 629890 80 20  0  0  0  0
275  0 111728 86812216 1786368 26277260    0    0     0 557824 214554 633301 80 20  0  0  0  0
240  0 111728 86815404 1786376 26277260    0    0     0 553624 212223 629948 80 20  0  0  0  0
205  0 111728 86819676 1786376 26277276    0    0     0 554424 212740 633540 80 20  0  0  0  0
procs -----------memory---------- ---swap-- -----io---- -system-- -------cpu-------
 r  b   swpd   free   buff  cache   si   so    bi    bo   in   cs us sy id wa st gu
268  0 111728 86821136 1786376 26277284    0    0     0 556296 211401 627731 80 20  0  0  0  0
216  0 111728 86823788 1786376 26277300    0    0     0 557400 212644 633840 79 20  0  0  0  0
290  0 111728 86818880 1786376 26277308    0    0     0 556604 213348 636528 80 20  0  0  0  0
273  0 111728 86814444 1786376 26277316    0    0     0 557344 210525 627329 79 20  0  0  0  0
241  1 111728 86821548 1786380 26277320    0    0     4 587896 213919 628026 80 20  0  0  0  0
250  0 111728 86816216 1786380 26277344    0    0     0 554764 212370 633457 79 20  0  0  0  0
236  0 111728 86817024 1786380 26277356    0    0     0 558692 207811 621665 80 20  0  0  0  0
203  0 111728 86816152 1786380 26277364    0    0     0 558712 211399 632073 79 20  0  0  0  0
306  0 111728 86815064 1786380 26277372    0    0     0 556504 212071 630311 80 20  0  0  0  0
299  0 111728 86813868 1786380 26277380    0    0     0 555864 212709 634374 79 20  0  0  0  0
290  0 111728 86811700 1786380 26277388    0    0     0 556360 209487 626783 80 20  0  0  0  0
175  0 111728 86811252 1786380 26277404    0    0     0 559972 206242 620732 79 20  0  0  0  0
316  0 111728 86806912 1786380 26277412    0    0     0 558588 209011 622190 79 20  1  0  0  0
281  0 111728 86809632 1786384 26277416    0    0     0 556084 210452 626074 80 20  0  0  0  0
293  0 111728 86810792 1786384 26277428    0    0     0 561892 209934 628741 79 20  0  0  0  0
231  0 111728 86809136 1786384 26277440    0    0     0 564248 207755 621225 80 20  0  0  0  0
299  0 111728 86812752 1786384 26277456    0    0     0 564304 211479 626920 80 20  0  0  0  0
219  0 111728 86812652 1786384 26277532    0    0     0 567944 212086 628398 80 20  0  0  0  0
246  0 111728 86806576 1786392 26277532    0    0     0 567116 209970 632913 79 20  0  0  0  0
235  0 111728 86810500 1786392 26277548    0    0     0 567572 208651 631143 80 20  0  0  0  0
219  0 111728 86805696 1786392 26277560    0    0     0 601184 211194 622657 80 20  0  0  0  0
procs -----------memory---------- ---swap-- -----io---- -system-- -------cpu-------
 r  b   swpd   free   buff  cache   si   so    bi    bo   in   cs us sy id wa st gu
207  0 111728 86806568 1786392 26277568    0    0     0 567532 209454 620857 80 20  0  0  0  0
282  0 111728 86804984 1786392 26277580    0    0     0 564496 212623 636932 80 20  0  0  0  0
184  0 111728 86803576 1786396 26277584    0    0     0 572376 208906 631009 79 20  0  0  0  0
290  0 111728 86799316 1786396 26277596    0    0     0 568260 208284 630533 79 20  0  0  0  0
282  0 111728 86799340 1786396 26277616    0    0     0 569172 211995 628624 79 20  0  0  0  0
331  0 111728 86797960 1786396 26277616    0    0     0 565820 213411 635815 80 20  0  0  0  0
284  0 111728 86804700 1786396 26277632    0    0     0 567496 210999 630997 80 20  0  0  0  0
262  0 111728 86807208 1786400 26277640    0    0     0 569308 207611 625369 80 20  0  0  0  0
208  0 111728 86807524 1786400 26277652    0    0     0 564348 212336 635025 79 20  0  0  0  0
188  0 111728 86806768 1786400 26277660    0    0     0 566756 208485 626364 80 20  0  0  0  0
304  0 111728 86804336 1786400 26277668    0    0     0 563444 211429 631472 80 20  0  0  0  0
212  0 111728 86801760 1786400 26277684    0    0     0 558976 211652 632029 80 20  0  0  0  0
278  0 111728 86799660 1786404 26277692    0    0     0 557908 209963 625025 79 20  0  0  0  0
260  0 111728 86795244 1786404 26277700    0    0     0 591988 209180 627939 79 20  0  0  0  0
278  0 111728 86791172 1786404 26277708    0    0     0 557392 210722 628582 80 20  0  0  0  0
285  0 111728 86794896 1786404 26277728    0    0     0 559572 211441 628364 79 20  0  0  0  0
271  0 111728 86792824 1786404 26277732    0    0     0 561976 207927 625693 80 20  0  0  0  0
248  0 111728 86793896 1786408 26277748    0    0     0 561500 208735 625134 80 20  0  0  0  0
307  0 111728 86795908 1786408 26277748    0    0     0 557096 212020 634660 80 20  0  0  0  0
238  0 111728 86795372 1786408 26277756    0    0     0 558576 210699 624210 80 20  0  0  0  0
233  0 111728 86798776 1786408 26277768    0    0     0 558844 211005 634641 80 20  0  0  0  0
procs -----------memory---------- ---swap-- -----io---- -system-- -------cpu-------
 r  b   swpd   free   buff  cache   si   so    bi    bo   in   cs us sy id wa st gu
229  0 111728 86793908 1786408 26277788    0    0     0 557620 211945 634136 79 20  0  0  0  0
260  0 111728 86791260 1786408 26277788    0    0     0 556132 210848 637482 79 20  1  0  0  0
274  0 111728 86792036 1786408 26277796    0    0     0 562196 207112 626372 80 20  0  0  0  0
227  0 111728 86793280 1786408 26277804    0    0     0 558524 210184 633881 80 20  1  0  0  0
265  1 111728 86796376 1786408 26277820    0    0     0 558032 207708 626463 80 20  0  0  0  0
262  0 111728 86796840 1786408 26277824    0    0     0 559332 205646 622751 80 20  0  0  0  0
282  0 111728 86799304 1786412 26277828    0    0     0 558168 209215 624862 80 20  0  0  0  0
312  0 111728 86799600 1786412 26277840    0    0     0 555420 210680 628471 79 21  0  0  0  0
269  0 111728 86796368 1786412 26277848    0    0     0 588796 212474 640836 79 20  0  0  0  0
223  0 111728 86798904 1786412 26277868    0    0     0 556252 208508 631379 80 20  0  0  0  0
261  0 111728 86797148 1786412 26277880    0    0     0 555652 207266 623121 80 20  0  0  0  0
265  0 111728 86801052 1786416 26277876    0    0     0 556760 206876 623239 80 20  0  0  0  0
204  0 111728 86801160 1786416 26277888    0    0     0 559692 205429 620280 80 20  0  0  0  0
293  0 111728 86800456 1786416 26277900    0    0     0 559076 209631 630223 80 20  0  0  0  0
296  0 111728 86795820 1786416 26277908    0    0     0 554464 211167 636108 79 20  0  0  0  0
258  0 111728 86793904 1786416 26277916    0    0     0 555628 209566 630633 79 20  0  0  0  0
270  0 111728 86794452 1786420 26277928    0    0     0 558360 208134 625728 80 20  0  0  0  0
218  0 111728 86790600 1786420 26277940    0    0     0 555888 207868 631769 80 20  0  0  0  0
284  0 111728 86786676 1786420 26277948    0    0     0 556732 209393 623888 80 20  0  0  0  0
228  0 111728 86787532 1786420 26277960    0    0     0 559356 210593 630164 80 20  0  0  0  0
210  0 111728 86784844 1786420 26277972    0    0     0 558572 211379 630748 80 20  0  0  0  0
procs -----------memory---------- ---swap-- -----io---- -system-- -------cpu-------
 r  b   swpd   free   buff  cache   si   so    bi    bo   in   cs us sy id wa st gu
285  0 111728 86790328 1786428 26277976    0    0     0 555352 210462 630762 80 20  0  0  0  0
287  0 111728 86788520 1786432 26278008    0    0     4 590776 208031 632130 80 20  0  0  0  0
276  0 111728 86789316 1786432 26278016    0    0     0 559380 208207 620970 80 20  0  0  0  0
189  0 111728 86785748 1786432 26278028    0    0     0 556996 208742 631397 79 20  0  0  0  0
268  0 111728 86783112 1786432 26278036    0    0     0 556664 207132 633335 80 20  0  0  0  0
208  0 111728 86788756 1786436 26278036    0    0     0 557516 212088 634198 80 20  0  0  0  0
211  0 111728 86786344 1786436 26278056    0    0     0 558720 208430 621798 80 20  0  0  0  0
283  0 111728 86789232 1786436 26278068    0    0     0 555428 209601 635213 79 20  0  0  0  0
303  0 111728 86786612 1786436 26278084    0    0     0 556616 209423 628957 80 20  0  0  0  0
272  0 111728 86787608 1786436 26278096    0    0     0 556496 211246 631651 80 20  0  0  0  0
250  0 111728 86784552 1786440 26278104    0    0     0 556244 210416 625117 80 20  0  0  0  0
300  0 111728 86780776 1786440 26278104    0    0     0 560276 208168 638162 80 20  0  0  0  0
273  0 111728 86783968 1786440 26278112    0    0     0 559884 209902 640007 79 20  1  0  0  0
262  0 111728 86785876 1786440 26278192    0    0     0 558008 211006 627792 80 20  0  0  0  0
248  0 111728 86791520 1786440 26278204    0    0     0 558116 206096 623054 80 20  0  0  0  0
166  0 111728 86786012 1786444 26278208    0    0     0 591472 208399 629111 79 20  0  0  0  0
266  0 111728 86783632 1786444 26278228    0    0     0 557052 210081 629495 80 20  0  0  0  0
279  0 111728 86780300 1786444 26278236    0    0     0 558240 207035 627223 79 20  1  0  0  0
277  0 111728 86781032 1786444 26278240    0    0     0 557556 210787 630757 79 20  0  0  0  0
242  0 111728 86782820 1786444 26278256    0    0     0 557572 208277 624495 80 20  0  0  0  0
266  0 111728 86779268 1786444 26278264    0    0     0 558044 211121 624000 80 20  0  0  0  0
procs -----------memory---------- ---swap-- -----io---- -system-- -------cpu-------
 r  b   swpd   free   buff  cache   si   so    bi    bo   in   cs us sy id wa st gu
190  0 111728 86777688 1786444 26278272    0    0     0 556764 209103 628691 80 20  0  0  0  0
198  0 111728 86780064 1786444 26278272    0    0     0 555588 209959 623578 80 20  0  0  0  0
221  0 111728 86777896 1786444 26278284    0    0     0 552684 227793 625290 80 20  0  0  0  0
185  0 111728 86784360 1786444 26278300    0    0     0 554020 214579 631577 80 20  0  0  0  0
205  0 111728 86788332 1786444 26278316    0    0     0 556076 221417 627944 79 21  0  0  0  0
224  0 111728 86786648 1786444 26278324    0    0     0 556584 218156 624803 79 21  0  0  0  0
277  0 111728 86802092 1786444 26278336    0    0     0 557580 210600 632021 79 20  0  0  0  0
276  0 111728 86798884 1786444 26278344    0    0     0 560328 211321 631122 80 20  0  0  0  0
221  0 111728 86782736 1786444 26278352    0    0     0 558400 216206 629363 79 21  0  0  0  0
289  0 111728 86794012 1786448 26278364    0    0     0 559556 213225 629475 79 20  0  0  0  0
257  0 111728 86787604 1786448 26278376    0    0     0 594728 220759 621371 80 20  0  0  0  0
179  0 111728 86781976 1786448 26278384    0    0     0 558968 220641 628681 79 21  0  0  0  0
242  0 111728 86782792 1786452 26278392    0    0     0 560700 219309 625097 79 21  0  0  0  0
274  0 111728 86786184 1786452 26278404    0    0     0 559680 218381 626737 79 21  0  0  0  0
289  0 111728 86796004 1786456 26278412    0    0     0 559828 219207 625130 79 20  0  0  0  0
282  0 111728 86783340 1786456 26278420    0    0     0 560448 224225 623874 79 21  0  0  0  0
296  0 111728 86798872 1786456 26278432    0    0     0 562660 211256 623885 79 20  0  0  0  0
256  0 111728 86789856 1786456 26278440    0    0     0 561920 215088 624294 80 20  0  0  0  0
192  0 111728 86787508 1786456 26278448    0    0     0 561828 215941 623139 79 20  0  0  0  0
255  0 111728 86795944 1786456 26278460    0    0     0 556008 212841 629212 80 20  0  0  0  0
177  0 111728 86786872 1786456 26278468    0    0     0 558480 217375 635287 79 21  0  0  0  0
procs -----------memory---------- ---swap-- -----io---- -system-- -------cpu-------
 r  b   swpd   free   buff  cache   si   so    bi    bo   in   cs us sy id wa st gu
263  0 111728 86794224 1786456 26278476    0    0     0 558964 212447 631197 80 20  0  0  0  0
233  0 111728 86782852 1786456 26278488    0    0     0 560400 218340 626231 79 20  0  0  0  0
323  0 111728 86793304 1786456 26278496    0    0     0 561236 210272 626614 80 20  0  0  0  0
208  0 111728 86792056 1786460 26278508    0    0     0 593976 210603 626516 80 20  0  0  0  0
228  0 111728 86785708 1786460 26278516    0    0     0 557572 215761 630781 79 20  0  0  0  0
244  0 111728 86784436 1786460 26278516    0    0     0 558908 215653 631321 79 20  0  0  0  0
240  0 111728 86792236 1786460 26278540    0    0     0 560264 214153 630467 80 20  0  0  0  0
289  0 111728 86793988 1786460 26278544    0    0     0 562396 208845 625636 79 20  0  0  0  0
233  0 111728 86784812 1786464 26278556    0    0     0 558624 215272 629711 80 20  0  0  0  0
221  0 111728 86794420 1786464 26278564    0    0     0 560472 208539 618796 80 20  0  0  0  0
164  0 111728 86791036 1786464 26278576    0    0     0 557688 207961 631464 80 20  0  0  0  0
293  0 111728 86792392 1786464 26278576    0    0     0 557944 210081 629704 80 20  0  0  0  0
255  0 111728 86789808 1786464 26278596    0    0     0 562112 210070 626693 80 20  0  0  0  0
281  0 111728 86788964 1786468 26278608    0    0     0 563324 207078 622625 80 20  0  0  0  0
269  0 111728 86786780 1786468 26278612    0    0     0 560672 209728 631449 80 20  0  0  0  0
315  0 111728 86790848 1786468 26278620    0    0     0 559180 210086 625542 80 20  0  0  0  0
227  0 111728 86791632 1786468 26278632    0    0     0 564484 208631 623583 80 20  0  0  0  0
292  0 111728 86791336 1786472 26278648    0    0     4 597660 207533 626714 80 20  0  0  0  0
239  0 111728 86791436 1786480 26278648    0    0     0 560088 211223 631780 80 20  0  0  0  0
325  0 111728 86788984 1786480 26278676    0    0     0 561892 212850 634405 80 20  0  0  0  0
219  0 111728 86782860 1786480 26278684    0    0     0 561588 208451 635793 80 20  0  0  0  0
procs -----------memory---------- ---swap-- -----io---- -system-- -------cpu-------
 r  b   swpd   free   buff  cache   si   so    bi    bo   in   cs us sy id wa st gu
216  0 111728 86780924 1786480 26278696    0    0     0 559784 210923 631246 80 20  0  0  0  0
224  0 111728 86779408 1786480 26278696    0    0     0 558372 207058 621693 80 20  0  0  0  0
285  0 111728 86775920 1786488 26278712    0    0     0 559244 212022 626592 80 20  0  0  0  0
317  0 111728 86770876 1786496 26278732    0    0     0 562508 207909 629290 80 20  0  0  0  0
246  0 111728 86773724 1786496 26278740    0    0     0 559820 211591 624607 80 20  0  0  0  0
202  0 111728 86768196 1786496 26278748    0    0     0 557844 210087 625289 80 20  0  0  0  0
272  0 111728 86770840 1786496 26278752    0    0     0 557784 212606 628068 80 20  0  0  0  0
299  0 111728 86770172 1786496 26278760    0    0     0 556316 213219 633191 79 20  0  0  0  0
280  0 111728 86773080 1786496 26278768    0    0     0 558092 208788 625091 80 20  0  0  0  0
191  0 111728 86774692 1786500 26278780    0    0     0 588152 209530 627681 80 20  0  0  0  0
230  0 111728 86775120 1786500 26278884    0    0     0 558716 209521 627974 80 20  0  0  0  0
250  0 111728 86775512 1786500 26278892    0    0     0 565660 209775 624578 80 20  0  0  0  0
175  0 111728 86775556 1786504 26278900    0    0     0 564616 206821 623017 79 20  1  0  0  0
241  0 111728 86774416 1786504 26278912    0    0     0 560508 210838 632543 79 20  0  0  0  0
245  0 111728 86776596 1786508 26278916    0    0     0 559452 210458 627698 79 20  0  0  0  0
272  0 111728 86776144 1786508 26278928    0    0     0 555812 213803 632814 79 20  0  0  0  0
250  0 111728 86775544 1786508 26278932    0    0     0 558888 211182 633240 80 20  0  0  0  0
209  0 111728 86775572 1786512 26278940    0    0     0 562016 211215 633727 80 20  0  0  0  0
291  0 111728 86774468 1786512 26278952    0    0     0 564640 213361 629036 80 20  0  0  0  0
281  0 111728 86769480 1786512 26278968    0    0     0 563776 210408 620848 80 20  0  0  0  0
181  0 111728 86770804 1786512 26278968    0    0     0 567096 210862 627228 80 20  0  0  0  0
procs -----------memory---------- ---swap-- -----io---- -system-- -------cpu-------
 r  b   swpd   free   buff  cache   si   so    bi    bo   in   cs us sy id wa st gu
296  0 111728 86772312 1786512 26278980    0    0     0 568372 212476 625463 80 20  0  0  0  0
231  0 111728 86774084 1786516 26278996    0    0     0 566236 211518 633092 79 20  0  0  0  0
289  0 111728 86772888 1786516 26279000    0    0     0 601316 213568 633750 79 20  0  0  0  0
183  0 111728 86773856 1786516 26279012    0    0     0 564588 212417 631917 79 20  0  0  0  0
239  0 111728 86774808 1786516 26279028    0    0     0 564092 213431 625770 80 20  0  0  0  0
257  0 111728 86777188 1786516 26279032    0    0     0 567292 209882 626209 79 20  0  0  0  0
240  0 111728 86777480 1786520 26279036    0    0     0 565544 211498 628846 80 20  0  0  0  0
187  0 111728 86774664 1786520 26279048    0    0     0 568040 209390 628733 79 20  0  0  0  0
278  0 111728 86780756 1786520 26279060    0    0     0 564524 208167 628882 80 20  0  0  0  0
263  0 111728 86779320 1786520 26279068    0    0     0 568520 208789 626296 79 20  0  0  0  0
239  0 111728 86778264 1786520 26279080    0    0     0 562004 212465 630763 80 20  0  0  0  0
212  0 111728 86775288 1786520 26279096    0    0     0 565544 207608 623770 80 20  0  0  0  0
310  0 111728 86771632 1786520 26279096    0    0     0 562136 210660 629363 80 20  0  0  0  0
235  0 111728 86774968 1786520 26279108    0    0     0 563076 209116 620897 79 20  0  0  0  0
264  0 111728 86778160 1786520 26279116    0    0     0 565664 208205 624299 80 20  0  0  0  0
270  0 111728 86774072 1786520 26279136    0    0     0 562256 209902 626967 80 20  0  0  0  0
149  0 111728 86780168 1786528 26279144    0    0     0 595788 212696 630437 80 20  0  0  0  0
245  0 111728 86779928 1786528 26279152    0    0     0 557420 213442 636173 80 20  0  0  0  0
218  0 111728 86780052 1786528 26279164    0    0     0 557372 212304 633426 80 20  0  0  0  0
290  0 111728 86779100 1786528 26279172    0    0     0 558796 211053 628944 80 20  0  0  0  0
263  0 111728 86774632 1786528 26279184    0    0     0 557408 209015 621283 80 20  0  0  0  0
procs -----------memory---------- ---swap-- -----io---- -system-- -------cpu-------
 r  b   swpd   free   buff  cache   si   so    bi    bo   in   cs us sy id wa st gu
203  0 111728 86777884 1786532 26279184    0    0     0 557344 209729 623919 80 20  0  0  0  0
179  0 111728 86774192 1786532 26279196    0    0     0 558980 207809 622019 80 20  0  0  0  0
235  0 111728 86773048 1786532 26279208    0    0     0 559640 208652 623837 79 20  0  0  0  0
263  0 111728 86773660 1786532 26279216    0    0     0 558948 208826 625939 80 20  0  0  0  0
284  0 111728 86774028 1786532 26279228    0    0     0 556816 211529 625983 80 20  0  0  0  0
299  0 111728 86773736 1786536 26279232    0    0     0 554188 211528 629559 80 20  0  0  0  0
230  0 111728 86776820 1786536 26279244    0    0     0 560472 206216 622348 80 20  0  0  0  0
280  0 111728 86773028 1786536 26279256    0    0     0 559576 207750 623538 80 20  0  0  0  0
266  0 111728 86772968 1786536 26279264    0    0     0 556092 210202 632348 79 21  0  0  0  0
276  0 111728 86777156 1786540 26279280    0    0     4 588372 209134 628436 79 20  0  0  0  0
269  0 111728 86781832 1786540 26279292    0    0     0 553732 208766 629269 80 20  0  0  0  0
158  0 111728 86777668 1786540 26279300    0    0     0 553640 209753 628634 79 20  0  0  0  0
254  0 111728 86776876 1786540 26279312    0    0     0 552780 208243 637286 80 20  0  0  0  0
263  0 111728 86773312 1786540 26279324    0    0     0 556808 212079 627364 80 20  0  0  0  0
191  0 111728 86779868 1786540 26279336    0    0     0 554524 209157 625823 79 20  0  0  0  0
258  0 111728 86780344 1786540 26279344    0    0     0 556248 205626 617994 79 20  0  0  0  0
140  0 111728 86777892 1786540 26279352    0    0     0 559900 208322 626032 80 20  0  0  0  0
246  0 111728 86768920 1786540 26279364    0    0     0 555152 209609 627975 80 20  0  0  0  0
264  0 111728 86769184 1786540 26279372    0    0     0 553920 209481 632870 79 20  0  0  0  0
246  0 111728 86767928 1786540 26279384    0    0     0 555756 209302 626369 80 20  0  0  0  0
242  0 111728 86764172 1786540 26279392    0    0     0 553960 210555 629588 80 20  0  0  0  0
procs -----------memory---------- ---swap-- -----io---- -system-- -------cpu-------
 r  b   swpd   free   buff  cache   si   so    bi    bo   in   cs us sy id wa st gu
188  0 111728 86765188 1786540 26279400    0    0     0 552280 212857 631212 80 20  0  0  0  0
321  0 111728 86759760 1786540 26279412    0    0     0 556756 211652 630351 80 20  0  0  0  0
291  0 111728 86764332 1786540 26279424    0    0     0 555544 209115 631902 79 20  0  0  0  0
229  0 111728 86761852 1786540 26279432    0    0     0 557436 210073 627162 80 20  0  0  0  0
244  0 111728 86759120 1786544 26279440    0    0     0 588404 209765 628869 80 20  0  0  0  0
175  0 111728 86759212 1786544 26279452    0    0     0 557788 210241 626048 80 20  0  0  0  0
288  0 111728 86762304 1786544 26279464    0    0     0 557244 209796 625831 80 20  0  0  0  0
281  0 111728 86760832 1786544 26279544    0    0     0 554656 208353 622465 80 20  0  0  0  0
241  0 111728 86762940 1786544 26279556    0    0     0 553644 212018 637523 80 20  0  0  0  0
303  0 111728 86762936 1786548 26279560    0    0     0 555144 210262 623772 79 21  0  0  0  0
224  0 111728 86760364 1786548 26279572    0    0     0 557616 209333 623864 80 20  0  0  0  0
275  0 111728 86761528 1786548 26279580    0    0     0 557136 206158 616919 80 20  0  0  0  0
257  0 111728 86759076 1786548 26279588    0    0     0 560916 206347 628139 80 20  0  0  0  0
304  0 111728 86755144 1786556 26279600    0    0     0 556064 209631 630996 79 20  0  0  0  0
232  0 111728 86753804 1786556 26279608    0    0     0 557064 208202 628989 80 20  0  0  0  0
288  0 111728 86753572 1786556 26279616    0    0     0 559092 211494 631314 80 20  0  0  0  0
272  0 111728 86759164 1786556 26279624    0    0     0 554548 210997 637346 79 20  0  0  0  0
221  0 111728 86760288 1786556 26279632    0    0     0 554420 212033 639032 79 20  0  0  0  0
232  0 111728 86758264 1786556 26279644    0    0     0 589072 212357 636090 80 20  0  0  0  0
275  0 111728 86760248 1786556 26279656    0    0     0 552796 210618 637005 79 20  0  0  0  0
307  0 111728 86760788 1786556 26279664    0    0     0 552808 205783 626122 79 20  0  0  0  0
procs -----------memory---------- ---swap-- -----io---- -system-- -------cpu-------
 r  b   swpd   free   buff  cache   si   so    bi    bo   in   cs us sy id wa st gu
265  0 111728 86761328 1786556 26279672    0    0     0 554888 209943 634892 80 20  0  0  0  0
253  0 111728 86762088 1786556 26279688    0    0     0 553504 208302 632032 79 20  0  0  0  0
243  0 111728 86759984 1786556 26279700    0    0     0 552160 208401 631564 79 20  0  0  0  0
185  0 111728 86758020 1786556 26279712    0    0     0 551368 209949 630847 80 20  0  0  0  0
276  0 111728 86755272 1786556 26279720    0    0     0 559760 210162 629601 80 20  0  0  0  0
260  0 111728 86750192 1786556 26279728    0    0     0 558332 207039 628583 80 20  0  0  0  0
204  0 111728 86755952 1786556 26279740    0    0     0 556380 207890 627989 79 20  1  0  0  0
195  0 111728 86757360 1786556 26279748    0    0     0 558268 207379 628719 80 20  0  0  0  0
266  0 111728 86757344 1786556 26279760    0    0     0 558028 208589 620252 80 20  0  0  0  0
197  0 111728 86759148 1786556 26279768    0    0     0 555896 206365 627111 80 20  0  0  0  0
207  0 111728 86756836 1786556 26279772    0    0     0 587884 208618 626491 79 20  1  0  0  0
315  0 111728 86754704 1786556 26279784    0    0     0 557260 209738 631548 80 20  1  0  0  0
223  0 111728 86758080 1786556 26279796    0    0     0 559320 211016 634493 80 20  0  0  0  0
230  0 111728 86754972 1786556 26279804    0    0     0 556928 211242 631900 80 20  0  0  0  0
229  0 111728 86755680 1786556 26279812    0    0     0 563340 209054 623928 80 20  0  0  0  0
222  0 111728 86759684 1786556 26279820    0    0     0 558232 208273 633308 79 20  1  0  0  0
345  0 111728 86757140 1786556 26279828    0    0     0 558832 206136 631707 80 20  0  0  0  0
233  0 111728 86753128 1786556 26279840    0    0     0 556648 207157 628684 79 20  1  0  0  0
241  0 111728 86760512 1786560 26279848    0    0     0 558572 208910 629939 79 20  0  0  0  0
277  0 111728 86757656 1786560 26279864    0    0     0 559508 208913 622798 79 20  0  0  0  0
242  0 111728 86761700 1786560 26279872    0    0     0 561040 205846 620205 79 20  0  0  0  0
procs -----------memory---------- ---swap-- -----io---- -system-- -------cpu-------
 r  b   swpd   free   buff  cache   si   so    bi    bo   in   cs us sy id wa st gu
247  0 111728 86763728 1786560 26279880    0    0     0 562096 210341 629983 80 20  0  0  0  0
270  0 111728 86761116 1786560 26279892    0    0     0 558748 208206 627259 80 20  0  0  0  0
200  0 111728 86756028 1786564 26279904    0    0     0 560048 205440 622946 80 20  0  0  0  0
283  0 111728 86754612 1786568 26279912    0    0     4 594616 207804 622125 79 20  0  0  0  0
192  0 111728 86757060 1786568 26279932    0    0     0 561812 210819 629156 80 20  0  0  0  0
279  0 111728 86757432 1786568 26279940    0    0     0 560700 207635 628725 80 20  0  0  0  0
260  0 111728 86757576 1786568 26279948    0    0     0 561984 207724 624878 80 20  0  0  0  0
111  0 111728 86758572 1786572 26279956    0    0     0 564372 207893 630464 80 20  0  0  0  0
283  0 111728 86758004 1786572 26279968    0    0     0 561568 206985 622572 79 20  0  0  0  0
247  0 111728 86760292 1786572 26279976    0    0     0 562132 210350 635512 79 20  0  0  0  0
261  0 111728 86757556 1786572 26279984    0    0     0 558144 214740 630798 80 20  0  0  0  0
234  2 111728 86756776 1786572 26279992    0    0     0 584032 209047 626646 79 20  0  0  0  0
252  0 111728 86758100 1786572 26280012    0    0     0 542492 208227 620248 80 20  0  0  0  0
269  1 111728 86757528 1786572 26280024    0    0     0 569488 213368 637886 80 20  0  0  0  0
228  0 111728 86759392 1786572 26280032    0    0     0 548156 206370 631550 79 20  1  0  0  0
220  0 111728 86753456 1786572 26280040    0    0     0 557284 205399 625398 79 20  0  0  0  0
250  0 111728 86755172 1786572 26280052    0    0     0 557884 209414 627021 80 20  0  0  0  0
291  0 111728 86755120 1786576 26280056    0    0     0 577232 210561 628068 80 20  0  0  0  0
227  0 111728 86754312 1786576 26280072    0    0     0 544048 210614 626153 80 20  0  0  0  0
249  0 111728 86757528 1786576 26280080    0    0     0 580280 210468 630916 80 20  0  0  0  0
257  0 111728 86756556 1786576 26280088    0    0     0 580148 208812 627285 80 20  0  0  0  0
procs -----------memory---------- ---swap-- -----io---- -system-- -------cpu-------
 r  b   swpd   free   buff  cache   si   so    bi    bo   in   cs us sy id wa st gu
274  0 111728 86754380 1786576 26280096    0    0     0 560804 209642 633620 80 20  0  0  0  0
333  0 111728 86750244 1786580 26280108    0    0     0 588808 210104 630213 80 20  0  0  0  0
194  2 111728 86747952 1786580 26280120    0    0     0 553424 206919 622677 80 20  0  0  0  0
205  0 111728 86753844 1786580 26280124    0    0     0 567428 207083 624417 80 20  0  0  0  0
289  0 111728 86751744 1786580 26280196    0    0     0 557624 211352 627623 80 20  0  0  0  0
292  0 111728 86746084 1786580 26280204    0    0     0 564896 209318 629626 80 20  0  0  0  0
229  0 111728 86750900 1786580 26280216    0    0     0 558460 209909 628226 80 20  0  0  0  0
316  0 111728 86748904 1786580 26280228    0    0     0 577992 211314 624495 80 20  0  0  0  0
176  1 111728 86751148 1786580 26280240    0    0     0 578872 209802 621960 80 20  0  0  0  0
200  0 111728 86748080 1786580 26280248    0    0     0 566288 213397 638396 79 20  0  0  0  0
230  0 111728 86750960 1786580 26280256    0    0     0 553496 207699 626794 80 20  0  0  0  0
203  0 111728 86749932 1786584 26280268    0    0     0 562592 210117 630898 79 20  0  0  0  0
272  0 111728 86743916 1786584 26280284    0    0     0 598604 208028 624735 80 20  0  0  0  0
316  1 111728 86746580 1786584 26280292    0    0     0 573352 209669 624910 80 20  0  0  0  0
247  0 111728 86747268 1786584 26280300    0    0     0 576972 210107 627644 80 20  0  0  0  0
250  0 111728 86745164 1786584 26280308    0    0     0 561892 209636 629456 79 20  0  0  0  0
259  0 111728 86745496 1786584 26280316    0    0     0 566504 210431 635917 80 20  0  0  0  0
312  0 111728 86744664 1786584 26280332    0    0     0 574484 209755 627164 80 20  0  0  0  0
279  2 111728 86743500 1786584 26280340    0    0     0 528640 209808 627076 80 20  0  0  0  0
273  0 111728 86744692 1786584 26280352    0    0     0 619488 213730 640346 80 20  0  0  0  0
263  0 111728 86741732 1786584 26280356    0    0     0 532416 204670 621626 80 20  0  0  0  0
procs -----------memory---------- ---swap-- -----io---- -system-- -------cpu-------
 r  b   swpd   free   buff  cache   si   so    bi    bo   in   cs us sy id wa st gu
244  2 111728 86739848 1786592 26280356    0    0     0 581444 211966 627485 80 20  0  0  0  0
234  0 111728 86739532 1786592 26280384    0    0     0 556064 208136 632875 80 20  0  0  0  0
310  0 111728 86738732 1786592 26280392    0    0     0 586732 209890 631664 80 20  0  0  0  0
306  0 111728 86741924 1786592 26280400    0    0     0 586784 211223 633589 80 20  0  0  0  0
289  0 111728 86741728 1786592 26280408    0    0     0 537512 207646 624862 80 20  0  0  0  0
305  0 111728 86736612 1786596 26280412    0    0     0 590652 207281 620775 80 20  0  0  0  0
271  0 111728 86733708 1786596 26280432    0    0     0 604924 208899 627662 80 20  0  0  0  0
286  2 111728 86735072 1786596 26280440    0    0     0 526464 208960 626194 80 20  0  0  0  0
334  0 111728 86730196 1786596 26280448    0    0     0 594184 206113 623281 79 20  0  0  0  0
246  0 111728 86736792 1786596 26280456    0    0     0 575800 208823 617401 79 20  0  0  0  0
242  0 111728 86737208 1786596 26280468    0    0     0 598584 210223 632153 80 20  0  0  0  0
296  1 111728 86736628 1786596 26280480    0    0     0 524496 205506 623378 80 20  0  0  0  0
286  0 111728 86733192 1786596 26280488    0    0     0 612952 209902 626164 80 20  0  0  0  0
251  3 111728 86732672 1786596 26280496    0    0     0 555228 210397 631536 80 20  0  0  0  0
269  0 111728 86733060 1786596 26280504    0    0     0 592352 209923 628388 80 20  0  0  0  0
281  0 111728 86732520 1786600 26280508    0    0     0 531312 206912 622300 79 20  0  0  0  0
264  0 111728 86734752 1786600 26280524    0    0     0 559932 208129 640202 79 20  0  0  0  0
310  0 111728 86731252 1786600 26280532    0    0     0 578492 210162 636008 80 20  0  0  0  0
305  0 111728 86728940 1786600 26280540    0    0     0 613968 212077 629045 80 20  0  0  0  0
239  0 111728 86729600 1786604 26280556    0    0     4 567800 209003 634732 80 20  0  0  0  0
300  0 111728 86727196 1786604 26280564    0    0     0 580416 220352 631363 80 20  0  0  0  0
procs -----------memory---------- ---swap-- -----io---- -system-- -------cpu-------
 r  b   swpd   free   buff  cache   si   so    bi    bo   in   cs us sy id wa st gu
272  0 111728 86731004 1786604 26280576    0    0     0 577924 207891 621427 80 20  0  0  0  0
276  1 111728 86734480 1786604 26280588    0    0     0 589008 209982 633916 79 20  0  0  0  0
242  1 111728 86735340 1786604 26280600    0    0     0 568040 209633 640025 80 20  0  0  0  0
188  0 111728 86736988 1786604 26280608    0    0     0 555488 207678 625304 80 20  0  0  0  0
258  0 111728 86731552 1786604 26280616    0    0     0 596656 213689 636347 80 20  0  0  0  0
235  0 111728 86732368 1786604 26280632    0    0     0 561800 208260 626966 80 20  0  0  0  0
319  0 111728 86737788 1786604 26280640    0    0     0 538940 208004 618834 80 20  0  0  0  0
280  0 111728 86735516 1786604 26280652    0    0     0 592208 210998 626985 80 20  0  0  0  0
259  2 111728 86726296 1786604 26280660    0    0     0 559416 208149 626997 80 20  0  0  0  0
293  0 111728 86730552 1786604 26280668    0    0     0 611820 212893 630005 80 20  0  0  0  0
257  1 111728 86736552 1786604 26280680    0    0     0 559144 208072 623419 80 20  0  0  0  0
275  1 111728 86732136 1786604 26280696    0    0     0 558624 207757 623917 80 20  0  0  0  0
215  0 111728 86731388 1786604 26280700    0    0     0 616636 213294 634245 80 20  0  0  0  0
210  4 111728 86733120 1786604 26280708    0    0     0 558296 210303 631489 80 20  0  0  0  0
264  0 111728 86733272 1786608 26280712    0    0     0 522012 207951 630837 80 20  0  0  0  0
229  0 111728 86727336 1786608 26280724    0    0     0 600656 209012 628489 79 20  0  0  0  0
243  0 111728 86727068 1786608 26280744    0    0     0 558740 206613 614959 79 20  0  0  0  0
237  1 111728 86729156 1786608 26280756    0    0     0 605920 213056 630890 79 20  0  0  0  0
293  0 111728 86726872 1786608 26280764    0    0     0 549892 209904 628885 80 20  0  0  0  0
271  0 111728 86725620 1786612 26280768    0    0     0 568520 212694 634269 80 20  0  0  0  0
229  1 111728 86726604 1786612 26280784    0    0     0 531164 209902 633464 80 20  0  0  0  0
procs -----------memory---------- ---swap-- -----io---- -system-- -------cpu-------
 r  b   swpd   free   buff  cache   si   so    bi    bo   in   cs us sy id wa st gu
183  2 111728 86724896 1786612 26280796    0    0     0 590944 210065 630594 80 20  0  0  0  0
222  2 111728 86726816 1786612 26280872    0    0     0 597700 211429 631675 80 20  0  0  0  0
221  0 111728 86725664 1786612 26280880    0    0     0 599092 213786 637294 80 20  0  0  0  0
300  1 111728 86722860 1786616 26280884    0    0     0 486804 206451 631758 80 20  1  0  0  0
214  1 111728 86727216 1786616 26280900    0    0     0 616004 212805 636911 80 20  0  0  0  0
266  0 111728 86730380 1786616 26280912    0    0     0 563620 212415 630000 79 20  0  0  0  0
178  3 111728 86728752 1786616 26280920    0    0     0 507144 206129 629850 80 20  0  0  0  0
193  1 111728 86730960 1786616 26280928    0    0     0 667464 209924 637912 80 20  0  0  0  0
201  0 111728 86728264 1786616 26280936    0    0     0 550792 211621 637232 79 20  1  0  0  0
327  2 111728 86739228 1786616 26280944    0    0     0 546300 209739 631319 79 20  0  0  0  0
262  0 111728 86736268 1786616 26280952    0    0     0 586828 213440 632638 80 20  0  0  0  0
332  0 111728 86733680 1786616 26280964    0    0     0 582652 209963 627371 80 20  0  0  0  0
311  0 111728 86732484 1786616 26280972    0    0     0 564652 211384 630125 80 20  0  0  0  0
233  1 111728 86732328 1786616 26280980    0    0     0 614720 214195 644792 79 20  1  0  0  0
154  1 111728 86735660 1786616 26280992    0    0     0 551488 209871 631261 80 20  0  0  0  0
196  1 111728 86731032 1786616 26281004    0    0     0 525488 209752 625620 80 20  0  0  0  0
171  0 111728 86735516 1786616 26281016    0    0     0 548772 208728 618708 80 20  0  0  0  0
303  0 111728 86736624 1786616 26281024    0    0     0 643940 212900 637324 80 20  0  0  0  0
281  0 111728 86734560 1786616 26281032    0    0     0 534544 208386 620813 79 20  0  0  0  0
287  2 111728 86730476 1786616 26281040    0    0     0 588072 216825 623980 79 20  0  0  0  0
258  1 111728 86732372 1786616 26281052    0    0     0 553840 219111 633688 79 20  0  0  0  0
procs -----------memory---------- ---swap-- -----io---- -system-- -------cpu-------
 r  b   swpd   free   buff  cache   si   so    bi    bo   in   cs us sy id wa st gu
230  1 111728 86731496 1786616 26281068    0    0     0 609116 217704 626611 80 20  0  0  0  0
267  0 111728 86733820 1786616 26281076    0    0     0 546336 219259 626308 79 20  0  0  0  0
243  1 111728 86737960 1786620 26281080    0    0     0 568832 214457 628533 79 21  0  0  0  0
202  0 111728 86741888 1786620 26281096    0    0     0 560492 220714 636889 79 20  0  0  0  0
320  0 111728 86742380 1786620 26281104    0    0     0 587688 213735 632958 80 20  0  0  0  0
172  1 111728 86741840 1786620 26281112    0    0     0 584448 215472 637124 79 20  0  0  0  0
182  0 111728 86744212 1786620 26281120    0    0     0 556628 211039 620782 80 20  0  0  0  0
256  1 111728 86744392 1786620 26281128    0    0     0 629992 214140 634657 79 20  0  0  0  0
254  0 111728 86743616 1786620 26281136    0    0     0 475460 205161 618653 80 20  0  0  0  0
172  1 111728 86733920 1786620 26281148    0    0     0 594236 221067 627849 79 21  0  0  0  0
301  0 111728 86746104 1786620 26281160    0    0     0 602804 209615 624724 79 20  0  0  0  0
240  0 111728 86743784 1786620 26281168    0    0     0 590256 208760 622419 80 20  0  0  0  0
304  0 111728 86743024 1786628 26281168    0    0     0 560444 213432 623577 79 21  0  0  0  0
233  0 111728 86744044 1786628 26281184    0    0     0 612196 213750 635326 80 20  0  0  0  0
270  0 111728 86738072 1786636 26281208    0    0     4 564184 216936 619929 79 20  0  0  0  0
265  0 111728 86742268 1786636 26281220    0    0     0 504052 214623 621219 79 20  0  0  0  0
232  0 111728 86743468 1786636 26281228    0    0     0 696064 217561 634908 79 20  0  0  0  0
302  1 111728 86742128 1786640 26281232    0    0     0 596976 214970 625589 79 20  0  0  0  0
254  1 111728 86745456 1786640 26281248    0    0     0 542952 210928 630695 80 20  0  0  0  0
253  2 111728 86740424 1786640 26281256    0    0     0 522680 215533 630096 79 21  0  0  0  0
293  0 111728 86739680 1786640 26281268    0    0     0 576584 216988 634761 79 20  0  0  0  0
procs -----------memory---------- ---swap-- -----io---- -system-- -------cpu-------
 r  b   swpd   free   buff  cache   si   so    bi    bo   in   cs us sy id wa st gu
282  2 111728 86744040 1786640 26281276    0    0     0 551768 212584 633400 80 20  0  0  0  0
226  1 111728 86740932 1786640 26281280    0    0     0 622948 212455 634909 80 20  0  0  0  0
229  2 111728 86730244 1786640 26281296    0    0     0 481376 221548 625683 79 21  0  0  0  0
257  1 111728 86741424 1786640 26281308    0    0     0 619096 216173 631813 80 20  0  0  0  0
287  0 111728 86740892 1786640 26281316    0    0     0 621872 210911 627579 80 20  0  0  0  0
304  0 111728 86738820 1786640 26281328    0    0     0 474124 211834 622773 80 20  0  0  0  0
294  0 111728 86732576 1786640 26281340    0    0     0 697480 219619 643365 79 20  0  0  0  0
255  0 111728 86733220 1786640 26281348    0    0     0 594656 210105 633866 79 20  0  0  0  0
241  0 111728 86733384 1786640 26281360    0    0     0 531512 208624 631660 79 20  0  0  0  0
143  3 111728 86729644 1786640 26281368    0    0     0 621180 210476 627083 80 20  0  0  0  0
284  1 111728 86724476 1786640 26281384    0    0     0 544328 213189 625580 79 20  0  0  0  0
253  1 111728 86723664 1786640 26281392    0    0     0 605180 211707 628739 80 20  0  0  0  0
298  0 111728 86731988 1786640 26281400    0    0     0 533648 208615 623983 79 20  0  0  0  0
241  0 111728 86729684 1786640 26281412    0    0     0 537476 209442 624080 80 20  0  0  0  0
254  0 111728 86732808 1786640 26281420    0    0     0 538520 216409 625340 80 20  0  0  0  0
250  2 111728 86733408 1786640 26281432    0    0     0 555140 218219 630669 79 20  0  0  0  0
281  0 111728 86734152 1786640 26281440    0    0     0 671604 215809 639546 80 20  0  0  0  0
267  0 111728 86740484 1786640 26281448    0    0     0 569388 209520 633882 80 20  0  0  0  0
294  1 111728 86740564 1786640 26281460    0    0     0 533796 209963 629234 80 20  0  0  0  0
263  0 111728 86734140 1786640 26281532    0    0     0 530564 210024 624460 80 20  0  0  0  0
257  4 111728 86732448 1786640 26281544    0    0     0 800356 217621 642486 79 20  0  0  0  0
procs -----------memory---------- ---swap-- -----io---- -system-- -------cpu-------
 r  b   swpd   free   buff  cache   si   so    bi    bo   in   cs us sy id wa st gu
304  4 111728 86728268 1786640 26281552    0    0     0 556412 206949 625220 79 20  0  0  0  0
313  0 111728 86725968 1786640 26281560    0    0     0 434372 205560 620386 80 20  0  0  0  0
208  0 111728 86733204 1786640 26281568    0    0     0 646912 212109 632481 80 20  0  0  0  0
320  0 111728 86729656 1786640 26281580    0    0     0 532632 208246 629023 80 20  0  0  0  0
195  1 111728 86731436 1786640 26281592    0    0     0 580936 210020 633279 79 20  0  0  0  0
245  1 111728 86733848 1786640 26281600    0    0     0 627428 211859 636512 79 20  1  0  0  0
247  0 111728 86732480 1786640 26281608    0    0     0 520212 205321 630870 80 20  0  0  0  0
330  2 111728 86731164 1786640 26281620    0    0     0 622736 211326 632471 80 20  0  0  0  0
249  0 111728 86728304 1786640 26281628    0    0     0 478552 207842 625621 80 20  0  0  0  0
314  0 111728 86730468 1786640 26281640    0    0     0 675972 213150 636653 79 20  0  0  0  0
298  0 111728 86732012 1786644 26281644    0    0     0 498052 207377 623625 80 20  0  0  0  0
159  1 111728 86735480 1786644 26281660    0    0     0 697872 215286 639271 79 20  1  0  0  0
312  0 111728 86733044 1786644 26281672    0    0     0 509780 210134 630152 79 20  1  0  0  0
284  2 111728 86725044 1786644 26281680    0    0     0 599496 220971 636441 79 20  0  0  0  0
309  1 111728 86730348 1786644 26281688    0    0     0 455780 204062 620151 80 20  0  0  0  0
268  1 111728 86733552 1786652 26281696    0    0     0 677204 216705 640888 79 20  0  0  0  0
255  1 111728 86732788 1786652 26281704    0    0     0 556032 209066 629116 80 20  0  0  0  0
282  1 111728 86726832 1786652 26281712    0    0     0 580700 209964 623550 80 20  0  0  0  0
319  0 111728 86723064 1786652 26281724    0    0     0 521724 208426 630309 80 20  0  0  0  0
244  1 111728 86723556 1786652 26281736    0    0     0 676280 214524 637568 79 20  0  0  0  0
