procs -----------memory---------- ---swap-- -----io---- -system-- -------cpu-------
 r  b   swpd   free   buff  cache   si   so    bi    bo   in   cs us sy id wa st gu
 6  0 117288 116137068 1957504 37739612    0    2 39361 34945 12785    7  4  1 95  1  0  0
65  0 117288 116086744 1957508 37739612    0    0     0 211332 90964 37481 78  1 21  0  0  0
51  0 117288 116049856 1957508 37739692    0    0     0 418884 116117 36548 76  1 23  0  0  0
74  0 117288 115849480 1957508 37739700    0    0     0 290736 205807 234490 49  6 45  0  0  0
75  0 117288 115816024 1957508 37739708    0    0     0 478216 213997 1045584 71 19 10  0  0  0
70  0 117288 115810596 1957508 37739720    0    0     0 305212 207526 1102096 68 19 13  0  0  0
69  0 117288 115812060 1957508 37739732    0    0     0 308896 186085 1115633 69 19 13  0  0  0
70  0 117288 115836492 1957508 37739740    0    0     0 310400 185914 1112576 68 19 13  0  0  0
72  0 117288 115850280 1957508 37739748    0    0     0 309408 193056 1110763 68 18 14  0  0  0
66  1 117288 115852764 1957508 37739756    0    0     0 315572 196388 1124054 68 18 13  0  0  0
72  0 117288 115861852 1957508 37739764    0    0     0 291104 184678 1133414 69 18 13  0  0  0
76  0 117288 115855020 1957508 37739780    0    0     0 292072 185468 1128910 69 18 13  0  0  0
71  0 117288 115860968 1957508 37739788    0    0     0 292608 184808 1137719 69 19 13  0  0  0
66  0 117288 115859604 1957508 37739796    0    0     0 292252 184797 1125873 68 19 13  0  0  0
71  0 117288 115860948 1957508 37739804    0    0     0 296128 185692 1133058 69 18 13  0  0  0
73  0 117288 115860844 1957508 37739816    0    0     0 287660 183595 1114249 68 18 13  0  0  0
72  0 117288 115866480 1957508 37739828    0    0     0 296532 185160 1133074 68 18 13  0  0  0
69  1 117288 115862124 1957508 37739836    0    0     0 296696 185766 1126812 68 18 13  0  0  0
69  0 117288 115863856 1957508 37739844    0    0     0 298992 185546 1130626 69 18 13  0  0  0
78  1 117288 115856796 1957508 37739848    0    0     0 300240 186145 1133562 69 18 13  0  0  0
66  0 117288 115855728 1957508 37739860    0    0     0 299768 185961 1134723 69 18 12  0  0  0
procs -----------memory---------- ---swap-- -----io---- -system-- -------cpu-------
 r  b   swpd   free   buff  cache   si   so    bi    bo   in   cs us sy id wa st gu
72  0 117288 115855896 1957508 37739872    0    0     0 297340 185196 1121409 68 19 13  0  0  0
69  0 117288 115851224 1957508 37739880    0    0     0 298288 183656 1112714 67 18 14  0  0  0
72  1 117288 115857380 1957508 37739888    0    0     0 302248 186234 1137100 69 19 13  0  0  0
69  0 117288 115859152 1957508 37739896    0    0     0 304220 186625 1141864 69 18 13  0  0  0
69  0 117288 115867116 1957512 37739904    0    0     0 304332 186176 1137442 69 19 13  0  0  0
72  1 117288 115859224 1957512 37739920    0    0     0 304412 185519 1133010 68 19 13  0  0  0
69  1 117288 115861684 1957512 37739928    0    0     0 303948 185639 1132709 69 18 13  0  0  0
69  0 117288 115859632 1957512 37739936    0    0     0 308436 186305 1131771 69 19 13  0  0  0
72  0 117288 115860840 1957512 37739944    0    0     0 308684 187010 1136586 69 18 13  0  0  0
71  0 117288 115856196 1957512 37739956    0    0     0 305724 185073 1123439 68 19 13  0  0  0
72  0 117288 115856716 1957512 37739968    0    0     0 307532 186670 1119332 69 18 13  0  0  0
74  0 117288 115860068 1957512 37739980    0    0     0 307848 184796 1114016 69 19 13  0  0  0
71  0 117288 115856252 1957512 37739992    0    0     0 310224 184977 1121059 69 18 13  0  0  0
71  0 117288 115868364 1957512 37740000    0    0     0 310756 185477 1125026 69 19 13  0  0  0
69  0 117288 115863828 1957512 37740012    0    0     0 314632 185162 1126808 68 19 13  0  0  0
69  0 117288 115860144 1957512 37740024    0    0     0 314332 191734 1124836 68 19 13  0  0  0
74  0 117288 115858612 1957512 37740032    0    0     0 314084 183359 1117273 68 18 14  0  0  0
69  1 117288 115857112 1957512 37740040    0    0     0 311524 183797 1107331 68 18 14  0  0  0
69  1 117288 115861060 1957512 37740048    0    0     0 314824 183838 1110549 67 19 14  0  0  0
70  0 117288 115863764 1957512 37740064    0    0     0 345920 185982 1113134 68 18 14  0  0  0
62  0 117288 115800304 1957512 37740072    0    0     0 346400 185732 1118284 68 19 14  0  0  0
procs -----------memory---------- ---swap-- -----io---- -system-- -------cpu-------
 r  b   swpd   free   buff  cache   si   so    bi    bo   in   cs us sy id wa st gu
72  0 117288 115793612 1957512 37740084    0    0     0 345648 184951 1116237 68 18 14  0  0  0
73  0 117288 115790104 1957512 37740092    0    0     0 344076 184175 1093959 67 18 15  0  0  0
67  0 117288 115792768 1957512 37740104    0    0     0 345240 184220 1107355 67 18 15  0  0  0
72  0 117288 115783604 1957512 37740112    0    0     0 345312 184325 1097035 67 18 14  0  0  0
68  0 117288 115788828 1957520 37740120    0    0     0 352604 186445 1123754 68 18 13  0  0  0
71  0 117288 115786500 1957520 37740136    0    0     0 351116 186379 1125982 68 19 13  0  0  0
72  0 117288 115788992 1957520 37740144    0    0     0 350732 186066 1123799 68 18 13  0  0  0
73  0 117288 115787884 1957520 37740152    0    0     0 353364 186759 1128310 68 19 13  0  0  0
71  0 117288 115792068 1957520 37740164    0    0     0 350716 185906 1112391 68 19 13  0  0  0
67  0 117288 115788252 1957520 37740240    0    0     0 355648 186327 1118242 68 18 13  0  0  0
67  0 117288 115785928 1957520 37740252    0    0     0 352096 185522 1108400 68 18 14  0  0  0
70  0 117288 115790376 1957520 37740260    0    0     0 352556 185017 1107549 68 18 13  0  0  0
68  0 117288 115792632 1957520 37740268    0    0     0 352204 185051 1107567 68 18 14  0  0  0
70  0 117288 115791880 1957520 37740280    0    0     0 355100 185290 1115423 68 18 14  0  0  0
70  0 117288 115784180 1957520 37740288    0    0     0 355832 185646 1118319 68 19 13  0  0  0
78  0 117288 115785876 1957520 37740300    0    0     0 355316 185268 1117244 68 19 13  0  0  0
68  1 117288 115784768 1957520 37740308    0    0     0 357260 184445 1110059 68 18 14  0  0  0
69  0 117288 115786124 1957520 37740316    0    0     0 357572 184627 1122853 68 19 14  0  0  0
72  0 117288 115788604 1957520 37740328    0    0     0 354248 183608 1106897 67 18 15  0  0  0
74  0 117288 115795656 1957520 37740336    0    0     0 359004 184458 1120931 67 18 14  0  0  0
68  0 117288 115783572 1957520 37740348    0    0     0 358696 185129 1126190 68 18 14  0  0  0
procs -----------memory---------- ---swap-- -----io---- -system-- -------cpu-------
 r  b   swpd   free   buff  cache   si   so    bi    bo   in   cs us sy id wa st gu
73  0 117288 115783816 1957520 37740356    0    0     0 358532 184240 1120683 68 18 14  0  0  0
70  1 117288 115786272 1957520 37740368    0    0     0 359728 183834 1113787 67 18 14  0  0  0
69  0 117288 115784384 1957520 37740380    0    0     0 358824 183961 1112045 68 18 14  0  0  0
73  0 117288 115780380 1957520 37740392    0    0     0 361444 184710 1121389 68 18 14  0  0  0
71  0 117288 115774940 1957520 37740404    0    0     0 360132 183822 1119690 68 18 14  0  0  0
67  1 117288 115780640 1957520 37740412    0    0     0 357328 183302 1108241 67 18 14  0  0  0
69  1 117288 115775912 1957520 37740420    0    0     0 359708 184913 1113720 68 18 14  0  0  0
65  0 117288 115777112 1957520 37740432    0    0     0 385552 185396 1117767 68 18 14  0  0  0
70  0 117288 115778564 1957520 37740436    0    0     0 383972 184350 1116000 67 18 14  0  0  0
65  0 117288 115782960 1957520 37740444    0    0     0 384548 184741 1101096 66 18 16  0  0  0
68  0 117288 115784460 1957520 37740456    0    0     0 383312 185170 1102375 67 18 15  0  0  0
64  0 117288 115780020 1957520 37740468    0    0     0 384348 184960 1108079 67 18 15  0  0  0
71  1 117288 115782436 1957520 37740476    0    0     0 382228 183633 1097793 66 18 16  0  0  0
68  0 117288 115780784 1957520 37740484    0    0     0 384332 184390 1098133 66 18 16  0  0  0
69  0 117288 115784000 1957520 37740492    0    0     0 385496 184145 1100835 66 18 16  0  0  0
66  0 117288 115782880 1957520 37740504    0    0     0 384736 185697 1103937 67 18 15  0  0  0
69  0 117288 115774740 1957520 37740520    0    0     0 387360 185396 1107593 67 18 14  0  0  0
70  0 117288 115780956 1957520 37740528    0    0     0 389312 185588 1112804 67 18 14  0  0  0
76  0 117288 115778828 1957520 37740536    0    0     0 389088 185150 1121804 67 18 14  0  0  0
67  0 117288 115778688 1957520 37740544    0    0     0 388348 185868 1118268 67 18 14  0  0  0
69  1 117288 115778736 1957520 37740556    0    0     0 386336 184262 1117130 67 18 15  0  0  0
procs -----------memory---------- ---swap-- -----io---- -system-- -------cpu-------
 r  b   swpd   free   buff  cache   si   so    bi    bo   in   cs us sy id wa st gu
71  0 117288 115778136 1957520 37740568    0    0     0 390316 191855 1122293 68 18 14  0  0  0
68  0 117288 115777160 1957520 37740576    0    0     0 388152 185057 1102413 67 18 15  0  0  0
69  0 117288 115783980 1957524 37740580    0    0     0 391432 185599 1121157 67 18 14  0  0  0
71  1 117288 115778240 1957524 37740592    0    0     0 391892 185401 1113785 67 18 14  0  0  0
71  0 117288 115779732 1957524 37740600    0    0     0 389108 184971 1113629 67 18 14  0  0  0
69  1 117288 115778844 1957524 37740612    0    0     0 389488 184750 1103392 67 18 15  0  0  0
67  0 117288 115785196 1957524 37740620    0    0     0 389416 184777 1112149 67 18 14  0  0  0
71  1 117288 115784040 1957524 37740628    0    0     0 385340 184644 1101316 67 18 15  0  0  0
70  1 117288 115783656 1957524 37740636    0    0     0 389476 184777 1111167 67 18 14  0  0  0
68  0 117288 115780104 1957524 37740648    0    0     0 392780 184641 1110991 68 18 14  0  0  0
75  0 117288 115780028 1957524 37740660    0    0     0 391656 184745 1108617 67 18 14  0  0  0
68  0 117288 115780856 1957524 37740668    0    0     0 393708 185521 1122802 68 18 14  0  0  0
73  0 117288 115776280 1957524 37740676    0    0     0 392672 185053 1113526 67 18 15  0  0  0
70  0 117288 115784608 1957524 37740692    0    0     0 393996 185624 1112589 67 18 14  0  0  0
74  0 117288 115789220 1957524 37740708    0    0     0 390816 184567 1104981 67 18 15  0  0  0
71  0 117288 115783716 1957524 37740720    0    0     0 393588 184610 1110863 67 18 15  0  0  0
67  1 117288 115779948 1957524 37740728    0    0     0 412168 186124 1106632 67 18 15  0  0  0
68  1 117288 115784988 1957524 37740736    0    0     0 409680 185526 1098408 67 18 15  0  0  0
70  0 117288 115785132 1957524 37740744    0    0     0 412028 185079 1103971 67 18 15  0  0  0
68  1 117288 115780612 1957524 37740760    0    0     0 409616 185764 1109437 67 18 15  0  0  0
74  0 117288 115788620 1957524 37740768    0    0     0 410868 186341 1113323 67 18 14  0  0  0
procs -----------memory---------- ---swap-- -----io---- -system-- -------cpu-------
 r  b   swpd   free   buff  cache   si   so    bi    bo   in   cs us sy id wa st gu
72  0 117288 115790736 1957524 37740776    0    0     0 408748 185452 1091146 66 18 16  0  0  0
71  0 117288 115789756 1957524 37740780    0    0     0 407848 184316 1084957 65 18 17  0  0  0
69  0 117288 115785884 1957524 37740788    0    0     0 413020 186046 1109655 67 18 14  0  0  0
76  0 117288 115774832 1957524 37740796    0    0     0 413888 186470 1109535 67 18 14  0  0  0
70  0 117288 115775132 1957524 37740812    0    0     0 410896 185208 1100615 67 18 15  0  0  0
75  0 117288 115777692 1957524 37740820    0    0     0 411572 185846 1111867 67 18 14  0  0  0
70  1 117288 115775288 1957524 37740832    0    0     0 412552 185215 1112828 67 18 14  0  0  0
71  0 117288 115780188 1957524 37740904    0    0     0 411628 184381 1104588 67 18 14  0  0  0
72  0 117288 115781520 1957524 37740916    0    0     0 413564 185716 1111370 67 18 14  0  0  0
74  0 117288 115780400 1957524 37740928    0    0     0 407380 184639 1096604 67 18 15  0  0  0
73  0 117288 115770452 1957524 37740936    0    0     0 414160 186537 1116037 67 18 14  0  0  0
70  1 117288 115770280 1957524 37740944    0    0     0 411820 186128 1110956 67 18 15  0  0  0
71  1 117288 115776840 1957524 37740952    0    0     0 416892 186798 1116458 68 18 14  0  0  0
69  1 117288 115778360 1957524 37740968    0    0     0 413576 185999 1106770 67 18 15  0  0  0
68  1 117288 115773292 1957524 37740980    0    0     0 416172 186606 1115428 67 18 14  0  0  0
71  0 117288 115768468 1957524 37740988    0    0     0 415200 186255 1118966 67 18 15  0  0  0
71  0 117288 115777384 1957524 37740996    0    0     0 414888 185997 1106420 67 18 15  0  0  0
77  0 117288 115777120 1957524 37741004    0    0     0 418104 185736 1109629 67 18 15  0  0  0
63  0 117288 115776236 1957524 37741012    0    0     0 416760 186721 1110254 67 18 15  0  0  0
74  0 117288 115768760 1957524 37741024    0    0     0 419692 186580 1116988 67 18 14  0  0  0
71  0 117288 115765572 1957524 37741032    0    0     0 438356 186528 1109492 66 18 15  0  0  0
procs -----------memory---------- ---swap-- -----io---- -system-- -------cpu-------
 r  b   swpd   free   buff  cache   si   so    bi    bo   in   cs us sy id wa st gu
68  0 117288 115759332 1957524 37741040    0    0     0 455536 188421 1117115 67 18 15  0  0  0
68  0 117288 115760284 1957528 37741048    0    0     0 462040 187718 1100615 66 18 15  0  0  0
73  0 117288 115766088 1957528 37741060    0    0     0 455864 186834 1092159 66 18 16  0  0  0
70  0 117288 115774208 1957528 37741076    0    0     0 447572 186517 1087665 66 18 16  0  0  0
67  0 117288 115768816 1957528 37741084    0    0     0 462412 188614 1112320 67 18 15  0  0  0
67  0 117288 115765000 1957528 37741096    0    0     0 455700 186165 1086104 65 18 17  0  0  0
73  1 117288 115762476 1957528 37741104    0    0     0 453104 186018 1096864 66 18 16  0  0  0
72  0 117288 115767472 1957528 37741116    0    0     0 454292 188086 1121544 67 18 15  0  0  0
73  0 117288 115765392 1957528 37741128    0    0     0 448568 186694 1113862 67 18 15  0  0  0
72  1 117288 115767800 1957528 37741136    0    0     0 447084 187181 1108487 67 18 15  0  0  0
68  0 117288 115765720 1957528 37741144    0    0     0 446152 186847 1109966 67 18 15  0  0  0
70  0 117288 115772932 1957528 37741156    0    0     0 444192 187194 1110890 66 18 15  0  0  0
67  1 117288 115766996 1957528 37741164    0    0     0 443932 187313 1106905 67 18 15  0  0  0
72  0 117288 115756888 1957528 37741172    0    0     0 442292 186493 1099991 66 18 15  0  0  0
70  0 117288 115761388 1957528 37741180    0    0     0 444056 188261 1118430 67 19 14  0  0  0
69  0 117288 115765288 1957528 37741188    0    0     0 441740 187286 1109799 67 18 15  0  0  0
67  0 117288 115763848 1957528 37741200    0    0     0 437316 194987 1101233 66 18 15  0  0  0
74  0 117288 115754576 1957528 37741208    0    0     0 435128 195034 1104746 67 18 15  0  0  0
67  0 117288 115747400 1957528 37741216    0    0     0 433004 201058 1108016 66 18 15  0  0  0
68  1 117288 115753148 1957528 37741228    0    0     0 433248 190105 1122129 67 18 15  0  0  0
74  0 117288 115755652 1957528 37741240    0    0     0 432816 188776 1114136 67 18 15  0  0  0
procs -----------memory---------- ---swap-- -----io---- -system-- -------cpu-------
 r  b   swpd   free   buff  cache   si   so    bi    bo   in   cs us sy id wa st gu
73  1 117288 115762608 1957532 37741248    0    0     0 434984 190005 1126556 67 18 14  0  0  0
71  0 117288 115762212 1957532 37741260    0    0     0 432032 188793 1115506 67 18 15  0  0  0
73  0 117288 115761496 1957532 37741268    0    0     0 431404 188014 1117914 67 18 14  0  0  0
73  0 117288 115762372 1957532 37741280    0    0     0 429924 188272 1126560 67 18 14  0  0  0
70  0 117288 115759860 1957532 37741288    0    0     0 425768 187151 1103997 67 18 15  0  0  0
69  0 117288 115756688 1957532 37741300    0    0     0 421104 185590 1083496 65 18 17  0  0  0
72  0 117288 115758184 1957532 37741308    0    0     0 423968 186164 1102843 66 18 16  0  0  0
73  0 117288 115762096 1957532 37741316    0    0     0 422840 186618 1103819 67 18 15  0  0  0
68  1 117288 115759416 1957532 37741328    0    0     0 423700 187130 1119453 67 18 15  0  0  0
70  0 117288 115754964 1957532 37741336    0    0     0 420460 186831 1099977 66 18 16  0  0  0
73  0 117288 115761780 1957532 37741348    0    0     0 420576 185756 1099460 65 18 17  0  0  0
80  0 117288 115760120 1957532 37741356    0    0     0 421064 185860 1105013 66 18 16  0  0  0
74  0 117288 115763200 1957532 37741364    0    0     0 420592 186377 1119507 67 18 15  0  0  0
71  0 117288 115763268 1957532 37741376    0    0     0 425612 185514 1103238 67 18 15  0  0  0
70  0 117288 115759388 1957532 37741388    0    0     0 426112 186017 1114136 67 18 15  0  0  0
78  0 117288 115763480 1957532 37741400    0    0     0 425976 186714 1108519 67 18 15  0  0  0
65  0 117288 115767868 1957548 37741404    0    0     0 425448 186573 1103994 66 18 15  0  0  0
72  0 117288 115768480 1957548 37741420    0    0     0 424464 185931 1113009 67 18 15  0  0  0
69  0 117288 115760476 1957548 37741436    0    0     0 423668 187830 1118045 67 18 15  0  0  0
72  1 117288 115764968 1957548 37741444    0    0     0 424788 186668 1113156 67 18 14  0  0  0
70  1 117288 115762820 1957548 37741456    0    0     0 423748 185887 1121127 67 18 15  0  0  0
procs -----------memory---------- ---swap-- -----io---- -system-- -------cpu-------
 r  b   swpd   free   buff  cache   si   so    bi    bo   in   cs us sy id wa st gu
67  0 117288 115765968 1957560 37741452    0    0     0 419136 185449 1109478 67 18 15  0  0  0
74  0 117288 115765032 1957560 37741472    0    0     0 420856 186119 1112500 66 18 15  0  0  0
72  0 117288 115766264 1957560 37741484    0    0     0 420784 186067 1109665 67 18 15  0  0  0
68  0 117288 115767432 1957560 37741492    0    0     0 420772 186139 1112589 67 18 15  0  0  0
69  0 117288 115763020 1957560 37741592    0    0     0 421756 186166 1126402 67 18 14  0  0  0
68  0 117288 115764724 1957560 37741600    0    0     0 420152 185430 1118898 67 18 14  0  0  0
68  0 117288 115764892 1957560 37741608    0    0     0 417988 186065 1111868 67 18 15  0  0  0
68  0 117288 115756324 1957560 37741612    0    0     0 416640 185728 1109066 67 18 15  0  0  0
69  0 117288 115760364 1957560 37741628    0    0     0 418184 185972 1110143 67 18 15  0  0  0
68  1 117288 115756548 1957560 37741636    0    0     0 417488 186490 1113174 67 18 15  0  0  0
70  0 117288 115756124 1957564 37741640    0    0     0 416116 185484 1101565 66 18 16  0  0  0
73  0 117288 115753248 1957564 37741652    0    0     0 415820 185259 1097189 66 18 16  0  0  0
69  1 117288 115759788 1957564 37741660    0    0     0 414904 186120 1109507 67 18 15  0  0  0
74  1 117288 115754892 1957564 37741672    0    0     0 414180 186128 1119614 67 18 15  0  0  0
67  0 117288 115756752 1957564 37741684    0    0     0 413172 186469 1106276 67 18 15  0  0  0
70  0 117288 115755192 1957564 37741692    0    0     0 406260 183846 1094572 66 18 16  0  0  0
60  0 117288 115759892 1957564 37741700    0    0     0 409880 184249 1087655 66 18 16  0  0  0
65  1 117288 115755892 1957564 37741708    0    0     0 411980 185481 1105363 67 18 15  0  0  0
67  0 117288 115754112 1957564 37741724    0    0     0 410908 186350 1116762 67 18 14  0  0  0
69  0 117288 115753532 1957564 37741732    0    0     0 409656 185122 1106253 67 18 14  0  0  0
65  1 117288 115753356 1957564 37741740    0    0     0 410012 185975 1113229 67 18 14  0  0  0
procs -----------memory---------- ---swap-- -----io---- -system-- -------cpu-------
 r  b   swpd   free   buff  cache   si   so    bi    bo   in   cs us sy id wa st gu
65  0 117288 115754864 1957564 37741748    0    0     0 409120 186185 1116677 67 18 15  0  0  0
66  0 117288 115762268 1957564 37741756    0    0     0 410056 185400 1116824 67 18 15  0  0  0
68  0 117288 115754628 1957564 37741768    0    0     0 408772 184827 1111399 67 18 15  0  0  0
71  0 117288 115748880 1957564 37741780    0    0     0 411628 185622 1121358 67 18 14  0  0  0
69  0 117288 115752188 1957564 37741788    0    0     0 412852 186302 1121010 67 18 14  0  0  0
65  0 117288 115755788 1957564 37741796    0    0     0 411204 185735 1110447 67 18 15  0  0  0
71  0 117288 115752216 1957564 37741808    0    0     0 410372 185900 1112660 67 18 14  0  0  0
70  1 117288 115754532 1957564 37741832    0    0     0 410496 185807 1112764 67 18 15  0  0  0
69  0 117288 115758272 1957564 37741840    0    0     0 408264 185144 1102762 67 18 15  0  0  0
67  1 117288 115761332 1957564 37741848    0    0     0 407360 185496 1108275 67 18 15  0  0  0
70  0 117288 115759016 1957564 37741856    0    0     0 410268 186281 1123908 67 18 14  0  0  0
67  0 117288 115751688 1957564 37741864    0    0     0 410228 185323 1124222 67 18 14  0  0  0
68  0 117288 115746644 1957564 37741880    0    0     0 407112 185403 1111887 67 18 15  0  0  0
67  0 117288 115749272 1957564 37741888    0    0     0 409876 186079 1114363 67 18 14  0  0  0
69  1 117288 115749444 1957564 37741896    0    0     0 409344 185498 1120202 67 18 14  0  0  0
69  0 117288 115749000 1957564 37741904    0    0     0 407980 185746 1117893 67 18 15  0  0  0
69  0 117288 115745556 1957564 37741912    0    0     0 409136 185244 1103575 66 18 15  0  0  0
68  0 117288 115756092 1957564 37741928    0    0     0 405568 183653 1089787 65 18 17  0  0  0
73  1 117288 115751860 1957564 37741936    0    0     0 406212 184809 1113728 67 18 15  0  0  0
74  0 117288 115755480 1957564 37741944    0    0     0 406016 184992 1104987 67 18 15  0  0  0
67  0 117288 115752772 1957564 37741948    0    0     0 406992 185743 1115746 67 18 15  0  0  0
procs -----------memory---------- ---swap-- -----io---- -system-- -------cpu-------
 r  b   swpd   free   buff  cache   si   so    bi    bo   in   cs us sy id wa st gu
65  0 117288 115753804 1957564 37741956    0    0     0 405256 184022 1099949 66 18 16  0  0  0
76  0 117288 115750248 1957564 37741968    0    0     0 403044 184509 1089780 65 18 17  0  0  0
70  0 117288 115753976 1957564 37741980    0    0     0 405112 185211 1100219 66 18 15  0  0  0
69  0 117288 115756820 1957568 37741984    0    0     0 406484 185402 1107326 67 18 15  0  0  0
67  0 117288 115750524 1957568 37741996    0    0     0 403712 184465 1094557 66 18 15  0  0  0
70  0 117288 115751236 1957568 37742004    0    0     0 406984 186629 1120956 68 18 14  0  0  0
67  1 117288 115751592 1957568 37742016    0    0     0 406508 186485 1118779 67 18 14  0  0  0
68  0 117288 115748404 1957568 37742028    0    0     0 406112 185566 1115521 67 18 15  0  0  0
68  1 117288 115757140 1957572 37742032    0    0     0 404108 185436 1099586 67 18 15  0  0  0
61  0 117288 115759872 1957572 37742044    0    0     0 405156 185401 1101050 66 18 15  0  0  0
72  0 117288 115759844 1957572 37742052    0    0     0 406012 186588 1118707 67 18 15  0  0  0
71  0 117288 115760468 1957572 37742068    0    0     0 402572 185094 1107885 67 18 15  0  0  0
68  0 117288 115753260 1957572 37742080    0    0     0 403780 188431 1104403 67 18 15  0  0  0
68  0 117288 115756448 1957576 37742088    0    0     0 406472 185358 1119040 67 18 15  0  0  0
74  0 117288 115748824 1957576 37742100    0    0     0 404508 184961 1103950 67 18 15  0  0  0
69  0 117288 115748360 1957584 37742108    0    0     0 406028 185873 1118033 67 18 14  0  0  0
70  0 117288 115753760 1957584 37742120    0    0     0 405456 184967 1119812 67 18 15  0  0  0
68  0 117288 115753004 1957584 37742128    0    0     0 404452 185231 1111779 67 18 15  0  0  0
67  1 117288 115751384 1957584 37742136    0    0     0 404560 184593 1114657 67 18 15  0  0  0
68  0 117288 115757284 1957584 37742148    0    0     0 403720 184175 1111924 67 18 15  0  0  0
71  0 117288 115755172 1957588 37742156    0    0     0 408056 185404 1129917 67 18 15  0  0  0
procs -----------memory---------- ---swap-- -----io---- -system-- -------cpu-------
 r  b   swpd   free   buff  cache   si   so    bi    bo   in   cs us sy id wa st gu
70  1 117288 115756828 1957588 37742168    0    0     0 407308 185262 1116422 67 18 15  0  0  0
69  1 117288 115749916 1957588 37742244    0    0     0 404220 184547 1098342 66 18 17  0  0  0
69  0 117288 115752192 1957588 37742252    0    0     0 404304 184898 1102844 66 18 15  0  0  0
71  1 117288 115754408 1957588 37742260    0    0     0 408708 185572 1117916 67 18 15  0  0  0
67  0 117288 115753104 1957588 37742272    0    0     0 408212 185081 1118254 67 18 15  0  0  0
66  0 117288 115749376 1957588 37742284    0    0     0 407628 185689 1114392 67 18 15  0  0  0
68  0 117288 115751832 1957588 37742296    0    0     0 401756 183619 1098447 66 18 16  0  0  0
69  1 117288 115751540 1957592 37742304    0    0     0 405968 184828 1103265 66 18 16  0  0  0
68  0 117288 115753860 1957592 37742312    0    0     0 406072 184948 1106995 66 18 16  0  0  0
66  0 117288 115750940 1957592 37742324    0    0     0 406292 185557 1122669 67 18 14  0  0  0
69  0 117288 115751556 1957592 37742332    0    0     0 405864 184722 1114175 67 18 15  0  0  0
72  0 117288 115757368 1957592 37742340    0    0     0 409556 186310 1120712 67 18 15  0  0  0
70  0 117288 115758552 1957596 37742352    0    0     0 410204 185046 1124539 67 18 15  0  0  0
74  0 117288 115757760 1957596 37742356    0    0     0 411396 184160 1114291 66 18 15  0  0  0
67  0 117288 115759072 1957596 37742372    0    0     0 414324 185085 1109004 67 18 15  0  0  0
68  0 117288 115759500 1957596 37742380    0    0     0 419180 186729 1126106 67 18 14  0  0  0
62  1 117288 115760256 1957596 37742388    0    0     0 416432 185584 1122417 67 18 15  0  0  0
70  0 117288 115757792 1957596 37742400    0    0     0 416376 186676 1124867 67 18 14  0  0  0
70  0 117288 115759176 1957596 37742412    0    0     0 414884 185443 1120819 67 18 14  0  0  0
62  0 117288 115761688 1957596 37742420    0    0     0 413716 184929 1123737 67 18 14  0  0  0
67  0 117288 115760920 1957596 37742428    0    0     0 412812 184747 1107706 67 18 15  0  0  0
procs -----------memory---------- ---swap-- -----io---- -system-- -------cpu-------
 r  b   swpd   free   buff  cache   si   so    bi    bo   in   cs us sy id wa st gu
76  0 117288 115761872 1957596 37742436    0    0     0 414872 183128 1096498 65 18 17  0  0  0
71  0 117288 115754508 1957596 37742448    0    0     0 412696 185815 1118595 67 18 15  0  0  0
71  0 117288 115755036 1957596 37742460    0    0     0 413128 186379 1121709 67 18 15  0  0  0
70  0 117288 115760932 1957596 37742472    0    0     0 412184 185294 1123888 67 18 15  0  0  0
72  0 117288 115758964 1957596 37742480    0    0     0 414196 186296 1126688 67 18 15  0  0  0
69  0 117288 115754672 1957596 37742488    0    0     0 411956 185487 1122842 67 18 15  0  0  0
71  0 117288 115755396 1957596 37742500    0    0     0 410940 184882 1113761 67 18 15  0  0  0
68  0 117288 115751696 1957596 37742512    0    0     0 409220 184863 1101944 66 18 16  0  0  0
67  1 117288 115752680 1957596 37742520    0    0     0 407300 184147 1099542 66 18 16  0  0  0
65  0 117288 115754648 1957596 37742528    0    0     0 410216 185501 1114947 67 18 15  0  0  0
69  0 117288 115766280 1957596 37742536    0    0     0 411236 185495 1120243 67 18 15  0  0  0
68  0 117288 115759604 1957596 37742548    0    0     0 411220 185410 1115903 67 18 15  0  0  0
72  1 117288 115751908 1957596 37742556    0    0     0 410984 184774 1114018 67 18 15  0  0  0
71  0 117288 115752752 1957596 37742568    0    0     0 409232 184036 1099049 66 18 16  0  0  0
70  0 117288 115748248 1957596 37742576    0    0     0 410608 184685 1106274 65 18 17  0  0  0
70  1 117288 115751868 1957596 37742584    0    0     0 412232 185759 1111726 66 18 16  0  0  0
76  0 117288 115756940 1957596 37742596    0    0     0 409140 184360 1109912 67 18 15  0  0  0
71  0 117288 115754280 1957596 37742608    0    0     0 410580 185719 1118078 67 18 15  0  0  0
68  0 117288 115750604 1957596 37742616    0    0     0 410924 185008 1107535 66 18 15  0  0  0
63  0 117288 115748416 1957596 37742624    0    0     0 412860 185538 1116848 67 18 15  0  0  0
62  1 117288 115758712 1957596 37742632    0    0     0 411492 185865 1118833 67 18 15  0  0  0
procs -----------memory---------- ---swap-- -----io---- -system-- -------cpu-------
 r  b   swpd   free   buff  cache   si   so    bi    bo   in   cs us sy id wa st gu
68  0 117288 115756232 1957596 37742644    0    0     0 412184 185481 1123059 67 18 14  0  0  0
70  0 117288 115760168 1957596 37742652    0    0     0 413780 185773 1127132 68 18 14  0  0  0
71  0 117288 115763248 1957596 37742672    0    0     0 411044 185428 1109961 66 18 15  0  0  0
68  0 117288 115754280 1957596 37742680    0    0     0 413900 185906 1123686 67 18 15  0  0  0
72  1 117288 115748680 1957596 37742688    0    0     0 412936 185526 1112572 66 18 15  0  0  0
69  0 117288 115750944 1957596 37742692    0    0     0 413628 185480 1118527 67 18 15  0  0  0
68  0 117288 115746476 1957596 37742708    0    0     0 413232 185090 1116125 67 18 15  0  0  0
71  1 117288 115746264 1957596 37742716    0    0     0 413520 185516 1120835 67 18 15  0  0  0
64  1 117288 115749076 1957596 37742724    0    0     0 414772 185889 1116065 67 18 15  0  0  0
73  0 117288 115753496 1957596 37742732    0    0     0 412604 184973 1114444 66 18 15  0  0  0
64  0 117288 115749212 1957596 37742740    0    0     0 413428 185611 1121555 67 18 15  0  0  0
67  0 117288 115749588 1957596 37742756    0    0     0 415600 185954 1126838 67 18 15  0  0  0
72  0 117288 115751832 1957596 37742764    0    0     0 412528 184991 1107890 66 18 16  0  0  0
67  0 117288 115753312 1957596 37742772    0    0     0 413728 184920 1111827 66 18 16  0  0  0
73  0 117288 115753744 1957596 37742784    0    0     0 414140 185932 1124023 67 18 15  0  0  0
70  0 117288 115752484 1957600 37742792    0    0     0 415996 185300 1123376 67 18 15  0  0  0
67  0 117288 115759688 1957600 37742808    0    0     0 416504 185938 1117440 66 18 15  0  0  0
69  1 117288 115759620 1957600 37742816    0    0     0 416512 185493 1110094 67 18 15  0  0  0
73  0 117288 115755136 1957600 37742824    0    0     0 410644 183940 1100241 66 18 16  0  0  0
69  0 117288 115750652 1957604 37742896    0    0     0 416628 186900 1128715 67 18 14  0  0  0
72  0 117288 115759412 1957604 37742908    0    0     0 413008 184662 1093091 65 18 17  0  0  0
procs -----------memory---------- ---swap-- -----io---- -system-- -------cpu-------
 r  b   swpd   free   buff  cache   si   so    bi    bo   in   cs us sy id wa st gu
70  0 117288 115752792 1957604 37742932    0    0     0 413796 184888 1094940 66 18 16  0  0  0
71  0 117288 115754360 1957604 37742940    0    0     0 416204 186511 1119125 67 18 15  0  0  0
67  0 117288 115756216 1957604 37742944    0    0     0 418096 186724 1119313 67 18 14  0  0  0
72  0 117288 115758716 1957604 37742952    0    0     0 419184 187626 1115700 67 18 15  0  0  0
 1  0 117288 115758548 1957604 37742960    0    0     0 417988 184854 1103774 66 18 16  0  0  0
72  0 117288 115759888 1957604 37742976    0    0     0 417656 185338 1111134 67 18 15  0  0  0
67  0 117288 115759560 1957604 37742984    0    0     0 418924 186657 1128294 68 18 14  0  0  0
67  1 117288 115751644 1957604 37742992    0    0     0 419476 186124 1126136 67 18 14  0  0  0
68  1 117288 115753756 1957604 37743000    0    0     0 417592 185589 1116936 67 18 15  0  0  0
74  0 117288 115751432 1957604 37743008    0    0     0 419048 186037 1130000 67 18 15  0  0  0
73  0 117288 115750148 1957604 37743024    0    0     0 416768 185828 1119179 67 18 15  0  0  0
75  0 117288 115749616 1957604 37743032    0    0     0 417784 185354 1118668 67 18 15  0  0  0
71  0 117288 115745472 1957604 37743040    0    0     0 417644 184902 1114414 66 18 15  0  0  0
58  0 117288 115751256 1957604 37743048    0    0     0 416836 186025 1118154 67 18 15  0  0  0
70  0 117288 115749152 1957604 37743060    0    0     0 417312 186204 1111033 67 18 15  0  0  0
69  0 117288 115749948 1957604 37743068    0    0     0 416432 185953 1123517 67 18 15  0  0  0
73  0 117288 115752592 1957604 37743080    0    0     0 417736 186273 1125089 67 18 14  0  0  0
69  0 117288 115747988 1957604 37743088    0    0     0 416664 185568 1109703 67 18 15  0  0  0
71  0 117288 115746056 1957604 37743096    0    0     0 417852 184890 1114537 67 18 15  0  0  0
68  0 117288 115750256 1957604 37743100    0    0     0 416360 185115 1095913 65 18 16  0  0  0
70  1 117288 115751336 1957604 37743112    0    0     0 415964 184648 1105000 66 18 16  0  0  0
procs -----------memory---------- ---swap-- -----io---- -system-- -------cpu-------
 r  b   swpd   free   buff  cache   si   so    bi    bo   in   cs us sy id wa st gu
71  1 117288 115753732 1957604 37743124    0    0     0 418228 185184 1123131 67 18 15  0  0  0
74  0 117288 115751152 1957604 37743136    0    0     0 416208 185652 1110588 67 18 15  0  0  0
69  1 117288 115748968 1957604 37743148    0    0     0 417608 185898 1126902 67 18 15  0  0  0
72  0 117288 115750616 1957604 37743160    0    0     0 414824 185338 1113596 67 18 15  0  0  0
71  0 117288 115750928 1957604 37743168    0    0     0 418504 186374 1117622 67 18 15  0  0  0
67  0 117288 115745964 1957604 37743180    0    0     0 413956 184349 1093083 65 18 16  0  0  0
67  1 117288 115746936 1957604 37743188    0    0     0 414484 184790 1099882 66 18 16  0  0  0
71  0 117288 115750140 1957604 37743196    0    0     0 414904 185280 1102144 66 18 16  0  0  0
69  0 117288 115748600 1957608 37743200    0    0     0 418936 186409 1126836 67 18 14  0  0  0
75  1 117288 115744332 1957608 37743216    0    0     0 418168 186985 1120045 67 18 15  0  0  0
77  0 117288 115738984 1957608 37743228    0    0     0 417448 185811 1123914 67 18 15  0  0  0
74  0 117288 115751108 1957608 37743236    0    0     0 416128 185314 1114950 67 18 15  0  0  0
73  0 117288 115751504 1957608 37743248    0    0     0 416016 185673 1114719 67 18 15  0  0  0
66  1 117288 115752988 1957608 37743260    0    0     0 418828 186695 1132217 67 18 14  0  0  0
73  0 117288 115747956 1957608 37743268    0    0     0 416020 186211 1117913 67 18 15  0  0  0
69  0 117288 115753460 1957608 37743276    0    0     0 420100 187071 1127238 67 18 14  0  0  0
75  1 117288 115752284 1957608 37743288    0    0     0 418416 185560 1124284 67 18 15  0  0  0
70  0 117288 115744020 1957608 37743296    0    0     0 418316 185704 1127375 67 18 15  0  0  0
73  1 117288 115745484 1957608 37743308    0    0     0 418752 185962 1120789 67 18 15  0  0  0
71  0 117288 115741520 1957608 37743316    0    0     0 417348 185430 1114783 67 18 15  0  0  0
67  0 117288 115736580 1957608 37743328    0    0     0 418072 186595 1118963 67 18 15  0  0  0
procs -----------memory---------- ---swap-- -----io---- -system-- -------cpu-------
 r  b   swpd   free   buff  cache   si   so    bi    bo   in   cs us sy id wa st gu
73  0 117288 115735744 1957608 37743336    0    0     0 419044 185558 1113414 66 18 15  0  0  0
68  0 117288 115736228 1957608 37743344    0    0     0 413940 185369 1116304 67 18 15  0  0  0
71  1 117288 115738236 1957608 37743356    0    0     0 414332 184871 1121886 67 18 15  0  0  0
73  0 117288 115741196 1957608 37743364    0    0     0 414660 184803 1126386 67 18 15  0  0  0
72  1 117288 115739024 1957608 37743376    0    0     0 412924 184477 1106016 66 18 16  0  0  0
67  0 117288 115745356 1957608 37743384    0    0     0 413988 184190 1105690 66 18 16  0  0  0
67  0 117288 115745544 1957608 37743392    0    0     0 417612 186333 1129140 67 18 15  0  0  0
67  0 117288 115744312 1957608 37743408    0    0     0 415572 186657 1130286 67 18 14  0  0  0
70  1 117288 115741880 1957608 37743416    0    0     0 415624 185381 1116084 67 18 15  0  0  0
70  1 117288 115742072 1957608 37743424    0    0     0 414400 185463 1112064 66 18 16  0  0  0
67  1 117288 115742012 1957608 37743436    0    0     0 416680 185631 1115154 66 18 15  0  0  0
68  1 117288 115739004 1957608 37743444    0    0     0 414024 185415 1113600 66 18 16  0  0  0
66  0 117288 115741844 1957608 37743452    0    0     0 411740 184336 1097346 65 18 16  0  0  0
68  1 117288 115740340 1957608 37743460    0    0     0 415004 185686 1114133 66 18 16  0  0  0
72  1 117288 115732348 1957608 37743472    0    0     0 415892 185661 1114974 67 18 15  0  0  0
75  0 117288 115740100 1957608 37743484    0    0     0 407116 182224 1099775 66 18 16  0  0  0
70  0 117288 115738608 1957608 37743560    0    0     0 411864 184478 1114890 66 18 15  0  0  0
77  0 117288 115749388 1957608 37743568    0    0     0 415220 185200 1121603 66 18 15  0  0  0
72  0 117288 115748140 1957608 37743576    0    0     0 414796 185903 1122678 67 18 15  0  0  0
69  0 117288 115749824 1957608 37743588    0    0     0 415744 186116 1126714 67 18 15  0  0  0
68  1 117288 115756236 1957608 37743600    0    0     0 414640 184923 1124450 67 18 15  0  0  0
procs -----------memory---------- ---swap-- -----io---- -system-- -------cpu-------
 r  b   swpd   free   buff  cache   si   so    bi    bo   in   cs us sy id wa st gu
75  0 117288 115745240 1957608 37743608    0    0     0 415284 184814 1125738 67 18 15  0  0  0
70  0 117288 115752096 1957608 37743620    0    0     0 414096 185099 1119888 67 18 15  0  0  0
69  0 117288 115750716 1957608 37743632    0    0     0 413140 184652 1109414 66 18 15  0  0  0
70  0 117288 115743272 1957608 37743640    0    0     0 414288 184483 1111564 66 18 16  0  0  0
66  1 117288 115740776 1957608 37743652    0    0     0 415168 185066 1115521 66 18 16  0  0  0
71  0 117288 115738764 1957608 37743664    0    0     0 415496 185064 1111234 66 18 16  0  0  0
75  1 117288 115740484 1957608 37743672    0    0     0 417368 185378 1120615 67 18 15  0  0  0
75  0 117288 115740088 1957608 37743680    0    0     0 417592 185112 1114221 66 18 16  0  0  0
71  0 117288 115735004 1957608 37743684    0    0     0 423600 195146 1120681 66 18 16  0  0  0
71  0 117288 115735000 1957608 37743696    4    0     4 422604 189370 1105928 66 18 16  0  0  0
75  0 117288 115745712 1957608 37743708    0    0     0 423364 187533 1109430 66 17 16  0  0  0
67  0 117288 115748900 1957608 37743716    0    0     0 416356 183999 1078892 65 18 17  0  0  0
72  0 117288 115744244 1957608 37743724    0    0     0 422356 189609 1104037 66 18 16  0  0  0
68  0 117288 115745608 1957608 37743732    0    0     0 423376 184572 1104477 66 18 16  0  0  0
70  0 117288 115742660 1957608 37743744    0    0     0 420172 184115 1107575 66 18 16  0  0  0
66  1 117288 115737012 1957608 37743756    0    0     0 419200 184588 1099459 65 18 16  0  0  0
66  0 117288 115734616 1957608 37743764    0    0     0 416800 182766 1087120 64 17 18  0  0  0
71  1 117288 115732764 1957612 37743768    0    0     0 419056 185396 1128100 67 18 15  0  0  0
70  0 117288 115733640 1957612 37743780    0    0     0 409628 180911 1044066 62 17 21  1  0  0
72  0 117288 115733616 1957612 37743788    0    0     0 405148 180178 1034089 61 17 22  1  0  0
68  1 117288 115732488 1957612 37743804    0    0     0 406820 179956 1075550 64 17 19  0  0  0
procs -----------memory---------- ---swap-- -----io---- -system-- -------cpu-------
 r  b   swpd   free   buff  cache   si   so    bi    bo   in   cs us sy id wa st gu
71  0 117288 115728492 1957612 37743812    0    0     0 413272 183129 1099863 66 18 16  0  0  0
65  1 117288 115732828 1957616 37743816    0    0     0 418792 184569 1122415 67 18 15  0  0  0
72  0 117288 115729164 1957616 37743832    0    0     0 418112 184276 1124063 67 18 15  0  0  0
74  0 117288 115727136 1957616 37743844    0    0     0 417944 183584 1118625 67 18 15  0  0  0
63  1 117288 115727472 1957616 37743852    0    0     0 416820 183840 1127239 67 18 14  0  0  0
 1  0 117288 115731220 1957616 37743860    0    0     0 420724 183856 1132547 67 18 15  0  0  0
68  0 117288 115728232 1957616 37743868    0    0     0 417212 184282 1134799 67 18 14  0  0  0
66  0 117288 115728864 1957616 37743876    0    0     0 419060 184371 1139622 68 18 14  0  0  0
71  0 117288 115723296 1957616 37743888    0    0     0 421140 184956 1143903 67 18 14  0  0  0
69  0 117288 115724916 1957616 37743904    0    0     0 415176 183294 1128765 67 18 14  0  0  0
61  0 117288 115731980 1957616 37743912    0    0     0 418228 182919 1114215 67 18 15  0  0  0
66  0 117288 115736412 1957616 37743920    0    0     0 417028 183836 1127670 67 18 15  0  0  0
73  0 117288 115733912 1957616 37743928    0    0     0 418936 183940 1124297 67 18 15  0  0  0
70  1 117288 115739488 1957616 37743944    0    0     0 414512 182489 1118274 67 18 15  0  0  0
67  1 117288 115742980 1957616 37743956    0    0     0 419988 183245 1138808 67 18 14  0  0  0
68  1 117288 115744696 1957616 37743968    0    0     0 416748 183271 1122103 67 18 15  0  0  0
68  0 117288 115736236 1957624 37743972    0    0     0 417376 182877 1127692 67 18 15  0  0  0
71  0 117288 115737380 1957624 37743988    0    0     0 414120 181745 1112208 66 18 16  0  0  0
67  0 117288 115737108 1957624 37743996    0    0     0 416080 182614 1112257 66 18 16  0  0  0
69  0 117288 115739136 1957624 37744012    0    0     0 419524 183445 1131615 67 18 15  0  0  0
70  1 117288 115727860 1957624 37744020    0    0     0 415356 182092 1119953 67 18 15  0  0  0
procs -----------memory---------- ---swap-- -----io---- -system-- -------cpu-------
 r  b   swpd   free   buff  cache   si   so    bi    bo   in   cs us sy id wa st gu
67  0 117288 115742152 1957624 37744024    0    0     0 416952 182220 1121921 66 18 16  0  0  0
69  1 117288 115745784 1957624 37744032    0    0     0 417860 183060 1125307 67 18 15  0  0  0
71  0 117288 115742892 1957624 37744044    0    0     0 419824 182848 1125525 67 18 15  0  0  0
67  0 117288 115740764 1957624 37744056    0    0     0 418408 183385 1125467 67 18 15  0  0  0
74  0 117288 115741772 1957624 37744064    0    0     0 416240 181497 1106241 65 17 17  0  0  0
67  0 117288 115743856 1957624 37744072    0    0     0 405656 178705 1094997 65 17 17  0  0  0
75  0 117288 115741208 1957624 37744080    0    0     0 397484 176602 1102378 66 18 16  0  0  0
73  0 117288 115748108 1957624 37744088    0    0     0 415196 181500 1110960 67 18 16  0  0  0
63  0 117288 115742556 1957624 37744104    0    0     0 414256 182267 1120260 67 18 15  0  0  0
70  1 117288 115747520 1957624 37744112    0    0     0 418680 182726 1120143 67 18 15  0  0  0
73  0 117288 115751596 1957624 37744120    0    0     0 420280 183663 1123365 67 18 15  0  0  0
72  0 117288 115751460 1957624 37744128    0    0     0 420480 183335 1120249 67 18 15  0  0  0
72  0 117288 115751324 1957624 37744140    0    0     0 420292 182535 1123296 67 18 15  0  0  0
71  0 117288 115741572 1957624 37744216    0    0     0 420524 182488 1124883 67 18 15  0  0  0
65  0 117288 115737604 1957624 37744232    0    0     0 418292 183065 1130641 67 18 15  0  0  0
75  0 117288 115743700 1957628 37744236    0    0     0 415644 182480 1113681 66 18 16  0  0  0
70  0 117288 115750952 1957628 37744248    0    0     0 419356 183514 1127070 67 18 15  0  0  0
66  1 117288 115750864 1957628 37744256    0    0     0 418848 182670 1121106 66 18 16  0  0  0
72  0 117288 115742320 1957628 37744232    0    0     0 420244 182902 1124558 66 18 15  0  0  0
69  1 117288 115748472 1957628 37744244    0    0     0 420896 182761 1120622 67 18 15  0  0  0
68  0 117288 115752212 1957628 37744252    0    0     0 421860 183394 1129939 67 18 15  0  0  0
procs -----------memory---------- ---swap-- -----io---- -system-- -------cpu-------
 r  b   swpd   free   buff  cache   si   so    bi    bo   in   cs us sy id wa st gu
68  1 117288 115752440 1957628 37744260    0    0     0 418624 182393 1115481 67 18 15  0  0  0
67  1 117288 115745596 1957628 37744272    0    0     0 417664 181477 1111133 66 18 16  0  0  0
71  0 117288 115743892 1957628 37744280    0    0     0 412316 180471 1096478 66 18 17  0  0  0
72  0 117288 115743412 1957628 37744292    0    0     0 420180 182601 1124709 67 18 15  0  0  0
67  0 117288 115746260 1957628 37744304    0    0     0 419108 182643 1117165 67 18 15  0  0  0
67  1 117288 115740460 1957628 37744312    0    0     0 418852 182457 1114880 67 18 15  0  0  0
74  0 117288 115748176 1957628 37744324    0    0     0 422324 182698 1112052 66 18 16  0  0  0
70  0 117288 115747020 1957628 37744332    0    0     0 419756 182416 1112473 66 18 16  0  0  0
66  0 117288 115749864 1957628 37744344    0    0     0 419552 182445 1110115 66 18 16  0  0  0
68  0 117288 115748432 1957628 37744352    0    0     0 423568 183483 1126156 67 18 15  0  0  0
70  0 117288 115746568 1957632 37744360    0    0     0 403544 176432 1056378 63 17 19  0  0  0
72  0 117288 115746100 1957632 37744372    0    0     0 416996 181468 1087690 65 17 18  0  0  0
67  0 117288 115743488 1957632 37744380    0    0     0 423384 183225 1116206 67 18 15  0  0  0
69  0 117288 115751772 1957632 37744396    0    0     0 424760 183535 1125796 67 18 15  0  0  0
67  0 117288 115753096 1957632 37744400    0    0     0 423848 184049 1125122 67 18 15  0  0  0
67  0 117288 115753460 1957636 37744408    0    0     0 421092 182730 1132541 67 18 15  0  0  0
73  0 117288 115751124 1957636 37744420    0    0     0 420160 183018 1123503 67 18 15  0  0  0
73  1 117288 115753172 1957636 37744428    0    0     0 420232 182741 1121722 67 18 15  0  0  0
67  0 117288 115753772 1957636 37744440    0    0     0 423084 183809 1122480 66 18 15  0  0  0
75  0 117288 115748112 1957636 37744448    0    0     0 423956 183527 1129598 67 18 15  0  0  0
72  0 117288 115750452 1957640 37744460    0    0     0 420740 182898 1127607 67 18 14  0  0  0
procs -----------memory---------- ---swap-- -----io---- -system-- -------cpu-------
 r  b   swpd   free   buff  cache   si   so    bi    bo   in   cs us sy id wa st gu
72  0 117288 115754408 1957640 37744472    0    0     0 424624 183670 1136017 67 18 15  0  0  0
73  0 117288 115750864 1957640 37744492    0    0     0 420432 182082 1110006 66 18 16  0  0  0
69  0 117288 115745120 1957640 37744504    0    0     0 417508 181329 1108459 66 18 16  0  0  0
66  0 117288 115744968 1957640 37744516    0    0     0 419040 182533 1115739 66 18 16  0  0  0
65  0 117288 115749520 1957644 37744524    0    0     0 416380 181513 1106310 67 18 15  0  0  0
62  1 117288 115751200 1957644 37744536    0    0     0 420344 182833 1124904 67 18 15  0  0  0
67  0 117288 115750760 1957644 37744544    0    0     0 422032 183225 1138023 67 18 15  0  0  0
67  1 117288 115750012 1957644 37744552    0    0     0 415872 181496 1114093 67 18 15  0  0  0
71  0 117288 115750416 1957644 37744564    0    0     0 417804 182008 1114005 66 18 16  0  0  0
68  0 117288 115726988 1957648 37744572    0    0     0 420036 182224 1107506 66 18 16  0  0  0
70  1 117288 115731204 1957648 37744624    0    0     0 423392 183340 1121399 67 18 15  0  0  0
67  1 117288 115740972 1957648 37744632    0    0     0 420376 182234 1123097 67 18 15  0  0  0
67  0 117288 115744040 1957648 37744640    0    0     0 415152 181178 1104355 66 18 16  0  0  0
73  0 117288 115747080 1957648 37744652    0    0     0 419868 182921 1111380 66 18 16  0  0  0
64  0 117288 115748472 1957652 37744660    0    0     0 418832 182139 1107105 66 17 16  0  0  0
72  0 117288 115755612 1957652 37744672    0    0     0 419840 183120 1123554 67 18 15  0  0  0
70  1 117288 115750736 1957652 37744684    0    0     0 407900 178734 1108240 66 18 16  0  0  0
69  0 117288 115749516 1957652 37744692    0    0     0 417372 181120 1096803 65 17 17  0  0  0
68  0 117288 115750044 1957652 37744704    0    0     0 416780 182065 1098908 66 18 17  0  0  0
68  1 117288 115748084 1957656 37744712    0    0     0 423736 183214 1124591 67 18 15  0  0  0
66  0 117288 115748072 1957656 37744724    0    0     0 417960 182035 1117217 67 18 15  0  0  0
procs -----------memory---------- ---swap-- -----io---- -system-- -------cpu-------
 r  b   swpd   free   buff  cache   si   so    bi    bo   in   cs us sy id wa st gu
69  0 117288 115751576 1957656 37744732    0    0     0 422044 182483 1129594 67 18 15  0  0  0
74  0 117288 115752200 1957656 37744740    0    0     0 422240 182582 1120584 67 18 15  0  0  0
76  0 117288 115756172 1957656 37744756    0    0     0 420356 183104 1124890 67 18 15  0  0  0
71  1 117288 115746624 1957660 37744760    0    0     0 419616 182641 1123452 67 18 15  0  0  0
65  0 117288 115750280 1957660 37744772    0    0     0 420764 182931 1128215 67 18 14  0  0  0
70  0 117288 115751820 1957660 37744780    0    0     0 417804 182144 1127833 67 18 15  0  0  0
68  1 117288 115751972 1957660 37744784    0    0     0 414020 181613 1109465 67 18 15  0  0  0
70  1 117288 115753656 1957660 37744796    0    0     0 420060 182524 1119155 67 18 15  0  0  0
71  0 117288 115749096 1957664 37744804    0    0     0 418020 181699 1120721 66 18 16  0  0  0
72  1 117288 115749744 1957664 37744900    0    0     0 419056 181893 1116440 66 18 15  0  0  0
71  0 117288 115747924 1957664 37744912    0    0     0 414136 181460 1118108 67 18 15  0  0  0
64  0 117288 115747376 1957664 37744920    0    0     0 420012 183037 1126364 67 18 15  0  0  0
71  1 117288 115737168 1957664 37744936    0    0     0 417548 181774 1112605 67 18 15  0  0  0
74  0 117288 115747388 1957672 37744936    0    0     0 418148 181237 1114116 66 18 16  0  0  0
69  1 117288 115746732 1957672 37744956    0    0     0 410808 180008 1087930 66 18 17  0  0  0
69  0 117288 115750240 1957672 37744964    0    0     0 416000 180842 1109502 66 18 16  0  0  0
72  0 117288 115756752 1957672 37744972    0    0     0 420796 182303 1125225 67 18 16  0  0  0
76  1 117288 115754392 1957672 37744980    0    0     0 419688 182461 1116667 67 18 15  0  0  0
68  0 117288 115757288 1957672 37744996    0    0     0 420428 181705 1114181 66 18 16  0  0  0
73  0 117288 115750680 1957672 37745004    0    0     0 418192 180485 1108907 66 18 16  0  0  0
68  0 117288 115753596 1957672 37745012    0    0     0 422276 181980 1108070 66 18 16  0  0  0
procs -----------memory---------- ---swap-- -----io---- -system-- -------cpu-------
 r  b   swpd   free   buff  cache   si   so    bi    bo   in   cs us sy id wa st gu
67  1 117288 115745608 1957672 37745020    0    0     0 421508 182789 1123470 66 18 16  0  0  0
70  0 117288 115745328 1957672 37745032    0    0     0 403972 176542 1071181 64 17 18  0  0  0
66  1 117288 115741152 1957672 37745044    0    0     0 394332 172350 1042723 63 17 19  0  0  0
70  1 117288 115738988 1957672 37745048    0    0     0 403040 175074 1059198 64 17 19  0  0  0
69  0 117288 115749920 1957672 37745056    0    0     0 424652 182545 1113214 66 18 16  0  0  0
67  1 117288 115746492 1957672 37745064    0    0     0 420308 180992 1091695 65 18 17  0  0  0
74  0 117288 115746884 1957672 37745076    0    0     0 419344 181983 1099321 66 17 17  0  0  0
71  0 117288 115744840 1957672 37745092    0    0     0 423048 182925 1124492 67 18 15  0  0  0
 1  0 117288 115742596 1957676 37745104    0    0     0 423372 183210 1131552 67 18 15  0  0  0
70  1 117288 115746732 1957676 37745112    0    0     0 419292 183296 1122432 67 18 15  0  0  0
70  1 117288 115734632 1957676 37745120    0    0     0 420280 183389 1127272 67 18 14  0  0  0
74  0 117288 115737640 1957676 37745132    0    0     0 420020 182820 1125553 67 18 15  0  0  0
74  0 117288 115740360 1957676 37745144    0    0     0 418932 182110 1125979 67 18 15  0  0  0
70  0 117288 115737176 1957680 37745152    0    0     0 420184 183169 1123987 67 18 15  0  0  0
71  0 117288 115741060 1957680 37745164    0    0     0 419464 182516 1116479 66 18 15  0  0  0
75  0 117288 115740404 1957680 37745172    0    0     0 417916 182071 1109375 65 18 16  0  0  0
68  0 117288 115748020 1957680 37745180    0    0     0 414604 181463 1106785 66 18 16  0  0  0
74  0 117288 115742428 1957680 37745196    0    0     0 418712 183242 1125253 67 18 15  0  0  0
71  0 117288 115743868 1957684 37745200    0    0     0 417684 182594 1122247 67 18 15  0  0  0
72  0 117288 115742704 1957684 37745212    0    0     0 417000 182262 1123700 67 18 15  0  0  0
71  0 117288 115745472 1957684 37745216    0    0     0 416256 182354 1122610 67 18 15  0  0  0
procs -----------memory---------- ---swap-- -----io---- -system-- -------cpu-------
 r  b   swpd   free   buff  cache   si   so    bi    bo   in   cs us sy id wa st gu
68  0 117288 115740316 1957684 37745228    0    0     0 415592 180778 1101566 66 18 16  0  0  0
72  0 117288 115737408 1957684 37745240    0    0     0 418768 181755 1114365 66 18 16  0  0  0
70  0 117288 115746200 1957692 37745240    0    0     0 418424 182507 1124774 66 18 15  0  0  0
71  0 117288 115742200 1957692 37745260    0    0     0 413956 181038 1114614 66 18 16  0  0  0
73  0 117288 115747496 1957692 37745268    0    0     0 414792 182627 1107778 66 18 16  0  0  0
75  0 117288 115747964 1957692 37745280    0    0     0 415192 182356 1103442 66 18 16  0  0  0
73  0 117288 115748600 1957692 37745292    0    0     0 404008 178615 1091792 65 17 17  0  0  0
77  0 117288 115750376 1957696 37745300    0    0     0 416688 182543 1128415 67 18 15  0  0  0
74  0 117288 115747256 1957696 37745312    0    0     0 412004 180017 1079287 64 17 19  0  0  0
67  1 117288 115748540 1957696 37745320    0    0     0 412944 181157 1101165 66 18 16  0  0  0
68  0 117288 115744252 1957696 37745332    0    0     0 415136 182684 1121595 67 18 15  0  0  0
75  0 117288 115750024 1957696 37745340    0    0     0 411652 182135 1113291 66 18 16  0  0  0
66  0 117288 115745128 1957700 37745348    0    0     0 415240 182757 1117158 67 18 15  0  0  0
67  0 117288 115743196 1957700 37745360    0    0     0 417492 182805 1116244 66 18 16  0  0  0
69  1 117288 115745696 1957700 37745368    0    0     0 416608 182361 1112695 67 18 15  0  0  0
70  0 117288 115746012 1957700 37745380    0    0     0 416132 182723 1117252 67 18 15  0  0  0
66  0 117288 115748696 1957700 37745384    0    0     0 417172 181765 1113494 67 18 15  0  0  0
68  0 117288 115748564 1957704 37745392    0    0     0 418076 182654 1125174 67 18 15  0  0  0
71  1 117288 115749092 1957704 37745408    0    0     0 413588 181728 1104721 66 18 16  0  0  0
70  0 117288 115745148 1957704 37745420    0    0     0 414504 182279 1109237 66 18 16  0  0  0
72  0 117288 115743068 1957704 37745428    0    0     0 415724 181466 1111498 66 17 16  0  0  0
procs -----------memory---------- ---swap-- -----io---- -system-- -------cpu-------
 r  b   swpd   free   buff  cache   si   so    bi    bo   in   cs us sy id wa st gu
73  0 117288 115743120 1957704 37745436    0    0     0 418116 181360 1110785 65 17 17  0  0  0
65  0 117288 115743464 1957704 37745448    0    0     0 418396 181874 1105186 65 17 17  0  0  0
68  0 117288 115737352 1957704 37745456    0    0     0 420064 183067 1112335 66 18 16  0  0  0
68  0 117288 115741296 1957704 37745464    0    0     0 419364 187709 1112330 66 18 16  0  0  0
71  0 117288 115741892 1957704 37745476    0    0     0 413788 185679 1100935 66 18 16  0  0  0
69  0 117288 115739548 1957704 37745484    0    0     0 415736 189083 1108549 66 17 16  0  0  0
68  1 117288 115744076 1957704 37745496    0    0     0 417596 188656 1097759 65 18 17  0  0  0
74  0 117288 115740440 1957704 37745572    0    0     0 416412 185377 1096945 65 18 17  0  0  0
73  1 117288 115735216 1957704 37745584    0    0     0 414840 181554 1090877 66 18 17  0  0  0
66  0 117288 115736224 1957704 37745592    0    0     0 419520 182340 1109311 66 18 16  0  0  0
70  0 117288 115736084 1957704 37745600    0    0     0 415788 181232 1098171 66 17 17  0  0  0
72  0 117288 115738948 1957704 37745612    0    0     0 413720 180928 1083443 64 17 18  0  0  0
68  0 117288 115746144 1957704 37745620    0    0     0 404212 177849 1071170 64 17 18  0  0  0
76  0 117288 115742776 1957704 37745628    0    0     0 414808 181178 1088907 65 17 17  0  0  0
69  0 117288 115744656 1957704 37745640    0    0     0 417696 182722 1108899 66 18 16  0  0  0
71  0 117288 115744320 1957704 37745648    0    0     0 414412 180427 1088784 64 18 18  0  0  0
69  0 117288 115746416 1957704 37745664    0    0     0 414648 182295 1106134 66 18 15  0  0  0
72  0 117288 115746368 1957704 37745672    0    0     0 415972 182899 1108902 67 18 15  0  0  0
71  1 117288 115740344 1957704 37745684    0    0     0 419236 183104 1121838 67 18 15  0  0  0
63  0 117288 115744432 1957704 37745692    0    0     0 419844 183462 1127051 67 18 15  0  0  0
74  0 117288 115745764 1957704 37745700    0    0     0 421480 183964 1131721 67 18 15  0  0  0
procs -----------memory---------- ---swap-- -----io---- -system-- -------cpu-------
 r  b   swpd   free   buff  cache   si   so    bi    bo   in   cs us sy id wa st gu
70  0 117288 115745028 1957704 37745708    0    0     0 411028 183156 1116612 67 18 15  0  0  0
72  0 117288 115737680 1957704 37745724    0    0     0 413900 184172 1124874 67 18 14  0  0  0
70  1 117288 115740312 1957704 37745732    0    0     0 412668 183505 1126803 67 18 15  0  0  0
74  0 117288 115738984 1957704 37745740    0    0     0 414084 183625 1129698 67 18 15  0  0  0
68  0 117288 115735164 1957704 37745748    0    0     0 413568 183048 1125989 67 18 14  0  0  0
73  0 117288 115737924 1957704 37745764    0    0     0 414308 183450 1122910 67 18 15  0  0  0
73  0 117288 115732400 1957708 37745772    0    0     0 414756 183525 1121143 67 18 15  0  0  0
69  1 117288 115733664 1957708 37745788    0    0     0 409124 182166 1108953 66 18 16  0  0  0
69  0 117288 115733504 1957708 37745796    0    0     0 415632 184759 1128630 67 18 15  0  0  0
73  0 117288 115732232 1957708 37745804    0    0     0 415488 183819 1118006 67 18 15  0  0  0
69  0 117288 115734004 1957708 37745812    0    0     0 414472 184338 1126657 67 18 15  0  0  0
69  0 117288 115731052 1957712 37745824    0    0     0 414268 183544 1123548 67 18 15  0  0  0
71  0 117288 115731124 1957712 37745836    0    0     0 414644 183795 1113070 66 18 16  0  0  0
70  0 117288 115723124 1957712 37745844    0    0     0 411524 183057 1116181 66 18 16  0  0  0
65  0 117288 115737080 1957712 37745852    0    0     0 414828 184276 1122878 67 18 15  0  0  0
68  0 117288 115737988 1957712 37745860    0    0     0 411716 183038 1110889 66 18 15  0  0  0
71  1 117288 115740640 1957712 37745872    0    0     0 414768 183488 1127596 67 18 15  0  0  0
69  0 117288 115740140 1957712 37745884    0    0     0 413072 182868 1118765 67 18 15  0  0  0
68  0 117288 115740616 1957712 37745892    0    0     0 411664 183306 1107161 66 18 15  0  0  0
69  0 117288 115740740 1957712 37745900    0    0     0 402000 179215 1101340 66 18 15  0  0  0
72  0 117288 115735780 1957712 37745908    0    0     0 415144 184199 1126196 67 18 14  0  0  0
procs -----------memory---------- ---swap-- -----io---- -system-- -------cpu-------
 r  b   swpd   free   buff  cache   si   so    bi    bo   in   cs us sy id wa st gu
73  1 117288 115730540 1957716 37745920    0    0     0 408208 181183 1089562 65 17 18  0  0  0
64  0 117288 115733680 1957716 37745932    0    0     0 411432 182033 1092299 65 18 17  0  0  0
73  1 117288 115728196 1957716 37745944    0    0     0 405720 181115 1088802 66 18 16  0  0  0
67  1 117288 115735460 1957716 37745952    0    0     0 413660 184238 1120102 66 18 15  0  0  0
65  0 117288 115736312 1957716 37745960    0    0     0 413340 183406 1113240 66 18 16  0  0  0
75  0 117288 115738600 1957716 37745968    0    0     0 410668 183777 1119304 66 18 15  0  0  0
71  0 117288 115734296 1957716 37745980    0    0     0 410496 183066 1106875 67 18 15  0  0  0
68  1 117288 115733644 1957716 37745988    0    0     0 413236 184051 1123700 67 18 15  0  0  0
69  1 117288 115730592 1957716 37745996    0    0     0 410408 183351 1109292 67 18 15  0  0  0
75  0 117288 115737332 1957716 37746004    0    0     0 408700 183203 1108278 66 18 15  0  0  0
72  0 117288 115734684 1957716 37746020    0    0     0 411212 183912 1122079 67 18 15  0  0  0
68  0 117288 115734360 1957716 37746028    0    0     0 410416 183437 1113393 66 18 15  0  0  0
71  0 117288 115731996 1957716 37746036    0    0     0 409764 182047 1102496 66 18 16  0  0  0
69  0 117288 115729200 1957716 37746044    0    0     0 412348 183991 1116240 66 18 16  0  0  0
69  0 117288 115740116 1957716 37746052    0    0     0 409132 182382 1097315 65 18 17  0  0  0
75  0 117288 115730552 1957716 37746064    0    0     0 413088 184169 1117834 66 18 16  0  0  0
68  0 117288 115730964 1957716 37746076    0    0     0 411596 184093 1110893 66 18 15  0  0  0
73  0 117288 115730492 1957716 37746084    0    0     0 404408 181387 1088199 66 17 17  0  0  0
69  0 117288 115726476 1957716 37746092    0    0     0 409280 182257 1106278 66 18 16  0  0  0
70  0 117288 115739276 1957716 37746100    0    0     0 409640 182219 1110262 66 18 17  0  0  0
68  1 117288 115736912 1957716 37746116    0    0     0 408572 182467 1100020 65 18 16  0  0  0
procs -----------memory---------- ---swap-- -----io---- -system-- -------cpu-------
 r  b   swpd   free   buff  cache   si   so    bi    bo   in   cs us sy id wa st gu
71  0 117288 115735424 1957716 37746128    0    0     0 406712 182276 1096136 66 18 16  0  0  0
69  1 117288 115733488 1957716 37746132    0    0     0 410840 182752 1100295 66 18 17  0  0  0
73  1 117288 115733244 1957716 37746148    0    0     0 408100 182018 1098981 66 18 16  0  0  0
69  0 117288 115732768 1957716 37746156    0    0     0 399336 178322 1075741 65 17 18  0  0  0
69  0 117288 115735308 1957720 37746232    0    0     0 406096 181050 1077139 64 17 18  0  0  0
67  0 117288 115725148 1957720 37746248    0    0     0 413480 184120 1119190 66 18 15  0  0  0
71  0 117288 115727436 1957720 37746256    0    0     0 413424 185685 1114857 66 18 15  0  0  0
70  0 117288 115721280 1957720 37746264    0    0     0 409524 193249 1095540 66 18 16  0  0  0
65  0 117288 115725676 1957720 37746272    0    0     0 412644 189289 1117177 66 18 15  0  0  0
74  0 117288 115728240 1957720 37746284    0    0     0 413040 189004 1119348 67 18 15  0  0  0
68  0 117288 115733348 1957720 37746296    0    0     0 413404 187605 1119996 67 18 15  0  0  0
70  0 117288 115733256 1957720 37746304    0    0     0 414656 189143 1119101 66 18 15  0  0  0
70  1 117288 115736896 1957720 37746312    0    0     0 408404 185426 1100257 66 18 16  0  0  0
68  0 117288 115734932 1957720 37746320    0    0     0 415680 186695 1121291 67 18 15  0  0  0
67  0 117288 115724580 1957720 37746336    0    0     0 414196 185893 1126465 67 18 15  0  0  0
70  0 117288 115725428 1957720 37746348    0    0     0 414584 185537 1129004 67 18 14  0  0  0
73  1 117288 115726144 1957720 37746356    0    0     0 415568 185514 1122753 67 18 15  0  0  0
66  1 117288 115730408 1957720 37746364    0    0     0 416956 185437 1125750 67 18 15  0  0  0
76  0 117288 115734528 1957720 37746376    0    0     0 416156 184561 1114502 66 18 15  0  0  0
65  0 117288 115731856 1957720 37746384    0    0     0 411144 183854 1105704 67 18 15  0  0  0
75  0 117288 115732216 1957724 37746392    0    0     0 414644 185419 1121751 67 18 15  0  0  0
procs -----------memory---------- ---swap-- -----io---- -system-- -------cpu-------
 r  b   swpd   free   buff  cache   si   so    bi    bo   in   cs us sy id wa st gu
72  0 117288 115735704 1957724 37746404    0    0     0 415640 184638 1129281 67 18 15  0  0  0
72  1 117288 115732248 1957724 37746412    0    0     0 416656 184092 1119417 67 18 15  0  0  0
66  1 117288 115731220 1957724 37746420    0    0     0 416588 183791 1123187 67 18 15  0  0  0
62  0 117288 115731540 1957724 37746432    0    0     0 414372 182855 1127199 67 18 15  0  0  0
65  0 117288 115728036 1957724 37746440    0    0     0 411132 182273 1103864 66 18 16  0  0  0
69  0 117288 115731680 1957724 37746452    0    0     0 414268 183484 1115671 66 18 16  0  0  0
73  0 117288 115728600 1957724 37746460    0    0     0 411644 183318 1118427 66 18 16  0  0  0
77  0 117288 115735384 1957724 37746472    0    0     0 411800 183059 1114037 67 18 15  0  0  0
75  0 117288 115734820 1957724 37746480    0    0     0 413028 183368 1128750 67 18 15  0  0  0
75  0 117288 115736800 1957728 37746484    0    0     0 402480 179517 1106680 66 18 16  0  0  0
76  0 117288 115733512 1957728 37746500    0    0     0 412552 184017 1123290 67 18 15  0  0  0
70  0 117288 115727880 1957728 37746512    0    0     0 413272 183231 1125097 67 18 14  0  0  0
67  0 117288 115735124 1957728 37746520    0    0     0 398520 178433 1083431 65 17 18  0  0  0
74  0 117288 115731680 1957728 37746532    0    0     0 408608 181880 1091537 65 18 17  0  0  0
72  1 117288 115738508 1957728 37746540    0    0     0 410320 183363 1118648 67 18 15  0  0  0
68  0 117288 115737744 1957728 37746548    0    0     0 411696 183964 1125744 67 18 15  0  0  0
71  1 117288 115739272 1957728 37746556    0    0     0 410468 184214 1124522 67 18 15  0  0  0
70  0 117288 115740716 1957728 37746568    0    0     0 411300 183673 1130092 67 18 15  0  0  0
70  0 117288 115736744 1957728 37746576    0    0     0 410608 184352 1119420 67 18 15  0  0  0
67  0 117288 115741436 1957728 37746584    0    0     0 413004 184189 1132582 67 18 15  0  0  0
71  0 117288 115736748 1957728 37746596    0    0     0 411676 182894 1127379 67 18 15  0  0  0
procs -----------memory---------- ---swap-- -----io---- -system-- -------cpu-------
 r  b   swpd   free   buff  cache   si   so    bi    bo   in   cs us sy id wa st gu
71  1 117288 115735852 1957728 37746604    0    0     0 409920 183331 1122837 67 18 15  0  0  0
69  1 117288 115743224 1957728 37746616    0    0     0 407964 183066 1122044 67 18 15  0  0  0
78  0 117288 115739152 1957728 37746632    0    0     0 410664 183919 1120058 67 18 15  0  0  0
68  1 117288 115737400 1957736 37746632    0    0     0 409336 183554 1118967 67 18 15  0  0  0
68  0 117288 115736868 1957736 37746652    0    0     0 410992 183881 1117277 66 18 15  0  0  0
67  0 117288 115731704 1957736 37746660    0    0     0 408376 182976 1110496 66 18 16  0  0  0
73  0 117288 115728892 1957736 37746672    0    0     0 408904 183638 1110726 66 18 16  0  0  0
75  1 117288 115732484 1957736 37746680    0    0     0 411876 183985 1112992 66 18 16  0  0  0
70  1 117288 115735488 1957736 37746688    0    0     0 406668 183102 1106618 66 18 16  0  0  0
74  0 117288 115738572 1957736 37746704    0    0     0 411824 183792 1116238 67 18 15  0  0  0
67  1 117288 115743300 1957736 37746716    0    0     0 409520 182754 1096929 65 18 17  0  0  0
71  0 117288 115741456 1957736 37746720    0    0     0 408700 182097 1078687 64 17 18  0  0  0
69  0 117288 115740600 1957736 37746728    0    0     0 411304 184563 1117064 66 18 15  0  0  0
67  0 117288 115733724 1957736 37746736    0    0     0 412584 184677 1130887 67 18 15  0  0  0
71  0 117288 115728436 1957736 37746748    0    0     0 411960 183532 1117433 67 18 15  0  0  0
68  0 117288 115732112 1957736 37746756    0    0     0 410184 182830 1107557 66 18 15  0  0  0
68  0 117288 115723684 1957736 37746768    0    0     0 399296 179404 1092842 65 18 17  0  0  0
69  0 117288 115727084 1957736 37746776    0    0     0 413920 184343 1126345 67 18 15  0  0  0
68  1 117288 115726308 1957736 37746784    0    0     0 396220 177869 1082837 65 18 17  0  0  0
70  0 117288 115723868 1957736 37746792    0    0     0 393988 176554 1078864 65 17 18  0  0  0
68  1 117288 115721568 1957736 37746808    0    0     0 409948 183545 1114753 66 18 16  0  0  0
procs -----------memory---------- ---swap-- -----io---- -system-- -------cpu-------
 r  b   swpd   free   buff  cache   si   so    bi    bo   in   cs us sy id wa st gu
69  0 117288 115727796 1957736 37746816    0    0     0 410296 183081 1109541 67 18 15  0  0  0
68  0 117288 115734596 1957736 37746892    0    0     0 412240 183410 1113653 66 18 15  0  0  0
70  0 117288 115738072 1957736 37746900    0    0     0 411504 183514 1115901 66 18 15  0  0  0
67  0 117288 115731328 1957736 37746908    0    0     0 410372 182836 1108250 66 18 16  0  0  0
71  1 117288 115729028 1957736 37746924    0    0     0 411328 183570 1117707 67 18 15  0  0  0
70  1 117288 115733232 1957736 37746932    0    0     0 411724 183394 1119673 67 18 15  0  0  0
75  0 117288 115741168 1957736 37746940    0    0     0 412520 183851 1109770 66 18 16  0  0  0
69  1 117288 115738708 1957736 37746948    0    0     0 413376 184418 1124327 67 18 15  0  0  0
71  0 117288 115735916 1957740 37746952    0    0     0 410892 182793 1111655 66 18 16  0  0  0
73  0 117288 115737196 1957740 37746968    0    0     0 410280 183387 1110926 66 18 16  0  0  0
75  1 117288 115735792 1957740 37746980    0    0     0 412584 183371 1109748 66 18 16  0  0  0
72  0 117288 115732548 1957740 37746988    0    0     0 407500 181541 1099993 66 18 16  0  0  0
67  1 117288 115734604 1957740 37746996    0    0     0 412288 182993 1116891 66 18 15  0  0  0
72  0 117288 115740408 1957744 37747008    0    0     0 413592 183517 1115977 66 18 16  0  0  0
72  0 117288 115739556 1957744 37747024    0    0     0 409640 181664 1094599 66 18 16  0  0  0
73  1 117288 115731128 1957744 37747032    0    0     0 409128 182684 1102575 66 18 16  0  0  0
72  0 117288 115731552 1957744 37747040    0    0     0 413096 183205 1119655 66 18 15  0  0  0
69  1 117288 115728068 1957744 37747048    0    0     0 407988 181220 1083352 64 17 18  0  0  0
69  1 117288 115734580 1957744 37747056    0    0     0 405892 180425 1077863 64 17 18  0  0  0
67  0 117288 115739476 1957744 37747076    0    0     0 411404 184509 1121334 67 18 15  0  0  0
71  0 117288 115746256 1957744 37747084    0    0     0 408848 183450 1113838 66 18 16  0  0  0
procs -----------memory---------- ---swap-- -----io---- -system-- -------cpu-------
 r  b   swpd   free   buff  cache   si   so    bi    bo   in   cs us sy id wa st gu
72  1 117288 115735088 1957744 37747092    0    0     0 412484 184219 1116095 66 18 15  0  0  0
65  0 117288 115740704 1957744 37747100    0    0     0 403004 180107 1108485 66 18 16  0  0  0
70  1 117288 115736412 1957748 37747104    0    0     0 409520 183453 1103293 66 18 16  0  0  0
67  1 117288 115736820 1957748 37747124    0    0     0 407428 181795 1077924 64 18 18  0  0  0
65  0 117288 115740888 1957748 37747128    0    0     0 393920 177531 1082502 65 18 17  0  0  0
67  1 117288 115740704 1957748 37747136    0    0     0 387632 175608 1076860 66 17 17  0  0  0
71  0 117288 115738232 1957748 37747144    0    0     0 403296 180915 1101496 66 18 16  0  0  0
64  0 117288 115738260 1957748 37747156    0    0     0 409016 182925 1106056 66 18 15  0  0  0
68  1 117288 115731464 1957748 37747168    0    0     0 410436 187467 1111165 67 18 15  0  0  0
69  0 117288 115739024 1957748 37747176    0    0     0 409804 184858 1117572 66 18 15  0  0  0
72  0 117288 115742760 1957748 37747184    0    0     0 412016 185274 1116658 67 18 15  0  0  0
70  0 117288 115740136 1957748 37747192    0    0     0 411164 184844 1106858 66 18 15  0  0  0
71  0 117288 115735860 1957748 37747200    0    0     0 411692 184260 1112527 66 18 16  0  0  0
70  1 117288 115735864 1957748 37747216    0    0     0 409836 183147 1111004 66 18 16  0  0  0
67  1 117288 115739876 1957748 37747228    0    0     0 412608 183954 1117625 66 18 15  0  0  0
70  1 117288 115742184 1957748 37747236    0    0     0 414268 182602 1107522 66 18 16  0  0  0
72  0 117288 115738220 1957748 37747244    0    0     0 414760 184258 1111021 66 18 16  0  0  0
74  0 117288 115740268 1957748 37747260    0    0     0 411468 184559 1102996 66 18 16  0  0  0
68  0 117288 115744852 1957748 37747268    0    0     0 412760 184853 1116126 66 18 15  0  0  0
72  1 117288 115741572 1957748 37747280    0    0     0 409528 184250 1106463 66 18 16  0  0  0
69  0 117288 115735636 1957748 37747288    0    0     0 411840 183923 1111445 66 18 16  0  0  0
procs -----------memory---------- ---swap-- -----io---- -system-- -------cpu-------
 r  b   swpd   free   buff  cache   si   so    bi    bo   in   cs us sy id wa st gu
73  0 117288 115735200 1957748 37747292    0    0     0 408476 184306 1101161 66 18 16  0  0  0
65  1 117288 115738480 1957748 37747300    0    0     0 409896 183940 1094982 65 18 17  0  0  0
70  0 117288 115733608 1957748 37747312    0    0     0 408240 182797 1080583 64 17 18  0  0  0
73  0 117288 115736092 1957748 37747328    0    0     0 410456 182829 1103066 66 18 16  0  0  0
69  0 117288 115738468 1957748 37747336    0    0     0 411716 184316 1108504 66 18 15  0  0  0
66  0 117288 115738956 1957748 37747344    0    0     0 413536 184110 1116532 67 18 15  0  0  0
71  1 117288 115739924 1957752 37747352    0    0     0 409696 184089 1102674 65 18 16  0  0  0
68  1 117288 115740100 1957752 37747364    0    0     0 406912 183016 1097285 66 17 16  0  0  0
69  0 117288 115744704 1957752 37747376    0    0     0 400628 180665 1101892 66 18 16  0  0  0
67  1 117288 115738900 1957752 37747384    0    0     0 392936 177563 1053491 63 17 19  0  0  0
70  0 117288 115739936 1957752 37747392    0    0     0 394784 177432 1088308 65 17 17  0  0  0
70  0 117288 115731008 1957752 37747400    0    0     0 410368 184185 1109524 67 18 15  0  0  0
68  1 117288 115726900 1957752 37747412    0    0     0 409568 183636 1116876 67 18 15  0  0  0
75  0 117288 115726500 1957752 37747424    0    0     0 412952 184479 1121660 67 18 15  0  0  0
73  0 117288 115735240 1957752 37747432    0    0     0 412668 182983 1121679 66 18 15  0  0  0
71  0 117288 115734308 1957752 37747440    0    0     0 405748 181843 1090451 65 18 16  0  0  0
68  0 117288 115729804 1957760 37747448    0    0     0 412772 184752 1121400 67 18 15  0  0  0
70  0 117288 115734732 1957760 37747460    0    0     0 411512 183949 1117999 67 18 15  0  0  0
71  1 117288 115736036 1957760 37747472    0    0     0 412284 183715 1112803 67 18 15  0  0  0
74  0 117288 115735780 1957760 37747548    0    0     0 412088 183453 1121891 67 18 15  0  0  0
71  0 117288 115732508 1957760 37747556    0    0     0 411360 183392 1111317 66 18 15  0  0  0
procs -----------memory---------- ---swap-- -----io---- -system-- -------cpu-------
 r  b   swpd   free   buff  cache   si   so    bi    bo   in   cs us sy id wa st gu
70  0 117288 115738312 1957768 37747560    0    0     0 409428 182664 1113592 66 18 16  0  0  0
68  0 117288 115734980 1957768 37747576    0    0     0 410544 183325 1108881 66 18 16  0  0  0
72  0 117288 115735476 1957768 37747584    0    0     0 407724 182490 1108249 66 18 16  0  0  0
68  0 117288 115736100 1957768 37747604    0    0     0 409532 182649 1115917 67 18 15  0  0  0
70  0 117288 115729772 1957768 37747612    0    0     0 412072 182676 1120762 67 18 15  0  0  0
70  0 117288 115735084 1957768 37747624    0    0     0 410840 182564 1111210 66 18 16  0  0  0
64  0 117288 115744384 1957768 37747632    0    0     0 409528 182880 1111758 66 18 16  0  0  0
69  0 117288 115734668 1957768 37747640    0    0     0 412672 183257 1115891 66 18 15  0  0  0
69  0 117288 115729616 1957768 37747652    0    0     0 408036 180898 1075546 64 17 18  0  0  0
69  0 117288 115729040 1957768 37747660    0    0     0 409596 180813 1088004 64 17 18  0  0  0
70  1 117288 115734420 1957768 37747672    0    0     0 414252 183538 1110489 66 18 16  0  0  0
65  0 117288 115739576 1957768 37747680    0    0     0 413696 182907 1114750 67 18 15  0  0  0
65  1 117288 115739192 1957768 37747688    0    0     0 414116 183366 1109841 66 18 16  0  0  0
68  1 117288 115738180 1957768 37747704    0    0     0 415200 183803 1119133 66 17 16  0  0  0
67  1 117288 115745980 1957768 37747708    0    0     0 402064 180245 1097105 66 18 16  0  0  0
69  0 117288 115739172 1957776 37747712    0    0     0 401776 179667 1074814 64 17 18  0  0  0
68  1 117288 115733792 1957776 37747728    0    0     0 411272 182299 1091356 65 18 17  0  0  0
 3  0 117288 115734344 1957776 37747736    0    0     0 410380 182510 1110837 66 18 15  0  0  0
66  0 117288 115739064 1957776 37747748    0    0     0 411396 183167 1117933 67 18 15  0  0  0
77  0 117288 115736888 1957776 37747756    0    0     0 411780 183219 1112079 67 18 15  0  0  0
71  0 117288 115747588 1957776 37747768    0    0     0 412704 184086 1116664 66 18 15  0  0  0
procs -----------memory---------- ---swap-- -----io---- -system-- -------cpu-------
 r  b   swpd   free   buff  cache   si   so    bi    bo   in   cs us sy id wa st gu
72  0 117288 115744440 1957776 37747776    0    0     0 409928 182640 1114233 66 18 15  0  0  0
70  0 117288 115738948 1957776 37747784    0    0     0 412184 183249 1122684 67 18 15  0  0  0
74  0 117288 115739596 1957776 37747796    0    0     0 412740 184399 1126854 67 18 15  0  0  0
70  0 117288 115735272 1957776 37747812    0    0     0 414144 183196 1125913 67 18 15  0  0  0
68  0 117288 115741696 1957780 37747816    0    0     0 410856 183880 1110783 66 18 15  0  0  0
69  1 117288 115747080 1957780 37747828    0    0     0 411692 183441 1121823 66 18 15  0  0  0
73  0 117288 115739080 1957780 37747836    0    0     0 410844 183182 1110520 66 18 15  0  0  0
72  0 117288 115740056 1957780 37747848    0    0     0 412644 184364 1119604 66 18 15  0  0  0
71  0 117288 115740008 1957780 37747860    0    0     0 412316 184144 1118830 66 18 15  0  0  0
69  1 117288 115741636 1957780 37747868    0    0     0 410184 183092 1122858 66 18 15  0  0  0
68  0 117288 115735496 1957780 37747872    0    0     0 409872 183423 1113232 66 18 15  0  0  0
72  1 117288 115743896 1957780 37747880    0    0     0 409088 183252 1111135 66 18 15  0  0  0
65  0 117288 115736044 1957780 37747892    0    0     0 410548 184089 1113767 67 18 16  0  0  0
73  1 117288 115737892 1957780 37747908    0    0     0 410792 183836 1112718 66 18 16  0  0  0
67  0 117288 115742836 1957780 37747916    0    0     0 409172 183279 1104160 66 18 16  0  0  0
68  0 117288 115739376 1957780 37747928    0    0     0 405884 181694 1088823 64 18 18  0  0  0
73  1 117288 115672784 1957788 37749444    0    0     0 410024 183910 1090611 66 18 16  0  0  0
72  0 117288 115565640 1957788 37749832    0    0     0 407496 183335 1096713 67 18 15  0  0  0
71  0 117288 115567372 1957800 37748324    0    0     0 421880 182527 1089599 67 18 15  0  0  0
71  0 117288 115562112 1957800 37747600    0    0     0 406720 183193 1102425 66 18 16  0  0  0
68  0 117288 115568448 1957800 37747604    0    0     0 396712 179969 1087302 66 18 16  0  0  0
procs -----------memory---------- ---swap-- -----io---- -system-- -------cpu-------
 r  b   swpd   free   buff  cache   si   so    bi    bo   in   cs us sy id wa st gu
70  0 117288 115568540 1957800 37747612    0    0     0 398664 179138 1076187 65 17 18  0  0  0
67  0 117288 115577904 1957800 37747620    0    0     0 403008 181205 1074242 64 17 18  0  0  0
69  0 117288 115582488 1957804 37747636    0    0     0 404316 181654 1070089 64 17 18  0  0  0
66  0 117288 115572400 1957804 37747648    0    0     0 407560 183245 1093919 65 17 17  0  0  0
70  0 117288 115576016 1957804 37747656    0    0     0 408812 182994 1096348 66 18 16  0  0  0
68  1 117288 115577788 1957804 37747664    0    0     0 407072 183081 1090286 65 18 17  0  0  0
66  1 117288 115577704 1957804 37747668    0    0     0 403640 181454 1071949 64 17 18  0  0  0
75  0 117288 115574504 1957804 37747684    0    0     0 402452 182718 1094076 66 18 16  0  0  0
72  1 117288 115595336 1957804 37747692    0    0     0 404020 181926 1089866 65 18 17  0  0  0
68  0 117288 115597356 1957804 37747700    0    0     0 406592 183806 1096897 66 17 16  0  0  0
74  0 117288 115592432 1957804 37747708    0    0     0 405356 182994 1093932 65 17 17  0  0  0
71  0 117288 115595196 1957804 37747716    0    0     0 409696 182758 1089858 65 18 17  0  0  0
70  0 117288 115592460 1957804 37747732    0    0     0 406416 181957 1079505 65 17 18  0  0  0
67  1 117288 115597556 1957804 37747740    0    0     0 409816 182509 1099935 66 18 16  0  0  0
67  0 117288 115597892 1957804 37747748    0    0     0 408760 183111 1112085 66 18 15  0  0  0
75  0 117288 115595932 1957804 37747756    0    0     0 411700 184551 1127726 67 18 15  0  0  0
74  0 117288 115584544 1957804 37747856    0    0     0 411424 183742 1120901 67 18 15  0  0  0
65  0 117288 115590288 1957804 37747868    0    0     0 410120 183700 1123766 67 18 15  0  0  0
71  0 117288 115597908 1957804 37747876    0    0     0 411208 183290 1104411 66 18 16  0  0  0
74  0 117288 115597656 1957804 37747884    0    0     0 410296 183477 1116748 67 18 15  0  0  0
69  0 117288 115587668 1957804 37747892    0    0     0 411944 184102 1121910 67 18 15  0  0  0
procs -----------memory---------- ---swap-- -----io---- -system-- -------cpu-------
 r  b   swpd   free   buff  cache   si   so    bi    bo   in   cs us sy id wa st gu
71  0 117288 115591860 1957804 37747900    0    0     0 407420 182163 1085471 65 17 18  0  0  0
71  1 117288 115592868 1957804 37747916    0    0     0 403112 180637 1068013 64 17 19  0  0  0
69  0 117288 115592164 1957804 37747924    0    0     0 411396 182434 1111799 66 18 16  0  0  0
70  0 117288 115587912 1957804 37747928    0    0     0 409868 183870 1119448 67 18 15  0  0  0
69  0 117288 115595872 1957804 37747936    0    0     0 406872 182458 1105091 66 18 16  0  0  0
67  0 117288 115593784 1957804 37747948    0    0     0 393196 176700 1087931 66 18 16  0  0  0
72  1 117288 115591952 1957804 37747960    0    0     0 381896 172977 1088583 66 18 16  0  0  0
69  0 117288 115589288 1957804 37747972    0    0     0 401556 178501 1082635 65 17 18  0  0  0
68  1 117288 115588252 1957804 37747980    0    0     0 411544 181781 1088782 65 18 17  0  0  0
68  0 117288 115587076 1957804 37747988    0    0     0 412124 184480 1109201 66 18 16  0  0  0
66  1 117288 115586508 1957804 37748008    0    0     0 410308 184743 1120907 67 18 14  0  0  0
73  0 117288 115591256 1957804 37748016    0    0     0 406796 183625 1112636 67 18 15  0  0  0
71  0 117288 115590324 1957804 37748028    0    0     0 409932 183947 1116071 67 18 15  0  0  0
73  0 117288 115586212 1957804 37748036    0    0     0 409156 183982 1117069 66 18 15  0  0  0
73  0 117288 115581936 1957804 37748048    0    0     0 409512 183725 1111170 67 18 15  0  0  0
69  0 117288 115583676 1957804 37748060    0    0     0 411040 183213 1120328 67 18 15  0  0  0
68  0 117288 115588012 1957804 37748068    0    0     0 410556 183426 1110758 66 18 16  0  0  0
69  0 117288 115582772 1957804 37748080    0    0     0 408556 183027 1117021 67 18 15  0  0  0
69  0 117288 115582336 1957804 37748088    0    0     0 410904 183231 1110890 67 18 15  0  0  0
72  1 117288 115583824 1957804 37748096    0    0     0 410776 183557 1117146 66 18 15  0  0  0
70  0 117288 115583064 1957804 37748104    0    0     0 410128 183179 1123440 66 18 15  0  0  0
procs -----------memory---------- ---swap-- -----io---- -system-- -------cpu-------
 r  b   swpd   free   buff  cache   si   so    bi    bo   in   cs us sy id wa st gu
66  0 117288 115586664 1957804 37748112    0    0     0 410056 183398 1118373 66 18 16  0  0  0
68  0 117288 115588748 1957804 37748124    0    0     0 410256 183538 1113025 67 18 15  0  0  0
70  0 117288 115582928 1957804 37748132    0    0     0 412208 183360 1113027 67 18 15  0  0  0
67  1 117288 115590756 1957804 37748140    0    0     0 405520 181365 1090328 65 18 17  0  0  0
69  0 117288 115600136 1957804 37748152    0    0     0 413136 182829 1103209 66 18 16  0  0  0
65  0 117288 115596096 1957804 37748160    0    0     0 408980 182937 1109636 67 18 15  0  0  0
73  0 117288 115598128 1957804 37748172    0    0     0 409532 181998 1082578 64 17 19  0  0  0
70  0 117288 115595356 1957804 37748180    0    0     0 410412 183242 1106093 66 18 16  0  0  0
72  0 117288 115595176 1957804 37748188    0    0     0 409848 183137 1107722 67 18 15  0  0  0
70  0 117288 115590096 1957804 37748200    0    0     0 415764 183784 1120222 67 18 15  0  0  0
67  0 117288 115588744 1957804 37748208    0    0     0 403944 180178 1104763 66 18 16  0  0  0
70  0 117288 115596856 1957804 37748220    0    0     0 408048 182762 1101783 66 18 16  0  0  0
70  0 117288 115593652 1957804 37748228    0    0     0 402776 180104 1093772 66 18 16  0  0  0
69  0 117288 115592812 1957804 37748236    0    0     0 412604 183934 1113636 66 18 16  0  0  0
68  1 117288 115593928 1957804 37748248    0    0     0 407984 182278 1091100 65 17 17  0  0  0
67  0 117288 115598760 1957804 37748256    0    0     0 411980 182852 1108558 66 18 16  0  0  0
65  0 117288 115586244 1957808 37748260    0    0     0 413964 184046 1126962 67 18 15  0  0  0
68  1 117288 115588392 1957808 37748276    0    0     0 409532 182947 1108444 67 18 15  0  0  0
69  0 117288 115592648 1957808 37748284    0    0     0 412152 184128 1118597 66 18 15  0  0  0
72  0 117288 115591272 1957808 37748296    0    0     0 410384 182050 1100741 65 18 17  0  0  0
71  0 117288 115597996 1957808 37748304    0    0     0 412608 183553 1123116 67 18 15  0  0  0
procs -----------memory---------- ---swap-- -----io---- -system-- -------cpu-------
 r  b   swpd   free   buff  cache   si   so    bi    bo   in   cs us sy id wa st gu
71  0 117288 115592464 1957812 37748312    0    0     0 412652 183966 1124890 67 18 15  0  0  0
67  0 117288 115590152 1957812 37748324    0    0     0 414444 183868 1125283 67 18 15  0  0  0
66  0 117288 115582464 1957812 37748336    0    0     0 414940 184158 1130593 67 18 15  0  0  0
68  0 117288 115585616 1957812 37748348    0    0     0 413220 183645 1127873 67 18 15  0  0  0
69  0 117288 115582664 1957812 37748356    0    0     0 412708 182759 1113600 66 18 15  0  0  0
68  0 117288 115580252 1957820 37748356    0    0     0 407640 182540 1098527 66 18 16  0  0  0
68  1 117288 115579020 1957820 37748376    0    0     0 410020 182720 1104746 66 18 16  0  0  0
70  1 117288 115581060 1957820 37748384    0    0     0 411160 182409 1103536 66 18 16  0  0  0
71  0 117288 115579272 1957820 37748404    0    0     0 411124 182955 1110444 66 18 16  0  0  0
69  1 117288 115576476 1957820 37748412    0    0     0 410336 183230 1114468 66 18 15  0  0  0
68  1 117288 115586124 1957824 37748420    0    0     0 393832 177345 1105648 66 18 16  0  0  0
73  0 117288 115585000 1957824 37748432    0    0     0 389052 174771 1065149 65 17 17  0  0  0
64  0 117288 115589224 1957824 37748440    0    0     0 387096 174645 1061637 64 17 18  0  0  0
63  0 117288 115582076 1957824 37748516    0    0     0 388508 174768 1062667 64 18 18  0  0  0
67  0 117288 115582176 1957824 37748524    0    0     0 390732 175396 1089981 66 18 16  0  0  0
64  1 117288 115579604 1957828 37748528    0    0     0 402072 179316 1083785 65 18 17  0  0  0
74  1 117288 115578792 1957828 37748544    0    0     0 406240 182009 1089390 66 18 17  0  0  0
73  0 117288 115583832 1957828 37748560    0    0     0 406516 181583 1086038 65 17 17  0  0  0
68  1 117288 115581612 1957828 37748568    0    0     0 406796 182872 1092058 65 18 17  0  0  0
70  0 117288 115584004 1957828 37748576    0    0     0 403388 179976 1087290 66 18 16  0  0  0
67  0 117288 115572252 1957828 37748584    0    0     0 408184 181452 1068866 64 17 19  0  0  0
procs -----------memory---------- ---swap-- -----io---- -system-- -------cpu-------
 r  b   swpd   free   buff  cache   si   so    bi    bo   in   cs us sy id wa st gu
70  1 117288 115573116 1957828 37748596    0    0     0 408668 182825 1082132 65 18 17  0  0  0
69  0 117288 115573672 1957828 37748608    0    0     0 414628 184849 1115318 67 18 15  0  0  0
71  1 117288 115572312 1957828 37748616    0    0     0 412248 184471 1104159 67 18 15  0  0  0
67  1 117288 115571508 1957828 37748624    0    0     0 412100 183994 1105550 67 18 15  0  0  0
69  1 117288 115574356 1957828 37748640    0    0     0 411776 184098 1103027 66 18 15  0  0  0
73  0 117288 115573320 1957828 37748648    0    0     0 412768 183588 1116188 67 18 15  0  0  0
67  0 117288 115578976 1957828 37748656    0    0     0 415320 184946 1117816 67 18 15  0  0  0
76  0 117288 115586244 1957828 37748664    0    0     0 415700 184184 1123526 67 18 14  0  0  0
70  0 117288 115584444 1957828 37748676    0    0     0 411168 184933 1106439 66 18 15  0  0  0
69  0 117288 115588052 1957832 37748680    0    0     0 411364 183680 1117741 67 18 15  0  0  0
71  1 117288 115592148 1957832 37748688    0    0     0 412696 183993 1122055 67 18 15  0  0  0
72  1 117288 115589344 1957832 37748704    0    0     0 411192 183346 1111608 67 18 15  0  0  0
68  0 117288 115587596 1957832 37748712    0    0     0 411716 182958 1112552 67 18 16  0  0  0
70  0 117288 115589108 1957832 37748724    0    0     0 412356 183713 1126513 67 18 15  0  0  0
71  1 117288 115585440 1957832 37748732    0    0     0 409060 182986 1108452 66 18 15  0  0  0
66  0 117288 115581640 1957832 37748744    0    0     0 408288 181483 1103596 66 18 16  0  0  0
67  0 117288 115583480 1957832 37748756    0    0     0 409636 183436 1114700 67 18 15  0  0  0
73  1 117288 115584968 1957832 37748764    0    0     0 413396 183919 1118721 66 18 15  0  0  0
75  1 117288 115588528 1957832 37748772    0    0     0 406996 181468 1090329 65 17 17  0  0  0
65  0 117288 115587680 1957832 37748780    0    0     0 407584 181704 1093252 65 18 17  0  0  0
70  0 117288 115588696 1957832 37748788    0    0     0 408480 182710 1110597 66 18 15  0  0  0
procs -----------memory---------- ---swap-- -----io---- -system-- -------cpu-------
 r  b   swpd   free   buff  cache   si   so    bi    bo   in   cs us sy id wa st gu
68  0 117288 115593292 1957832 37748804    0    0     0 409912 183068 1110330 67 18 15  0  0  0
70  0 117288 115589180 1957832 37748812    0    0     0 408612 183733 1118554 67 18 15  0  0  0
72  1 117288 115592036 1957832 37748820    0    0     0 404524 181804 1107203 66 18 15  0  0  0
75  0 117288 115590952 1957832 37748828    0    0     0 400380 179547 1101651 66 18 16  0  0  0
66  0 117288 115595380 1957832 37748840    0    0     0 409376 183246 1111649 67 17 16  0  0  0
73  0 117288 115588940 1957832 37748852    0    0     0 408068 182620 1106123 66 18 16  0  0  0
68  0 117288 115590696 1957832 37748860    0    0     0 407200 181444 1081294 64 17 18  0  0  0
65  0 117288 115592368 1957832 37748868    0    0     0 407796 182846 1103208 65 18 17  0  0  0
71  0 117288 115589228 1957836 37748876    0    0     0 409744 183434 1115799 67 18 15  0  0  0
72  0 117288 115596088 1957836 37748888    0    0     0 409380 183639 1109704 66 18 16  0  0  0
70  1 117288 115591268 1957836 37748900    0    0     0 406376 181716 1090394 65 18 17  0  0  0
69  1 117288 115585364 1957836 37748908    0    0     0 409252 183425 1109488 66 18 16  0  0  0
70  1 117288 115580748 1957836 37748916    0    0     0 409684 183637 1121539 67 18 15  0  0  0
71  0 117288 115586124 1957836 37748924    0    0     0 409704 183292 1111802 67 18 15  0  0  0
69  0 117288 115582128 1957836 37748936    0    0     0 410644 183917 1117273 67 18 15  0  0  0
76  0 117288 115576692 1957836 37748948    0    0     0 409560 183276 1109177 67 18 15  0  0  0
73  0 117288 115580932 1957836 37748956    0    0     0 409528 183715 1120238 67 18 15  0  0  0
68  0 117288 115584164 1957836 37748964    0    0     0 408300 182849 1114684 66 18 15  0  0  0
69  0 117288 115587188 1957840 37748968    0    0     0 409380 182970 1106783 66 18 16  0  0  0
70  1 117288 115582100 1957840 37748984    0    0     0 410848 183239 1115937 66 18 16  0  0  0
70  0 117288 115576660 1957840 37749000    0    0     0 410692 183382 1120957 66 18 15  0  0  0
procs -----------memory---------- ---swap-- -----io---- -system-- -------cpu-------
 r  b   swpd   free   buff  cache   si   so    bi    bo   in   cs us sy id wa st gu
66  0 117288 115580252 1957840 37749008    0    0     0 410744 183693 1114602 66 18 16  0  0  0
73  0 117288 115580712 1957840 37749016    0    0     0 410860 183042 1109575 66 18 16  0  0  0
75  0 117288 115584020 1957840 37749028    0    0     0 410712 183529 1101035 66 18 17  0  0  0
69  1 117288 115585600 1957840 37749040    0    0     0 406860 181945 1088628 65 17 18  0  0  0
69  0 117288 115585492 1957840 37749052    0    0     0 407332 182122 1093499 65 18 17  0  0  0
70  1 117288 115587012 1957840 37749064    0    0     0 410700 183546 1120941 67 18 15  0  0  0
70  1 117288 115586812 1957840 37749072    0    0     0 412920 184512 1121331 67 18 15  0  0  0
73  0 117288 115592184 1957848 37749072    0    0     0 411784 183996 1118657 67 18 15  0  0  0
71  0 117288 115590260 1957848 37749100    0    0     0 410620 182953 1107336 66 18 16  0  0  0
71  0 117288 115587332 1957848 37749108    0    0     0 408236 182605 1097391 66 18 16  0  0  0
69  1 117288 115589760 1957852 37749180    0    0     0 400712 179733 1090173 65 18 17  0  0  0
82  0 117288 115585432 1957852 37749192    0    0     0 408272 181558 1096749 65 18 17  0  0  0
73  0 117288 115589080 1957852 37749204    0    0     0 404508 180899 1064518 64 17 19  0  0  0
69  0 117288 115584208 1957852 37749204    0    0     0 408056 182826 1106229 66 18 15  0  0  0
64  0 117288 115587252 1957852 37749220    0    0     0 410356 182873 1111732 67 18 15  0  0  0
65  0 117288 115588984 1957852 37749224    0    0     0 411468 183140 1109605 67 18 16  0  0  0
68  0 117288 115588820 1957852 37749232    0    0     0 411716 183769 1110511 67 18 15  0  0  0
67  0 117288 115586964 1957852 37749240    0    0     0 410032 183666 1112707 67 18 15  0  0  0
70  0 117288 115586580 1957852 37749252    0    0     0 411892 183641 1125575 67 18 15  0  0  0
71  1 117288 115586672 1957852 37749256    0    0     0 410796 183297 1121999 67 18 15  0  0  0
69  0 117288 115584084 1957852 37749276    0    0     0 408224 182945 1111250 66 18 15  0  0  0
