procs -----------memory---------- ---swap-- -----io---- -system-- -------cpu-------
 r  b   swpd   free   buff  cache   si   so    bi    bo   in   cs us sy id wa st gu
 4  0 117032 7089848 1512284 38643144    0    2 39306 35006 12902    7  4  1 95  1  0  0
 1  0 117032 7058964 1512284 38643368    0    0     0 323840 99803 63424  2  1 97  0  0  0
 1  0 117032 7057760 1512284 38643404    0    0     0 22220 85586 43872  1  0 98  0  0  0
 1  0 117032 7049452 1512284 38643412    0    0     0 21564 85650 43326  1  0 98  0  0  0
 1  0 117032 7046876 1512284 38643432    0    0     0 21324 85484 43213  1  0 98  0  0  0
 2  0 117032 7051900 1512292 38643452    0    0     0 18684 85367 42341  1  0 98  0  0  0
 2  0 117032 7053216 1512292 38643472    0    0     0 19000 85459 43068  1  0 98  0  0  0
 2  0 117032 7055008 1512292 38643484    0    0     0 18876 85456 42837  1  0 98  0  0  0
 2  0 117032 7048672 1512292 38643500    0    0     0 18556 85390 42749  1  0 98  0  0  0
 1  0 117032 7042952 1512292 38643512    0    0     0 18536 85578 43065  1  0 98  0  0  0
 1  0 117032 7049644 1512300 38643524    0    0     0 18684 85310 42893  1  0 98  0  0  0
 1  0 117032 7041628 1512300 38643536    0    0     0 18364 85282 42320  1  0 98  0  0  0
 1  0 117032 7042616 1512300 38643552    0    0     0 18364 85288 42595  1  0 98  0  0  0
 1  0 117032 7043688 1512300 38643568    0    0     0 18400 85212 42307  1  0 98  0  0  0
 2  0 117032 7042744 1512300 38643576    0    0     0 19016 85281 42588  1  0 98  0  0  0
 3  0 117032 7046272 1512304 38643588    0    0     0 19132 85532 43026  1  0 98  0  0  0
 1  0 117032 7050772 1512304 38643608    0    0     0 18892 85366 42795  1  0 98  0  0  0
 1  0 117032 7044952 1512304 38643624    0    0     0 19488 85540 42887  1  0 98  0  0  0
 1  0 117032 7039020 1512304 38643632    0    0     0 19492 85484 43163  1  0 98  0  0  0
 1  0 117032 7035256 1512304 38643640    0    0     0 19544 85663 43120  1  0 98  0  0  0
 1  0 117032 7028140 1512308 38643656    0    0     0 19768 85530 43291  1  0 98  0  0  0
procs -----------memory---------- ---swap-- -----io---- -system-- -------cpu-------
 r  b   swpd   free   buff  cache   si   so    bi    bo   in   cs us sy id wa st gu
 1  0 117032 7032392 1512308 38643676    0    0     0 19192 85282 42416  1  0 98  0  0  0
 1  0 117032 7043528 1512308 38643688    0    0     0 19336 85454 42873  1  0 98  0  0  0
 1  0 117032 7041768 1512308 38643696    0    0     0 19288 85663 43214  1  0 98  0  0  0
 1  0 117032 7033668 1512308 38643712    0    0     0 19384 85434 43110  1  0 98  0  0  0
 1  0 117032 7034044 1512316 38643712    0    0     0 19016 85635 42976  1  0 98  0  0  0
 1  0 117032 7049956 1512316 38643736    0    0     0 18944 85381 42641  1  0 98  0  0  0
 1  0 117032 7045064 1512320 38643744    0    0     0 18884 85288 42196  1  0 98  0  0  0
 1  0 117032 7050404 1512320 38643764    0    0     0 18496 85470 42749  1  0 98  0  0  0
 2  0 117032 7045580 1512320 38643780    0    0     0 18876 85521 42924  1  0 98  0  0  0
 2  1 117032 7043692 1512324 38643784    0    0     0 18748 85339 42925  1  0 98  0  0  0
 3  0 117032 7045960 1512324 38643804    0    0     0 19188 85481 42950  1  0 98  0  0  0
 1  0 117032 7047592 1512324 38643816    0    0     0 18732 85608 43118  1  0 98  0  0  0
 1  0 117032 7054660 1512324 38643828    0    0     0 18900 85452 42801  1  0 98  0  0  0
 1  0 117032 7044356 1512324 38643852    0    0     0 19048 85572 42901  1  0 98  0  0  0
 2  0 117032 7047468 1512328 38643864    0    0     0 19424 85510 42941  1  0 98  0  0  0
 1  0 117032 7047564 1512328 38643880    0    0     0 19572 85587 43120  1  0 98  0  0  0
 1  0 117032 7045568 1512328 38643892    0    0     0 18928 85442 42664  1  0 98  0  0  0
 1  0 117032 7042512 1512328 38643900    0    0     0 19172 85483 43042  1  0 98  0  0  0
 1  0 117032 7042332 1512328 38643908    0    0     0 18876 85514 43014  1  0 98  0  0  0
 1  0 117032 7044208 1512332 38643920    0    0     0 19544 85684 43306  1  0 98  0  0  0
 1  0 117032 7055524 1512332 38643932    0    0     0 19384 85475 42741  1  0 98  0  0  0
procs -----------memory---------- ---swap-- -----io---- -system-- -------cpu-------
 r  b   swpd   free   buff  cache   si   so    bi    bo   in   cs us sy id wa st gu
 3  0 117032 7048080 1512332 38643960    0    0     0 19116 85427 42872  1  0 98  0  0  0
 1  0 117032 7049856 1512332 38643972    0    0     0 18980 85491 42987  1  0 98  0  0  0
 1  0 117032 7050832 1512332 38643980    0    0     0 19036 85311 42737  1  0 98  0  0  0
 2  0 117032 7040444 1512336 38643984    0    0     0 19452 85466 42865  1  0 98  0  0  0
 1  0 117032 7041004 1512336 38643996    0    0     0 19128 85261 42311  1  0 98  0  0  0
 3  0 117032 7048928 1512336 38644020    0    0     0 18864 85265 42323  1  0 98  0  0  0
 1  0 117032 7055776 1512336 38644048    0    0     0 19320 85342 42492  1  0 98  0  0  0
 3  0 117032 7056648 1512336 38644056    0    0     0 19392 85439 42886  1  0 98  0  0  0
 1  0 117032 7049524 1512344 38644072    0    0     0 19552 85416 43017  1  0 98  0  0  0
 1  0 117032 7044088 1512344 38644084    0    0     0 19136 85256 42513  1  0 98  0  0  0
 1  0 117032 7049848 1512344 38644096    0    0     0 19432 85369 42801  1  0 98  0  0  0
 1  0 117032 7038152 1512344 38644108    0    0     0 19128 85237 42195  1  0 98  0  0  0
 1  0 117032 7040952 1512344 38644116    0    0     0 20156 85459 42590  1  0 98  0  0  0
 1  0 117032 7039472 1512352 38644120    0    0     0 20252 85125 42197  1  0 98  0  0  0
 1  0 117032 7043280 1512352 38644160    0    0     0 20412 85599 42908  1  0 98  0  0  0
 1  0 117032 7034912 1512352 38644172    0    0     0 20428 85365 42580  1  0 98  0  0  0
 1  0 117032 7033248 1512352 38644252    0    0     0 20224 85300 42604  1  0 98  0  0  0
 1  0 117032 7035156 1512352 38644264    0    0     0 19836 85008 40581  1  0 98  0  0  0
 2  0 117032 7044472 1512356 38644268    0    0     0 20320 85665 43117  1  0 98  0  0  0
 2  0 117032 7036940 1512356 38644280    0    0     0 20268 85309 42708  1  0 98  0  0  0
 3  0 117032 7040736 1512356 38644292    0    0     0 20304 85548 42641  1  0 98  0  0  0
procs -----------memory---------- ---swap-- -----io---- -system-- -------cpu-------
 r  b   swpd   free   buff  cache   si   so    bi    bo   in   cs us sy id wa st gu
 2  0 117032 7041316 1512356 38644304    0    0     0 20024 85440 42982  1  0 98  0  0  0
 1  0 117032 7044328 1512356 38644340    0    0     0 19976 85343 41510  1  0 98  0  0  0
 1  0 117032 7043440 1512360 38644348    0    0     0 20864 85130 40918  1  0 98  0  0  0
 2  0 117032 7047156 1512360 38644364    0    0     0 21072 85503 42754  1  0 98  0  0  0
 1  0 117032 7049876 1512360 38644380    0    0     0 21272 85618 43720  1  0 98  0  0  0
 1  0 117032 7049896 1512360 38644400    0    0     0 21208 85720 43173  1  0 98  0  0  0
 2  0 117032 7050280 1512360 38644416    0    0     0 20972 85494 43336  1  0 98  0  0  0
 1  0 117032 7055304 1512372 38644416    0    0     0 20528 85443 42633  1  0 98  0  0  0
 1  0 117032 7048056 1512372 38644440    0    0     0 21016 85416 42838  1  0 98  0  0  0
 1  0 117032 7047568 1512372 38644452    0    0     0 21232 85312 42558  1  0 98  0  0  0
 1  0 117032 7047000 1512372 38644464    0    0     0 21256 85384 42731  1  0 98  0  0  0
 1  0 117032 7041280 1512372 38644472    0    0     0 21436 85362 42709  1  0 98  0  0  0
 1  0 117032 7044800 1512380 38644484    0    0     0 20872 85322 42762  1  0 98  0  0  0
 1  0 117032 7050160 1512380 38644500    0    0     0 20728 85592 43047  1  0 98  0  0  0
 2  0 117032 7055068 1512380 38644508    0    0     0 19932 85191 41985  1  0 98  0  0  0
 4  0 117032 7053868 1512380 38644536    0    0     0 20784 85417 42922  1  0 98  0  0  0
 1  0 117032 7057424 1512380 38644548    0    0     0 20904 85607 42917  1  0 98  0  0  0
 1  0 117032 7058256 1512392 38644556    0    0     0 21036 85397 42604  1  0 98  0  0  0
 1  0 117032 7058688 1512392 38644576    0    0     0 20944 85284 42659  1  0 98  0  0  0
 1  0 117032 7052720 1512392 38644588    0    0     0 21104 85358 42378  1  0 98  0  0  0
 1  0 117032 7049276 1512392 38644600    0    0     0 20544 85374 43002  1  0 98  0  0  0
procs -----------memory---------- ---swap-- -----io---- -system-- -------cpu-------
 r  b   swpd   free   buff  cache   si   so    bi    bo   in   cs us sy id wa st gu
 1  0 117032 7049556 1512392 38644612    0    0     0 21408 85663 43587  1  0 98  0  0  0
 1  0 117032 7056360 1512400 38644632    0    0     0 21168 85423 42698  1  0 98  0  0  0
 1  0 117032 7058624 1512400 38644652    0    0     0 21384 85377 42444  1  0 98  0  0  0
 1  0 117032 7050724 1512400 38644664    0    0     0 21032 85460 43083  1  0 98  0  0  0
 2  0 117032 7043288 1512400 38644680    0    0     0 21044 85540 43370  1  0 98  0  0  0
 1  0 117032 7039884 1512400 38644688    0    0     0 21148 85331 42589  1  0 98  0  0  0
 1  0 117032 7041788 1512404 38644696    0    0     0 21044 85476 42890  1  0 98  0  0  0
 2  0 117032 7043864 1512404 38644712    0    0     0 21240 85409 42745  1  0 98  0  0  0
 2  0 117032 7052024 1512404 38644724    0    0     0 21168 85464 42999  1  0 98  0  0  0
 2  0 117032 7051464 1512404 38644744    0    0     0 21172 85485 43114  1  0 98  0  0  0
 3  0 117032 7045728 1512404 38644760    0    0     0 21040 85552 43181  1  0 98  0  0  0
 1  0 117032 7045772 1512404 38644776    0    0     0 21408 85318 42410  1  0 98  0  0  0
 1  0 117032 7040972 1512404 38644788    0    0     0 22176 85498 43265  1  0 98  0  0  0
 1  0 117032 7030604 1512404 38644804    0    0     0 22332 85489 42750  1  0 98  0  0  0
 1  0 117032 7034304 1512404 38644824    0    0     0 21492 85188 42604  1  0 98  0  0  0
 1  0 117032 7045044 1512404 38644844    0    0     0 21616 85411 42501  1  0 98  0  0  0
 1  0 117032 7055888 1512412 38644848    0    0     0 21572 85353 42822  1  0 98  0  0  0
 1  0 117032 7053260 1512412 38644872    0    0     0 21628 85423 42671  1  0 98  0  0  0
 3  0 117032 7053328 1512412 38644884    0    0     0 21768 85409 42858  1  0 98  0  0  0
 1  0 117032 7055600 1512412 38644900    0    0     0 20984 85294 42449  1  0 98  0  0  0
 1  0 117032 7059624 1512412 38644916    0    0     0 21024 85482 43019  1  0 98  0  0  0
procs -----------memory---------- ---swap-- -----io---- -system-- -------cpu-------
 r  b   swpd   free   buff  cache   si   so    bi    bo   in   cs us sy id wa st gu
 1  0 117032 7068728 1512424 38644920    0    0     0 21148 85641 42984  1  0 98  0  0  0
 1  0 117032 7068504 1512424 38644940    0    0     0 22376 85515 43307  1  0 98  0  0  0
 1  0 117032 7061244 1512424 38644960    0    0     0 22124 85631 43131  1  0 98  0  0  0
 2  0 117032 7068204 1512424 38644980    0    0     0 22044 85631 43438  1  0 98  0  0  0
 1  0 117032 7070468 1512424 38644992    0    0     0 22044 85554 43165  1  0 98  0  0  0
 3  0 117032 7069928 1512436 38644988    0    0     0 21208 85321 42474  1  0 98  0  0  0
 1  0 117032 7073132 1512436 38645020    0    0     0 22140 85688 43019  1  0 98  0  0  0
 1  0 117032 7074020 1512436 38645028    0    0     0 21648 85482 43085  1  0 98  0  0  0
 1  0 117032 7066984 1512436 38645052    0    0     0 21456 85504 42738  1  0 98  0  0  0
 1  0 117032 7065704 1512436 38645072    0    0     0 21156 85198 42618  1  0 98  0  0  0
 1  0 117032 7065624 1512436 38645084    0    0     0 21600 85239 41318  1  0 98  0  0  0
 1  0 117032 7056376 1512444 38645088    0    0     0 22116 85472 42163  1  0 98  0  0  0
 1  0 117032 7061008 1512444 38645108    0    0     0 21580 85341 42518  1  0 98  0  0  0
 1  0 117032 7055524 1512444 38645180    0    0     0 21664 85504 43062  1  0 98  0  0  0
 1  0 117032 7059916 1512444 38645192    0    0     0 21888 85384 42705  1  0 98  0  0  0
 1  0 117032 7054152 1512444 38645216    0    0     0 21788 85468 43070  1  0 98  0  0  0
 1  0 117032 7049372 1512448 38645232    0    0     0 22380 85446 42933  1  0 98  0  0  0
 1  0 117032 7060992 1512448 38645244    0    0     0 21716 85343 42348  1  0 98  0  0  0
 2  0 117032 7064652 1512448 38645252    0    0     0 21320 85271 42304  1  0 98  0  0  0
 1  0 117032 7065408 1512448 38645264    0    0     0 21204 85549 42956  1  0 98  0  0  0
 1  0 117032 7056180 1512448 38645280    0    0     0 20996 85393 42742  1  0 98  0  0  0
procs -----------memory---------- ---swap-- -----io---- -system-- -------cpu-------
 r  b   swpd   free   buff  cache   si   so    bi    bo   in   cs us sy id wa st gu
 3  0 117032 7055376 1512456 38645284    0    0     0 21472 85345 42619  1  0 98  0  0  0
 1  0 117032 7053020 1512456 38645312    0    0     0 21568 85400 42691  1  0 98  0  0  0
 1  0 117032 7050644 1512456 38645324    0    0     0 21152 85555 43053  1  0 98  0  0  0
 1  0 117032 7039044 1512456 38645344    0    0     0 21272 85334 42645  1  0 98  0  0  0
 1  0 117032 7043532 1512456 38645360    0    0     0 21676 85399 42628  1  0 98  0  0  0
 1  0 117032 7049716 1512468 38645364    0    0     0 21984 85433 42879  1  0 98  0  0  0
 1  0 117032 7046368 1512468 38645384    0    0     0 21740 85375 42900  1  0 98  0  0  0
 1  0 117032 7044164 1512468 38645392    0    0     0 21044 85359 42618  1  0 98  0  0  0
 1  0 117032 7037564 1512468 38645416    0    0     0 21360 85340 42772  1  0 98  0  0  0
 2  0 117032 7042168 1512468 38645432    0    0     0 21588 85457 42845  1  0 98  0  0  0
 1  0 117032 7040044 1512476 38645436    0    0     0 21732 85521 43043  1  0 98  0  0  0
 1  0 117032 7036220 1512476 38645456    0    0     0 21812 85197 42031  1  0 98  0  0  0
 2  0 117032 7038560 1512476 38645476    0    0     0 22036 85506 42857  1  0 98  0  0  0
 3  0 117032 7033488 1512476 38645484    0    0     0 21836 85350 42696  1  0 98  0  0  0
 2  0 117032 7034016 1512476 38645508    0    0     0 21496 85364 42192  1  0 98  0  0  0
 2  0 117032 7037912 1512488 38645516    0    0     0 21884 85391 42664  1  0 98  0  0  0
 2  0 117032 7036372 1512488 38645540    0    0     0 22180 85560 43009  1  0 98  0  0  0
 1  0 117032 7039816 1512488 38645548    0    0     0 22064 85364 42804  1  0 98  0  0  0
 1  0 117032 7042196 1512488 38645564    0    0     0 21936 85654 43123  1  0 98  0  0  0
 1  0 117032 7033500 1512492 38645588    0    0     0 22376 85390 42748  1  0 98  0  0  0
 1  0 117032 7035500 1512492 38645612    0    0     0 22204 85435 42928  1  0 98  0  0  0
procs -----------memory---------- ---swap-- -----io---- -system-- -------cpu-------
 r  b   swpd   free   buff  cache   si   so    bi    bo   in   cs us sy id wa st gu
 1  0 117032 7041300 1512492 38645628    0    0     0 22208 85460 43064  1  0 98  0  0  0
 1  0 117032 7040352 1512492 38645636    0    0     0 21384 85594 43082  1  0 98  0  0  0
 1  0 117032 7045112 1512492 38645648    0    0     0 21608 85348 43045  1  0 98  0  0  0
 1  0 117032 7041208 1512496 38645668    0    0     0 21204 85581 43053  1  0 98  0  0  0
 1  0 117032 7039680 1512496 38645680    0    0     0 21308 85287 42683  1  0 98  0  0  0
 1  0 117032 7046556 1512496 38645696    0    0     0 21532 85624 43225  1  0 98  0  0  0
 1  0 117032 7045572 1512496 38645708    0    0     0 20916 85287 42511  1  0 98  0  0  0
 2  0 117032 7044004 1512496 38645728    0    0     0 20956 85292 42415  1  0 98  0  0  0
 1  0 117032 7051556 1512500 38645740    0    0     0 21152 85268 42594  1  0 98  0  0  0
 2  0 117032 7038584 1512500 38645752    0    0     0 22040 85577 42740  1  0 98  0  0  0
 3  0 117032 7035872 1512500 38645756    0    0     0 21976 85221 42395  1  0 98  0  0  0
 1  0 117032 7032176 1512500 38645776    0    0     0 22380 85463 42726  1  0 98  0  0  0
 1  0 117032 7029348 1512500 38645796    0    0     0 22012 85396 42929  1  0 98  0  0  0
 1  0 117032 7023768 1512504 38645808    0    0     0 21732 85417 42639  1  0 98  0  0  0
 1  0 117032 7028756 1512504 38645820    0    0     0 22028 85381 42346  1  0 98  0  0  0
 1  0 117032 7028216 1512504 38645840    0    0     0 22056 85403 42659  1  0 98  0  0  0
 1  0 117032 7032400 1512504 38645860    0    0     0 21760 85369 42514  1  0 98  0  0  0
 1  0 117032 7033720 1512504 38645868    0    0     0 22152 85526 42804  1  0 98  0  0  0
 1  0 117032 7031224 1512504 38645884    0    0     0 22180 85267 42548  1  0 98  0  0  0
 1  0 117032 7036936 1512504 38645904    0    0     0 21836 85409 42611  1  0 98  0  0  0
 1  0 117032 7040408 1512504 38645920    0    0     0 22032 85277 42398  1  0 98  0  0  0
procs -----------memory---------- ---swap-- -----io---- -system-- -------cpu-------
 r  b   swpd   free   buff  cache   si   so    bi    bo   in   cs us sy id wa st gu
 1  0 117032 7046876 1512504 38645932    0    0     0 21936 85399 42862  1  0 98  0  0  0
 1  0 117032 7039580 1512508 38645944    0    0     0 22388 85411 42371  1  0 98  0  0  0
 2  0 117032 7040116 1512516 38645952    0    0     0 22596 85492 42817  1  0 98  0  0  0
 1  0 117032 7043360 1512516 38645980    0    0     0 22772 85573 43056  1  0 98  0  0  0
 3  0 117032 7040744 1512516 38645996    0    0     0 22244 85559 43076  1  0 98  0  0  0
 3  0 117032 7051320 1512516 38646016    0    0     0 21824 85275 42509  1  0 98  0  0  0
 1  0 117032 7054384 1512516 38646028    0    0     0 22936 85500 42995  1  0 98  0  0  0
 1  0 117032 7045636 1512516 38646032    0    0     0 22760 85499 42951  1  0 98  0  0  0
 1  0 117032 7048228 1512516 38646056    0    0     0 22656 85493 43031  1  0 98  0  0  0
 1  0 117032 7045900 1512516 38646152    0    0     0 22640 85463 42839  1  0 98  0  0  0
 1  0 117032 7044628 1512516 38646164    0    0     0 22716 85481 42928  1  0 98  0  0  0
 2  0 117032 7043308 1512516 38646180    0    0     0 22464 85461 43178  1  0 98  0  0  0
 2  0 117032 7042748 1512520 38646188    0    0     0 22940 85655 43482  1  0 98  0  0  0
 3  0 117032 7036828 1512520 38646204    0    0     0 22852 85508 42965  1  0 98  0  0  0
 2  0 117032 7032380 1512520 38646232    0    0     0 22220 85201 42464  1  0 98  0  0  0
 2  0 117032 7039024 1512520 38646244    0    0     0 22320 85506 42596  1  0 98  0  0  0
 2  0 117032 7040516 1512520 38646256    0    0     0 22340 85293 42848  1  0 98  0  0  0
 3  0 117032 7042624 1512524 38646268    0    0     0 22708 85440 42442  1  0 98  0  0  0
 2  0 117032 7054008 1512524 38646288    0    0     0 22444 85281 42643  1  0 98  0  0  0
 2  0 117032 7052488 1512524 38646296    0    0     0 22560 85613 43208  1  0 98  0  0  0
 4  0 117032 7040460 1512524 38646308    0    0     0 23100 85552 43133  1  0 98  0  0  0
procs -----------memory---------- ---swap-- -----io---- -system-- -------cpu-------
 r  b   swpd   free   buff  cache   si   so    bi    bo   in   cs us sy id wa st gu
 3  0 117032 7045112 1512524 38646316    0    0     0 23468 85440 42623  1  0 98  0  0  0
 2  0 117032 7046508 1512528 38646324    0    0     0 23880 85564 43325  1  0 98  0  0  0
 2  0 117032 7051416 1512528 38646340    0    0     0 23696 85451 42890  1  0 98  0  0  0
 1  0 117032 7054304 1512528 38646364    0    0     0 23352 85425 42890  1  0 98  0  0  0
 1  0 117032 7053304 1512528 38646376    0    0     0 23276 85603 43150  1  0 98  0  0  0
 1  0 117032 7062952 1512528 38646388    0    0     0 23592 85339 43007  1  0 98  0  0  0
 1  0 117032 7059696 1512532 38646404    0    0     0 23324 85540 42878  1  0 98  0  0  0
 1  0 117032 7055300 1512536 38646428    0    0     0 23928 85531 43307  1  0 98  0  0  0
 1  0 117032 7052336 1512536 38646444    0    0     0 23504 85639 43136  1  0 98  0  0  0
 1  0 117032 7062892 1512536 38646460    0    0     0 23544 85464 43049  1  0 98  0  0  0
 2  0 117032 7056288 1512536 38646468    0    0     0 23220 85595 42908  1  0 98  0  0  0
 1  0 117032 7056340 1512536 38646480    0    0     0 23208 85711 43300  1  0 98  0  0  0
 2  0 117032 7050484 1512536 38646492    0    0     0 24276 85566 43122  1  0 98  0  0  0
 1  0 117032 7057116 1512536 38646508    0    0     0 24312 85425 42996  1  0 98  0  0  0
 1  0 117032 7059004 1512536 38646524    0    0     0 23784 85334 42603  1  0 98  0  0  0
 3  0 117032 7058120 1512536 38646552    0    0     0 23624 85513 42956  1  0 98  0  0  0
 1  0 117032 7054880 1512536 38646564    0    0     0 23700 85480 42889  1  0 98  0  0  0
 1  0 117032 7048668 1512540 38646568    0    0     0 24048 85461 43034  1  0 98  0  0  0
 1  0 117032 7040348 1512540 38646588    0    0     0 24232 85558 43256  1  0 98  0  0  0
 2  0 117032 7038124 1512540 38646608    0    0     0 24172 85579 43519  1  0 98  0  0  0
 1  0 117032 7044436 1512540 38646628    0    0     0 23784 85564 43125  1  0 98  0  0  0
procs -----------memory---------- ---swap-- -----io---- -system-- -------cpu-------
 r  b   swpd   free   buff  cache   si   so    bi    bo   in   cs us sy id wa st gu
 1  0 117032 7034324 1512540 38646640    0    0     0 23584 85597 43162  1  0 98  0  0  0
 1  0 117032 7031504 1512548 38646648    0    0     0 23560 85519 43316  1  0 98  0  0  0
 1  0 117032 7028800 1512548 38646668    0    0     0 24232 85817 43830  1  0 98  0  0  0
 1  0 117032 7028608 1512548 38646684    0    0     0 23624 85549 43445  1  0 98  0  0  0
 1  0 117032 7029088 1512548 38646700    0    0     0 23520 85682 43253  1  0 98  0  0  0
 1  0 117032 7039296 1512548 38646712    0    0     0 23872 85578 43521  1  0 98  0  0  0
 1  0 117032 7039600 1512552 38646732    0    0     0 23804 85586 43092  1  0 98  0  0  0
 2  0 117032 7043884 1512556 38646752    0    0     0 23880 85541 43063  1  0 98  0  0  0
 1  0 117032 7042060 1512556 38646764    0    0     0 23844 85567 43230  1  0 98  0  0  0
 1  0 117032 7037568 1512556 38646776    0    0     0 23860 85633 43283  1  0 98  0  0  0
 3  0 117032 7036508 1512556 38646784    0    0     0 24000 85481 43048  1  0 98  0  0  0
 1  0 117032 7046120 1512560 38646796    0    0     0 24200 85678 43520  1  0 98  0  0  0
 1  0 117032 7038176 1512560 38646824    0    0     0 24084 85640 43185  1  0 98  0  0  0
 1  0 117032 7042456 1512560 38646840    0    0     0 24264 85677 43420  1  0 98  0  0  0
 1  0 117032 7043924 1512560 38646852    0    0     0 26212 85824 43965  1  0 98  0  0  0
 1  0 117032 7040924 1512560 38646868    0    0     0 26292 85653 43874  1  0 98  0  0  0
 1  0 117032 7044916 1512560 38646888    0    0     0 27092 85849 43442  1  0 98  0  0  0
 1  0 117032 7047572 1512560 38646904    0    0     0 26820 85665 43590  1  0 98  0  0  0
 1  0 117032 7049376 1512560 38646916    0    0     0 26812 85901 43435  1  0 98  0  0  0
 1  0 117032 7049688 1512560 38646932    0    0     0 26544 85547 43153  1  0 98  0  0  0
 1  0 117032 7038420 1512560 38646960    0    0     0 26668 85542 42306  1  0 98  0  0  0
procs -----------memory---------- ---swap-- -----io---- -system-- -------cpu-------
 r  b   swpd   free   buff  cache   si   so    bi    bo   in   cs us sy id wa st gu
 1  0 117032 7040788 1512560 38646968    0    0     0 26696 85537 42300  1  0 98  0  0  0
 2  0 117032 7042168 1512560 38646976    0    0     0 26652 85936 44147  1  0 98  0  0  0
 1  0 117032 7039188 1512560 38647000    0    0     0 26724 85518 42237  1  0 98  0  0  0
 2  0 117032 7042976 1512560 38647012    0    0     0 26420 85600 42023  1  0 98  0  0  0
 3  0 117032 7038212 1512560 38647024    0    0     0 26460 85523 43418  1  0 98  0  0  0
 1  0 117032 7041108 1512560 38647040    0    0     0 26728 85941 43992  1  0 98  0  0  0
 1  0 117032 7036348 1512560 38647116    0    0     0 26564 85643 43751  1  0 98  0  0  0
 1  0 117032 7046304 1512560 38647144    0    0     0 26556 85610 42198  1  0 98  0  0  0
 1  0 117032 7052400 1512560 38647156    0    0     0 27096 85600 42557  1  0 98  0  0  0
 1  0 117032 7048432 1512560 38647168    0    0     0 26640 85843 43927  1  0 98  0  0  0
 1  0 117032 7042112 1512564 38647180    0    0     0 26740 85618 43294  1  0 98  0  0  0
 1  0 117032 7044632 1512564 38647204    0    0     0 26764 85513 42525  1  0 98  0  0  0
 1  0 117032 7051348 1512564 38647220    0    0     0 26504 85464 43039  1  0 98  0  0  0
 1  0 117032 7057020 1512564 38647228    0    0     0 26528 85537 42467  1  0 98  0  0  0
 1  0 117032 7048360 1512564 38647240    0    0     0 27212 85549 43224  1  0 98  0  0  0
 1  0 117032 7049812 1512572 38647256    0    0     0 27120 85593 42397  1  0 98  0  0  0
 1  0 117032 7045004 1512572 38647284    0    0     0 26880 85665 43930  1  0 98  0  0  0
 2  0 117032 7052528 1512572 38647300    0    0     0 26452 85784 43744  1  0 98  0  0  0
 1  0 117032 7049444 1512572 38647308    0    0     0 26600 85651 43787  1  0 98  0  0  0
 2  0 117032 7045600 1512572 38647320    0    0     0 26404 85702 43382  1  0 98  0  0  0
 3  0 117032 7046000 1512572 38647332    0    0     0 26024 85596 42371  1  0 98  0  0  0
procs -----------memory---------- ---swap-- -----io---- -system-- -------cpu-------
 r  b   swpd   free   buff  cache   si   so    bi    bo   in   cs us sy id wa st gu
 1  0 117032 7042660 1512572 38647352    0    0     0 26160 85574 42066  1  0 98  0  0  0
 1  0 117032 7051876 1512572 38647368    0    0     0 26168 85528 42040  1  0 98  0  0  0
 2  0 117032 7043196 1512572 38647392    0    0     0 25804 85460 42253  1  0 98  0  0  0
 1  0 117032 7048228 1512572 38647404    0    0     0 26136 85518 42078  1  0 98  0  0  0
 1  0 117032 7046392 1512572 38647420    0    0     0 26140 85613 42397  1  0 98  0  0  0
 1  0 117032 7044176 1512572 38647440    0    0     0 25636 85481 42819  1  0 98  0  0  0
 1  0 117032 7038064 1512572 38647448    0    0     0 25928 85585 42721  1  0 98  0  0  0
 1  0 117032 7038728 1512572 38647468    0    0     0 25476 85350 41800  1  0 98  0  0  0
 1  0 117032 7040288 1512572 38647488    0    0     0 25756 85558 42410  1  0 98  0  0  0
 1  0 117032 7044072 1512576 38647500    0    0     0 26068 85537 42883  1  0 98  0  0  0
 2  0 117032 7050696 1512576 38647516    0    0     0 25752 85427 41988  1  0 98  0  0  0
 2  0 117032 7043408 1512576 38647528    0    0     0 25936 85544 42090  1  0 98  0  0  0
 3  0 117032 7045732 1512576 38647540    0    0     0 25768 85503 42506  1  0 98  0  0  0
 1  0 117032 7043392 1512576 38647560    0    0     0 26024 85509 42379  1  0 98  0  0  0
 1  0 117032 7042016 1512580 38647564    0    0     0 25812 85551 42267  1  0 98  0  0  0
 3  0 117032 7054804 1512580 38647592    0    0     0 25732 85437 42473  1  0 98  0  0  0
 1  0 117032 7055056 1512580 38647604    0    0     0 25532 85554 42701  1  0 98  0  0  0
 1  0 117032 7051164 1512580 38647620    0    0     0 25588 85560 42632  1  0 98  0  0  0
 1  0 117032 7048804 1512580 38647636    0    0     0 25264 85439 42310  1  0 98  0  0  0
 1  0 117032 7043080 1512584 38647648    0    0     0 25572 85481 41936  1  0 98  0  0  0
 2  0 117032 7039472 1512584 38647676    0    0     0 25912 85620 43277  1  0 98  0  0  0
procs -----------memory---------- ---swap-- -----io---- -system-- -------cpu-------
 r  b   swpd   free   buff  cache   si   so    bi    bo   in   cs us sy id wa st gu
 1  0 117032 7050904 1512584 38647692    0    0     0 25968 85843 43688  1  0 98  0  0  0
 1  0 117032 7046684 1512584 38647704    0    0     0 25864 85670 43809  1  0 98  0  0  0
 1  0 117032 7050764 1512584 38647716    0    0     0 25992 85734 43582  1  0 98  0  0  0
 1  0 117032 7041292 1512584 38647732    0    0     0 26168 85648 43742  1  0 98  0  0  0
 1  0 117032 7047688 1512584 38647756    0    0     0 25888 85542 43056  1  0 98  0  0  0
 1  0 117032 7046024 1512584 38647764    0    0     0 25676 85537 43124  1  0 98  0  0  0
 2  0 117032 7048580 1512584 38647784    0    0     0 25852 85604 43118  1  0 98  0  0  0
 1  0 117032 7047704 1512584 38647792    0    0     0 25840 85746 43474  1  0 98  0  0  0
 1  0 117032 7045004 1512592 38647800    0    0     0 25324 85723 43168  1  0 98  0  0  0
 4  0 117032 7041748 1512592 38647824    0    0     0 25128 85433 43096  1  0 98  0  0  0
 3  0 117032 7042548 1512592 38647844    0    0     0 25252 85590 43115  1  0 98  0  0  0
 1  0 117032 7041040 1512592 38647856    0    0     0 24912 85648 43276  1  0 98  0  0  0
 1  0 117032 7040096 1512592 38647876    0    0     0 25044 85604 43316  1  0 98  0  0  0
 4  0 117032 7044708 1512600 38647880    0    0     0 25304 85573 43218  1  0 98  0  0  0
 2  0 117032 7044076 1512600 38647900    0    0     0 24888 85460 43059  1  0 98  0  0  0
 9  0 117032 7045692 1512600 38647916    0    0     0 25148 85608 43329  1  0 98  0  0  0
 9  0 117032 7047832 1512600 38647936    0    0     0 36304 85679 43346  1  0 98  0  0  0
 1  8 117032 7042248 1512600 38647952    0    0     0 25564 85472 43376  1  0 98  0  0  0
 3  6 117032 7044812 1512604 38647960    0    0     0 25980 85549 43281  1  0 98  0  0  0
 5  6 117032 7039220 1512604 38647976    0    0     0 27056 85547 43336  1  0 98  0  0  0
 4  6 117032 7039868 1512604 38648004    0    0     0 25796 85567 43148  1  0 98  0  0  0
procs -----------memory---------- ---swap-- -----io---- -system-- -------cpu-------
 r  b   swpd   free   buff  cache   si   so    bi    bo   in   cs us sy id wa st gu
 6  4 117032 7050448 1512604 38648020    0    0     0 27752 85575 43118  1  0 98  0  0  0
 4  5 117032 7049608 1512604 38648044    0    0     0 25624 85531 43144  1  0 98  0  0  0
 5  3 117032 7050668 1512612 38648052    0    0     0 30856 85781 43764  1  0 98  0  0  0
 3  2 117032 7041184 1512612 38648136    0    0     0 27292 85564 43340  1  0 98  0  0  0
 7  1 117032 7049340 1512612 38648148    0    0     0 26416 85520 43110  1  0 98  0  0  0
 6  1 117032 7053244 1512612 38648164    0    0     0 27872 85695 43432  1  0 98  0  0  0
 3  1 117032 7049728 1512612 38648184    0    0     0 26716 85762 44000  1  0 98  0  0  0
 3  1 117032 7050088 1512620 38648200    0    0     0 26124 85604 43660  1  0 98  0  0  0
 2  0 117032 7054964 1512620 38648224    0    0     0 25664 85589 43290  1  0 98  0  0  0
 3  1 117032 7050160 1512620 38648232    0    0     0 25816 85474 43338  1  0 98  0  0  0
 1  1 117032 7049668 1512620 38648240    0    0     0 26468 85851 44058  1  0 98  0  0  0
 2  0 117032 7054328 1512620 38648252    0    0     0 26324 85499 43173  1  0 98  0  0  0
 4  0 117032 7048784 1512624 38648268    0    0     0 26140 85616 43604  1  0 98  0  0  0
 4  0 117032 7049356 1512624 38648300    0    0     0 26500 85726 43672  1  0 98  0  0  0
 1  0 117032 7048900 1512624 38648312    0    0     0 26584 85804 43669  1  0 98  0  0  0
 2  0 117032 7047392 1512624 38648324    0    0     0 26260 85745 43714  1  0 98  0  0  0
 2  0 117032 7049140 1512624 38648336    0    0     0 26156 85777 43624  1  0 98  0  0  0
 1  0 117032 7053124 1512624 38648356    0    0     0 25916 85652 43756  1  0 98  0  0  0
 1  0 117032 7055940 1512632 38648380    0    0     0 25468 85700 43673  1  0 98  0  0  0
 1  0 117032 7050276 1512632 38648384    0    0     0 25504 85599 43570  1  0 98  0  0  0
 3  0 117032 7040480 1512632 38648396    0    0     0 25464 85645 42638  1  0 98  0  0  0
procs -----------memory---------- ---swap-- -----io---- -system-- -------cpu-------
 r  b   swpd   free   buff  cache   si   so    bi    bo   in   cs us sy id wa st gu
 1  0 117032 7043828 1512632 38648420    0    0     0 25172 85608 43343  1  0 98  0  0  0
 1  0 117032 7047648 1512632 38648428    0    0     0 24932 85631 42548  1  0 98  0  0  0
 1  0 117032 7050828 1512640 38648456    0    0     0 24848 85249 41850  1  0 98  0  0  0
 2  0 117032 7050016 1512640 38648468    0    0     0 25320 85853 43553  1  0 98  0  0  0
 2  0 117032 7049584 1512640 38648480    0    0     0 25068 85635 42663  1  0 98  0  0  0
 1  1 117032 7046788 1512640 38648492    0    0     0 25404 85646 42780  1  0 98  0  0  0
 1  0 117032 7040324 1512640 38648504    0    0     0 25292 85511 42259  1  0 98  0  0  0
 1  0 117032 7034592 1512644 38648532    0    0     0 25856 85663 43460  1  0 98  0  0  0
 1  0 117032 7036664 1512644 38648544    0    0     0 25644 85780 43569  1  0 98  0  0  0
 1  0 117032 7034596 1512644 38648568    0    0     0 25536 85898 43802  1  0 98  0  0  0
 1  0 117032 7038848 1512644 38648584    0    0     0 25604 85469 43395  1  0 98  0  0  0
 2  0 117032 7038812 1512644 38648596    0    0     0 25132 85805 43429  1  0 98  0  0  0
 2  0 117032 7039104 1512652 38648604    0    0     0 25640 85802 43745  1  0 98  0  0  0
 3  0 117032 7034516 1512652 38648620    0    0     0 25248 85831 43958  1  0 98  0  0  0
 3  0 117032 7023920 1512652 38648644    0    0     0 25000 85638 43628  1  0 98  0  0  0
 1  0 117032 7023028 1512652 38648652    0    0     0 25264 85688 43529  1  0 98  0  0  0
 1  0 117032 7031876 1512652 38648672    0    0     0 25200 85529 43739  1  0 98  0  0  0
 3  0 117032 7041400 1512660 38648680    0    0     0 25252 85840 43862  1  0 98  0  0  0
 1  0 117032 7039804 1512660 38648692    0    0     0 25192 85429 42944  1  0 98  0  0  0
 1  0 117032 7043304 1512660 38648708    0    0     0 25280 85746 43492  1  0 98  0  0  0
 3  0 117032 7034216 1512660 38648736    0    0     0 25596 85853 44037  1  0 98  0  0  0
procs -----------memory---------- ---swap-- -----io---- -system-- -------cpu-------
 r  b   swpd   free   buff  cache   si   so    bi    bo   in   cs us sy id wa st gu
 2  0 117032 7034140 1512660 38648752    0    0     0 25648 85821 43859  1  0 98  0  0  0
 1  0 117032 7041604 1512668 38648768    0    0     0 25464 85575 43444  1  0 98  0  0  0
 1  0 117032 7047732 1512668 38648780    0    0     0 25572 85696 43376  1  0 98  0  0  0
 2  0 117032 7038516 1512668 38648792    0    0     0 25388 85708 43454  1  0 98  0  0  0
 1  0 117032 7040940 1512668 38648800    0    0     0 25408 85642 43368  1  0 98  0  0  0
 2  0 117032 7041324 1512668 38648828    0    0     0 25196 85514 42327  1  0 98  0  0  0
 1  0 117032 7051900 1512672 38648840    0    0     0 25536 85604 42983  1  0 98  0  0  0
 1  0 117032 7052992 1512672 38648856    0    0     0 25456 85554 43339  1  0 98  0  0  0
 1  0 117032 7049484 1512672 38648868    0    0     0 25460 85436 43293  1  0 98  0  0  0
 3  0 117032 7049588 1512672 38648896    0    0     0 25672 85612 43320  1  0 98  0  0  0
 1  0 117032 7059704 1512672 38648904    0    0     0 26116 85664 43549  1  0 98  0  0  0
 1  0 117032 7056748 1512676 38648920    0    0     0 25608 85583 43781  1  0 98  0  0  0
 2  0 117032 7051844 1512676 38648928    0    0     0 25428 85749 43711  1  0 98  0  0  0
 1  0 117032 7056908 1512676 38648940    0    0     0 25480 85569 43668  1  0 98  0  0  0
 1  0 117032 7058408 1512676 38648960    0    0     0 25372 85655 43454  1  0 98  0  0  0
 1  0 117032 7054500 1512676 38648984    0    0     0 25728 85677 43543  1  0 98  0  0  0
 1  0 117032 7047548 1512684 38648996    0    0     0 25916 85719 43855  1  0 98  0  0  0
 1  0 117032 7044992 1512684 38649004    0    0     0 25940 85760 43792  1  0 98  0  0  0
 1  0 117032 7049900 1512684 38649016    0    0     0 25632 85499 43376  1  0 98  0  0  0
 1  0 117032 7051700 1512684 38649036    0    0     0 25472 85608 43540  1  0 98  0  0  0
 2  0 117032 7043012 1512684 38649060    0    0     0 26180 85655 43465  1  0 98  0  0  0
procs -----------memory---------- ---swap-- -----io---- -system-- -------cpu-------
 r  b   swpd   free   buff  cache   si   so    bi    bo   in   cs us sy id wa st gu
 2  0 117032 7044564 1512688 38649140    0    0     0 26420 85630 43552  1  0 98  0  0  0
 5  0 117032 7044724 1512688 38649152    0    0     0 25940 85500 43448  1  0 98  0  0  0
 1  0 117032 7052748 1512688 38649160    0    0     0 25536 85711 43622  1  0 98  0  0  0
 1  0 117032 7051636 1512688 38649184    0    0     0 25288 85520 43697  1  0 98  0  0  0
 3  0 117032 7048108 1512688 38649204    0    0     0 26188 85575 43166  1  0 98  0  0  0
 1  0 117032 7048736 1512696 38649228    0    0     0 26096 85498 43270  1  0 98  0  0  0
 1  0 117032 7046376 1512696 38649240    0    0     0 25816 85547 43343  1  0 98  0  0  0
 1  0 117032 7045968 1512696 38649252    0    0     0 25924 85585 43687  1  0 98  0  0  0
 1  0 117032 7043144 1512696 38649256    0    0     0 26164 85604 43568  1  0 98  0  0  0
 2  0 117032 7045304 1512696 38649272    0    0     0 26500 85521 43523  1  0 98  0  0  0
 3  0 117032 7051212 1512700 38649288    0    0     0 26540 85694 43656  1  0 98  0  0  0
 1  0 117032 7054008 1512700 38649308    0    0     0 26792 85786 43949  1  0 98  0  0  0
 1  0 117032 7062732 1512700 38649328    0    0     0 26748 85746 43802  1  0 98  0  0  0
 2  0 117032 7062928 1512700 38649344    0    0     0 26672 85408 42575  1  0 98  0  0  0
 1  0 117032 7059796 1512700 38649360    0    0     0 26432 85429 42342  1  0 98  0  0  0
 2  0 117032 7056672 1512708 38649372    0    0     0 26448 85604 42413  1  0 98  0  0  0
 3  0 117032 7055820 1512708 38649392    0    0     0 26728 85540 42334  1  0 98  0  0  0
 1  0 117032 7054092 1512708 38649404    0    0     0 26920 85613 43845  1  0 98  0  0  0
 2  0 117032 7055632 1512708 38649424    0    0     0 27008 85748 43599  1  0 98  0  0  0
 2  0 117032 7048604 1512708 38649436    0    0     0 26880 85632 43443  1  0 98  0  0  0
 5  0 117032 7046904 1512708 38649464    0    0     0 26988 85671 43561  1  0 98  0  0  0
procs -----------memory---------- ---swap-- -----io---- -system-- -------cpu-------
 r  b   swpd   free   buff  cache   si   so    bi    bo   in   cs us sy id wa st gu
 1  0 117032 7049856 1512708 38649480    0    0     0 27232 85709 43689  1  0 98  0  0  0
 2  0 117032 7059224 1512708 38649496    0    0     0 26692 85706 43792  1  0 98  0  0  0
 1  0 117032 7059176 1512708 38649504    0    0     0 26396 85581 43426  1  0 98  0  0  0
 1  0 117032 7062684 1512708 38649516    0    0     0 26664 85737 43740  1  0 98  0  0  0
 1  0 117032 7053068 1512708 38649540    0    0     0 26252 85508 43463  1  0 98  0  0  0
 1  0 117032 7054140 1512708 38649564    0    0     0 26364 85646 43582  1  0 98  0  0  0
 1  0 117032 7064740 1512708 38649572    0    0     0 26644 85815 43929  1  0 98  0  0  0
 1  0 117032 7062780 1512708 38649584    0    0     0 26384 85611 43533  1  0 98  0  0  0
 1  0 117032 7063596 1512708 38649604    0    0     0 26744 85621 43473  1  0 98  0  0  0
 1  0 117032 7067984 1512708 38649628    0    0     0 27048 85733 43671  1  0 98  0  0  0
 3  0 117032 7070488 1512712 38649636    0    0     0 26352 85458 43144  1  0 98  0  0  0
 1  0 117032 7070772 1512712 38649660    0    0     0 26596 85713 43402  1  0 98  0  0  0
 1  0 117032 7068284 1512712 38649672    0    0     0 26932 85735 43657  1  0 98  0  0  0
 1  0 117032 7064120 1512712 38649684    0    0     0 26448 85539 42906  1  0 98  0  0  0
 3  0 117032 7063744 1512712 38649696    0    0     0 26860 85696 43696  1  0 98  0  0  0
 1  0 117032 7069832 1512720 38649716    0    0     0 26088 85368 43026  1  0 98  0  0  0
 1  0 117032 7063768 1512720 38649736    0    0     0 26448 85568 43379  1  0 98  0  0  0
 1  0 117032 7066260 1512720 38649760    0    0     0 26188 85652 43431  1  0 98  0  0  0
 1  0 117032 7070816 1512720 38649772    0    0     0 26728 85587 43514  1  0 98  0  0  0
 1  0 117032 7065856 1512720 38649792    0    0     0 26232 85541 43369  1  0 98  0  0  0
 1  0 117032 7062288 1512728 38649812    0    0     0 26172 85677 43337  1  0 98  0  0  0
procs -----------memory---------- ---swap-- -----io---- -system-- -------cpu-------
 r  b   swpd   free   buff  cache   si   so    bi    bo   in   cs us sy id wa st gu
 1  0 117032 7062076 1512728 38649816    0    0     0 26284 85564 43244  1  0 98  0  0  0
 1  0 117032 7060088 1512728 38649824    0    0     0 26480 85756 43859  1  0 98  0  0  0
 1  0 117032 7058672 1512728 38649844    0    0     0 26292 85495 43207  1  0 98  0  0  0
 1  0 117032 7059112 1512728 38649860    0    0     0 26468 85572 43034  1  0 98  0  0  0
 1  0 117032 7065756 1512732 38649880    0    0     0 26596 85359 42884  1  0 98  0  0  0
 2  0 117032 7068984 1512732 38649896    0    0     0 26972 85802 43709  1  0 98  0  0  0
 2  0 117032 7065716 1512732 38649908    0    0     0 26940 85481 43179  1  0 98  0  0  0
 1  0 117032 7072268 1512732 38649920    0    0     0 27176 85639 43389  1  0 98  0  0  0
 3  0 117032 7066576 1512732 38649932    0    0     0 27084 85551 43407  1  0 98  0  0  0
 3  0 117032 7068492 1512740 38649956    0    0     0 27100 85704 43493  1  0 98  0  0  0
 1  0 117032 7065916 1512740 38649980    0    0     0 26792 85403 43206  1  0 98  0  0  0
 1  0 117032 7069828 1512740 38649992    0    0     0 27108 85732 43621  1  0 98  0  0  0
 1  0 117032 7068252 1512740 38650012    0    0     0 26976 85636 43558  1  0 98  0  0  0
 1  0 117032 7066140 1512740 38650028    0    0     0 26728 85736 43692  1  0 98  0  0  0
 1  0 117032 7066880 1512740 38650052    0    0     0 26776 85500 43399  1  0 98  0  0  0
 1  0 117032 7067480 1512740 38650064    0    0     0 26848 85634 43413  1  0 98  0  0  0
 1  0 117032 7068272 1512740 38650072    0    0     0 26364 85389 43102  1  0 98  0  0  0
 1  0 117032 7065228 1512740 38650080    0    0     0 26568 85648 43540  1  0 98  0  0  0
 1  0 117032 7064080 1512740 38650156    0    0     0 26344 85386 43291  1  0 98  0  0  0
 1  0 117032 7068524 1512744 38650184    0    0     0 26788 85533 43196  1  0 98  0  0  0
 2  0 117032 7062828 1512744 38650212    0    0     0 26696 85389 42981  1  0 98  0  0  0
procs -----------memory---------- ---swap-- -----io---- -system-- -------cpu-------
 r  b   swpd   free   buff  cache   si   so    bi    bo   in   cs us sy id wa st gu
 1  0 117032 7062568 1512744 38650228    0    0     0 27468 85672 43346  1  0 98  0  0  0
 1  0 117032 7067960 1512744 38650236    0    0     0 27688 85406 43207  1  0 98  0  0  0
 1  0 117032 7068008 1512744 38650264    0    0     0 27184 85518 43148  1  0 98  0  0  0
 2  0 117032 7067572 1512744 38650284    0    0     0 27936 85628 43390  1  0 98  0  0  0
 3  0 117032 7067232 1512744 38650532    0    0   236 27884 85496 43377  1  0 98  0  0  0
 1  0 117032 7064144 1512744 38650544    0    0     0 27960 85542 43087  1  0 98  0  0  0
 1  0 117032 7066584 1512744 38650556    0    0     0 27908 85522 43082  1  0 98  0  0  0
 1  0 117032 7070124 1512744 38650580    0    0     0 28012 85561 43323  1  0 98  0  0  0
 2  0 117032 7067136 1512744 38650596    0    0     0 28132 85751 43605  1  0 98  0  0  0
 1  0 117032 7069868 1512748 38650612    0    0     0 28116 85731 43591  1  0 98  0  0  0
 1  0 117032 7067392 1512748 38650628    0    0     0 28104 85586 43596  1  0 98  0  0  0
 1  0 117032 7064400 1512748 38650640    0    0     0 27888 85547 43157  1  0 98  0  0  0
 1  0 117032 7067032 1512748 38650656    0    0     0 27436 85618 43244  1  0 98  0  0  0
 1  0 117032 7064920 1512748 38650680    0    0     0 28104 85639 43567  1  0 98  0  0  0
 1  0 117032 7063376 1512756 38650692    0    0     0 27684 85595 43340  1  0 98  0  0  0
 2  0 117032 7064812 1512756 38650708    0    0     0 27960 85659 43374  1  0 98  0  0  0
 1  0 117032 7061520 1512756 38650720    0    0     0 27912 85600 43073  1  0 98  0  0  0
 1  0 117032 7060824 1512756 38650736    0    0     0 28072 85708 43144  1  0 98  0  0  0
 1  0 117032 7061852 1512756 38650768    0    0     0 28024 85705 43556  1  0 98  0  0  0
 1  0 117032 7059340 1512760 38650780    0    0     0 28120 85617 43529  1  0 98  0  0  0
 5  0 117032 7064824 1512760 38650788    0    0     0 27900 85609 43030  1  0 98  0  0  0
procs -----------memory---------- ---swap-- -----io---- -system-- -------cpu-------
 r  b   swpd   free   buff  cache   si   so    bi    bo   in   cs us sy id wa st gu
 1  0 117032 7067736 1512760 38650800    0    0     0 28296 85719 43520  1  0 98  0  0  0
 1  0 117032 7068420 1512760 38650820    0    0     0 28328 85628 43549  1  0 98  0  0  0
 1  0 117032 7063208 1512760 38650848    0    0     0 27924 85560 43073  1  0 98  0  0  0
 1  0 117032 7067576 1512764 38650864    0    0     0 28128 85558 43407  1  0 98  0  0  0
 2  0 117032 7033628 1512776 38650900    0    0     0 28744 85873 48100  2  1 97  0  0  0
 1  0 117032 7039388 1512776 38650892    0    0     0 28304 85569 43786  1  0 98  0  0  0
 1  0 117032 7038248 1512776 38650920    0    0     0 28448 85748 43269  1  0 98  0  0  0
 1  0 117032 7035252 1512776 38650928    0    0     0 27908 85550 43367  1  0 98  0  0  0
 1  0 117032 7044400 1512776 38650948    0    0     0 28436 85710 43450  1  0 98  0  0  0
 2  0 117032 7038208 1512780 38650964    0    0     0 28408 85976 43947  1  0 98  0  0  0
 1  0 117032 7034992 1512780 38651016    0    0     0 28888 85869 44565  1  1 98  0  0  0
 1  0 117032 7043844 1512780 38651040    0    0     0 28336 85593 43720  1  0 98  0  0  0
 1  0 117032 7049296 1512780 38651052    0    0     0 28436 85756 43445  1  0 98  0  0  0
 1  0 117032 7044120 1512780 38651068    0    0     0 28704 85457 43345  1  0 98  0  0  0
 3  0 117032 7034716 1512788 38651092    0    0     0 28396 85611 44065  1  0 98  0  0  0
 1  0 117032 7032208 1512788 38651112    0    0     0 28312 85618 43508  1  0 98  0  0  0
 1  0 117032 7035296 1512788 38651120    0    0     0 27644 85459 43264  1  0 98  0  0  0
 1  0 117032 7032116 1512788 38651140    0    0     0 27700 85499 43312  1  0 98  0  0  0
 1  0 117032 7032276 1512788 38651152    0    0     0 27880 85652 43343  1  0 98  0  0  0
 1  0 117032 7035412 1512792 38651180    0    0     0 27840 85630 43283  1  0 98  0  0  0
 1  0 117032 7038980 1512792 38651200    0    0     0 27916 85531 41782  1  0 98  0  0  0
procs -----------memory---------- ---swap-- -----io---- -system-- -------cpu-------
 r  b   swpd   free   buff  cache   si   so    bi    bo   in   cs us sy id wa st gu
 1  0 117032 7036460 1512792 38651212    0    0     0 27920 85477 41769  1  0 98  0  0  0
 1  0 117032 7039572 1512792 38651232    0    0     0 28120 85556 42123  1  0 98  0  0  0
 1  0 117032 7039432 1512792 38651248    0    0     0 28116 85326 40938  1  0 98  0  0  0
 1  0 117032 7046484 1512800 38651268    0    0     0 28528 85457 41436  1  0 98  0  0  0
 2  0 117032 7039592 1512800 38651280    0    0     0 29808 85521 42356  1  0 98  0  0  0
 1  0 117032 7037508 1512800 38651296    0    0     0 29748 85914 42728  1  0 98  0  0  0
 2  0 117032 7045092 1512800 38651300    0    0     0 30056 86053 44219  1  0 98  0  0  0
 1  0 117032 7050904 1512800 38651312    0    0     0 29840 85818 43205  1  0 98  0  0  0
 2  0 117032 7051000 1512808 38651336    0    0     0 29576 85664 42395  1  0 98  0  0  0
 2  0 117032 7050344 1512808 38651352    0    0     0 29208 85584 43118  1  0 98  0  0  0
 1  0 117032 7057860 1512808 38651368    0    0     0 29368 85599 42790  1  0 98  0  0  0
 1  0 117032 7061700 1512808 38651380    0    0     0 29160 85641 42963  1  0 98  0  0  0
 1  0 117032 7063052 1512808 38651408    0    0     0 29592 85633 43020  1  0 98  0  0  0
 1  0 117032 7060304 1512812 38651416    0    0     0 29644 85633 43257  1  0 98  0  0  0
 1  0 117032 7057860 1512812 38651440    0    0     0 30284 85924 44475  1  0 98  0  0  0
 1  0 117032 7055344 1512812 38651532    0    0     0 29840 85783 43757  1  0 98  0  0  0
 1  0 117032 7050792 1512812 38651556    0    0     0 29840 85682 43996  1  0 98  0  0  0
 1  0 117032 7058204 1512812 38651576    0    0     0 29888 85662 42800  1  0 98  0  0  0
 1  0 117032 7057408 1512820 38651592    0    0     0 29628 85605 42616  1  0 98  0  0  0
 2  0 117032 7059068 1512820 38651608    0    0     0 29408 85485 42832  1  0 98  0  0  0
 3  0 117032 7058196 1512820 38651620    0    0     0 29732 85667 42868  1  0 98  0  0  0
procs -----------memory---------- ---swap-- -----io---- -system-- -------cpu-------
 r  b   swpd   free   buff  cache   si   so    bi    bo   in   cs us sy id wa st gu
 1  0 117032 7054768 1512820 38651632    0    0     0 30616 85768 42955  1  0 98  0  0  0
 1  0 117032 7047748 1512820 38651664    0    0     0 30444 85765 43358  1  0 98  0  0  0
 1  0 117032 7049068 1512828 38651672    0    0     0 30232 85877 44126  1  0 98  0  0  0
 3  0 117032 7040332 1512828 38651684    0    0     0 29772 85735 43662  1  0 98  0  0  0
 1  0 117032 7046844 1512828 38651708    0    0     0 30080 85624 43601  1  0 98  0  0  0
 1  0 117032 7045468 1512828 38651724    0    0     0 29544 85564 42331  1  0 98  0  0  0
 1  0 117032 7050264 1512828 38651752    0    0     0 29408 85395 42149  1  0 98  0  0  0
 1  0 117032 7042896 1512828 38651764    0    0     0 29784 85798 43429  2  0 98  0  0  0
 1  0 117032 7043984 1512836 38651776    0    0     0 29576 85756 43744  1  0 98  0  0  0
 1  0 117032 7047296 1512836 38651796    0    0     0 29744 85979 44618  1  0 98  0  0  0
 1  0 117032 7046944 1512836 38651820    0    0     0 29656 85759 43746  1  0 98  0  0  0
 1  0 117032 7050924 1512836 38651836    0    0     0 30116 85838 43517  1  0 98  0  0  0
 1  0 117032 7051260 1512836 38651844    0    0     0 30332 85479 42940  1  0 98  0  0  0
 1  0 117032 7052180 1512840 38651864    0    0     0 29920 85612 42125  1  0 98  0  0  0
 2  0 117032 7052540 1512840 38651896    0    0     0 30076 85496 42185  1  0 98  0  0  0
 1  0 117032 7056652 1512840 38651904    0    0     0 30460 85470 41978  1  0 98  0  0  0
 1  0 117032 7054440 1512840 38651916    0    0     0 30616 85743 43580  1  0 98  0  0  0
 1  0 117032 7048776 1512840 38651928    0    0     0 30316 86051 44193  1  0 98  0  0  0
 1  0 117032 7047172 1512844 38651944    0    0     0 30624 85798 44346  1  0 98  0  0  0
 3  0 117032 7047944 1512844 38651976    0    0     0 30496 85602 42360  1  0 98  0  0  0
 1  0 117032 7049448 1512844 38651992    0    0     0 30496 85781 43118  1  0 98  0  0  0
procs -----------memory---------- ---swap-- -----io---- -system-- -------cpu-------
 r  b   swpd   free   buff  cache   si   so    bi    bo   in   cs us sy id wa st gu
 1  0 117032 7050388 1512844 38652016    0    0     0 30684 85890 43085  1  0 98  0  0  0
 3  0 117032 7057920 1512844 38652032    0    0     0 30768 85486 42464  1  0 98  0  0  0
 1  0 117032 7052776 1512848 38652036    0    0     0 31372 85723 42502  1  0 98  0  0  0
 1  0 117032 7055984 1512848 38652064    0    0     0 30608 85491 42303  1  0 98  0  0  0
 2  0 117032 7053420 1512848 38652084    0    0     0 30912 85712 42946  1  0 98  0  0  0
 1  0 117032 7060072 1512848 38652096    0    0     0 30724 85613 42861  1  0 98  0  0  0
 1  0 117032 7054724 1512848 38652104    0    0     0 30480 85809 43888  1  0 98  0  0  0
 1  0 117032 7053396 1512852 38652120    0    0     0 30600 85773 43182  1  0 98  0  0  0
 1  1 117032 7058904 1512852 38652144    0    0     0 31352 85816 44086  1  0 98  0  0  0
 2  0 117032 7058684 1512852 38652160    0    0     0 31176 85686 43643  1  0 98  0  0  0
 1  0 117032 7057036 1512852 38652184    0    0     0 31500 85716 42820  1  0 98  0  0  0
 1  0 117032 7055176 1512852 38652200    0    0     0 32236 85652 42913  1  0 98  0  0  0
 1  0 117032 7053004 1512856 38652216    0    0     0 32456 85850 43974  1  0 98  0  0  0
 1  0 117032 7060036 1512856 38652236    0    0     0 32444 85836 43595  1  0 98  0  0  0
 3  0 117032 7064216 1512856 38652248    0    0     0 32088 85727 42939  1  0 98  0  0  0
 2  0 117032 7064808 1512856 38652272    0    0     0 32052 85763 44027  1  0 98  0  0  0
 1  0 117032 7061308 1512856 38652288    0    0     0 32068 85869 43942  1  0 98  0  0  0
 2  0 117032 7058416 1512860 38652292    0    0     0 31576 85610 42579  1  0 98  0  0  0
 1  0 117032 7060132 1512860 38652320    0    0     0 31884 85684 43277  1  0 98  0  0  0
 1  0 117032 7067528 1512860 38652336    0    0     0 31636 85647 42723  1  0 98  0  0  0
 1  0 117032 7055384 1512860 38652360    0    0     0 31964 85963 44330  1  0 98  0  0  0
procs -----------memory---------- ---swap-- -----io---- -system-- -------cpu-------
 r  b   swpd   free   buff  cache   si   so    bi    bo   in   cs us sy id wa st gu
 1  0 117032 7056864 1512860 38652372    0    0     0 32488 85780 43094  1  0 98  0  0  0
 1  0 117032 7065796 1512864 38652392    0    0     0 32428 85948 44902  1  0 98  0  0  0
 1  0 117032 7066696 1512864 38652420    0    0     0 32496 85979 44693  1  0 98  0  0  0
 2  0 117032 7065896 1512864 38652428    0    0     0 32220 86045 44575  1  0 98  0  0  0
 2  0 117032 7065160 1512864 38652444    0    0     0 32744 85840 44147  1  0 98  0  0  0
 1  0 117032 7067652 1512864 38652464    0    0     0 32324 85735 43402  1  0 98  0  0  0
 1  0 117032 7063376 1512872 38652476    0    0     0 32720 85952 44404  1  0 98  0  0  0
 1  0 117032 7061392 1512872 38652504    0    0     0 32660 85556 42696  1  0 98  0  0  0
 2  0 117032 7067028 1512872 38652520    0    0     0 32300 85723 42601  1  0 98  0  0  0
 5  0 117032 7069156 1512872 38652540    0    0     0 32228 85500 42601  1  0 98  0  0  0
 1  0 117032 7067108 1512872 38652556    0    0     0 31896 85736 42658  1  0 98  0  0  0
 1  0 117032 7068640 1512876 38652568    0    0     0 31868 85640 43037  1  0 98  0  0  0
 1  0 117032 7065048 1512876 38652652    0    0     0 31608 85747 42864  1  0 98  0  0  0
 1  0 117032 7063052 1512876 38652660    0    0     0 31752 85657 43712  1  0 98  0  0  0
 1  0 117032 7057820 1512876 38652684    0    0     0 32496 85905 43588  1  0 98  0  0  0
 1  0 117032 7057108 1512876 38652704    0    0     0 32268 85861 44458  1  0 98  0  0  0
 1  0 117032 7054788 1512876 38652728    0    0     0 32176 85943 43613  1  0 98  0  0  0
 1  0 117032 7048012 1512880 38652744    0    0     0 32732 85666 43254  1  0 98  0  0  0
 1  0 117032 7043396 1512880 38652768    0    0     0 32084 85697 42878  1  0 98  0  0  0
 2  0 117032 7046540 1512880 38652780    0    0     0 32540 85860 44272  1  0 98  0  0  0
 1  0 117032 7056312 1512880 38652804    0    0     0 32284 85797 43510  1  0 98  0  0  0
procs -----------memory---------- ---swap-- -----io---- -system-- -------cpu-------
 r  b   swpd   free   buff  cache   si   so    bi    bo   in   cs us sy id wa st gu
 3  1 117032 7057344 1512880 38652832    0    0     0 32856 85758 44007  1  0 98  0  0  0
 1  0 117032 7050280 1512884 38652852    0    0     0 32908 85806 43644  1  0 98  0  0  0
 1  0 117032 7050184 1512884 38652868    0    0     0 32664 85688 43746  1  0 98  0  0  0
 3  0 117032 7052656 1512884 38652880    0    0     0 33200 85880 43859  1  0 98  0  0  0
 1  0 117032 7054564 1512884 38652900    0    0     0 32944 85760 44135  1  0 98  0  0  0
 1  0 117032 7059072 1512884 38652928    0    0     0 32880 85883 43871  1  0 98  0  0  0
 1  0 117032 7057396 1512884 38652952    0    0     0 33444 85877 44059  1  0 98  0  0  0
 1  0 117032 7060400 1512884 38652960    0    0     0 33228 85800 43962  1  0 98  0  0  0
 1  0 117032 7063548 1512884 38652972    0    0     0 32952 85902 44085  1  0 98  0  0  0
 1  0 117032 7060724 1512884 38652980    0    0     0 32944 85785 43496  1  0 98  0  0  0
 1  0 117032 7061936 1512884 38653004    0    0     0 33420 85759 42956  1  0 98  0  0  0
 1  0 117032 7064320 1512888 38653020    0    0     0 33016 85698 43114  1  0 98  0  0  0
 1  0 117032 7062728 1512888 38653036    0    0     0 32960 85583 42901  1  0 98  0  0  0
 2  0 117032 7061768 1512888 38653052    0    0     0 32976 85550 42794  1  0 98  0  0  0
 1  0 117032 7056916 1512888 38653088    0    0     0 32616 85717 43446  1  0 98  0  0  0
 1  0 117032 7069048 1512888 38653100    0    0     0 32916 85723 43841  1  0 98  0  0  0
 1  0 117032 7073464 1512896 38653104    0    0     0 32616 85579 43536  1  0 98  0  0  0
 1  0 117032 7061000 1512896 38653128    0    0     0 32916 85632 42729  1  0 98  0  0  0
 1  0 117032 7056500 1512896 38653140    0    0     0 32952 85803 43832  1  0 98  0  0  0
 3  0 117032 7053504 1512896 38653168    0    0     0 32784 85582 43473  1  0 98  0  0  0
 1  0 117032 7057264 1512896 38653184    0    0     0 33868 85673 43871  1  0 98  0  0  0
procs -----------memory---------- ---swap-- -----io---- -system-- -------cpu-------
 r  b   swpd   free   buff  cache   si   so    bi    bo   in   cs us sy id wa st gu
 3  0 117032 7061488 1512900 38653208    0    0     0 34348 85822 43982  1  0 98  0  0  0
 1  0 117032 7060544 1512900 38653220    0    0     0 33748 85791 43755  1  0 98  0  0  0
 2  0 117032 7058600 1512900 38653236    0    0     0 34176 85660 43851  1  0 98  0  0  0
 1  0 117032 7058700 1512900 38653252    0    0     0 34088 85656 42427  1  0 98  0  0  0
 2  0 117032 7055804 1512900 38653260    0    0     0 34004 85673 43489  1  0 98  0  0  0
 1  0 117032 7054408 1512908 38653280    0    0     0 34740 85600 43001  1  0 98  0  0  0
 2  0 117032 7052396 1512908 38653304    0    0     0 34916 85850 42910  1  0 98  0  0  0
 2  0 117032 7044076 1512908 38653316    0    0     0 34868 85759 43002  1  0 98  0  0  0
 2  0 117032 7050612 1512908 38653340    0    0     0 34956 85741 43286  1  0 98  0  0  0
 1  0 117032 7061672 1512908 38653348    0    0     0 34812 85858 43302  1  0 98  0  0  0
 2  0 117032 7057564 1512908 38653376    0    0     0 34800 85610 42567  1  0 98  0  0  0
 1  0 117032 7049672 1512912 38653392    0    0     0 34872 85753 43332  1  0 98  0  0  0
 1  0 117032 7047648 1512912 38653404    0    0     0 35072 85693 43849  1  0 98  0  0  0
 2  0 117032 7048124 1512912 38653420    0    0     0 34952 85812 43561  1  0 98  0  0  0
 3  0 117032 7051520 1512912 38653452    0    0     0 34996 85560 43025  1  0 98  0  0  0
 1  0 117032 7054328 1512912 38653468    0    0     0 34904 85759 42580  1  0 98  0  0  0
 1  0 117032 7050396 1512920 38653492    0    0     0 34636 85609 43431  1  0 98  0  0  0
 2  0 117032 7057756 1512920 38653516    0    0     0 35032 86054 44421  1  0 98  0  0  0
 1  0 117032 7057020 1512920 38653540    0    0     0 34512 85640 44195  1  0 98  0  0  0
 1  0 117032 7048072 1512920 38653552    0    0     0 34728 85828 43024  1  0 98  0  0  0
 1  0 117032 7053888 1512920 38653560    0    0     0 35204 85713 43477  1  0 98  0  0  0
procs -----------memory---------- ---swap-- -----io---- -system-- -------cpu-------
 r  b   swpd   free   buff  cache   si   so    bi    bo   in   cs us sy id wa st gu
 1  0 117032 7047528 1512924 38653576    0    0     0 34856 85828 42942  1  0 98  0  0  0
 1  0 117032 7056096 1512924 38653600    0    0     0 34836 85650 42916  1  0 98  0  0  0
 1  0 117032 7055596 1512924 38653628    0    0     0 34800 85943 43953  1  0 98  0  0  0
 2  0 117032 7059724 1512924 38653640    0    0     0 34536 85779 43733  1  0 98  0  0  0
 1  0 117032 7065508 1512924 38653664    0    0     0 34668 85853 43143  1  0 98  0  0  0
 1  0 117032 7073020 1512928 38653668    0    0     0 34684 85822 43951  1  0 98  0  0  0
 1  0 117032 7071552 1512928 38653688    0    0     0 34308 85920 43855  1  0 98  0  0  0
 1  0 117032 7068240 1512928 38653716    0    0     0 34280 85587 42956  1  0 98  0  0  0
 4  0 117032 7059316 1512928 38653740    0    0     0 34668 85965 43306  1  0 98  0  0  0
 1  0 117032 7064252 1512928 38653824    0    0     0 34772 85889 42933  1  0 98  0  0  0
 1  0 117032 7064356 1512936 38653824    0    0     0 35548 85828 43414  1  0 98  0  0  0
 1  0 117032 7052548 1512936 38653856    0    0     0 35032 85688 42653  1  0 98  0  0  0
 1  0 117032 7054800 1512936 38653872    0    0     0 35260 85847 43988  1  0 98  0  0  0
 1  0 117032 7069272 1512936 38653892    0    0     0 35260 85849 44012  1  0 98  0  0  0
 1  0 117032 7067628 1512936 38653916    0    0     0 35496 85819 42980  1  0 98  0  0  0
 2  0 117032 7063320 1512944 38653920    0    0     0 35508 85808 44146  1  0 98  0  0  0
 1  0 117032 7056948 1512944 38653952    0    0     0 36192 85978 44144  1  0 98  0  0  0
 1  0 117032 7058148 1512944 38653976    0    0     0 35556 85705 42833  1  0 98  0  0  0
 2  0 117032 7061448 1512944 38653992    0    0     0 35284 85701 43497  1  0 98  0  0  0
 1  0 117032 7066872 1512944 38654000    0    0     0 35188 85756 43411  1  0 98  0  0  0
 1  0 117032 7063928 1512952 38654016    0    0     0 35044 85853 44029  1  0 98  0  0  0
procs -----------memory---------- ---swap-- -----io---- -system-- -------cpu-------
 r  b   swpd   free   buff  cache   si   so    bi    bo   in   cs us sy id wa st gu
 1  0 117032 7055680 1512952 38654044    0    0     0 35264 85846 43768  1  0 98  0  0  0
 2  0 117032 7050308 1512952 38654068    0    0     0 35280 85770 43642  1  0 98  0  0  0
 1  0 117032 7055624 1512952 38654076    0    0     0 35432 85733 43389  1  0 98  0  0  0
 5  0 117032 7065552 1512952 38654096    0    0     0 35220 85785 43333  1  0 98  0  0  0
 1  0 117032 7074864 1512952 38654116    0    0     0 35168 85778 43723  1  0 98  0  0  0
 1  0 117032 7059692 1512952 38654144    0    0     0 35136 85687 43241  1  0 98  0  0  0
 1  0 117032 7056816 1512952 38654156    0    0     0 35140 85689 42553  1  0 98  0  0  0
 1  0 117032 7061508 1512952 38654180    0    0     0 35064 85868 43744  1  0 98  0  0  0
 1  0 117032 7061924 1512952 38654196    0    0     0 35564 85822 44206  1  0 98  0  0  0
 1  0 117032 7058752 1512960 38654204    0    0     0 35376 85783 43436  1  0 98  0  0  0
 1  0 117032 7062908 1512960 38654236    0    0     0 35168 85742 43318  1  0 98  0  0  0
 1  0 117032 7055752 1512960 38654248    0    0     0 34688 85732 43914  1  0 98  0  0  0
 2  0 117032 7055028 1512968 38655264    0    0  1392 35320 85955 43505  1  0 98  0  0  0
 2  0 117032 7061624 1512968 38655672    0    0     0 35080 86003 44278  1  0 98  0  0  0
 1  0 117032 7059480 1512968 38655688    0    0     0 35000 85911 43813  1  0 98  0  0  0
 1  0 117032 7060920 1512976 38655704    0    0     0 34968 85742 43052  1  0 98  0  0  0
 1  0 117032 7060500 1512976 38655720    0    0     0 34900 85839 43488  1  0 98  0  0  0
 2  0 117032 7067400 1512976 38655740    0    0     0 34896 85583 43245  1  0 98  0  0  0
 1  0 117032 7059716 1512976 38655760    0    0     0 35936 85918 44089  1  0 98  0  0  0
 4  0 117032 7053444 1512976 38655780    0    0     0 35744 85766 42761  1  0 98  0  0  0
 2  0 117032 7053576 1512980 38655796    0    0     0 35384 85922 43739  1  0 98  0  0  0
procs -----------memory---------- ---swap-- -----io---- -system-- -------cpu-------
 r  b   swpd   free   buff  cache   si   so    bi    bo   in   cs us sy id wa st gu
 1  0 117032 7056132 1512980 38655808    0    0     0 35604 85627 42979  1  0 98  0  0  0
 1  0 117032 7069444 1512980 38655840    0    0     0 36264 85897 43286  1  0 98  0  0  0
 1  0 117032 7069680 1512980 38655856    0    0     0 36220 85877 43881  1  0 98  0  0  0
 1  0 117032 7064672 1512980 38655868    0    0     0 36492 85769 43648  1  0 98  0  0  0
 1  0 117032 7065780 1512984 38655880    0    0     0 37068 85737 43023  1  0 98  0  0  0
 1  0 117032 7064404 1512984 38655916    0    0     0 36756 85944 44033  1  0 98  0  0  0
 1  0 117032 7072048 1512984 38655928    0    0     0 37076 85791 44187  1  0 98  0  0  0
 4  0 117032 7068416 1512984 38655948    0    0     0 36624 85968 44016  1  0 98  0  0  0
 1  0 117032 7067152 1512984 38655964    0    0     0 36800 85762 43099  1  0 98  0  0  0
 1  0 117032 7068136 1512988 38655972    0    0     0 36632 85955 44112  1  0 98  0  0  0
 1  0 117032 7069796 1512988 38655996    0    0     0 36648 85750 43506  1  0 98  0  0  0
 2  0 117032 7066712 1512988 38656024    0    0     0 36484 86008 44399  1  0 98  0  0  0
 1  0 117032 7071080 1512988 38656040    0    0     0 36392 85924 44044  1  0 98  0  0  0
 3  0 117032 7075816 1512988 38656048    0    0     0 36628 85814 44174  1  0 98  0  0  0
 1  0 117032 7068968 1512996 38656076    0    0     0 36392 85895 43728  1  0 98  0  0  0
 1  0 117032 7060516 1512996 38656112    0    0     0 37064 85913 43873  1  0 98  0  0  0
 1  0 117032 7062208 1512996 38656120    0    0     0 36624 85733 43517  1  0 98  0  0  0
 1  0 117032 7062436 1512996 38656132    0    0     0 36660 85917 43791  1  0 98  0  0  0
 1  0 117032 7067940 1512996 38656164    0    0     0 36372 86152 44032  1  0 98  0  0  0
 1  0 117032 7058748 1513004 38656180    0    0     0 36584 86030 44722  1  0 98  0  0  0
 1  0 117032 7051604 1513004 38656200    0    0     0 36544 86064 44483  1  0 98  0  0  0
procs -----------memory---------- ---swap-- -----io---- -system-- -------cpu-------
 r  b   swpd   free   buff  cache   si   so    bi    bo   in   cs us sy id wa st gu
 2  0 117032 7055708 1513004 38656224    0    0     0 36028 85914 43908  1  0 98  0  0  0
 1  0 117032 7060240 1513004 38656252    0    0     0 36184 86058 44449  1  0 98  0  0  0
 2  0 117032 7060332 1513004 38656264    0    0     0 36000 85903 44345  1  0 98  0  0  0
 1  0 117032 7061404 1513012 38656268    0    0     0 36164 86068 44589  1  0 98  0  0  0
 1  0 117032 7068792 1513012 38656300    0    0     0 36204 86011 44224  1  0 98  0  0  0
 1  0 117032 7055284 1513012 38656316    0    0     0 36576 85955 43774  1  0 98  0  0  0
 1  0 117032 7057836 1513012 38656400    0    0     0 36380 85894 43853  1  0 98  0  0  0
 1  0 117032 7055932 1513012 38656420    0    0     0 36072 85894 44450  1  0 98  0  0  0
 3  0 117032 7052332 1513016 38656424    0    0     0 35928 85967 44680  1  0 98  0  0  0
 1  0 117032 7059428 1513016 38656448    0    0     0 35860 85903 43371  1  0 98  0  0  0
 1  0 117032 7058012 1513016 38656480    0    0     0 35940 85785 43245  1  0 98  0  0  0
 1  0 117032 7052764 1513016 38656492    0    0     0 36384 85809 44116  1  0 98  0  0  0
 1  0 117032 7052272 1513016 38656508    0    0     0 36460 85829 43635  1  0 98  0  0  0
 1  0 117032 7059700 1513024 38656516    0    0     0 36340 85977 44038  1  0 98  0  0  0
 1  0 117032 7062000 1513024 38656540    0    0     0 36524 85776 44418  1  0 98  0  0  0
 1  0 117032 7057108 1513024 38656556    0    0     0 36560 85887 43444  1  0 98  0  0  0
 1  0 117032 7062224 1513024 38656584    0    0     0 36140 85758 43757  1  0 98  0  0  0
 2  0 117032 7057884 1513024 38656600    0    0     0 35888 85851 43390  1  0 98  0  0  0
 1  1 117032 7065164 1513024 38656624    0    0     0 36468 85888 43916  1  0 98  0  0  0
 1  0 117032 7058936 1513032 38656644    0    0     0 36680 85929 43486  1  0 98  0  0  0
 1  0 117032 7051224 1513032 38656668    0    0     0 36496 85867 44161  1  0 98  0  0  0
procs -----------memory---------- ---swap-- -----io---- -system-- -------cpu-------
 r  b   swpd   free   buff  cache   si   so    bi    bo   in   cs us sy id wa st gu
 1  0 117032 7049168 1513032 38656676    0    0     0 36268 85886 43083  1  0 98  0  0  0
 1  0 117032 7056624 1513032 38656688    0    0     0 36292 85748 43337  1  0 98  0  0  0
 1  0 117032 7056044 1513032 38656716    0    0     0 36300 85813 43377  1  0 98  0  0  0
 4  0 117032 7060716 1513036 38656736    0    0     0 36556 86039 44835  1  0 98  0  0  0
 1  0 117032 7054568 1513036 38656752    0    0     0 36412 86116 44670  1  0 98  0  0  0
 1  0 117032 7054344 1513036 38656768    0    0     0 36648 85871 44518  1  0 98  0  0  0
 1  0 117032 7054420 1513036 38656784    0    0     0 36608 86072 44048  1  0 98  0  0  0
 1  0 117032 7052724 1513036 38656792    0    0     0 36848 85807 43452  1  0 98  0  0  0
 1  0 117032 7055592 1513044 38656820    0    0     0 36988 86043 44292  1  0 98  0  0  0
 1  0 117032 7065588 1513044 38656848    0    0     0 36992 85898 44162  1  0 98  0  0  0
 1  0 117032 7062152 1513044 38656864    0    0     0 36944 86007 44372  1  0 98  0  0  0
 1  0 117032 7058204 1513044 38656892    0    0     0 36800 85932 44461  1  0 98  0  0  0
 2  0 117032 7056676 1513044 38656904    0    0     0 36708 86100 44104  1  0 98  0  0  0
 1  0 117032 7066696 1513052 38656920    0    0     0 36552 85843 44011  1  0 98  0  0  0
 1  0 117032 7069888 1513052 38656952    0    0     0 36412 85771 43790  1  0 98  0  0  0
 1  0 117032 7060140 1513052 38656968    0    0     0 36480 85958 44002  1  0 98  0  0  0
 1  0 117032 7063568 1513052 38656976    0    0     0 36072 85958 43890  1  0 98  0  0  0
 1  0 117032 7057040 1513052 38657012    0    0     0 36292 85974 44182  1  0 98  0  0  0
 3  0 117032 7065968 1513052 38657032    0    0     0 36348 85854 43201  1  0 98  0  0  0
 1  0 117032 7071452 1513052 38657052    0    0     0 36268 85910 43607  1  0 98  0  0  0
 1  0 117032 7074448 1513052 38657072    0    0     0 36548 85954 44137  1  0 98  0  0  0
procs -----------memory---------- ---swap-- -----io---- -system-- -------cpu-------
 r  b   swpd   free   buff  cache   si   so    bi    bo   in   cs us sy id wa st gu
 1  0 117032 7068300 1513052 38657076    0    0     0 36944 86116 44718  1  0 98  0  0  0
 1  0 117032 7074728 1513052 38657092    0    0     0 36612 85894 43470  1  0 98  0  0  0
 1  0 117032 7068740 1513052 38657112    0    0     0 37092 85958 43584  1  0 98  0  0  0
 1  0 117032 7076640 1513052 38657140    0    0     0 36748 85963 43905  1  0 98  0  0  0
 1  0 117032 7082624 1513052 38657152    0    0     0 36836 86006 44588  1  0 98  0  0  0
 1  0 117032 7075024 1513052 38657164    0    0     0 36768 85999 44408  1  0 98  0  0  0
 2  0 117032 7081928 1513052 38657192    0    0     0 37060 86015 44563  1  0 98  0  0  0
 1  0 117032 7084040 1513056 38657212    0    0     0 36588 86149 44455  1  0 98  0  0  0
 1  0 117032 7086296 1513056 38657228    0    0     0 36868 86045 44135  1  0 98  0  0  0
 1  0 117032 7084828 1513056 38657244    0    0     0 37076 85906 43496  1  0 98  0  0  0
 2  0 117032 7076872 1513056 38657264    0    0     0 37464 86227 44579  1  0 98  0  0  0
 1  0 117032 7072996 1513056 38657288    0    0     0 37860 86258 44998  1  0 98  0  0  0
 1  0 117032 7069788 1513060 38657308    0    0     0 37904 86173 45213  1  0 98  0  0  0
 3  0 117032 7064428 1513060 38657332    0    0     0 37748 86087 44689  1  0 98  0  0  0
 1  0 117032 7067396 1513060 38657344    0    0     0 37828 85921 43367  1  0 98  0  0  0
 1  0 117032 7062988 1513060 38657372    0    0     0 37876 86028 44275  1  0 98  0  0  0
 1  0 117032 7059912 1513060 38657380    0    0     0 38348 86129 44221  1  0 98  0  0  0
 1  0 117032 7057640 1513064 38657392    0    0     0 38204 86132 44400  1  0 98  0  0  0
 1  0 117032 7056764 1513064 38657432    0    0     0 38032 86372 45143  1  0 98  0  0  0
 1  0 117032 7055600 1513064 38657440    0    0     0 37880 86169 44833  1  0 98  0  0  0
 1  0 117032 7049284 1513064 38657460    0    0     0 38244 86367 45028  1  0 98  0  0  0
procs -----------memory---------- ---swap-- -----io---- -system-- -------cpu-------
 r  b   swpd   free   buff  cache   si   so    bi    bo   in   cs us sy id wa st gu
 1  0 117032 7052244 1513064 38657484    0    0     0 38520 85894 43687  1  0 98  0  0  0
 2  0 117032 7055896 1513068 38657496    0    0     0 38580 85999 43218  1  0 98  0  0  0
 1  0 117032 7057588 1513068 38657520    0    0     0 38756 85934 43606  1  0 98  0  0  0
 1  0 117032 7051304 1513068 38657612    0    0     0 38808 86007 43813  1  0 98  0  0  0
 1  0 117032 7054172 1513068 38657640    0    0     0 38676 85941 43623  1  0 98  0  0  0
 1  0 117032 7050176 1513068 38657652    0    0     0 38472 86280 45328  1  0 98  0  0  0
 1  0 117032 7049644 1513072 38657668    0    0     0 37792 85956 43964  1  0 98  0  0  0
 1  0 117032 7043664 1513072 38657696    0    0     0 37700 85854 42998  1  0 98  0  0  0
 3  0 117032 7050392 1513072 38657712    0    0     0 37252 86005 44503  1  0 98  0  0  0
 1  0 117032 7039832 1513072 38657728    0    0     0 37704 86209 44002  1  0 98  0  0  0
 1  0 117032 7035040 1513072 38657760    0    0     0 38168 86156 44984  1  0 98  0  0  0
 1  0 117032 7037468 1513072 38657780    0    0     0 38268 86155 44622  1  0 98  0  0  0
 1  0 117032 7043080 1513080 38657792    0    0     0 38456 85828 43163  1  0 98  0  0  0
 1  0 117032 7057288 1513080 38657812    0    0     0 38536 85862 43244  1  0 98  0  0  0
 1  0 117032 7052328 1513080 38657828    0    0     0 38592 85922 43712  1  0 98  0  0  0
 2  0 117032 7065488 1513080 38657836    0    0     0 38680 86075 44859  1  0 98  0  0  0
 1  0 117032 7062800 1513080 38657864    0    0     0 38560 86124 44973  1  0 98  0  0  0
 2  0 117032 7058796 1513080 38657876    0    0     0 38932 86086 44747  1  0 98  0  0  0
 1  0 117032 7057492 1513080 38657896    0    0     0 38640 86119 44819  1  0 98  0  0  0
 1  0 117032 7059668 1513080 38657928    0    0     0 38824 86247 45143  1  0 98  0  0  0
 1  0 117032 7057624 1513080 38657944    0    0     0 38720 86119 45158  1  0 98  0  0  0
procs -----------memory---------- ---swap-- -----io---- -system-- -------cpu-------
 r  b   swpd   free   buff  cache   si   so    bi    bo   in   cs us sy id wa st gu
 1  0 117032 7053200 1513080 38657952    0    0     0 38632 86060 43898  1  0 98  0  0  0
 1  0 117032 7045460 1513088 38657984    0    0     0 38752 86121 43838  1  0 98  0  0  0
 2  0 117032 7054028 1513088 38658004    0    0     0 38624 85900 43708  1  0 98  0  0  0
 2  0 117032 7061684 1513088 38658020    0    0     0 38492 85918 43693  1  0 98  0  0  0
 1  0 117032 7063076 1513088 38658052    0    0     0 38852 86038 44178  1  0 98  0  0  0
 1  0 117032 7067796 1513088 38658060    0    0     0 39280 86170 44490  1  0 98  0  0  0
 1  0 117032 7064472 1513096 38658080    0    0     0 39468 86058 44880  1  0 98  0  0  0
 1  0 117032 7070284 1513096 38658108    0    0     0 38852 85967 44191  1  0 98  0  0  0
 1  0 117032 7067344 1513096 38658120    0    0     0 38792 85961 43888  1  0 98  0  0  0
 2  0 117032 7065128 1513096 38658136    0    0     0 38960 86149 44764  1  0 98  0  0  0
 1  0 117032 7062000 1513104 38658148    0    0     0 38740 86088 44677  1  0 98  0  0  0
 3  0 117032 7059204 1513104 38658180    0    0     0 38868 86060 44071  1  0 98  0  0  0
 3  0 117032 7059992 1513104 38658200    0    0     0 38476 86054 43858  1  0 98  0  0  0
 3  0 117032 7062004 1513104 38658224    0    0     0 38888 86065 44748  1  0 98  0  0  0
 2  0 117032 7056232 1513104 38658240    0    0     0 38248 85894 43666  1  0 98  0  0  0
 2  0 117032 7060700 1513108 38658264    0    0     0 38788 86114 44053  1  0 98  0  0  0
 2  0 117032 7057956 1513108 38658276    0    0     0 38324 85709 43534  1  0 98  0  0  0
 2  0 117032 7063600 1513108 38658304    0    0     0 38756 86271 44767  1  0 98  0  0  0
 4  0 117032 7067216 1513108 38658324    0    0     0 38508 85904 43496  1  0 98  0  0  0
 3  1 117032 7072656 1513108 38658352    0    0     0 39172 86046 44604  1  0 98  0  0  0
 1  0 117032 7068756 1513112 38658360    0    0     0 38920 85947 43756  1  0 98  0  0  0
procs -----------memory---------- ---swap-- -----io---- -system-- -------cpu-------
 r  b   swpd   free   buff  cache   si   so    bi    bo   in   cs us sy id wa st gu
 5  0 117032 7074160 1513112 38658388    0    0     0 38876 86089 43073  1  0 98  0  0  0
 1  0 117032 7066304 1513112 38658408    0    0     0 38736 85973 43597  1  0 98  0  0  0
 1  0 117032 7064944 1513112 38658428    0    0     0 38520 85958 44791  1  0 98  0  0  0
 1  0 117032 7061040 1513112 38658452    0    0     0 38332 86075 44254  1  0 98  0  0  0
 2  0 117032 7065764 1513120 38658460    0    0     0 38868 86233 45121  1  0 98  0  0  0
 1  0 117032 7063212 1513120 38658484    0    0     0 38428 85941 44608  1  0 98  0  0  0
 2  0 117032 7069620 1513120 38658500    0    0     0 38564 86153 44585  1  0 98  0  0  0
 1  0 117032 7063948 1513120 38658512    0    0     0 38712 85928 44416  1  0 98  0  0  0
 1  0 117032 7068616 1513120 38658548    0    0     0 38320 86051 44698  1  0 98  0  0  0
 1  0 117032 7061132 1513124 38658556    0    0     0 38396 85969 44188  1  0 98  0  0  0
 3  0 117032 7063092 1513124 38658572    0    0     0 38440 86008 44464  1  0 98  0  0  0
 1  0 117032 7064968 1513124 38658584    0    0     0 38212 85760 43663  1  0 98  0  0  0
 1  0 117032 7068508 1513124 38658620    0    0     0 38404 86074 44047  1  0 98  0  0  0
 3  0 117032 7065344 1513124 38658632    0    0     0 38160 85795 43939  1  0 98  0  0  0
 1  0 117032 7066896 1513124 38658648    0    0     0 38820 85952 43056  1  0 98  0  0  0
 1  0 117032 7067860 1513124 38658668    0    0     0 38724 85943 44332  1  0 98  0  0  0
 1  0 117032 7076960 1513124 38658704    0    0     0 38276 86128 44333  1  0 98  0  0  0
 1  0 117032 7085964 1513124 38658716    0    0     0 38168 86033 44699  1  0 98  0  0  0
 1  0 117032 7073460 1513124 38658724    0    0     0 38188 85762 43947  1  0 98  0  0  0
 1  0 117032 7071644 1513128 38658752    0    0     0 38416 85970 44434  1  0 98  0  0  0
 1  0 117032 7062996 1513128 38658768    0    0     0 38808 86009 44270  1  0 98  0  0  0
procs -----------memory---------- ---swap-- -----io---- -system-- -------cpu-------
 r  b   swpd   free   buff  cache   si   so    bi    bo   in   cs us sy id wa st gu
 2  0 117032 7060908 1513128 38658872    0    0     0 38768 85968 44443  1  0 98  0  0  0
 1  0 117032 7063272 1513128 38658908    0    0     0 39172 86020 43836  1  0 98  0  0  0
 1  0 117032 7062676 1513128 38658916    0    0     0 38960 86034 43777  1  0 98  0  0  0
 1  0 117032 7060700 1513128 38658936    0    0     0 39316 86120 44336  1  0 98  0  0  0
 1  0 117032 7055728 1513136 38658960    0    0     0 39164 86035 44325  1  0 98  0  0  0
 1  0 117032 7059816 1513136 38658976    0    0     0 39172 86130 44300  1  0 98  0  0  0
 1  0 117032 7062928 1513136 38658992    0    0     0 39008 85979 43399  1  0 98  0  0  0
 1  0 117032 7067780 1513136 38659016    0    0     0 39680 86207 44705  1  0 98  0  0  0
 3  0 117032 7066596 1513136 38659040    0    0     0 39576 86190 44583  1  0 98  0  0  0
 2  0 117032 7066048 1513140 38659052    0    0     0 39172 85960 43757  1  0 98  0  0  0
 1  0 117032 7061780 1513140 38659076    0    0     0 39008 85996 43965  1  0 98  0  0  0
 1  0 117032 7051764 1513140 38659096    0    0     0 39396 86161 44718  1  0 98  0  0  0
 1  0 117032 7050040 1513140 38659108    0    0     0 39408 86032 44751  1  0 98  0  0  0
 2  0 117032 7056348 1513140 38659136    0    0     0 39304 85890 44186  1  0 98  0  0  0
 1  0 117032 7058156 1513144 38659156    0    0     0 39084 86079 44549  1  0 98  0  0  0
 1  0 117032 7061656 1513144 38659172    0    0     0 40032 86246 44508  1  0 98  0  0  0
 3  0 117032 7058040 1513144 38659192    0    0     0 39640 86028 44503  1  0 98  0  0  0
 1  0 117032 7063556 1513144 38659220    0    0     0 39128 85997 43978  1  0 98  0  0  0
 1  0 117032 7069676 1513144 38659236    0    0     0 39728 86312 45185  1  0 98  0  0  0
 1  0 117032 7063908 1513144 38659244    0    0     0 39164 85889 44527  1  0 98  0  0  0
 1  0 117032 7058772 1513144 38659260    0    0     0 39588 86164 44788  1  0 98  0  0  0
procs -----------memory---------- ---swap-- -----io---- -system-- -------cpu-------
 r  b   swpd   free   buff  cache   si   so    bi    bo   in   cs us sy id wa st gu
 1  0 117032 7049928 1513144 38659292    0    0     0 39848 86006 44327  1  0 98  0  0  0
 1  0 117032 7052456 1513144 38659304    0    0     0 39768 86251 44703  1  0 98  0  0  0
 3  0 117032 7052604 1513144 38659332    0    0     0 38936 85733 43494  1  0 98  0  0  0
 1  0 117032 7052804 1513144 38659344    0    0     0 38656 85967 44153  1  0 98  0  0  0
 1  0 117032 7056900 1513144 38659368    0    0     0 38216 85894 44608  1  0 98  0  0  0
 1  0 117032 7049116 1513144 38659380    0    0     0 38228 86028 44580  1  0 98  0  0  0
 1  0 117032 7048880 1513144 38659400    0    0     0 38304 85920 43681  1  0 98  0  0  0
 1  0 117032 7041164 1513144 38659412    0    0     0 38432 86157 44385  1  0 98  0  0  0
 1  0 117032 7038876 1513148 38659428    0    0     0 38600 85957 44544  1  0 98  0  0  0
 1  0 117032 7035056 1513148 38659460    0    0     0 39348 86234 44696  1  0 98  0  0  0
 2  0 117032 7037408 1513148 38659468    0    0     0 38372 85872 43082  1  0 98  0  0  0
 1  0 117032 7045292 1513148 38659492    0    0     0 38908 86010 43760  1  0 98  0  0  0
 1  0 117032 7042876 1513148 38659512    0    0     0 38972 86109 44515  1  0 98  0  0  0
 1  0 117032 7050128 1513152 38659532    0    0     0 39372 86266 44494  1  0 98  0  0  0
 1  0 117032 7052556 1513152 38659552    0    0     0 38824 85894 43830  1  0 98  0  0  0
 1  0 117032 7052364 1513152 38659572    0    0     0 39248 86171 44776  1  0 98  0  0  0
 1  0 117032 7051920 1513152 38659592    0    0     0 39428 86162 44963  1  0 98  0  0  0
 1  0 117032 7054300 1513152 38659608    0    0     0 39692 86365 45115  1  0 98  0  0  0
 3  0 117032 7056000 1513156 38659624    0    0     0 39544 85998 44714  1  0 98  0  0  0
 1  0 117032 7054868 1513156 38659644    0    0     0 39720 86301 45028  1  0 98  0  0  0
 1  0 117032 7050392 1513156 38659668    0    0     0 39120 86150 44701  1  0 98  0  0  0
procs -----------memory---------- ---swap-- -----io---- -system-- -------cpu-------
 r  b   swpd   free   buff  cache   si   so    bi    bo   in   cs us sy id wa st gu
 1  0 117032 7050136 1513156 38659692    0    0     0 39564 86184 44972  1  0 98  0  0  0
 1  0 117032 7049340 1513156 38659704    0    0     0 39632 86208 44801  1  0 98  0  0  0
 1  0 117032 7047416 1513156 38659712    0    0     0 39528 86098 44880  1  0 98  0  0  0
 1  0 117032 7053588 1513164 38659744    0    0     0 40544 86144 44949  1  0 98  0  0  0
 1  0 117032 7054732 1513164 38659760    0    0     0 40108 86141 44863  1  0 98  0  0  0
 2  0 117032 7054680 1513164 38659772    0    0     0 39824 86184 44908  1  0 98  0  0  0
 1  0 117032 7057984 1513164 38659808    0    0     0 39532 85976 44615  1  0 98  0  0  0
 1  0 117032 7053580 1513164 38659824    0    0     0 39976 86184 44856  1  0 98  0  0  0
 2  0 117032 7049540 1513172 38659840    0    0     0 39884 86267 44993  1  0 98  0  0  0
 1  0 117032 7045652 1513172 38659856    0    0     0 39632 86152 44899  1  0 98  0  0  0
 1  0 117032 7049612 1513172 38659892    0    0     0 40688 86277 45269  1  0 98  0  0  0
 1  0 117032 7048320 1513172 38659900    0    0     0 39996 86288 45141  1  0 98  0  0  0
 1  0 117032 7059776 1513172 38659924    0    0     0 39796 86198 45096  1  0 98  0  0  0
 3  0 117032 7055224 1513180 38659944    0    0     0 40212 86342 45348  1  0 98  0  0  0
 1  0 117032 7053552 1513180 38659956    0    0     0 40188 86250 44714  1  0 98  0  0  0
 1  0 117032 7048860 1513180 38659972    0    0     0 39936 86253 45214  1  0 98  0  0  0
 2  0 117032 7053492 1513180 38660000    0    0     0 39856 86404 45661  1  0 98  0  0  0
 1  0 117032 7054316 1513180 38660024    0    0     0 39836 86342 45638  1  0 98  0  0  0
 2  0 117032 7050272 1513184 38660112    0    0     0 40268 86153 44943  1  0 98  0  0  0
 1  0 117032 7046416 1513184 38660124    0    0     0 40696 86265 45124  1  0 98  0  0  0
 2  0 117032 7049404 1513184 38660152    0    0     0 40968 86296 45478  1  0 98  0  0  0
procs -----------memory---------- ---swap-- -----io---- -system-- -------cpu-------
 r  b   swpd   free   buff  cache   si   so    bi    bo   in   cs us sy id wa st gu
 1  0 117032 7045864 1513184 38660160    0    0     0 41024 86259 45146  1  0 98  0  0  0
 1  0 117032 7042788 1513184 38660172    0    0     0 40904 86031 45039  1  0 98  0  0  0
 1  0 117032 7044312 1513192 38660208    0    0     0 40276 86192 44644  1  0 98  0  0  0
 1  0 117032 7045352 1513192 38660228    0    0     0 40216 86256 45142  1  0 98  0  0  0
 1  0 117032 7049744 1513192 38660240    0    0     0 40260 86230 45278  1  0 98  0  0  0
 1  0 117032 7046476 1513192 38660252    0    0     0 39956 86161 45175  1  0 98  0  0  0
 1  0 117032 7042584 1513192 38660280    0    0     0 40132 86269 45109  1  0 98  0  0  0
 3  0 117032 7050920 1513200 38660288    0    0     0 40428 86047 44884  1  0 98  0  0  0
 1  0 117032 7050512 1513200 38660312    0    0     0 40168 86149 44642  1  0 98  0  0  0
 1  0 117032 7048772 1513200 38660320    0    0     0 41000 86069 44952  1  0 98  0  0  0
 1  0 117032 7061132 1513200 38660348    0    0     0 40464 86202 45077  1  0 98  0  0  0
 2  0 117032 7056796 1513200 38660356    0    0     0 40308 86090 45033  1  0 98  0  0  0
 1  0 117032 7052964 1513200 38660380    0    0     0 40696 86492 45671  1  0 98  0  0  0
 1  0 117032 7052292 1513200 38660404    0    0     0 40788 86264 45641  1  0 98  0  0  0
 1  0 117032 7059564 1513200 38660420    0    0     0 40628 86374 45426  1  0 98  0  0  0
 2  0 117032 7051540 1513200 38660436    0    0     0 40116 86174 45068  1  0 98  0  0  0
 1  0 117032 7059348 1513200 38660460    0    0     0 40352 86170 44908  1  0 98  0  0  0
 1  0 117032 7057952 1513200 38660476    0    0     0 40820 86219 45222  1  0 98  0  0  0
 1  0 117032 7051588 1513204 38660492    0    0     0 40864 86469 45510  1  0 98  0  0  0
 1  0 117032 7056428 1513204 38660504    0    0     0 41232 86380 46059  1  0 98  0  0  0
 1  0 117032 7046556 1513204 38660536    0    0     0 40576 86223 44853  1  0 98  0  0  0
procs -----------memory---------- ---swap-- -----io---- -system-- -------cpu-------
 r  b   swpd   free   buff  cache   si   so    bi    bo   in   cs us sy id wa st gu
 1  0 117032 7049488 1513204 38660544    0    0     0 40416 86069 44761  1  0 98  0  0  0
 1  0 117032 7046192 1513204 38660572    0    0     0 40204 85950 44426  1  0 98  0  0  0
 3  0 117032 7046488 1513208 38660584    0    0     0 41224 86292 44910  1  0 98  0  0  0
 1  0 117032 7047716 1513208 38660608    0    0     0 41740 86420 45447  1  0 98  0  0  0
 1  0 117032 7050852 1513208 38660628    0    0     0 41432 86321 45413  1  0 98  0  0  0
 1  0 117032 7050332 1513208 38660632    0    0     0 41608 86374 45265  1  0 98  0  0  0
 1  0 117032 7053952 1513208 38660652    0    0     0 41132 86343 45075  1  0 98  0  0  0
 1  0 117032 7053324 1513212 38660680    0    0     0 40816 86180 44939  1  0 98  0  0  0
 1  0 117032 7048832 1513212 38660704    0    0     0 40636 86281 45047  1  0 98  0  0  0
 1  0 117032 7045416 1513212 38660720    0    0     0 40648 86179 44752  1  0 98  0  0  0
 3  0 117032 7041920 1513212 38660736    0    0     0 40936 86184 45060  1  0 98  0  0  0
 1  0 117032 7042868 1513212 38660764    0    0     0 40872 86084 44532  1  0 98  0  0  0
 1  0 117032 7041196 1513212 38660780    0    0     0 40832 86102 44852  1  0 98  0  0  0
 1  0 117032 7041144 1513212 38660788    0    0     0 40988 86137 45018  1  0 98  0  0  0
 2  0 117032 7037240 1513212 38660796    0    0     0 40668 86292 45159  1  0 98  0  0  0
 1  0 117032 7036392 1513212 38660824    0    0     0 40220 86186 44921  1  0 98  0  0  0
 1  0 117032 7035096 1513212 38660864    0    0     0 40440 86205 45369  1  0 98  0  0  0
 1  0 117032 7035252 1513216 38660876    0    0     0 40260 86198 44734  1  0 98  0  0  0
 3  0 117032 7045396 1513216 38660884    0    0     0 40436 86484 45634  1  0 98  0  0  0
 1  0 117032 7046456 1513216 38660892    0    0     0 39624 85931 44321  1  0 98  0  0  0
 1  0 117032 7047176 1513216 38660928    0    0     0 39416 85988 44431  1  0 98  0  0  0
procs -----------memory---------- ---swap-- -----io---- -system-- -------cpu-------
 r  b   swpd   free   buff  cache   si   so    bi    bo   in   cs us sy id wa st gu
 2  0 117032 7045900 1513216 38660952    0    0     0 39312 85999 44482  1  0 98  0  0  0
 2  0 117032 7050944 1513224 38660956    0    0     0 39248 85938 44568  1  0 98  0  0  0
 1  0 117032 7050152 1513224 38660984    0    0     0 39644 86065 44644  1  0 98  0  0  0
 1  0 117032 7048240 1513224 38660992    0    0     0 39540 86062 44694  1  0 98  0  0  0
 2  0 117032 7051652 1513224 38661024    0    0     0 40512 86056 45033  1  0 98  0  0  0
 1  0 117032 7055824 1513224 38661048    0    0     0 40324 86353 45242  1  0 98  0  0  0
 1  0 117032 7050984 1513232 38661060    0    0     0 40544 86212 45425  1  0 98  0  0  0
 2  0 117032 7044600 1513232 38661076    0    0     0 39964 86179 44983  1  0 98  0  0  0
 1  0 117032 7034556 1513232 38661108    0    0     0 40008 86040 44762  1  0 98  0  0  0
 1  0 117032 7042528 1513232 38661124    0    0     0 40192 86140 44444  1  0 98  0  0  0
 1  0 117032 7035208 1513232 38661140    0    0     0 40300 86065 44876  1  0 98  0  0  0
 1  0 117032 7030880 1513240 38661160    0    0     0 39928 86194 44718  1  0 98  0  0  0
 3  0 117032 7034712 1513240 38661184    0    0     0 39544 86018 44706  1  0 98  0  0  0
 1  0 117032 7036184 1513240 38661200    0    0     0 39812 86230 44887  1  0 98  0  0  0
 1  0 117032 7032860 1513240 38661212    0    0     0 39956 86059 44694  1  0 98  0  0  0
 1  0 117032 7030864 1513240 38661288    0    0     0 40632 86312 45178  1  0 98  0  0  0
 1  0 117032 7030376 1513240 38661328    0    0     0 40336 86011 44862  1  0 98  0  0  0
 1  0 117032 7030980 1513248 38661344    0    0     0 40184 86318 44811  1  0 98  0  0  0
