procs -----------memory---------- ---swap-- -----io---- -system-- -------cpu-------
 r  b   swpd   free   buff  cache   si   so    bi    bo   in   cs us sy id wa st gu
 4  0 117288 154816048 1925328 33063004    0    2 39121 34727 12651    6  4  1 95  1  0  0
127  0 117288 154726376 1925328 33063072    0    0     0     0 83463 21817 96  1  3  0  0  0
117  0 117288 154717676 1925328 33063088    0    0     0     0 140603 14354 99  0  1  0  0  0
127  0 117288 154713852 1925328 33063096    0    0     0     0 83396 14970 99  0  0  0  0  0
126  0 117288 154692728 1925332 33063104    0    0     0   152 124828 15180 99  0  1  0  0  0
111  0 117288 154687636 1925332 33063112    0    0     0     0 86085 15629 99  0  1  0  0  0
66  0 117288 154663408 1925332 33063124    0    0     0     0 94012 10927 98  0  2  0  0  0
86  7 117288 154225532 1925332 33063132    0    0 239072  8260 400537 797676 44 22 33  1  0  0
70  0 117288 154185524 1925332 33063144    0    0 471104 303288 268542 1463193 47 26 25  2  0  0
78  9 117288 154176328 1925336 33063148    0    0 456912 115916 256897 1417250 46 26 26  2  0  0
30  4 117288 154172088 1925336 33063160    0    0 419072 200256 254958 1316495 42 24 32  2  0  0
 4  0 117288 154146016 1925336 33063172    0    0 429216 269272 241868 1232280 39 22 37  2  0  0
58  7 117288 154138456 1925336 33063180    0    0 449872 260816 246637 1249822 40 22 35  2  0  0
52  1 117288 154127312 1925336 33063192    0    0 464416 281400 247934 1243930 40 22 35  3  0  0
 3  1 117288 154122048 1925336 33063200    0    0 456752 281164 246905 1229480 40 22 36  2  0  0
 2  1 117288 154109832 1925336 33063208    0    0 467712 286872 251603 1232431 41 22 35  3  0  0
50  3 117288 154103728 1925336 33063220    0    0 452416 276216 247359 1242336 40 23 35  2  0  0
77  3 117288 154111700 1925336 33063228    0    0 450160 276552 247948 1240707 40 22 36  2  0  0
28  1 117288 154100976 1925336 33063240    0    0 452160 277076 250969 1251591 40 22 36  2  0  0
 4  0 117288 154107172 1925336 33063244    0    0 452672 283336 249354 1233105 40 22 35  2  0  0
 4  0 117288 154103848 1925336 33063320    0    0 453424 300504 252790 1242209 40 22 36  2  0  0
procs -----------memory---------- ---swap-- -----io---- -system-- -------cpu-------
 r  b   swpd   free   buff  cache   si   so    bi    bo   in   cs us sy id wa st gu
45 14 117288 154095076 1925344 33063324    0    0 440224 287904 247678 1250616 41 22 35  2  0  0
49 10 117288 154107424 1925356 33063352    0    0 455600 287012 250051 1240098 40 22 36  2  0  0
83  7 117288 154106096 1925356 33063352    0    0 464800 277784 254762 1245720 41 22 35  2  0  0
56  4 117288 154100876 1925360 33063356    0    0 452128 282112 249048 1233802 40 21 36  2  0  0
 6  0 117288 154100156 1925360 33063376    0    0 447136 276048 249635 1243123 40 22 36  2  0  0
52  6 117288 154094196 1925360 33063380    0    0 454624 281376 251352 1223581 41 22 35  2  0  0
50  8 117288 154095516 1925360 33063392    0    0 446016 270796 257750 1269652 40 23 35  2  0  0
44  5 117288 154089372 1925360 33063400    0    0 463344 281096 253169 1236787 41 22 35  2  0  0
42 14 117288 154088084 1925360 33063408    0    0 465440 287556 251871 1229649 41 21 35  2  0  0
98  9 117288 154090452 1925360 33063424    0    0 451952 272272 253432 1250344 41 23 34  2  0  0
72  5 117288 154090488 1925360 33063428    0    0 447584 281156 251837 1241203 40 22 35  2  0  0
76  3 117288 154083736 1925360 33063440    0    0 441456 275316 255681 1251121 41 23 35  2  0  0
58  7 117288 154083524 1925360 33063448    0    0 444864 283632 253009 1230427 40 22 36  2  0  0
74  2 117288 154077760 1925360 33063460    0    0 461248 271524 255371 1254123 41 22 34  2  0  0
65  0 117288 154073688 1925364 33063472    0    0 460080 281236 250960 1232729 41 21 36  2  0  0
37  4 117288 154078460 1925364 33063476    0    0 458192 285588 258055 1241353 41 22 35  2  0  0
71 14 117288 154085568 1925364 33063488    0    0 440512 277288 250575 1226446 41 21 36  2  0  0
82 12 117288 154082508 1925364 33063500    0    0 437072 264412 260097 1273010 41 23 34  2  0  0
51  5 117288 154085268 1925364 33063508    0    0 459792 282060 255854 1231553 41 22 35  2  0  0
 6  0 117288 154081864 1925364 33063520    0    0 469488 283656 254877 1229349 41 22 35  3  0  0
70  7 117288 154086124 1925364 33063540    0    0 454176 274800 259128 1250451 41 23 34  2  0  0
procs -----------memory---------- ---swap-- -----io---- -system-- -------cpu-------
 r  b   swpd   free   buff  cache   si   so    bi    bo   in   cs us sy id wa st gu
58  4 117288 154089756 1925364 33063544    0    0 453472 283564 263308 1234664 41 22 35  2  0  0
83  3 117288 154096428 1925364 33063552    0    0 462064 279480 255806 1234928 41 22 34  2  0  0
34  3 117288 154096628 1925364 33063568    0    0 458080 289624 254557 1232209 40 23 35  2  0  0
 4  1 117288 154087008 1925368 33063568    0    0 449696 277964 254194 1243886 41 22 35  2  0  0
 4  0 117288 154091204 1925368 33063580    0    0 460000 283828 260526 1239460 41 22 35  2  0  0
24  1 117288 154103188 1925368 33063604    0    0 441360 280396 254075 1229665 40 23 35  2  0  0
77 15 117288 154105988 1925368 33063604    0    0 457584 271924 255122 1245520 41 23 34  2  0  0
63  1 117288 154109428 1925368 33063620    0    0 460096 287832 253105 1219495 40 21 36  3  0  0
88 37 117288 154106692 1925372 33063620    0    0 447232 277424 254092 1236143 41 22 34  2  0  0
48  4 117288 154102308 1925372 33063632    0    0 455120 277996 253369 1227390 41 22 35  2  0  0
77  6 117288 154098484 1925372 33063644    0    0 449152 280184 255325 1240525 41 21 35  2  0  0
96 12 117288 154102648 1925372 33063652    0    0 464304 287536 259737 1228622 41 22 35  2  0  0
64  8 117288 154107816 1925372 33063656    0    0 449984 281632 253989 1233249 41 21 36  2  0  0
 3  0 117288 154106256 1925376 33063676    0    0 458416 275792 262302 1251483 41 22 34  2  0  0
65  7 117288 154104092 1925376 33063676    0    0 464416 284228 256163 1231185 40 22 35  2  0  0
70  1 117288 154098992 1925376 33063700    0    0 448656 273564 255625 1242587 41 22 34  2  0  0
85  2 117288 154102940 1925376 33063700    0    0 440736 278124 253767 1242346 41 22 35  2  0  0
53  6 117288 154101296 1925380 33063704    0    0 468064 321516 254186 1219220 41 21 36  3  0  0
 3  0 117288 154095900 1925384 33063724    0    0 440800 277152 256829 1233971 41 22 35  2  0  0
98  5 117288 154091212 1925384 33063728    0    0 457696 283716 255201 1221765 41 22 35  2  0  0
49  2 117288 154094376 1925384 33063740    0    0 452992 273800 258157 1244762 41 22 35  2  0  0
procs -----------memory---------- ---swap-- -----io---- -system-- -------cpu-------
 r  b   swpd   free   buff  cache   si   so    bi    bo   in   cs us sy id wa st gu
62 11 117288 154094872 1925384 33063756    0    0 455664 288528 256378 1224038 41 22 35  2  0  0
62  5 117288 154094696 1925384 33063756    0    0 467136 274060 256928 1247909 41 22 34  2  0  0
91  9 117288 154100800 1925384 33063776    0    0 465408 285168 257659 1229578 41 21 36  2  0  0
81 12 117288 154105888 1925384 33063780    0    0 440400 286700 253637 1225575 40 21 36  2  0  0
54  3 117288 154106080 1925384 33063792    0    0 451552 278500 257932 1237958 41 22 35  2  0  0
44 10 117288 154109268 1925384 33063800    0    0 453664 276584 255831 1230437 40 22 35  2  0  0
85  6 117288 154106936 1925384 33063812    0    0 444608 273728 256300 1235062 41 23 34  2  0  0
73 10 117288 154100808 1925388 33063820    0    0 450368 280724 255713 1235383 40 23 35  2  0  0
86  8 117288 154101336 1925388 33063836    0    0 442848 280120 261792 1242868 41 23 35  2  0  0
55  4 117288 154100772 1925388 33063840    0    0 449376 276144 260977 1246044 40 22 35  2  0  0
 4  0 117288 154100548 1925388 33063856    0    0 444400 281236 255252 1233444 41 21 36  2  0  0
39  2 117288 154106032 1925388 33063856    0    0 457776 280420 255868 1235808 42 21 35  2  0  0
69 13 117288 154103120 1925388 33063868    0    0 447200 277060 257268 1244904 41 22 35  2  0  0
71 20 117288 154106672 1925392 33063876    0    0 452992 279992 262718 1245574 41 22 35  2  0  0
33  2 117288 154105356 1925392 33063888    0    0 451056 276428 257687 1239854 41 23 34  2  0  0
 4  0 117288 154096956 1925392 33063904    0    0 448736 278632 258005 1236956 41 21 35  2  0  0
74  4 117288 154089780 1925392 33063912    0    0 452832 280268 256537 1229390 41 22 35  2  0  0
77  1 117288 154093512 1925392 33063988    0    0 455344 284660 255947 1223171 41 22 35  2  0  0
29  7 117288 154095368 1925396 33063996    0    0 469312 279988 257623 1236343 41 22 34  2  0  0
68  0 117288 154101212 1925396 33064004    0    0 449424 280536 255964 1233207 41 22 35  2  0  0
80  4 117288 154096844 1925396 33064016    0    0 466400 286028 259590 1233168 41 21 35  2  0  0
procs -----------memory---------- ---swap-- -----io---- -system-- -------cpu-------
 r  b   swpd   free   buff  cache   si   so    bi    bo   in   cs us sy id wa st gu
111 14 117288 154092004 1925396 33064028    0    0 437552 275796 260153 1234132 41 22 35  2  0  0
64  4 117288 154098312 1925396 33064044    0    0 452608 282636 256005 1232919 41 22 35  2  0  0
98  3 117288 154099828 1925400 33064044    0    0 444048 277932 260522 1243488 41 23 34  2  0  0
 5  0 117288 154101508 1925400 33064052    0    0 452032 280800 262241 1235030 40 22 35  2  0  0
24  5 117288 154098668 1925400 33064064    0    0 462880 289652 255185 1203961 40 21 36  2  0  0
85  5 117288 154100776 1925400 33064072    0    0 456176 272012 261797 1249336 41 22 35  2  0  0
43  3 117288 154098996 1925400 33064080    0    0 451120 278356 256267 1236125 41 22 35  2  0  0
35  1 117288 154096940 1925400 33064088    0    0 435808 289816 254513 1226594 40 23 35  2  0  0
28  0 117288 154091916 1925400 33064100    0    0 460048 299104 255077 1223511 41 21 35  2  0  0
52 22 117288 154094996 1925400 33064112    0    0 443408 276736 257497 1231224 40 22 35  2  0  0
 4  1 117288 154095640 1925400 33064120    0    0 457824 281440 263385 1243579 41 22 35  2  0  0
44  8 117288 154093884 1925400 33064128    0    0 431200 277264 254949 1226688 40 22 35  2  0  0
85  4 117288 154095156 1925404 33064136    0    0 466800 277068 258293 1239957 41 22 34  2  0  0
47  3 117288 154102948 1925404 33064152    0    0 448016 280272 256370 1238900 41 22 34  2  0  0
45 13 117288 154106356 1925404 33064164    0    0 448384 280576 262159 1246651 41 22 35  2  0  0
76  2 117288 154107236 1925404 33064176    0    0 458016 281376 256102 1228686 41 22 35  2  0  0
32  7 117288 154114260 1925404 33064192    0    0 446816 277748 257656 1239553 40 22 36  2  0  0
84 12 117288 154111480 1925408 33064200    0    0 477552 295792 259211 1225637 41 21 36  3  0  0
43  1 117288 154112548 1925408 33064208    0    0 448096 274688 254613 1239897 41 22 35  2  0  0
32  6 117288 154106976 1925408 33064220    0    0 449792 278900 259542 1239965 41 22 35  2  0  0
23  6 117288 154109312 1925408 33064236    0    0 454816 285244 254817 1221650 40 22 36  2  0  0
procs -----------memory---------- ---swap-- -----io---- -system-- -------cpu-------
 r  b   swpd   free   buff  cache   si   so    bi    bo   in   cs us sy id wa st gu
67 11 117288 154112004 1925408 33064240    0    0 466064 282528 256282 1230364 40 22 35  2  0  0
79  8 117288 154113912 1925408 33064240    0    0 452240 282180 254400 1231334 41 22 35  2  0  0
40  0 117288 154108296 1925408 33064260    0    0 451392 279268 256213 1235616 41 22 35  2  0  0
103 19 117288 154109668 1925408 33064264    0    0 465984 284612 263693 1237019 41 21 35  2  0  0
68 13 117288 154110612 1925408 33064272    0    0 437664 282884 253707 1225325 41 22 36  2  0  0
42  3 117288 154120412 1925408 33064288    0    0 454032 271048 257085 1240323 41 22 35  2  0  0
53  5 117288 154115832 1925412 33064288    0    0 457376 275968 254519 1227315 41 22 35  2  0  0
60  3 117288 154115384 1925412 33064308    0    0 449344 283324 256826 1239921 40 22 35  2  0  0
67  5 117288 154112128 1925412 33064324    0    0 448272 272888 264511 1246196 41 22 35  2  0  0
29  4 117288 154108896 1925412 33064328    0    0 453520 283544 256095 1222918 41 22 35  2  0  0
65 11 117288 154109648 1925412 33064336    0    0 447504 281268 256589 1231535 41 22 35  2  0  0
29  0 117288 154109924 1925412 33064352    0    0 444448 278504 252645 1216036 40 22 36  2  0  0
 4  0 117288 154107804 1925412 33064360    0    0 454208 279164 258450 1235472 40 22 35  2  0  0
44  9 117288 154110792 1925412 33064368    0    0 457040 278276 258406 1238591 41 21 36  2  0  0
26  4 117288 154110728 1925412 33064380    0    0 453328 278836 255437 1225326 41 21 35  2  0  0
 6  0 117288 154110772 1925412 33064388    0    0 447568 280492 255455 1226137 41 22 35  2  0  0
42 21 117288 154112264 1925412 33064400    0    0 468288 282176 254733 1227597 40 22 36  2  0  0
30  0 117288 154107316 1925412 33064408    0    0 444816 271748 255562 1247102 41 22 34  2  0  0
29  0 117288 154111176 1925412 33064416    0    0 464720 284464 260662 1233225 41 21 35  2  0  0
76  3 117288 154113352 1925416 33064420    0    0 446180 318824 253668 1219037 41 22 35  2  0  0
38  2 117288 154112720 1925416 33064440    0    0 472384 283336 257043 1222919 41 21 35  2  0  0
procs -----------memory---------- ---swap-- -----io---- -system-- -------cpu-------
 r  b   swpd   free   buff  cache   si   so    bi    bo   in   cs us sy id wa st gu
24 23 117288 154108024 1925420 33064452    0    0 445120 280132 256208 1230610 41 22 35  2  0  0
 4  1 117288 154100768 1925420 33064464    0    0 457200 280020 263603 1250415 41 22 35  2  0  0
76  5 117288 154094656 1925420 33064476    0    0 457424 277072 255685 1236189 41 22 35  2  0  0
75  5 117288 154094800 1925420 33064488    0    0 453984 277928 256125 1224289 41 22 35  2  0  0
81  3 117288 154097492 1925420 33064496    0    0 453472 284020 256144 1219800 41 22 36  2  0  0
35  4 117288 154088304 1925420 33064508    0    0 432432 273916 254792 1239189 41 22 35  2  0  0
67  9 117288 154084764 1925424 33064516    0    0 454368 277484 265473 1243953 41 22 35  2  0  0
 5  0 117288 154084332 1925424 33064524    0    0 455616 285320 254242 1221342 40 22 35  2  0  0
58  1 117288 154081576 1925424 33064548    0    0 456352 280912 260325 1233701 41 22 35  2  0  0
56  3 117288 154094004 1925424 33064556    0    0 457888 275296 260419 1244097 41 23 34  2  0  0
90  8 117288 154097732 1925424 33064556    0    0 449376 275088 257200 1242214 41 22 35  2  0  0
 3  0 117288 154093348 1925428 33064576    0    0 458384 283488 263102 1246453 41 22 35  2  0  0
34  0 117288 154092908 1925428 33064580    0    0 463552 283168 257389 1224676 41 22 35  2  0  0
 5  1 117288 154092528 1925428 33064588    0    0 451504 282168 256828 1231474 40 22 35  2  0  0
62 17 117288 154086456 1925428 33064668    0    0 458992 290044 260567 1222260 40 21 36  2  0  0
59  1 117288 154086796 1925428 33064668    0    0 449776 278172 255697 1243370 41 22 35  2  0  0
58  2 117288 154087304 1925428 33064684    0    0 461920 280572 260426 1243307 41 22 35  2  0  0
59  6 117288 154090528 1925428 33064688    0    0 448656 282952 255083 1223466 40 22 35  2  0  0
33  2 117288 154090300 1925428 33064696    0    0 448544 277312 260412 1241495 41 22 35  2  0  0
79  1 117288 154082356 1925428 33064708    0    0 459104 282464 261337 1236465 41 22 35  2  0  0
81  7 117288 154081528 1925428 33064728    0    0 444832 280164 255137 1231991 40 22 35  2  0  0
procs -----------memory---------- ---swap-- -----io---- -system-- -------cpu-------
 r  b   swpd   free   buff  cache   si   so    bi    bo   in   cs us sy id wa st gu
27  2 117288 154087400 1925428 33064728    0    0 442816 275196 258879 1248428 41 22 34  2  0  0
34 12 117288 154090648 1925428 33064736    0    0 446304 272936 255092 1246196 41 22 35  2  0  0
 4  1 117288 154095960 1925428 33064744    0    0 441872 276608 256153 1242213 41 22 35  2  0  0
58  4 117288 154093692 1925428 33064768    0    0 450832 279956 258343 1241196 41 22 35  2  0  0
37  4 117288 154095668 1925428 33064776    0    0 469840 281708 255480 1230707 41 22 35  3  0  0
68  7 117288 154097640 1925428 33064776    0    0 471552 296872 259204 1208558 40 22 36  3  0  0
60  6 117288 154101756 1925428 33064784    0    0 443440 280728 252727 1216635 40 22 35  2  0  0
64  7 117288 154100056 1925428 33064796    0    0 433200 271296 257557 1237800 41 23 34  2  0  0
37  6 117288 154097388 1925428 33064808    0    0 445360 278960 253939 1236237 40 23 35  2  0  0
73  2 117288 154109432 1925428 33064820    0    0 463328 308596 253914 1216344 40 21 35  3  0  0
24  1 117288 154111864 1925428 33064832    0    0 449200 285280 254798 1223783 40 23 35  2  0  0
77  8 117288 154111632 1925428 33064840    0    0 469568 282568 256183 1218576 41 22 35  2  0  0
37  1 117288 154106568 1925428 33064844    0    0 455600 285208 253203 1218572 41 21 36  2  0  0
67  3 117288 154103464 1925428 33064856    0    0 457136 281368 255456 1232451 41 22 35  2  0  0
28  3 117288 154102660 1925428 33064868    0    0 448352 279804 254375 1237485 40 22 35  2  0  0
36  3 117288 154093908 1925428 33064876    0    0 453584 281148 254013 1239150 41 22 35  2  0  0
61 11 117288 154093448 1925428 33064892    0    0 459248 281120 255625 1230780 41 22 35  2  0  0
52  0 117288 154088540 1925440 33064900    0    0 447824 280212 254010 1223419 40 22 36  2  0  0
64 14 117288 154084268 1925440 33064912    0    0 444400 278864 254714 1225642 40 22 35  2  0  0
77  1 117288 154085544 1925440 33064920    0    0 454720 280200 254766 1236765 41 21 35  2  0  0
56  3 117288 154091108 1925440 33064932    0    0 446448 275824 257295 1240904 41 22 35  2  0  0
procs -----------memory---------- ---swap-- -----io---- -system-- -------cpu-------
 r  b   swpd   free   buff  cache   si   so    bi    bo   in   cs us sy id wa st gu
 5  1 117288 154090404 1925440 33064944    0    0 441968 280880 255300 1238463 41 22 35  2  0  0
101  9 117288 154089136 1925440 33064960    0    0 435296 269972 254851 1236423 41 22 35  2  0  0
89 21 117288 154095076 1925440 33064972    0    0 479504 292468 262681 1229200 41 21 35  3  0  0
104  5 117288 154090448 1925440 33064972    0    0 455616 282452 255226 1218992 41 22 35  2  0  0
69  2 117288 154092056 1925440 33064988    0    0 443104 277216 253826 1241077 41 22 35  2  0  0
52  8 117288 154094304 1925440 33064996    0    0 460256 282492 257272 1228835 41 23 35  2  0  0
 3  0 117288 154097292 1925440 33065000    0    0 448384 280088 255516 1229898 41 22 35  2  0  0
97 13 117288 154100124 1925440 33065008    0    0 458176 284296 255746 1228649 40 22 35  2  0  0
19  0 117288 154098912 1925440 33065016    0    0 442720 276552 253714 1236213 41 22 35  2  0  0
106  6 117288 154104356 1925440 33065024    0    0 439056 266420 256252 1252631 41 23 34  2  0  0
53  1 117288 154102012 1925440 33065036    0    0 456208 286696 258781 1237561 41 22 34  2  0  0
51  3 117288 154095692 1925440 33065044    0    0 457888 283488 255482 1223058 40 22 35  2  0  0
113 21 117288 154096328 1925440 33065064    0    0 455600 280968 256911 1225948 41 22 35  2  0  0
17  0 117288 154093456 1925440 33065064    0    0 455200 283968 254848 1220517 40 22 36  2  0  0
66  8 117288 154089496 1925440 33065076    0    0 463472 280152 259933 1248897 41 22 34  2  0  0
31  7 117288 154088820 1925444 33065084    0    0 458768 284852 257246 1234074 41 22 35  2  0  0
34  1 117288 154089860 1925444 33065092    0    0 460096 276488 260790 1248342 41 22 34  2  0  0
62  4 117288 154093936 1925444 33065104    0    0 445840 281296 254198 1228508 40 22 36  2  0  0
45  6 117288 154088668 1925444 33065120    0    0 452992 277480 257743 1234226 41 23 35  2  0  0
60  2 117288 154087112 1925444 33065120    0    0 449200 285088 255519 1224370 40 22 35  2  0  0
79  9 117288 154086040 1925444 33065136    0    0 458032 280252 255094 1235426 40 22 35  2  0  0
procs -----------memory---------- ---swap-- -----io---- -system-- -------cpu-------
 r  b   swpd   free   buff  cache   si   so    bi    bo   in   cs us sy id wa st gu
72  2 117288 154082696 1925444 33065148    0    0 469792 323412 261616 1226209 41 21 35  3  0  0
38  0 117288 154082068 1925444 33065148    0    0 454528 281520 255850 1227734 41 22 35  2  0  0
82  3 117288 154081500 1925444 33065164    0    0 457264 280008 259965 1230342 41 22 35  2  0  0
76  3 117288 154077836 1925444 33065172    0    0 453168 286272 253922 1222431 40 22 35  2  0  0
31  5 117288 154079664 1925448 33065180    0    0 457152 278372 258580 1246819 42 22 34  2  0  0
46  1 117288 154071576 1925448 33065188    0    0 449792 278112 255639 1233736 41 22 35  2  0  0
45  2 117288 154067880 1925452 33065208    0    0 446736 275380 258732 1246105 41 22 34  2  0  0
35  4 117288 154071124 1925452 33065220    0    0 461264 287296 262851 1230870 41 22 35  2  0  0
28  1 117288 154066488 1925452 33065236    0    0 461968 272788 257990 1245979 41 22 34  2  0  0
92  7 117288 154064412 1925456 33065248    0    0 451120 280348 264915 1249522 41 23 35  2  0  0
74  2 117288 154067556 1925456 33065256    0    0 469776 284876 262385 1234075 41 22 35  2  0  0
90  1 117288 154068236 1925456 33065336    0    0 440592 275684 255553 1241848 41 22 35  2  0  0
76  0 117288 154075284 1925456 33065344    0    0 450720 276208 264733 1256545 42 22 34  2  0  0
44  2 117288 154081704 1925456 33065356    0    0 452288 281824 256428 1233214 41 22 35  2  0  0
31  0 117288 154080992 1925460 33065356    0    0 451248 279752 255313 1240428 41 22 35  2  0  0
73  2 117288 154081224 1925460 33065364    0    0 436496 277412 256266 1235190 41 22 35  2  0  0
79  4 117288 154080844 1925460 33065372    0    0 460880 286364 256006 1220639 40 22 35  2  0  0
65  1 117288 154081780 1925460 33065388    0    0 456976 280856 262937 1238147 41 22 35  2  0  0
81  3 117288 154080212 1925460 33065396    0    0 450080 282160 254618 1229099 40 22 35  2  0  0
 4  0 117288 154074220 1925460 33065404    0    0 458256 281976 261064 1243017 41 22 35  2  0  0
72 14 117288 154076668 1925460 33065408    0    0 454896 284908 255794 1219952 41 22 35  2  0  0
procs -----------memory---------- ---swap-- -----io---- -system-- -------cpu-------
 r  b   swpd   free   buff  cache   si   so    bi    bo   in   cs us sy id wa st gu
87  1 117288 154079256 1925460 33065428    0    0 442720 269864 253100 1232574 41 22 35  2  0  0
32  2 117288 154084512 1925460 33065440    0    0 459024 286496 254321 1218020 41 22 35  2  0  0
 4  1 117288 154081136 1925460 33065440    0    0 445120 270708 257384 1251760 41 23 34  2  0  0
71 15 117288 154082612 1925460 33065456    0    0 452480 282752 265131 1248888 41 22 35  2  0  0
47  9 117288 154082800 1925468 33065464    0    0 446720 277780 254907 1231744 40 23 35  2  0  0
31  0 117288 154084528 1925468 33065464    0    0 444912 274348 258324 1243497 41 23 34  2  0  0
74 15 117288 154084220 1925468 33065480    0    0 447200 277784 257706 1229429 40 22 35  2  0  0
57  1 117288 154081116 1925468 33065496    0    0 446112 275028 263988 1238744 41 22 35  2  0  0
98 17 117288 154077252 1925468 33065496    0    0 451968 284572 255709 1219592 40 22 35  2  0  0
 4  0 117288 154071100 1925468 33065504    0    0 443248 274704 257418 1253362 41 23 34  2  0  0
25 20 117288 154072392 1925468 33065528    0    0 449232 288024 257289 1235012 41 22 34  3  0  0
109  3 117288 154062848 1925468 33065536    0    0 460352 305604 257297 1227461 41 22 35  2  0  0
 4  0 117288 154062048 1925468 33065552    0    0 477360 288984 259597 1229642 41 21 35  3  0  0
 6  0 117288 154063632 1925468 33065552    0    0 446512 282320 255093 1238254 41 22 36  2  0  0
66  3 117288 154068888 1925472 33065560    0    0 453408 285212 254444 1219789 40 22 36  2  0  0
29  0 117288 154072744 1925472 33065580    0    0 445616 277388 256184 1237326 40 23 35  2  0  0
81  4 117288 154064788 1925472 33065588    0    0 451840 279704 258222 1234658 41 21 35  2  0  0
97  2 117288 154062672 1925472 33065592    0    0 451712 282884 255010 1222792 41 22 36  2  0  0
50 11 117288 154056956 1925472 33065600    0    0 444128 277048 255641 1235604 41 22 35  2  0  0
65  1 117288 154059060 1925472 33065608    0    0 460400 278512 257465 1227334 41 22 35  2  0  0
39  8 117288 154060556 1925480 33065632    0    0 448768 279324 257055 1236068 41 22 35  2  0  0
procs -----------memory---------- ---swap-- -----io---- -system-- -------cpu-------
 r  b   swpd   free   buff  cache   si   so    bi    bo   in   cs us sy id wa st gu
42  4 117288 154062564 1925480 33065644    0    0 438576 278452 257425 1237762 41 22 35  2  0  0
48  2 117288 154057240 1925480 33065656    0    0 449472 279256 255039 1232204 40 22 36  2  0  0
75  5 117288 154058608 1925480 33065668    0    0 454096 273808 262478 1254605 41 23 34  2  0  0
94  5 117288 154057612 1925480 33065680    0    0 460448 285688 256618 1227932 41 22 35  2  0  0
40  2 117288 154057176 1925484 33065696    0    0 452032 281340 254928 1230563 40 22 36  2  0  0
44  0 117288 154065904 1925484 33065708    0    0 449392 277240 257946 1243218 41 22 35  2  0  0
38  0 117288 154076752 1925484 33065716    0    0 437024 271640 255402 1243028 41 22 35  2  0  0
74  3 117288 154072292 1925484 33065724    0    0 450208 280580 256023 1229998 41 22 36  2  0  0
 4  0 117288 154074812 1925484 33065724    0    0 448560 280032 255701 1226550 41 22 35  2  0  0
25  0 117288 154076684 1925484 33065744    0    0 453648 275836 261535 1248739 41 22 34  2  0  0
31  2 117288 154072608 1925484 33065748    0    0 445200 280336 254454 1233482 40 22 35  2  0  0
90 21 117288 154074232 1925484 33065764    0    0 444400 271968 254717 1232974 41 22 35  2  0  0
70  1 117288 154069832 1925484 33065764    0    0 460160 289580 256773 1214386 41 22 36  2  0  0
18  0 117288 154071104 1925484 33065780    0    0 451200 280160 258096 1245249 41 22 34  2  0  0
 3  1 117288 154076260 1925488 33065788    0    0 448704 284500 256561 1228297 40 21 36  2  0  0
43  1 117288 154078160 1925488 33065796    0    0 447856 272420 256633 1238286 42 22 35  2  0  0
75  7 117288 154074044 1925488 33065812    0    0 461040 281360 257162 1235374 40 22 35  2  0  0
 4  1 117288 154067468 1925488 33065816    0    0 449344 281868 255620 1236947 41 22 35  2  0  0
17  0 117288 154065164 1925488 33065832    0    0 465232 285040 257585 1225301 41 22 35  2  0  0
 6  0 117288 154062980 1925488 33065840    0    0 457712 280324 256200 1234335 41 22 35  2  0  0
48  7 117288 154062692 1925488 33065848    0    0 455840 277064 258816 1238064 41 22 35  2  0  0
procs -----------memory---------- ---swap-- -----io---- -system-- -------cpu-------
 r  b   swpd   free   buff  cache   si   so    bi    bo   in   cs us sy id wa st gu
106  1 117288 154061964 1925488 33065860    0    0 454128 280976 261652 1234396 41 22 35  2  0  0
75  4 117288 154060296 1925488 33065860    0    0 452512 306916 254508 1207089 40 22 36  3  0  0
55  6 117288 154058260 1925492 33065880    0    0 452612 296912 258414 1230357 41 22 35  2  0  0
36  2 117288 154056692 1925500 33065884    0    0 453392 283096 255979 1235732 41 21 35  2  0  0
61  5 117288 154053752 1925500 33065900    0    0 459424 282512 262340 1238207 41 21 35  2  0  0
45  2 117288 154055712 1925500 33065912    0    0 472864 287464 255364 1211439 41 21 36  2  0  0
 7  1 117288 154058580 1925500 33065924    0    0 441424 280892 251540 1225363 40 22 36  2  0  0
62  5 117288 154060120 1925500 33065932    0    0 464480 282224 261990 1237979 42 21 35  2  0  0
84 17 117288 154060824 1925500 33066020    0    0 437392 281548 252899 1221967 40 22 36  2  0  0
90  3 117288 154058612 1925504 33066028    0    0 462800 278912 264702 1243055 40 22 35  2  0  0
39  0 117288 154054276 1925504 33066032    0    0 449680 274420 259964 1243930 41 22 35  2  0  0
28  0 117288 154051356 1925504 33066056    0    0 450368 279044 256594 1234116 40 23 35  2  0  0
35  3 117288 154059092 1925504 33066064    0    0 449056 276348 257299 1236000 41 22 35  2  0  0
73  1 117288 154050948 1925504 33066072    0    0 448640 285652 253046 1218686 40 22 36  2  0  0
 8  0 117288 154045048 1925508 33066068    0    0 449568 273524 256758 1254280 41 22 34  2  0  0
69  4 117288 154037372 1925508 33066084    0    0 448704 278432 257167 1228453 41 22 35  2  0  0
 4  0 117288 154042876 1925508 33066104    0    0 471184 286876 261852 1236110 40 22 35  3  0  0
51  9 117288 154043456 1925508 33066104    0    0 448544 276252 255451 1236999 41 22 35  2  0  0
63 10 117288 154044680 1925508 33066112    0    0 432656 274744 254241 1236840 41 22 35  2  0  0
100  5 117288 154041304 1925512 33066124    0    0 439024 274008 253847 1234497 41 22 35  2  0  0
60  4 117288 154045680 1925512 33066148    0    0 449376 276752 255870 1226171 40 22 36  2  0  0
procs -----------memory---------- ---swap-- -----io---- -system-- -------cpu-------
 r  b   swpd   free   buff  cache   si   so    bi    bo   in   cs us sy id wa st gu
 2  4 117288 154037372 1925512 33066156    0    0 453968 282212 255927 1231223 41 22 35  2  0  0
39  4 117288 154039316 1925512 33066168    0    0 452448 277456 255624 1237134 41 21 35  2  0  0
47  1 117288 154032384 1925512 33066180    0    0 468944 289200 259846 1228708 41 22 35  2  0  0
 6  2 117288 154030268 1925512 33066188    0    0 438864 278836 255454 1235249 41 22 35  2  0  0
72  9 117288 154032284 1925512 33066188    0    0 435744 263380 254700 1247589 41 22 35  2  0  0
 4  1 117288 154033476 1925512 33066200    0    0 439904 284436 254558 1217364 40 22 36  2  0  0
75  6 117288 154042324 1925512 33066216    0    0 456032 274396 257656 1240185 41 22 34  2  0  0
106  2 117288 154045972 1925512 33066216    0    0 465184 279604 267778 1248415 41 22 34  2  0  0
110 10 117288 154044064 1925512 33066224    0    0 465440 291836 255361 1207365 40 22 35  2  0  0
99  4 117288 154046824 1925512 33066240    0    0 461744 280096 262695 1254984 41 23 33  2  0  0
82  4 117288 154052872 1925512 33066256    0    0 464864 292748 259064 1218450 40 22 35  3  0  0
52 11 117288 154048636 1925512 33066264    0    0 458112 281140 256978 1239416 41 23 34  2  0  0
86  3 117288 154052660 1925512 33066264    0    0 452528 294688 257646 1235391 41 23 34  2  0  0
84 16 117288 154050496 1925516 33066272    0    0 444768 302244 254223 1221282 40 22 36  2  0  0
58  2 117288 154064028 1925516 33066288    0    0 457056 281244 256563 1233939 41 22 35  2  0  0
75 15 117288 154065336 1925516 33066308    0    0 441024 279160 254727 1232011 41 23 35  2  0  0
50  5 117288 154064092 1925516 33066312    0    0 462304 273520 259284 1243137 41 22 35  2  0  0
57  2 117288 154058592 1925516 33066328    0    0 454368 292432 253288 1213422 40 22 36  2  0  0
98 19 117288 154059076 1925516 33066336    0    0 466208 279936 260009 1239930 40 22 35  2  0  0
45  0 117288 154049736 1925516 33066352    0    0 450032 281224 261427 1236696 41 22 35  2  0  0
56  3 117288 154048224 1925516 33066360    0    0 437504 276528 255580 1230666 40 22 35  2  0  0
procs -----------memory---------- ---swap-- -----io---- -system-- -------cpu-------
 r  b   swpd   free   buff  cache   si   so    bi    bo   in   cs us sy id wa st gu
28  0 117288 154054516 1925516 33066380    0    0 461856 278076 257510 1244250 41 22 34  2  0  0
67  2 117288 154048556 1925516 33066384    0    0 454048 282196 256115 1234865 41 22 35  2  0  0
38  0 117288 154048416 1925516 33066396    0    0 453952 279720 264582 1251676 41 22 34  2  0  0
94  8 117288 154049236 1925516 33066396    0    0 476672 289600 257388 1215039 40 22 35  2  0  0
84  6 117288 154048136 1925516 33066412    0    0 449168 274080 259913 1248918 41 23 34  2  0  0
20  1 117288 154054056 1925516 33066416    0    0 458448 289584 258765 1214405 41 22 36  2  0  0
 4  1 117288 154047168 1925516 33066432    0    0 446256 281292 255688 1229643 41 22 35  2  0  0
39 14 117288 154057064 1925516 33066444    0    0 462800 280744 260294 1237362 41 22 34  2  0  0
92  6 117288 154051728 1925520 33066452    0    0 431536 277468 254341 1222683 41 22 35  2  0  0
72 25 117288 154046292 1925520 33066464    0    0 458208 284772 257498 1231419 40 23 35  2  0  0
95  1 117288 154051984 1925520 33066464    0    0 441312 275584 255671 1233348 41 22 35  2  0  0
14  0 117288 154049272 1925520 33066480    0    0 454912 280388 263482 1238248 41 22 35  2  0  0
63  4 117288 154043712 1925520 33066492    0    0 453328 278512 256029 1227697 41 22 35  2  0  0
79  2 117288 154040388 1925520 33066500    0    0 469520 281152 260392 1239043 41 23 34  3  0  0
45  4 117288 154047056 1925520 33066508    0    0 466768 285856 257011 1215910 41 21 35  2  0  0
52  5 117288 154048804 1925520 33066512    0    0 451824 278224 256827 1237095 40 23 34  2  0  0
46  7 117288 154051044 1925520 33066532    0    0 456992 286060 258463 1236132 41 22 35  2  0  0
68  5 117288 154052148 1925520 33066532    0    0 461072 284252 255680 1218552 40 22 35  2  0  0
54  3 117288 154053824 1925524 33066536    0    0 449472 284352 260724 1239705 41 22 35  2  0  0
59  4 117288 154057792 1925524 33066552    0    0 448544 277964 259157 1244020 40 23 35  2  0  0
50 18 117288 154059580 1925524 33066560    0    0 458864 285496 266265 1236266 41 21 36  2  0  0
procs -----------memory---------- ---swap-- -----io---- -system-- -------cpu-------
 r  b   swpd   free   buff  cache   si   so    bi    bo   in   cs us sy id wa st gu
101  9 117288 154064864 1925524 33066572    0    0 456976 283192 256596 1231828 41 22 35  2  0  0
47  3 117288 154065184 1925524 33066588    0    0 459680 277096 257201 1239733 41 22 34  2  0  0
61  2 117288 154064324 1925528 33066592    0    0 456768 277980 257123 1240976 41 22 35  2  0  0
67  2 117288 154066276 1925528 33066604    0    0 455936 299080 259192 1229047 41 22 35  2  0  0
47 14 117288 154060280 1925528 33066616    0    0 445872 299008 261451 1233344 41 22 35  2  0  0
 5  0 117288 154062712 1925528 33066700    0    0 449632 281188 256088 1225566 41 22 35  2  0  0
34  8 117288 154065816 1925528 33066708    0    0 461888 274508 263645 1247553 42 22 34  2  0  0
 2  0 117288 154066592 1925532 33066716    0    0 471280 291720 258620 1208163 40 21 36  3  0  0
 6  0 117288 154066500 1925532 33066724    0    0 459168 280544 257315 1229336 41 22 35  2  0  0
31 20 117288 154063440 1925532 33066736    0    0 451008 280172 256024 1225765 40 22 35  2  0  0
28  0 117288 154065284 1925532 33066748    0    0 470992 291824 256490 1211257 40 22 35  3  0  0
38  1 117288 154067144 1925532 33066752    0    0 464768 283544 261400 1242749 42 21 34  2  0  0
55  6 117288 154072728 1925536 33066768    0    0 459152 285936 255969 1220022 40 22 35  2  0  0
86  3 117288 154067400 1925536 33066768    0    0 462560 278260 256799 1235832 42 22 34  2  0  0
 4  0 117288 154073232 1925536 33066788    0    0 454976 281036 256052 1222678 41 22 35  2  0  0
 5  1 117288 154067788 1925536 33066800    0    0 442640 275084 256210 1241813 41 22 35  2  0  0
21  0 117288 154070508 1925536 33066800    0    0 450384 273360 257789 1249145 41 22 35  2  0  0
76  1 117288 154067404 1925536 33066816    0    0 460656 285576 256972 1218514 41 21 36  2  0  0
18  0 117288 154070976 1925536 33066824    0    0 461056 280332 260271 1240963 41 22 34  2  0  0
 8  0 117288 154063892 1925536 33066840    0    0 467488 285196 260960 1223334 41 22 35  2  0  0
57  3 117288 154060252 1925536 33066848    0    0 441472 285516 253538 1215374 40 22 36  2  0  0
procs -----------memory---------- ---swap-- -----io---- -system-- -------cpu-------
 r  b   swpd   free   buff  cache   si   so    bi    bo   in   cs us sy id wa st gu
40  6 117288 154059828 1925536 33066848    0    0 453728 287628 259261 1224101 40 22 35  2  0  0
 3  1 117288 154065204 1925540 33066860    0    0 456208 286128 256856 1220776 40 22 35  2  0  0
75  2 117288 154062396 1925540 33066864    0    0 467424 284500 265547 1244357 41 21 36  3  0  0
81  3 117288 154063980 1925540 33066876    0    0 451552 283732 257468 1231349 40 22 35  2  0  0
67  6 117288 154065172 1925540 33066896    0    0 455264 274272 257046 1241199 41 22 34  2  0  0
47  4 117288 154068516 1925540 33066904    0    0 447808 278884 262846 1237235 40 22 36  2  0  0
62 15 117288 154071224 1925540 33066904    0    0 453520 275312 254420 1223035 40 22 35  2  0  0
49  0 117288 154067240 1925544 33066920    0    0 463840 284264 259930 1236321 41 22 35  3  0  0
52  4 117288 154067500 1925544 33066932    0    0 468032 292496 255260 1214423 41 21 36  2  0  0
81 21 117288 154064620 1925544 33066948    0    0 461920 283500 258209 1230726 41 22 34  2  0  0
77 22 117288 154067432 1925544 33066948    0    0 466736 283776 257362 1236434 41 22 34  2  0  0
 4  0 117288 154069832 1925544 33066960    0    0 449952 285752 258514 1244087 42 22 34  2  0  0
97  7 117288 154071176 1925552 33066972    0    0 480800 289512 256265 1224176 41 21 35  3  0  0
91  7 117288 154070632 1925552 33066976    0    0 442608 289168 255586 1219939 40 22 36  2  0  0
87  8 117288 154077416 1925552 33066992    0    0 460752 282876 257621 1233064 41 22 35  2  0  0
32 16 117288 154075688 1925552 33067004    0    0 461056 279388 255904 1226349 41 22 35  2  0  0
41 11 117288 154072080 1925552 33067016    0    0 464496 291672 254932 1205372 40 22 35  3  0  0
42  9 117288 154070024 1925560 33067016    0    0 466112 282672 255882 1229140 41 22 35  2  0  0
53  4 117288 154067296 1925560 33067036    0    0 459744 283220 254501 1219242 40 22 35  2  0  0
90  6 117288 154058140 1925560 33067040    0    0 447904 274216 254199 1224770 41 22 35  2  0  0
66  9 117288 154057600 1925560 33067056    0    0 457312 278224 264746 1252697 41 22 34  2  0  0
procs -----------memory---------- ---swap-- -----io---- -system-- -------cpu-------
 r  b   swpd   free   buff  cache   si   so    bi    bo   in   cs us sy id wa st gu
124 10 117288 154060548 1925560 33067056    0    0 455280 279228 256373 1227321 41 22 35  2  0  0
 5  0 117288 154058824 1925568 33067072    0    0 452656 277448 256693 1234974 41 22 35  2  0  0
68  5 117288 154063764 1925568 33067088    0    0 458768 284336 258960 1242328 41 21 35  2  0  0
63  8 117288 154059900 1925568 33067096    0    0 448336 287460 254363 1219473 40 22 35  2  0  0
65  2 117288 154067904 1925568 33067100    0    0 468208 282140 258868 1230204 41 22 34  2  0  0
62 11 117288 154072332 1925568 33067112    0    0 438304 276468 254772 1233386 41 22 35  2  0  0
41  4 117288 154070264 1925572 33067116    0    0 447328 276492 261042 1243136 41 22 35  2  0  0
25  2 117288 154062548 1925572 33067128    0    0 448752 282228 258111 1239963 41 22 35  2  0  0
 5  1 117288 154067068 1925572 33067136    0    0 447920 277944 254949 1231230 41 22 35  2  0  0
54  4 117288 154069296 1925572 33067144    0    0 477840 278660 261434 1238835 42 21 35  2  0  0
94  2 117288 154065652 1925572 33067164    0    0 453936 282876 259918 1242953 41 22 35  2  0  0
96  2 117288 154064556 1925580 33067164    0    0 450528 288788 264005 1238271 41 22 35  2  0  0
74  1 117288 154069356 1925580 33067180    0    0 447328 276720 256385 1240666 41 22 35  2  0  0
50  2 117288 154062740 1925580 33067188    0    0 461584 282184 255758 1226566 41 22 35  2  0  0
 6  5 117288 154062684 1925580 33067204    0    0 441808 280576 254005 1238209 41 22 35  2  0  0
58  1 117288 154065728 1925580 33067216    0    0 462960 282168 258358 1233907 41 22 35  2  0  0
49  4 117288 154064080 1925584 33067212    0    0 457072 283228 254816 1221912 41 22 35  2  0  0
100  3 117288 154063352 1925584 33067224    0    0 452016 277020 258093 1239004 41 22 35  2  0  0
29  0 117288 154066828 1925584 33067232    0    0 443648 280700 259726 1229934 41 22 35  2  0  0
98  1 117288 154073864 1925584 33067244    0    0 460304 283152 257160 1223788 40 23 35  2  0  0
 4  1 117288 154074316 1925584 33067264    0    0 450416 276988 262058 1246368 41 22 35  2  0  0
procs -----------memory---------- ---swap-- -----io---- -system-- -------cpu-------
 r  b   swpd   free   buff  cache   si   so    bi    bo   in   cs us sy id wa st gu
93 13 117288 154070144 1925588 33067272    0    0 462480 288864 251829 1201190 40 21 37  3  0  0
34  0 117288 154068356 1925588 33067280    0    0 448016 272644 258201 1244776 41 22 35  2  0  0
 5  0 117288 154069552 1925588 33067360    0    0 449664 286496 254428 1219851 41 22 35  2  0  0
45 24 117288 154072304 1925588 33067368    0    0 449648 271552 256875 1248451 42 22 34  2  0  0
24  0 117288 154073324 1925588 33067376    0    0 450576 293932 258386 1235278 41 22 34  2  0  0
 2  0 117288 154066324 1925600 33067372    0    0 466064 311516 254788 1212395 40 21 36  3  0  0
83  2 117288 154069268 1925600 33067400    0    0 485552 284596 262021 1236932 41 21 35  3  0  0
81 24 117288 154071008 1925600 33067404    0    0 451936 289004 255108 1226996 41 22 35  2  0  0
32 14 117288 154063960 1925600 33067424    0    0 454496 279640 264277 1256447 41 22 35  2  0  0
46 10 117288 154065624 1925600 33067424    0    0 439184 279124 253429 1222713 40 22 35  2  0  0
84  0 117288 154071324 1925600 33067440    0    0 461968 275880 258798 1249393 42 21 35  2  0  0
33 11 117288 154072892 1925604 33067448    0    0 451104 283068 257124 1225992 41 22 35  2  0  0
33  5 117288 154070604 1925604 33067460    0    0 447024 273844 253992 1235690 41 22 35  2  0  0
39  6 117288 154063776 1925604 33067472    0    0 469440 291256 258520 1217957 41 22 35  3  0  0
56 15 117288 154060484 1925604 33067480    0    0 461360 290324 254879 1224413 40 22 35  3  0  0
44  3 117288 154055328 1925604 33067492    0    0 452528 281976 255598 1224887 41 22 35  2  0  0
40  4 117288 154056512 1925608 33067500    0    0 457616 276372 257146 1241816 41 22 34  2  0  0
65  2 117288 154053660 1925608 33067512    0    0 447664 281120 260939 1241559 41 21 36  2  0  0
 4  0 117288 154050272 1925608 33067524    0    0 450672 281884 253503 1223439 40 22 36  2  0  0
 5  0 117288 154049952 1925608 33067532    0    0 464672 277372 260274 1245786 41 22 34  2  0  0
107  2 117288 154053360 1925608 33067540    0    0 453232 282028 254407 1223114 41 22 35  2  0  0
procs -----------memory---------- ---swap-- -----io---- -system-- -------cpu-------
 r  b   swpd   free   buff  cache   si   so    bi    bo   in   cs us sy id wa st gu
 6  0 117288 154057000 1925608 33067544    0    0 462576 284708 257021 1226294 41 22 35  2  0  0
65  7 117288 154056156 1925608 33067556    0    0 456720 282012 260236 1235091 40 22 35  2  0  0
49  9 117288 154060420 1925608 33067568    0    0 447264 280724 254989 1232937 41 22 35  2  0  0
59  4 117288 154059396 1925608 33067576    0    0 455920 279492 262347 1244838 41 21 35  2  0  0
23  3 117288 154054396 1925608 33067584    0    0 451824 279588 258875 1232442 41 22 35  2  0  0
59  7 117288 154058100 1925612 33067592    0    0 457728 283232 256910 1239641 41 22 35  2  0  0
41  2 117288 154058980 1925612 33067604    0    0 459136 282584 261264 1242743 41 22 35  2  0  0
79  7 117288 154051228 1925612 33067616    0    0 450816 284212 257146 1225064 40 22 35  2  0  0
65  0 117288 154048460 1925612 33067624    0    0 451184 275876 259072 1230282 41 22 34  2  0  0
 8  0 117288 154042092 1925612 33067632    0    0 437072 283724 253862 1220753 41 22 35  2  0  0
113 10 117288 154040720 1925616 33067644    0    0 450880 267592 258877 1255897 41 22 34  2  0  0
46  0 117288 154039896 1925616 33067660    0    0 457040 283616 258996 1229624 41 22 36  2  0  0
47 16 117288 154035716 1925616 33067668    0    0 462048 280236 256417 1234127 41 22 35  2  0  0
 4  1 117288 154030664 1925616 33067672    0    0 445312 278072 276008 1243221 41 23 34  2  0  0
53  0 117288 154025392 1925616 33067680    0    0 452048 278996 255700 1237979 41 22 35  2  0  0
65  1 117288 154033172 1925616 33067692    0    0 450272 284124 256138 1220168 41 21 36  2  0  0
 4  2 117288 154031928 1925620 33067716    0    0 462628 311012 257362 1220282 41 21 35  3  0  0
59 17 117288 154028836 1925620 33067724    0    0 450480 284464 255661 1228801 40 22 35  2  0  0
62  5 117288 154026596 1925620 33067736    0    0 468672 280288 256093 1227976 40 22 35  3  0  0
 3  2 117288 154023792 1925620 33067744    0    0 437376 279828 256149 1230804 41 22 35  2  0  0
 4  0 117288 154028052 1925628 33067752    0    0 458592 282672 261304 1236837 41 22 35  2  0  0
procs -----------memory---------- ---swap-- -----io---- -system-- -------cpu-------
 r  b   swpd   free   buff  cache   si   so    bi    bo   in   cs us sy id wa st gu
26  1 117288 154033304 1925628 33067764    0    0 453040 276268 256613 1232883 41 22 35  2  0  0
26  1 117288 154044496 1925628 33067776    0    0 468368 282864 264870 1252428 42 22 34  3  0  0
75  2 117288 154048700 1925628 33067788    0    0 444304 279144 254730 1228014 41 22 35  2  0  0
70  3 117288 154051216 1925628 33067800    0    0 450928 280856 256374 1231918 41 22 34  2  0  0
89  3 117288 154052504 1925636 33067800    0    0 471136 283868 255442 1227660 41 22 35  3  0  0
24  3 117288 154046384 1925636 33067816    0    0 474384 285644 256332 1226967 41 22 34  3  0  0
32  4 117288 154052400 1925636 33067824    0    0 470032 288236 255732 1226190 41 21 35  3  0  0
52  9 117288 154052160 1925636 33067832    0    0 440192 278040 255196 1240620 41 22 35  2  0  0
78  7 117288 154048548 1925636 33067844    0    0 465696 284360 256830 1223404 41 21 36  2  0  0
27  1 117288 154041900 1925636 33067860    0    0 428992 277148 255537 1237703 40 22 36  2  0  0
24  5 117288 154046336 1925640 33067860    0    0 452192 282944 261727 1228128 41 21 36  2  0  0
25 23 117288 154049484 1925640 33067868    0    0 459216 285196 253803 1217105 40 21 37  2  0  0
55  1 117288 154048268 1925640 33067880    0    0 458608 279156 257324 1234982 41 22 34  2  0  0
21  6 117288 154044716 1925640 33067892    0    0 474384 291404 256387 1221100 41 21 36  3  0  0
28 21 117288 154043276 1925640 33067904    0    0 441360 276784 260705 1243734 41 22 35  2  0  0
40  2 117288 154046060 1925640 33067904    0    0 447424 281424 258775 1232423 40 22 36  2  0  0
81  3 117288 154045196 1925640 33067920    0    0 441792 277732 253498 1222785 41 22 35  2  0  0
24 28 117288 154049400 1925640 33067932    0    0 452624 273124 258392 1248711 42 22 34  2  0  0
32 22 117288 154053088 1925640 33067944    0    0 449392 283896 255826 1229181 41 22 35  2  0  0
30 22 117288 154052992 1925640 33068024    0    0 474000 285136 256039 1226832 41 22 35  3  0  0
62  3 117288 154053340 1925644 33068028    0    0 446288 284252 254914 1229695 41 21 36  2  0  0
procs -----------memory---------- ---swap-- -----io---- -system-- -------cpu-------
 r  b   swpd   free   buff  cache   si   so    bi    bo   in   cs us sy id wa st gu
30 19 117288 154049348 1925644 33068040    0    0 448672 278624 253476 1222639 41 21 36  2  0  0
89  4 117288 154046664 1925644 33068052    0    0 447152 271652 257374 1234750 41 21 36  2  0  0
25 12 117288 154050508 1925644 33068060    0    0 445328 283636 254326 1232782 41 22 35  2  0  0
79  6 117288 154052648 1925644 33068068    0    0 453616 260448 252825 1225855 40 22 35  2  0  0
89 15 117288 154056516 1925648 33068076    0    0 449392 326604 254270 1218952 40 21 36  2  0  0
39  6 117288 154053492 1925648 33068084    0    0 445872 280968 257966 1242041 41 22 34  2  0  0
82 15 117288 154054536 1925648 33068104    0    0 444192 278524 259407 1242553 41 22 35  2  0  0
38  7 117288 154057292 1925648 33068120    0    0 472448 291412 255664 1205295 41 21 35  3  0  0
69  9 117288 154053248 1925648 33068128    0    0 453872 262288 257345 1222060 40 22 36  2  0  0
24 10 117288 154037008 1925652 33068132    0    0 444624 297536 254312 1218217 40 22 35  2  0  0
32  2 117288 154037580 1925652 33068184    0    0 448368 264656 259723 1246304 40 23 35  2  0  0
38  1 117288 154042344 1925652 33068192    0    0 464384 290672 260325 1220179 41 21 36  2  0  0
116  5 117288 154039396 1925652 33068200    0    0 451104 280256 253112 1223635 40 21 36  2  0  0
77  2 117288 154045708 1925652 33068224    0    0 456608 281912 256544 1238066 41 22 35  2  0  0
105 10 117288 154047228 1925652 33068236    0    0 455568 281588 253759 1217694 40 21 36  2  0  0
107 13 117288 154049540 1925652 33068244    0    0 446064 279420 254510 1227082 40 22 35  2  0  0
50  4 117288 154046912 1925652 33068260    0    0 463376 276984 258131 1228473 41 22 34  2  0  0
77  7 117288 154042924 1925652 33068268    0    0 455424 266592 254788 1230110 41 22 35  2  0  0
45  5 117288 154048248 1925652 33068276    0    0 453504 291904 256325 1229097 41 22 35  3  0  0
86  3 117288 154052988 1925656 33068280    0    0 445120 271452 253341 1227029 41 22 35  2  0  0
58  5 117288 154054476 1925656 33068292    0    0 452192 269140 264317 1243390 41 21 35  2  0  0
procs -----------memory---------- ---swap-- -----io---- -system-- -------cpu-------
 r  b   swpd   free   buff  cache   si   so    bi    bo   in   cs us sy id wa st gu
84  9 117288 154060684 1925656 33068308    0    0 461856 299724 262753 1243687 41 22 35  2  0  0
48 12 117288 154061456 1925656 33068320    0    0 446960 260324 253905 1226990 41 22 36  2  0  0
55 12 117288 154057588 1925656 33068328    0    0 455568 287572 256881 1238650 41 23 34  2  0  0
109  6 117288 154055112 1925660 33068332    0    0 446416 285100 254088 1222787 41 22 36  2  0  0
69 14 117288 154057728 1925664 33068344    0    0 441664 273504 257231 1241138 41 23 35  2  0  0
40  8 117288 154058024 1925664 33068352    0    0 466608 268556 260400 1232981 41 22 34  2  0  0
35 12 117288 154053916 1925664 33068364    0    0 441248 290124 256299 1246351 41 22 34  2  0  0
84  2 117288 154053728 1925664 33068376    0    0 447632 275924 258016 1230194 41 22 36  2  0  0
29 21 117288 154057784 1925664 33068384    0    0 459712 292060 256675 1223662 41 21 35  2  0  0
40 15 117288 154056124 1925676 33068396    0    0 444960 259188 256426 1221468 40 22 36  2  0  0
63  4 117288 154052988 1925676 33068404    0    0 458848 293792 257288 1233322 41 22 35  2  0  0
78  5 117288 154045924 1925676 33068404    0    0 439680 274476 253439 1230257 40 22 35  2  0  0
77  9 117288 154046412 1925676 33068416    0    0 458240 255108 255275 1224700 41 22 35  2  0  0
72  3 117288 154048936 1925676 33068436    0    0 440368 287312 255870 1236075 41 23 35  2  0  0
35  4 117288 154053488 1925680 33068444    0    0 451056 274168 254380 1225261 41 22 35  2  0  0
38 23 117288 154053388 1925680 33068444    0    0 452992 290988 254760 1229970 41 22 35  2  0  0
46 11 117288 154052924 1925684 33068460    0    0 455248 301284 258802 1240901 42 22 34  2  0  0
84  4 117288 154051628 1925684 33068472    0    0 447456 282684 255364 1219409 41 21 36  2  0  0
35  6 117288 154060416 1925684 33068484    0    0 462672 290744 260530 1239427 41 22 35  2  0  0
66  9 117288 154060896 1925684 33068496    0    0 446192 276804 252085 1214703 40 21 36  2  0  0
61  7 117288 154064192 1925684 33068504    0    0 454624 284572 258104 1233181 41 21 35  2  0  0
procs -----------memory---------- ---swap-- -----io---- -system-- -------cpu-------
 r  b   swpd   free   buff  cache   si   so    bi    bo   in   cs us sy id wa st gu
103 30 117288 154067588 1925684 33068504    0    0 444528 266164 253966 1229150 41 22 35  2  0  0
34  4 117288 154068796 1925684 33068528    0    0 444576 266680 260841 1249129 41 23 34  2  0  0
35  8 117288 154060524 1925684 33068532    0    0 449088 283672 256207 1226291 41 22 35  2  0  0
31  5 117288 154054608 1925684 33068540    0    0 446000 261260 254890 1226495 41 22 35  2  0  0
75  7 117288 154050224 1925684 33068556    0    0 458240 292180 257831 1219831 41 22 35  2  0  0
69  8 117288 154045664 1925684 33068556    0    0 448960 276404 254309 1225241 40 22 35  2  0  0
58  3 117288 154048528 1925684 33068572    0    0 455600 285864 255124 1228113 41 22 35  2  0  0
104  7 117288 154050076 1925684 33068580    0    0 459552 287832 254900 1218385 40 22 36  2  0  0
68 12 117288 154048848 1925688 33068588    0    0 455168 269484 256346 1224319 41 21 35  2  0  0
48  1 117288 154044128 1925688 33068608    0    0 445120 271692 252392 1222962 40 22 36  2  0  0
93  6 117288 154046716 1925688 33068616    0    0 439424 286272 256332 1242788 41 22 35  2  0  0
110 10 117288 154054936 1925688 33068624    0    0 464368 273924 257290 1237023 42 22 34  2  0  0
22  0 117288 154050248 1925688 33068644    0    0 435552 262220 254318 1228398 40 23 35  2  0  0
64 18 117288 154049420 1925688 33068652    0    0 454176 268224 251252 1219143 40 22 35  2  0  0
60 22 117288 154053068 1925688 33068652    0    0 465184 292132 256492 1227457 41 22 34  3  0  0
35  3 117288 154058496 1925688 33068668    0    0 458320 286536 257840 1227043 41 21 35  2  0  0
66 18 117288 154061988 1925688 33068680    0    0 430736 275720 253949 1232320 41 21 35  2  0  0
87 10 117288 154063344 1925688 33068756    0    0 461472 277024 257215 1230158 41 21 35  2  0  0
90 13 117288 154066604 1925688 33068764    0    0 442496 291660 257052 1230549 41 22 35  2  0  0
54 11 117288 154066804 1925688 33068768    0    0 458480 270100 258717 1235316 41 22 35  2  0  0
28  1 117288 154067824 1925688 33068772    0    0 442192 283768 257334 1231386 41 22 35  2  0  0
procs -----------memory---------- ---swap-- -----io---- -system-- -------cpu-------
 r  b   swpd   free   buff  cache   si   so    bi    bo   in   cs us sy id wa st gu
38 18 117288 154063096 1925688 33068784    0    0 456608 269248 261568 1235588 41 22 34  2  0  0
101  8 117288 154058044 1925688 33068804    0    0 451376 284544 256457 1230572 41 21 35  2  0  0
104  8 117288 154060860 1925688 33068808    0    0 458208 279260 257786 1228622 41 22 35  2  0  0
31 14 117288 154061768 1925688 33068816    0    0 452656 297132 257608 1226390 41 22 34  2  0  0
29  9 117288 154064380 1925688 33068832    0    0 453648 276272 258273 1231312 40 22 35  2  0  0
112 15 117288 154065192 1925688 33068844    0    0 467792 282240 259173 1227075 41 21 36  2  0  0
75 10 117288 154070372 1925688 33068848    0    0 443056 288272 254110 1221122 40 22 36  2  0  0
35  2 117288 154070388 1925688 33068868    0    0 466048 283188 258456 1231467 41 22 35  3  0  0
50  1 117288 154068444 1925688 33068868    0    0 453312 285992 256021 1229223 41 22 35  2  0  0
48  3 117288 154063712 1925688 33068880    0    0 444720 273660 258503 1241769 41 23 34  2  0  0
95 10 117288 154071384 1925688 33068888    0    0 464304 282096 262116 1234633 41 21 35  2  0  0
85  5 117288 154066496 1925688 33068900    0    0 449168 287192 257988 1241020 41 23 34  2  0  0
30  8 117288 154067124 1925688 33068916    0    0 456432 284432 262668 1232565 41 22 35  2  0  0
59 13 117288 154064692 1925688 33068924    0    0 445504 272936 253377 1218646 40 22 35  2  0  0
63  0 117288 154061472 1925688 33068928    0    0 436112 274372 256289 1240617 41 22 35  2  0  0
113  0 117288 154062328 1925688 33068940    0    0 465008 274124 258265 1217486 41 22 36  2  0  0
112  5 117288 154061364 1925688 33068948    0    0 461984 285592 254213 1219880 40 22 36  3  0  0
48  1 117288 154064512 1925688 33068956    0    0 465072 286380 261584 1232592 41 22 35  2  0  0
84 11 117288 154059984 1925688 33068972    0    0 445360 277780 255112 1230951 41 22 35  2  0  0
61  4 117288 154062996 1925688 33068984    0    0 443632 277424 259234 1245556 41 22 35  2  0  0
78  4 117288 154068980 1925688 33068988    0    0 461936 283384 257581 1221989 41 22 35  2  0  0
procs -----------memory---------- ---swap-- -----io---- -system-- -------cpu-------
 r  b   swpd   free   buff  cache   si   so    bi    bo   in   cs us sy id wa st gu
68  1 117288 154067912 1925688 33068996    0    0 447696 282204 254358 1222173 40 22 36  2  0  0
107 19 117288 154063428 1925688 33069012    0    0 463984 285228 258860 1218519 41 22 35  2  0  0
55 12 117288 154051976 1925688 33069028    0    0 456048 272348 253532 1226517 40 22 35  3  0  0
114  8 117288 154052576 1925688 33069036    0    0 452992 295416 255658 1222647 40 22 36  3  0  0
58 38 117288 154054084 1925688 33069044    0    0 448368 264528 253693 1219044 40 22 35  2  0  0
78  8 117288 154045024 1925688 33069056    0    0 455024 296796 264642 1240137 40 22 35  3  0  0
40  8 117288 154044488 1925688 33069056    0    0 463824 272456 259325 1227390 41 22 35  2  0  0
55 18 117288 154041360 1925692 33069068    0    0 438368 281500 255350 1243108 41 23 34  2  0  0
107 21 117288 154040184 1925692 33069076    0    0 459808 279472 262345 1227397 41 21 36  2  0  0
84 15 117288 154042372 1925692 33069084    0    0 448640 290256 255379 1225068 40 22 35  2  0  0
24  5 117288 154043004 1925692 33069092    0    0 458768 267548 255687 1230650 41 23 34  2  0  0
49  4 117288 154046144 1925692 33069112    0    0 461168 273908 252972 1209114 40 22 36  2  0  0
22  0 117288 154042136 1925696 33069116    0    0 446992 291236 254257 1221778 41 22 35  2  0  0
71  3 117288 154040736 1925696 33069128    0    0 459056 268556 254958 1220178 41 22 35  2  0  0
89  8 117288 154045160 1925696 33069128    0    0 446064 285328 254598 1222289 40 22 35  2  0  0
58  3 117288 154046764 1925696 33069144    0    0 454400 254176 251648 1209102 40 21 37  2  0  0
45  0 117288 154045868 1925696 33069152    0    0 460880 295028 257572 1233827 41 22 34  2  0  0
44 78 117288 154049308 1925696 33069160    0    0 458224 300148 258503 1234336 42 22 34  3  0  0
69  1 117288 154048840 1925700 33069180    0    0 448612 294664 254222 1219641 41 21 36  2  0  0
38  3 117288 154050280 1925700 33069200    0    0 465792 283640 265793 1231282 40 22 35  3  0  0
85  2 117288 154051764 1925700 33069212    0    0 459552 281660 271608 1235634 41 22 34  2  0  0
procs -----------memory---------- ---swap-- -----io---- -system-- -------cpu-------
 r  b   swpd   free   buff  cache   si   so    bi    bo   in   cs us sy id wa st gu
63  8 117288 154044076 1925700 33069220    0    0 442192 275876 255901 1233933 41 22 35  2  0  0
46  8 117288 154039348 1925700 33069228    0    0 450096 283820 254969 1226807 40 22 35  2  0  0
38  4 117288 154030452 1925700 33069248    0    0 447520 286548 261788 1238345 41 22 35  2  0  0
41 10 117288 154028448 1925700 33069248    0    0 452128 278376 256885 1220866 40 21 36  2  0  0
36  2 117288 154029016 1925700 33069264    0    0 441184 270160 257995 1239283 41 22 35  2  0  0
44  3 117288 154032684 1925700 33069276    0    0 451248 281296 263111 1246323 41 22 34  2  0  0
36  5 117288 154035080 1925704 33069292    0    0 452736 285948 254031 1213223 40 21 36  2  0  0
82  7 117288 154033704 1925704 33069292    0    0 465168 269208 257356 1223531 40 22 35  2  0  0
76  2 117288 154033996 1925704 33069304    0    0 441104 293448 257139 1230879 41 22 34  2  0  0
35  5 117288 154035660 1925704 33069316    0    0 444368 262964 254237 1231877 41 22 35  2  0  0
38 16 117288 154033096 1925704 33069324    0    0 451760 267344 253157 1211607 40 21 36  2  0  0
39  5 117288 154035620 1925704 33069336    0    0 474304 292072 258122 1226472 41 22 34  3  0  0
50  0 117288 154032016 1925704 33069336    0    0 471328 276432 255380 1214072 40 22 35  3  0  0
93  8 117288 154033384 1925704 33069344    0    0 438432 291208 255254 1225512 40 23 35  2  0  0
24  4 117288 154039748 1925704 33069440    0    0 456992 278004 255960 1220003 41 22 35  2  0  0
72 11 117288 154031672 1925708 33069464    0    0 447936 269908 253568 1222653 40 22 36  2  0  0
46  9 117288 154029668 1925708 33069472    0    0 452912 283436 261457 1238988 41 22 35  2  0  0
78  6 117288 154033220 1925708 33069472    0    0 453840 282616 254889 1220981 41 22 35  2  0  0
88  5 117288 154034928 1925708 33069488    0    0 443456 261232 258660 1243327 41 22 35  2  0  0
111  4 117288 154031492 1925708 33069500    0    0 446528 281236 255350 1230391 41 22 34  2  0  0
53  9 117288 154031600 1925708 33069504    0    0 454592 278116 260174 1229950 41 22 35  2  0  0
procs -----------memory---------- ---swap-- -----io---- -system-- -------cpu-------
 r  b   swpd   free   buff  cache   si   so    bi    bo   in   cs us sy id wa st gu
71  8 117288 154026772 1925708 33069520    0    0 459456 280796 256920 1232972 41 22 35  2  0  0
55  2 117288 154029576 1925708 33069528    0    0 460176 280152 256929 1224843 41 22 34  3  0  0
75  5 117288 154028000 1925708 33069536    0    0 447584 279528 254851 1228359 41 22 35  2  0  0
70  2 117288 154035452 1925708 33069544    0    0 461008 276728 255131 1217596 40 22 35  2  0  0
41  1 117288 154039772 1925712 33069556    0    0 442352 278804 256358 1239085 41 22 34  2  0  0
70  3 117288 154039592 1925712 33069564    0    0 437152 274920 254789 1232104 41 23 35  2  0  0
110 14 117288 154038160 1925712 33069564    0    0 436016 280248 255651 1236990 40 22 35  2  0  0
125  8 117288 154045688 1925712 33069572    0    0 462544 263368 256364 1215408 41 22 35  2  0  0
81  7 117288 154044832 1925712 33069588    0    0 445600 319708 254151 1219350 41 22 35  3  0  0
67  5 117288 154051300 1925716 33069608    0    0 460112 273292 261746 1234537 41 22 35  2  0  0
74  2 117288 154050832 1925716 33069608    0    0 449296 279964 255933 1227843 41 22 35  2  0  0
50  1 117288 154045624 1925716 33069616    0    0 445216 279872 264084 1240343 41 23 34  2  0  0
82  5 117288 154047960 1925716 33069632    0    0 458688 276832 257546 1223536 41 22 35  2  0  0
58  7 117288 154048792 1925716 33069644    0    0 440416 282408 255188 1233138 41 22 34  2  0  0
59  9 117288 154052644 1925720 33069656    0    0 456320 281952 254930 1213526 41 21 36  2  0  0
33 13 117288 154053276 1925720 33069660    0    0 454160 272528 255157 1230002 41 22 35  2  0  0
64 14 117288 154051780 1925720 33069676    0    0 457216 277560 257160 1224287 41 22 35  2  0  0
39  2 117288 154061468 1925720 33069684    0    0 443968 271016 253544 1230207 41 22 35  2  0  0
26  8 117288 154057800 1925720 33069700    0    0 451920 279268 256199 1242324 42 22 34  2  0  0
45  2 117288 154059360 1925724 33069700    0    0 451360 275316 254415 1213915 40 22 36  2  0  0
85  7 117288 154062932 1925724 33069712    0    0 445344 272796 257058 1236397 41 22 35  2  0  0
procs -----------memory---------- ---swap-- -----io---- -system-- -------cpu-------
 r  b   swpd   free   buff  cache   si   so    bi    bo   in   cs us sy id wa st gu
34  8 117288 154060816 1925724 33069724    0    0 451776 279316 263426 1243361 41 22 35  2  0  0
39  5 117288 154064356 1925724 33069736    0    0 443328 269896 254010 1228084 41 22 35  2  0  0
50  5 117288 154063880 1925724 33069748    0    0 438480 279184 255831 1234317 41 21 35  2  0  0
61  8 117288 154055308 1925724 33069760    0    0 438464 270076 255023 1226808 40 23 35  2  0  0
65  2 117288 154056004 1925724 33069768    0    0 444336 275976 259601 1235706 40 22 35  2  0  0
36  3 117288 154054308 1925724 33069776    0    0 455472 276812 254729 1228390 41 22 35  2  0  0
89 12 117288 154065204 1925724 33069780    0    0 450912 285460 258104 1217778 40 22 35  2  0  0
26 16 117288 154060588 1925724 33069788    0    0 471552 282032 254082 1211573 40 22 35  3  0  0
68 10 117288 154061060 1925724 33069808    0    0 455984 284756 257293 1224943 41 22 35  2  0  0
76 21 117288 154058004 1925728 33069816    0    0 452592 277780 254664 1212947 41 22 35  2  0  0
56 22 117288 154059168 1925728 33069816    0    0 446112 283660 256760 1238820 41 22 35  2  0  0
35  2 117288 154061008 1925728 33069836    0    0 455632 274864 266377 1246743 41 23 34  2  0  0
56  2 117288 154061872 1925728 33069844    0    0 446128 277364 255740 1229699 41 22 34  2  0  0
47  3 117288 154065268 1925728 33069848    0    0 444416 275512 257462 1233830 40 22 35  2  0  0
42 11 117288 154063696 1925728 33069864    0    0 452512 268668 262690 1239555 40 22 35  2  0  0
103  6 117288 154063804 1925728 33069872    0    0 461504 278052 255630 1231207 41 22 35  3  0  0
58 24 117288 154066556 1925728 33069884    0    0 465072 273576 258850 1228279 41 22 34  3  0  0
119 14 117288 154057008 1925728 33069896    0    0 448016 283600 254721 1204603 40 21 36  2  0  0
72  7 117288 154060120 1925728 33069904    0    0 446176 284920 253294 1219905 40 22 35  2  0  0
49 14 117288 154061940 1925732 33069912    0    0 446448 269460 258550 1231505 40 23 35  2  0  0
41 18 117288 154055844 1925732 33069924    0    0 441136 300916 255534 1246406 41 23 33  2  0  0
procs -----------memory---------- ---swap-- -----io---- -system-- -------cpu-------
 r  b   swpd   free   buff  cache   si   so    bi    bo   in   cs us sy id wa st gu
38  7 117288 154055668 1925732 33069936    0    0 462080 278844 254372 1219467 40 22 35  2  0  0
46 13 117288 154053880 1925732 33069944    0    0 458352 281260 252936 1217534 40 21 36  3  0  0
51 12 117288 154052700 1925732 33069952    0    0 433984 272996 253314 1223941 41 22 36  2  0  0
36 17 117288 154049476 1925732 33069964    0    0 455456 267980 256012 1227224 41 22 35  2  0  0
74  8 117288 154050252 1925732 33069968    0    0 458400 281516 255037 1220288 41 22 35  3  0  0
28 21 117288 154055476 1925732 33069980    0    0 448720 267948 260559 1246659 41 22 34  2  0  0
43 18 117288 154056448 1925732 33069988    0    0 437872 293964 251694 1196815 39 22 37  2  0  0
88 13 117288 154054284 1925732 33069996    0    0 455312 278112 252927 1216942 41 22 35  2  0  0
56  4 117288 154049056 1925732 33070008    0    0 461600 279228 255071 1220036 41 22 35  3  0  0
58  2 117288 154045680 1925732 33070020    0    0 452496 279300 257375 1233166 40 23 34  2  0  0
56 18 117288 154051988 1925732 33070100    0    0 457248 276836 256885 1225502 41 23 34  2  0  0
91 19 117288 154057736 1925732 33070112    0    0 437904 273328 254864 1231890 40 23 35  2  0  0
40  0 117288 154060892 1925732 33070116    0    0 456192 275744 254375 1225289 40 22 35  2  0  0
41 14 117288 154057984 1925732 33070132    0    0 430176 271964 254785 1233576 40 23 35  2  0  0
42  5 117288 154057784 1925732 33070144    0    0 445696 267900 258165 1237780 41 22 35  2  0  0
71  7 117288 154056192 1925732 33070156    0    0 462896 277916 255641 1223905 40 22 35  2  0  0
91 14 117288 154049980 1925732 33070164    0    0 446768 272484 257382 1232874 41 22 34  2  0  0
63  2 117288 154051204 1925736 33070172    0    0 457840 277904 257726 1218646 41 22 35  2  0  0
18  0 117288 154043344 1925736 33070184    0    0 448336 270868 253215 1229164 40 22 35  2  0  0
47 10 117288 154043884 1925736 33070196    0    0 450736 290016 255742 1222463 41 22 35  2  0  0
24 25 117288 154040796 1925736 33070204    0    0 466400 274784 255024 1216704 40 22 35  2  0  0
procs -----------memory---------- ---swap-- -----io---- -system-- -------cpu-------
 r  b   swpd   free   buff  cache   si   so    bi    bo   in   cs us sy id wa st gu
48  8 117288 154045456 1925736 33070204    0    0 456800 290888 255703 1221689 41 22 35  2  0  0
78 28 117288 154043924 1925740 33070212    0    0 460496 273384 254717 1218941 40 21 36  2  0  0
60  6 117288 154033980 1925740 33070236    0    0 462480 275500 255517 1232670 41 22 35  2  0  0
 4  0 117288 154029256 1925740 33070244    0    0 464800 277264 255169 1212010 41 22 35  2  0  0
26 15 117288 154036040 1925740 33070252    0    0 439760 276200 254832 1222476 41 22 35  2  0  0
53  3 117288 154044940 1925740 33070260    0    0 453488 290608 255569 1223239 41 22 35  2  0  0
36 31 117288 154045112 1925740 33070268    0    0 443904 266000 252214 1228711 41 22 35  2  0  0
100  9 117288 154043388 1925740 33070280    0    0 434624 283536 255252 1227532 40 23 35  2  0  0
26  4 117288 154043364 1925740 33070284    0    0 456240 259412 254121 1215976 41 22 35  2  0  0
69 20 117288 154048776 1925740 33070300    0    0 455136 281476 261980 1224591 41 22 35  2  0  0
 7  1 117288 154049388 1925740 33070308    0    0 446000 303232 250956 1201353 40 21 36  2  0  0
26 14 117288 154061160 1925752 33070316    0    0 486880 295484 256360 1222210 41 22 34  3  0  0
 2  0 117288 154058580 1925752 33070324    0    0 441152 292324 252961 1207617 41 21 36  2  0  0
91  8 117288 154063784 1925752 33070332    0    0 444448 278132 258794 1238103 40 22 35  2  0  0
43  4 117288 154067400 1925752 33070344    0    0 457776 276124 256257 1218961 40 22 35  2  0  0
71  2 117288 154071156 1925752 33070352    0    0 445824 269468 255620 1235917 41 22 34  2  0  0
63  7 117288 154071248 1925752 33070368    0    0 474800 284488 260425 1230711 41 22 35  3  0  0
12 11 117288 154075632 1925752 33070376    0    0 460416 284396 255872 1222952 41 22 35  2  0  0
77 34 117288 154080224 1925752 33070396    0    0 468768 289804 258094 1218331 40 22 35  3  0  0
20 19 117288 154083584 1925752 33070396    0    0 451824 281340 252683 1222429 41 22 35  2  0  0
 5  1 117288 154082504 1925752 33070404    0    0 447968 275476 256056 1234585 41 22 34  2  0  0
procs -----------memory---------- ---swap-- -----io---- -system-- -------cpu-------
 r  b   swpd   free   buff  cache   si   so    bi    bo   in   cs us sy id wa st gu
46  6 117288 154081352 1925752 33070416    0    0 460928 277016 256907 1223254 41 22 35  2  0  0
 7  1 117288 154082400 1925752 33070424    0    0 457296 288564 256606 1208668 41 22 35  2  0  0
10  2 117288 154079040 1925752 33070440    0    0 453584 282600 255762 1225684 41 22 35  2  0  0
 3  0 117288 154071296 1925752 33070448    0    0 462336 280712 256847 1225079 41 22 35  2  0  0
 3  0 117288 154072752 1925752 33070468    0    0 470336 287740 254366 1211475 41 21 36  3  0  0
61 13 117288 154065936 1925752 33070476    0    0 487488 284724 257794 1224584 41 21 35  3  0  0
67  4 117288 154069908 1925752 33070488    0    0 472720 290232 256865 1211102 41 22 35  3  0  0
33  5 117288 154071732 1925752 33070492    0    0 460576 283516 256243 1224678 41 22 34  2  0  0
27 19 117288 154071556 1925752 33070504    0    0 457344 286520 254272 1224957 41 21 35  2  0  0
47 25 117288 154068732 1925752 33070520    0    0 466448 289492 255600 1216309 40 22 35  3  0  0
 4  1 117288 154074484 1925756 33070524    0    0 442048 277444 254293 1228232 41 22 35  2  0  0
70  4 117288 154076372 1925756 33070528    0    0 459616 265108 258311 1236528 41 22 34  2  0  0
54 25 117288 154074580 1925756 33070544    0    0 448656 279808 260856 1234699 40 22 35  2  0  0
45  8 117288 154074340 1925756 33070552    0    0 455632 277744 260972 1229199 41 22 35  2  0  0
52 14 117288 154076972 1925756 33070564    0    0 448112 277340 253944 1218838 40 22 36  2  0  0
90  5 117288 154075632 1925756 33070580    0    0 441872 275076 261206 1240390 41 22 34  2  0  0
 9  0 117288 154074688 1925756 33070588    0    0 461488 279836 256352 1221397 41 22 35  3  0  0
88  9 117288 154072152 1925756 33070592    0    0 451760 275172 260659 1235688 41 22 35  2  0  0
44  1 117288 154069700 1925756 33070600    0    0 451776 277880 256666 1226615 40 22 35  2  0  0
90  3 117288 154059928 1925756 33070616    0    0 458048 275480 256803 1226231 41 22 35  2  0  0
 4  0 117288 154058040 1925756 33070632    0    0 446048 281100 255970 1226000 41 22 35  2  0  0
procs -----------memory---------- ---swap-- -----io---- -system-- -------cpu-------
 r  b   swpd   free   buff  cache   si   so    bi    bo   in   cs us sy id wa st gu
75 10 117288 154062924 1925760 33070640    0    0 471264 279536 255665 1224104 41 22 35  3  0  0
 6  1 117288 154066588 1925760 33070644    0    0 433152 271192 254100 1236181 41 22 35  2  0  0
64  8 117288 154062752 1925760 33070660    0    0 446208 275768 254866 1222920 40 23 35  2  0  0
42  3 117288 154061648 1925760 33070664    0    0 442064 272600 256953 1237120 41 22 35  2  0  0
50  4 117288 154060940 1925760 33070668    0    0 449648 278780 261828 1228745 41 22 36  2  0  0
24  2 117288 154055852 1925764 33070684    0    0 464624 276820 257069 1239226 41 22 34  2  0  0
57  0 117288 154052032 1925764 33070688    0    0 437744 272752 255419 1232752 41 22 35  2  0  0
 4  0 117288 154044884 1925764 33070776    0    0 458800 277248 255659 1221234 41 22 35  2  0  0
40  2 117288 154048680 1925764 33070776    0    0 453408 279612 252895 1215264 40 22 36  2  0  0
 7  0 117288 154053380 1925764 33070784    0    0 447792 267772 256044 1241614 41 23 34  2  0  0
29  4 117288 154059820 1925764 33070800    0    0 454896 284076 254158 1206595 40 21 36  2  0  0
15  1 117288 154059180 1925764 33070808    0    0 470000 280420 256961 1226383 41 23 34  2  0  0
62  8 117288 154067452 1925764 33070824    0    0 443840 281600 254772 1216688 40 23 35  2  0  0
59  1 117288 154068916 1925764 33070832    0    0 465072 279776 255431 1220346 41 22 35  3  0  0
53  1 117288 154070508 1925764 33070844    0    0 442432 279292 255167 1222050 41 22 35  2  0  0
 3  0 117288 154068556 1925768 33070852    0    0 459408 275308 256741 1230002 41 22 34  2  0  0
84 10 117288 154068908 1925768 33070860    0    0 452256 286856 252113 1209399 40 21 36  2  0  0
58  4 117288 154064884 1925768 33070876    0    0 440416 269060 254837 1237202 41 22 34  2  0  0
66  1 117288 154067860 1925768 33070880    0    0 453008 270888 256835 1229666 41 22 34  2  0  0
60  8 117288 154060048 1925768 33070896    0    0 446704 275424 254658 1223487 41 22 35  2  0  0
63 18 117288 154064664 1925772 33070896    0    0 453744 279416 257273 1221325 41 22 35  2  0  0
procs -----------memory---------- ---swap-- -----io---- -system-- -------cpu-------
 r  b   swpd   free   buff  cache   si   so    bi    bo   in   cs us sy id wa st gu
99 12 117288 154063828 1925772 33070912    0    0 454528 282940 255792 1219313 41 22 35  2  0  0
82  3 117288 154067252 1925772 33070924    0    0 452368 274196 256054 1235055 41 22 34  2  0  0
67  6 117288 154066556 1925772 33070932    0    0 455696 286048 254733 1214363 41 22 35  2  0  0
51  1 117288 154068032 1925772 33070940    0    0 456752 276524 257246 1228191 41 23 34  2  0  0
87 20 117288 154061528 1925776 33070948    0    0 439744 270356 259469 1242416 41 23 35  2  0  0
64  2 117288 154060560 1925776 33070952    0    0 472320 274288 261897 1240182 41 22 34  2  0  0
33  2 117288 154066568 1925776 33070960    0    0 462688 282244 255044 1222390 41 22 35  2  0  0
22  3 117288 154069096 1925776 33070972    0    0 444592 282812 259744 1227865 40 22 36  2  0  0
 2  1 117288 154069440 1925776 33070984    0    0 458672 276856 257029 1232488 41 22 34  2  0  0
 5  1 117288 154074864 1925780 33071000    0    0 435616 279004 253232 1220023 41 21 35  2  0  0
46  2 117288 154075632 1925780 33071020    0    0 459920 270884 259041 1235368 41 22 35  2  0  0
82  3 117288 154069860 1925780 33071032    0    0 453264 285228 267767 1199066 41 21 36  2  0  0
72  4 117288 154066892 1925784 33071036    0    0 460276 311036 264156 1234486 40 23 34  3  0  0
31  1 117288 154055100 1925784 33071056    0    0 447440 286080 255990 1218012 41 21 36  2  0  0
77 18 117288 154049880 1925788 33071060    0    0 479744 283864 257710 1232951 41 22 34  3  0  0
30  4 117288 154052448 1925788 33071076    0    0 446352 281588 253518 1218902 41 22 35  2  0  0
100  5 117288 154052276 1925788 33071080    0    0 453824 280720 253922 1220699 41 21 35  2  0  0
63  8 117288 154044924 1925788 33071096    0    0 464224 283056 255373 1222703 41 22 35  3  0  0
49 15 117288 154045744 1925788 33071096    0    0 456352 281872 254945 1224796 41 22 35  2  0  0
49 17 117288 154040032 1925796 33071112    0    0 445920 288660 254813 1214289 41 22 35  2  0  0
100  6 117288 154042256 1925796 33071120    0    0 476480 278908 258396 1225016 41 21 34  3  0  0
procs -----------memory---------- ---swap-- -----io---- -system-- -------cpu-------
 r  b   swpd   free   buff  cache   si   so    bi    bo   in   cs us sy id wa st gu
 2  1 117288 154036232 1925796 33071128    0    0 446464 285384 254716 1228363 41 21 35  2  0  0
88  4 117288 154033872 1925796 33071144    0    0 456928 274640 259957 1230833 41 22 35  2  0  0
67  2 117288 154031116 1925796 33071156    0    0 450800 281016 256283 1215932 41 22 35  2  0  0
11  1 117288 154041952 1925800 33071164    0    0 459824 278940 255766 1239381 41 23 34  3  0  0
50  0 117288 154040000 1925800 33071176    0    0 452496 276620 264758 1244836 41 22 34  2  0  0
56  4 117288 154042304 1925800 33071176    0    0 448032 283764 255516 1216317 41 22 35  2  0  0
47  6 117288 154041948 1925800 33071196    0    0 459808 280004 254994 1227591 40 22 35  2  0  0
99  6 117288 154053172 1925800 33071196    0    0 451872 279296 256431 1236941 41 22 35  2  0  0
86 11 117288 154053620 1925800 33071208    0    0 458144 281104 256935 1224874 42 22 34  2  0  0
57  3 117288 154051264 1925808 33071224    0    0 463088 292364 258573 1219267 40 21 36  3  0  0
77  3 117288 154050880 1925808 33071232    0    0 448848 276764 254150 1230227 41 22 35  2  0  0
56 10 117288 154052020 1925808 33071240    0    0 454272 279276 259169 1237988 42 22 34  2  0  0
66  7 117288 154045644 1925808 33071256    0    0 438336 271120 256748 1246166 41 23 34  2  0  0
71  4 117288 154051680 1925808 33071260    0    0 461440 284992 260923 1236556 41 22 35  2  0  0
21  3 117288 154056488 1925808 33071268    0    0 449936 287388 252312 1215807 40 21 36  2  0  0
107  3 117288 154063088 1925808 33071276    0    0 468160 283560 257832 1233674 41 22 34  3  0  0
44  3 117288 154053272 1925808 33071284    0    0 450800 284796 254431 1219064 41 22 35  2  0  0
120  4 117288 154047688 1925808 33071300    0    0 456736 275948 256581 1222286 41 21 36  2  0  0
76  9 117288 154044468 1925808 33071308    0    0 465040 291132 257521 1214923 40 22 35  2  0  0
46  2 117288 154049520 1925812 33071316    0    0 454000 281812 255768 1222990 41 22 35  2  0  0
56  3 117288 154046936 1925812 33071320    0    0 456496 282492 254327 1215111 41 22 36  2  0  0
procs -----------memory---------- ---swap-- -----io---- -system-- -------cpu-------
 r  b   swpd   free   buff  cache   si   so    bi    bo   in   cs us sy id wa st gu
48  1 117288 154054256 1925812 33071340    0    0 450192 276820 256666 1233776 41 22 35  2  0  0
98  8 117288 154049180 1925812 33071352    0    0 457584 281596 255740 1224164 41 22 35  2  0  0
75  5 117288 154050808 1925812 33071360    0    0 457952 302456 252777 1194808 40 21 36  3  0  0
18  6 117288 154050488 1925816 33071376    0    0 462480 297252 254980 1218986 40 21 36  3  0  0
60  4 117288 154050804 1925816 33071376    0    0 452224 287508 258075 1221574 40 22 35  2  0  0
71  2 117288 154052912 1925816 33071456    0    0 462512 286356 255456 1216132 41 22 35  2  0  0
14  8 117288 154056352 1925816 33071472    0    0 446336 274268 256118 1229902 41 23 34  2  0  0
 9  1 117288 154052240 1925816 33071492    0    0 460416 286876 255506 1219063 40 22 35  2  0  0
39  2 117288 154044904 1925824 33071500    0    0 449808 280000 257601 1225988 41 22 35  2  0  0
85  0 117288 154050488 1925824 33071504    0    0 461104 283796 255616 1216020 40 22 36  2  0  0
81  0 117288 154051344 1925824 33071504    0    0 454064 283636 254561 1221282 40 22 35  2  0  0
 3  1 117288 154056932 1925824 33071520    0    0 454512 281776 257146 1217299 40 22 35  2  0  0
 8  0 117288 154051304 1925824 33071528    0    0 447360 278488 254175 1228870 41 22 34  2  0  0
 7  0 117288 154056964 1925824 33071536    0    0 463264 276020 261908 1246965 41 22 34  2  0  0
67  7 117288 154060896 1925824 33071544    0    0 449456 282848 252985 1221197 41 22 35  2  0  0
72 15 117288 154071280 1925824 33071556    0    0 460800 279524 260304 1241625 41 22 35  2  0  0
 3  0 117288 154066532 1925824 33071576    0    0 455728 281980 257109 1233156 41 22 35  2  0  0
28  0 117288 154070748 1925824 33071584    0    0 455296 277848 256826 1238607 40 22 35  2  0  0
25  3 117288 154071820 1925824 33071592    0    0 449616 283832 257884 1226445 41 22 35  2  0  0
86  3 117288 154067972 1925824 33071600    0    0 449456 274636 259341 1252288 41 23 34  2  0  0
63  0 117288 154070504 1925824 33071612    0    0 461712 281048 267461 1247423 41 22 35  2  0  0
procs -----------memory---------- ---swap-- -----io---- -system-- -------cpu-------
 r  b   swpd   free   buff  cache   si   so    bi    bo   in   cs us sy id wa st gu
79  5 117288 154070264 1925824 33071620    0    0 459632 288648 256019 1225878 41 22 35  2  0  0
66  3 117288 154062684 1925824 33071632    0    0 453200 285704 257917 1222101 40 22 35  2  0  0
78  9 117288 154057188 1925824 33071640    0    0 444368 279432 256134 1226280 40 22 35  2  0  0
55  2 117288 154058604 1925824 33071648    0    0 445072 276596 255104 1236630 41 22 34  2  0  0
90  8 117288 154055600 1925824 33071664    0    0 458496 273296 262320 1247097 41 23 34  2  0  0
41  9 117288 154053484 1925824 33071668    0    0 451280 285848 255516 1224462 41 22 35  2  0  0
48  2 117288 154059604 1925824 33071680    0    0 451760 284328 254782 1220731 41 22 35  2  0  0
44 16 117288 154060828 1925828 33071684    0    0 465984 284716 256316 1225975 41 22 35  2  0  0
42  9 117288 154062296 1925828 33071700    0    0 451872 277652 259596 1242127 41 22 35  2  0  0
25  1 117288 154060008 1925828 33071708    0    0 463248 282940 256917 1226081 41 22 35  3  0  0
95 12 117288 154058288 1925828 33071724    0    0 451216 282600 259753 1228860 40 22 35  2  0  0
47  6 117288 154061980 1925828 33071736    0    0 460848 285952 257480 1222830 41 21 35  2  0  0
100  8 117288 154067492 1925828 33071744    0    0 464816 284024 256464 1230212 41 23 34  2  0  0
35  1 117288 154067876 1925832 33071756    0    0 463376 303236 257412 1224338 41 21 35  2  0  0
11  2 117288 154065012 1925832 33071764    0    0 463200 305072 255229 1221363 41 22 34  3  0  0
68  4 117288 154066384 1925832 33071764    0    0 449168 287628 258136 1228368 40 22 36  2  0  0
79  4 117288 154066816 1925832 33071776    0    0 446960 271168 257379 1237111 41 23 34  2  0  0
106  5 117288 154068832 1925832 33071792    0    0 460192 284016 256230 1234597 41 22 34  3  0  0
57  5 117288 154063552 1925836 33071796    0    0 452608 286220 259361 1218866 40 22 36  2  0  0
26  7 117288 154066968 1925836 33071816    0    0 457136 272028 255702 1236017 41 22 34  2  0  0
31  4 117288 154065916 1925836 33071820    0    0 455040 281392 260042 1233931 41 21 35  2  0  0
procs -----------memory---------- ---swap-- -----io---- -system-- -------cpu-------
 r  b   swpd   free   buff  cache   si   so    bi    bo   in   cs us sy id wa st gu
41 14 117288 154065800 1925836 33071828    0    0 447648 278092 257123 1227512 40 23 35  2  0  0
62  2 117288 154071708 1925836 33071840    0    0 452528 277092 254544 1230501 41 22 35  2  0  0
25  8 117288 154066152 1925840 33071848    0    0 455584 276132 261932 1247488 40 23 34  2  0  0
50  8 117288 154066052 1925840 33071864    0    0 444560 282628 255356 1219654 41 22 35  2  0  0
 4  0 117288 154067328 1925840 33071864    0    0 454224 282592 256840 1231143 41 22 35  2  0  0
55 17 117288 154063104 1925840 33071880    0    0 449200 277548 255105 1231373 41 22 35  2  0  0
66  9 117288 154063000 1925840 33071896    0    0 447616 272892 258372 1248322 41 22 35  2  0  0
78  4 117288 154062136 1925844 33071892    0    0 450272 282500 255070 1222655 41 22 35  2  0  0
 3  1 117288 154062276 1925844 33071904    0    0 446528 278184 259338 1232963 41 22 35  2  0  0
78 13 117288 154064452 1925844 33071912    0    0 436448 283804 255391 1220161 41 22 36  2  0  0
84  6 117288 154059004 1925844 33071936    0    0 446896 269752 254908 1245920 41 22 34  2  0  0
70  3 117288 154058076 1925844 33071940    0    0 455552 277668 259478 1226331 40 22 35  2  0  0
38  1 117288 154057308 1925852 33071948    0    0 436320 282672 253561 1216032 40 22 36  2  0  0
114  4 117288 154058168 1925852 33071964    0    0 457184 277208 261626 1243527 41 22 34  2  0  0
65  0 117288 154053592 1925852 33071972    0    0 455536 278052 257520 1223667 41 22 35  2  0  0
 2  1 117288 154053876 1925852 33071976    0    0 448192 276612 256814 1238629 41 23 34  2  0  0
 4  0 117288 154054552 1925852 33071988    0    0 460032 281524 254831 1216823 41 22 35  2  0  0
53  2 117288 154048456 1925860 33072004    0    0 460528 281064 256377 1235160 41 22 34  2  0  0
 4  1 117288 154053100 1925860 33072004    0    0 442384 276532 255312 1230952 41 22 35  2  0  0
22  1 117288 154055788 1925860 33072012    0    0 450128 284708 255702 1225478 41 22 35  2  0  0
56  3 117288 154051508 1925860 33072024    0    0 465616 293868 259547 1216058 40 22 35  3  0  0
procs -----------memory---------- ---swap-- -----io---- -system-- -------cpu-------
 r  b   swpd   free   buff  cache   si   so    bi    bo   in   cs us sy id wa st gu
64  3 117288 154052852 1925860 33072036    0    0 457488 281368 255848 1224523 41 22 35  2  0  0
 3  2 117288 154052508 1925864 33072052    0    0 450256 284924 254781 1216037 40 22 35  2  0  0
40  2 117288 154048600 1925864 33072124    0    0 464592 278056 255194 1226201 41 22 35  2  0  0
53  4 117288 154041484 1925864 33072124    0    0 458096 285756 255486 1230761 41 22 35  2  0  0
32  0 117288 154041040 1925864 33072140    0    0 468016 316756 254323 1211166 40 22 35  3  0  0
56  5 117288 154047196 1925864 33072148    0    0 442080 279140 253770 1215373 40 22 35  2  0  0
57  6 117288 154047436 1925864 33072156    0    0 448992 280068 259088 1242021 41 23 35  2  0  0
36  0 117288 154044064 1925864 33072164    0    0 448480 275392 258865 1239056 42 22 34  2  0  0
 5  0 117288 154041092 1925864 33072176    0    0 438464 278984 254413 1230556 41 22 35  2  0  0
82  3 117288 154033496 1925864 33072200    0    0 456176 274400 256313 1230843 41 22 35  2  0  0
36 10 117288 154031800 1925864 33072208    0    0 463776 293504 254388 1205627 40 21 36  3  0  0
48 16 117288 154028896 1925868 33072212    0    0 455712 277608 254806 1225221 41 22 35  2  0  0
35  4 117288 154028680 1925868 33072224    0    0 447552 286996 252729 1219876 40 22 36  2  0  0
53  1 117288 154026180 1925868 33072232    0    0 447888 270536 257020 1236705 41 23 34  2  0  0
76  1 117288 154024600 1925868 33072240    0    0 452672 288808 252385 1199013 40 22 36  2  0  0
47 11 117288 154024344 1925868 33072252    0    0 460560 284780 256583 1227922 40 22 35  2  0  0
63  6 117288 154023232 1925868 33072252    0    0 451584 282548 256274 1213879 41 21 36  2  0  0
23  0 117288 154023676 1925868 33072268    0    0 457600 284788 253171 1218712 40 22 36  2  0  0
31  1 117288 154026900 1925868 33072280    0    0 457680 276356 255686 1233862 41 22 35  2  0  0
 2  3 117288 154029760 1925868 33072280    0    0 442048 279236 255471 1218232 41 22 35  2  0  0
32  1 117288 154025928 1925868 33072288    0    0 448240 278436 255652 1226215 40 23 35  2  0  0
procs -----------memory---------- ---swap-- -----io---- -system-- -------cpu-------
 r  b   swpd   free   buff  cache   si   so    bi    bo   in   cs us sy id wa st gu
50  1 117288 154023160 1925868 33072300    0    0 463552 287116 254458 1206295 40 22 35  3  0  0
41  4 117288 154023332 1925868 33072316    0    0 434768 271024 254089 1230692 41 23 34  2  0  0
62  3 117288 154027408 1925868 33072324    0    0 459696 282612 256798 1209269 41 22 35  2  0  0
45  6 117288 154021516 1925868 33072344    0    0 443568 281960 255814 1220645 40 22 36  2  0  0
74  5 117288 154021808 1925868 33072348    0    0 450544 270944 254393 1232267 41 22 35  2  0  0
101  1 117288 154016152 1925868 33072356    0    0 467424 286072 256708 1227153 41 22 34  3  0  0
89  7 117288 154019076 1925876 33072364    0    0 437472 279444 259136 1244186 41 23 34  2  0  0
35  6 117288 154020436 1925876 33072376    0    0 461184 288416 258140 1224817 41 22 35  2  0  0
37  0 117288 154018852 1925876 33072384    0    0 440320 272176 253352 1222383 40 23 35  2  0  0
45 17 117288 154015908 1925876 33072404    0    0 443056 279256 252795 1207970 40 23 35  2  0  0
38  9 117288 154018572 1925876 33072412    0    0 462816 277144 256027 1226430 41 22 35  2  0  0
79 16 117288 154017048 1925880 33072432    0    0 435712 277120 260739 1237882 41 23 35  2  0  0
80 11 117288 154009276 1925880 33072432    0    0 470896 278868 257480 1235003 40 23 34  3  0  0
111 10 117288 154006704 1925880 33072440    0    0 451232 282660 253974 1228347 41 22 35  2  0  0
 4  1 117288 154007884 1925880 33072452    0    0 448368 289668 254329 1211245 40 22 35  2  0  0
43  0 117288 154010456 1925880 33072460    0    0 442544 287268 257694 1251160 41 23 34  2  0  0
67  4 117288 154006424 1925888 33072480    0    0 458404 302292 258509 1205047 40 22 36  2  0  0
36  0 117288 154007720 1925888 33072488    0    0 465408 279884 258810 1237877 41 22 34  2  0  0
33  3 117288 154012528 1925888 33072508    0    0 459904 293864 272164 1225494 40 22 35  2  0  0
 2  0 117288 154014492 1925888 33072524    0    0 455584 289060 252925 1214823 40 22 36  2  0  0
63  2 117288 154013892 1925888 33072524    0    0 465120 274688 261900 1245905 42 22 34  2  0  0
procs -----------memory---------- ---swap-- -----io---- -system-- -------cpu-------
 r  b   swpd   free   buff  cache   si   so    bi    bo   in   cs us sy id wa st gu
43  1 117288 154017088 1925888 33072544    0    0 456624 286992 257077 1210686 40 21 36  2  0  0
 5  0 117288 154010764 1925888 33072552    0    0 447120 276452 256123 1231327 41 22 35  2  0  0
39  1 117288 154009444 1925888 33072560    0    0 456560 281412 260083 1233105 41 22 35  2  0  0
79  4 117288 154011996 1925888 33072572    0    0 448896 285312 255480 1213456 40 22 36  2  0  0
 4  0 117288 154018040 1925888 33072584    0    0 449632 269124 259900 1241702 41 22 35  2  0  0
60  6 117288 154017228 1925892 33072584    0    0 468192 288668 256089 1217616 40 21 36  3  0  0
31  6 117288 154018092 1925892 33072600    0    0 457920 289056 261590 1221047 41 22 35  2  0  0
43  4 117288 154023532 1925892 33072608    0    0 459264 287444 254445 1218786 41 21 36  2  0  0
48  0 117288 154030732 1925892 33072616    0    0 465776 287092 253951 1220878 40 21 36  3  0  0
 3  0 117288 154025244 1925892 33072624    0    0 480432 287616 260470 1217607 40 22 35  3  0  0
54  3 117288 154027352 1925892 33072636    0    0 456896 289804 253053 1210863 40 22 36  2  0  0
67  3 117288 154034016 1925892 33072636    0    0 458432 279612 253190 1219592 40 22 35  2  0  0
91 19 117288 154038236 1925892 33072652    0    0 468816 290988 255427 1214409 40 22 35  2  0  0
41  3 117288 154030940 1925892 33072660    0    0 441232 274444 254834 1237934 41 23 34  2  0  0
 4  0 117288 154027980 1925892 33072672    0    0 453968 277904 255919 1236379 41 22 34  2  0  0
54  6 117288 154020272 1925896 33072680    0    0 452768 285068 253207 1210845 40 22 36  2  0  0
 3  1 117288 154031832 1925896 33072684    0    0 448672 280916 254499 1218615 40 22 35  2  0  0
42  1 117288 154030252 1925896 33072692    0    0 446672 282544 255708 1221735 41 22 35  2  0  0
74 10 117288 154040532 1925896 33072708    0    0 465040 285488 262521 1231244 41 22 35  3  0  0
36  0 117288 154043256 1925896 33072816    0    0 458032 285312 255944 1218638 40 22 35  2  0  0
30  2 117288 154047756 1925896 33072820    0    0 430224 277648 254224 1244373 41 23 34  2  0  0
procs -----------memory---------- ---swap-- -----io---- -system-- -------cpu-------
 r  b   swpd   free   buff  cache   si   so    bi    bo   in   cs us sy id wa st gu
89  1 117288 154044952 1925896 33072828    0    0 464800 279024 252956 1202091 40 22 36  3  0  0
53  9 117288 154047428 1925896 33072840    0    0 433344 278288 253385 1228437 40 22 35  2  0  0
 7  1 117288 154047488 1925896 33072856    0    0 438048 266552 257528 1245744 41 23 34  2  0  0
 3  2 117288 154046896 1925896 33072872    0    0 466160 289360 254241 1212827 40 22 35  3  0  0
17  5 117288 154049992 1925900 33072868    0    0 446320 309324 258293 1230956 41 22 35  2  0  0
26 23 117288 154049636 1925900 33072884    0    0 457152 286976 255274 1216663 40 22 35  2  0  0
60  6 117288 154051636 1925900 33072892    0    0 445728 278764 256403 1224238 41 22 35  2  0  0
24  9 117288 154054588 1925900 33072896    0    0 452496 274388 256271 1223012 41 22 35  2  0  0
20 26 117288 154057136 1925900 33072904    0    0 474208 289516 256164 1219701 40 22 35  3  0  0
63  5 117288 154066688 1925900 33072920    0    0 453760 285544 255328 1217761 40 22 35  2  0  0
92  3 117288 154066460 1925904 33072932    0    0 447664 278548 254800 1234675 40 23 35  2  0  0
64  7 117288 154062676 1925904 33072940    0    0 440480 275856 253858 1219171 40 22 35  2  0  0
49  4 117288 154069160 1925904 33072948    0    0 466144 290384 260171 1224922 40 22 35  2  0  0
24  6 117288 154064904 1925904 33072956    0    0 436400 279104 254907 1229947 41 22 35  2  0  0
69  4 117288 154065052 1925904 33072968    0    0 443296 269244 261175 1239336 41 22 35  2  0  0
67 12 117288 154066584 1925904 33072976    0    0 472768 286324 257248 1220835 41 22 35  2  0  0
82 11 117288 154066808 1925904 33072988    0    0 444208 287312 255724 1220974 41 22 35  2  0  0
40  1 117288 154068464 1925904 33073000    0    0 451840 270352 256194 1235783 41 22 35  2  0  0
50  3 117288 154069000 1925904 33073008    0    0 450064 290452 253793 1212055 40 22 36  2  0  0
102  8 117288 154072064 1925904 33073020    0    0 462672 280596 259399 1234208 41 22 35  2  0  0
66  4 117288 154070020 1925904 33073028    0    0 460880 292804 252783 1202943 40 22 36  3  0  0
procs -----------memory---------- ---swap-- -----io---- -system-- -------cpu-------
 r  b   swpd   free   buff  cache   si   so    bi    bo   in   cs us sy id wa st gu
58  1 117288 154062960 1925904 33073044    0    0 482848 284200 264350 1241117 41 22 34  3  0  0
59  1 117288 154063520 1925904 33073052    0    0 446672 295244 254622 1212772 40 22 36  2  0  0
46  3 117288 154061732 1925904 33073060    0    0 451840 272884 258109 1235496 41 21 35  2  0  0
58  0 117288 154057692 1925904 33073072    0    0 453600 280672 257868 1222941 41 22 35  2  0  0
91  7 117288 154053216 1925908 33073084    0    0 440368 269852 253698 1230381 41 22 35  2  0  0
31  2 117288 154054388 1925908 33073088    0    0 457856 279332 258793 1217165 41 21 36  2  0  0
60  3 117288 154048232 1925912 33073104    0    0 453328 285452 255008 1219157 40 22 35  2  0  0
 5  0 117288 154055632 1925912 33073112    0    0 447872 278100 255023 1230381 41 22 35  2  0  0
30  4 117288 154058636 1925912 33073124    0    0 467232 291516 253911 1198298 40 22 36  2  0  0
75  0 117288 154057896 1925916 33073128    0    0 450944 275016 256191 1218575 41 22 35  2  0  0
 4  2 117288 154052680 1925916 33073144    0    0 439888 271792 255657 1236229 41 22 34  2  0  0
37  4 117288 154048740 1925916 33073152    0    0 447456 274416 256601 1234802 41 23 34  2  0  0
64  2 117288 154052084 1925916 33073164    0    0 451280 274996 255278 1224827 40 22 35  2  0  0
51  2 117288 154054296 1925916 33073180    0    0 447424 289100 255633 1214393 40 22 36  2  0  0
99  3 117288 154056240 1925916 33073192    0    0 447072 271612 256261 1234386 41 23 34  2  0  0
60  4 117288 154062264 1925916 33073204    0    0 455440 302256 255965 1208433 40 22 35  2  0  0
 1  0 117288 154058684 1925916 33073212    0    0 450896 300492 254789 1212618 41 22 35  2  0  0
53  5 117288 154064180 1925916 33073220    0    0 450720 266492 259837 1252084 41 23 34  2  0  0
43 11 117288 154070752 1925916 33073224    0    0 439552 285044 256170 1217094 40 23 35  2  0  0
103  6 117288 154067856 1925920 33073232    0    0 457760 278368 255649 1232168 41 22 35  2  0  0
61  3 117288 154067988 1925920 33073252    0    0 448400 290316 255634 1214659 40 22 36  2  0  0
procs -----------memory---------- ---swap-- -----io---- -system-- -------cpu-------
 r  b   swpd   free   buff  cache   si   so    bi    bo   in   cs us sy id wa st gu
58  1 117288 154062368 1925920 33073260    0    0 450448 275092 257106 1231176 41 23 35  2  0  0
64  9 117288 154064852 1925920 33073260    0    0 453840 279380 254411 1219230 41 22 35  2  0  0
71 12 117288 154062080 1925920 33073280    0    0 449392 279876 255028 1222759 41 22 35  2  0  0
