procs -----------memory---------- ---swap-- -----io---- -system-- -------cpu-------
 r  b   swpd   free   buff  cache   si   so    bi    bo   in   cs us sy id wa st gu
 4  0 117288 155395940 1922968 33002208    0    2 39024 34671 12624    6  4  1 95  1  0  0
11  5 117288 155336000 1922972 33002288    0    0 145984 11136 94881 90855 16  1 81  2  0  0
11  9 117288 155307856 1922972 33002340    0    0 663520 144064 151697 366485 10  4 77  9  0  0
13  7 117288 155317828 1922972 33002304    0    0 539760 266732 165053 341736 10  3 80  7  0  0
12  8 117288 155313896 1922972 33002312    0    0 525696 282248 163317 335520 10  3 80  7  0  0
 4  0 117288 155307696 1922976 33002320    0    0 555424 238164 167314 348761 10  3 80  7  0  0
13  8 117288 155305280 1922976 33002336    0    0 550752 247096 165598 346709 10  3 80  7  0  0
10  1 117288 155306396 1922976 33002344    0    0 557600 247352 166153 348893 10  3 79  8  0  0
13  7 117288 155305668 1922976 33002352    0    0 546560 265524 166395 348515 10  3 79  7  0  0
13  7 117288 155308488 1922976 33002360    0    0 546176 273748 166779 349813 10  3 80  7  0  0
11 11 117288 155301184 1922976 33002368    0    0 553616 271248 166687 351854 10  3 80  8  0  0
12  7 117288 155301800 1922976 33002400    0    0 539936 283220 165955 346841 10  3 80  7  0  0
 2  0 117288 155295508 1922976 33002392    0    0 511392 312776 164239 335915 10  3 81  7  0  0
10  8 117288 155295456 1922976 33002400    0    0 500160 319292 163447 330228 10  3 81  7  0  0
13  7 117288 155295568 1922976 33002408    0    0 506352 314144 163792 329545  9  3 81  7  0  0
19  2 117288 155300516 1922980 33002416    0    0 499728 322712 162120 327959  9  3 81  7  0  0
12  7 117288 155301988 1922980 33002432    0    0 504016 318044 163557 330466 10  3 81  7  0  0
11  7 117288 155301268 1922980 33002440    0    0 513040 315928 164518 333358 10  3 81  7  0  0
 4  0 117288 155297264 1922980 33002448    0    0 505856 313700 163816 331260 10  3 81  7  0  0
13  7 117288 155294780 1922980 33002452    0    0 507808 314172 162701 332425 10  3 81  7  0  0
14  5 117288 155296492 1922980 33002464    0    0 498512 310404 162005 325869 10  3 81  7  0  0
procs -----------memory---------- ---swap-- -----io---- -system-- -------cpu-------
 r  b   swpd   free   buff  cache   si   so    bi    bo   in   cs us sy id wa st gu
13  5 117288 155293204 1922980 33002476    0    0 512944 304224 163123 333045 10  3 81  7  0  0
10  8 117288 155295928 1922980 33002484    0    0 505248 310992 162615 331762 10  3 81  7  0  0
15  4 117288 155294856 1922980 33002492    0    0 505168 311056 162942 333286 10  3 81  7  0  0
11  9 117288 155296060 1922980 33002504    0    0 502992 319868 163187 326868 10  3 81  7  0  0
13  7 117288 155297152 1922980 33002512    0    0 512496 308696 162826 330317 10  3 81  7  0  0
10  8 117288 155299936 1922980 33002524    0    0 510656 315652 164129 334094 10  3 81  7  0  0
10  8 117288 155297780 1922980 33002532    0    0 511856 315844 164169 335013 10  2 81  7  0  0
15  5 117288 155293724 1922980 33002540    0    0 507248 315232 163433 329478 10  3 81  7  0  0
12 10 117288 155300632 1922980 33002548    0    0 509360 316416 163508 330372 10  3 81  7  0  0
10 10 117288 155300096 1922980 33002624    0    0 507520 317460 163811 331690 10  3 81  7  0  0
 4  0 117288 155293468 1922980 33002660    0    0 506720 316636 163427 332794  9  3 81  7  0  0
13  5 117288 155298512 1922980 33002676    0    0 508976 309184 163842 335943 10  3 81  7  0  0
10 11 117288 155290356 1922980 33002684    0    0 513136 319772 164837 334369 10  3 81  7  0  0
 4  0 117288 155295884 1922980 33002696    0    0 513328 321868 165148 337520 10  3 81  7  0  0
 5  0 117288 155303160 1922980 33002704    0    0 511824 322332 164934 337190 10  3 80  7  0  0
 3  0 117288 155303944 1922980 33002712    0    0 515312 316696 167596 334527 10  3 80  7  0  0
11  8 117288 155301460 1922980 33002720    0    0 509472 314948 163720 330947 10  3 81  7  0  0
14  4 117288 155306420 1922980 33002728    0    0 517808 316572 164472 334668 10  3 80  7  0  0
10  8 117288 155305156 1922980 33002740    0    0 519968 312280 165016 337634 10  3 80  7  0  0
16  5 117288 155309620 1922980 33002752    0    0 517776 310872 164346 334793 10  3 80  7  0  0
11  7 117288 155299676 1922984 33002760    0    0 515120 319120 164180 333374 10  3 80  7  0  0
procs -----------memory---------- ---swap-- -----io---- -system-- -------cpu-------
 r  b   swpd   free   buff  cache   si   so    bi    bo   in   cs us sy id wa st gu
18  0 117288 155300076 1922984 33002772    0    0 512448 315928 163988 332029 10  3 80  7  0  0
11  7 117288 155314228 1922984 33002780    0    0 517680 320048 164054 333147 10  3 80  7  0  0
16  7 117288 155313176 1922984 33002792    0    0 519504 317156 165079 334801 10  3 80  7  0  0
13  7 117288 155321900 1922984 33002800    0    0 521616 313344 164508 332726 10  3 81  7  0  0
11  7 117288 155322532 1922984 33002808    0    0 516560 324696 164592 330896 10  3 80  7  0  0
11  7 117288 155321096 1922984 33002824    0    0 515488 314720 162924 336389 10  3 80  7  0  0
12  7 117288 155323816 1922984 33002836    0    0 510928 319964 164001 329508 10  3 81  7  0  0
12  8 117288 155322796 1922984 33002844    0    0 517056 313636 164104 334367 10  3 80  7  0  0
10  9 117288 155326184 1922984 33002852    0    0 522816 308544 165257 336147 10  3 80  7  0  0
14  5 117288 155315948 1922984 33002860    0    0 521072 319760 164837 337797 10  3 80  7  0  0
 4  0 117288 155311192 1922984 33002872    0    0 514592 318740 162750 332006 10  3 80  7  0  0
 8 10 117288 155322288 1922984 33002884    0    0 525856 311420 165094 336224 10  3 80  7  0  0
11  7 117288 155325776 1922984 33002892    0    0 521920 320136 164744 332850 10  3 80  7  0  0
 5 13 117288 155321400 1922984 33002900    0    0 513824 318036 165451 329055 10  3 81  7  0  0
 8  9 117288 155315876 1922984 33002908    0    0 520304 312892 164245 334168 10  3 80  7  0  0
12  6 117288 155313096 1922984 33002920    0    0 511984 317488 163936 330926 10  3 80  7  0  0
 7  6 117288 155308716 1922984 33002932    0    0 515728 314352 164111 332522 10  3 80  7  0  0
12 11 117288 155307124 1922984 33002940    0    0 518784 327228 164910 332641 10  3 80  7  0  0
16  5 117288 155307672 1922984 33002948    0    0 515888 320808 164439 333859 10  3 80  7  0  0
11  9 117288 155305380 1922988 33002952    0    0 521808 311668 164975 333986 10  3 80  7  0  0
 8 10 117288 155310332 1922988 33002968    0    0 514704 322244 163975 333621 10  3 80  7  0  0
procs -----------memory---------- ---swap-- -----io---- -system-- -------cpu-------
 r  b   swpd   free   buff  cache   si   so    bi    bo   in   cs us sy id wa st gu
13  6 117288 155306732 1922988 33002980    0    0 522592 321096 165218 335571 10  3 80  7  0  0
12  7 117288 155303052 1922988 33002992    0    0 522592 314572 164994 336656 10  3 80  7  0  0
14  5 117288 155306924 1922988 33003004    0    0 521072 323848 165321 337994 10  3 80  7  0  0
11  7 117288 155300212 1922992 33003008    0    0 514144 320288 164517 332589 10  3 80  7  0  0
 4  0 117288 155300920 1922992 33003028    0    0 522544 317604 165023 335365 10  3 80  7  0  0
 9 10 117288 155294936 1922992 33003036    0    0 526560 317200 166473 339933 10  3 80  7  0  0
11  7 117288 155306708 1922992 33003044    0    0 521824 324528 165372 335584 10  3 80  7  0  0
13  7 117288 155300660 1922992 33003052    0    0 523424 329188 166214 338919 10  3 80  7  0  0
 4  0 117288 155299120 1922992 33003056    0    0 524352 318584 165831 338216 10  3 80  7  0  0
 4  0 117288 155298160 1923000 33003068    0    0 521488 314724 165862 339290 10  3 80  7  0  0
10  9 117288 155298616 1923000 33003080    0    0 514640 319076 165190 337310 10  3 80  7  0  0
12  7 117288 155299980 1923000 33003088    0    0 524928 313052 165851 337108 10  3 80  7  0  0
18  2 117288 155304164 1923000 33003096    0    0 524608 319256 164985 336122 10  3 80  7  0  0
13  7 117288 155304584 1923000 33003104    0    0 526240 321196 166301 339851 10  3 80  7  0  0
13  8 117288 155299088 1923000 33003116    0    0 521408 326480 165783 338392 10  3 80  7  0  0
16  2 117288 155295460 1923000 33003128    0    0 524864 314256 165761 339154 10  3 80  7  0  0
14  5 117288 155288796 1923000 33003140    0    0 523008 323508 165509 338816 10  3 80  7  0  0
20  2 117288 155292036 1923000 33003148    0    0 522912 316272 165336 338173 10  3 80  7  0  0
 9 10 117288 155299992 1923000 33003156    0    0 514928 323456 164873 334205 10  3 80  7  0  0
14  4 117288 155296892 1923000 33003168    0    0 523984 315884 165094 334946 10  3 80  7  0  0
11  7 117288 155290164 1923000 33003180    0    0 517120 317080 164205 332226 10  3 80  7  0  0
procs -----------memory---------- ---swap-- -----io---- -system-- -------cpu-------
 r  b   swpd   free   buff  cache   si   so    bi    bo   in   cs us sy id wa st gu
 2  0 117288 155285616 1923000 33003188    0    0 521872 325900 166121 335892 10  3 80  7  0  0
10  8 117288 155290772 1923000 33003196    0    0 518176 316548 165166 332564 10  3 80  7  0  0
12  6 117288 155282872 1923000 33003204    0    0 525792 312928 165059 338499 10  3 80  7  0  0
11  9 117288 155281128 1923004 33003216    0    0 520720 324724 165485 336439 10  3 80  7  0  0
 6  0 117288 155288704 1923004 33003224    0    0 528304 317376 166695 341168 10  3 80  7  0  0
12  5 117288 155286936 1923004 33003232    0    0 521904 324812 165618 337418 10  3 80  7  0  0
 4  0 117288 155290132 1923004 33003240    0    0 525344 327088 167017 340458 10  3 80  7  0  0
 9  7 117288 155291392 1923004 33003320    0    0 524208 319648 165439 336419 10  3 80  7  0  0
10  9 117288 155288916 1923008 33003324    0    0 529600 320204 166559 340184 10  3 80  7  0  0
15  4 117288 155289836 1923008 33003340    0    0 529904 326588 166816 340531 10  3 80  7  0  0
10  8 117288 155285824 1923008 33003348    0    0 535632 324680 167223 344947 10  3 80  7  0  0
11  8 117288 155288760 1923008 33003356    0    0 532528 321948 165996 340140 10  3 80  7  0  0
 9 10 117288 155286960 1923008 33003372    0    0 538112 322644 167385 346539 10  3 80  7  0  0
10  8 117288 155282408 1923008 33003384    0    0 529584 326876 167182 343522 10  3 80  7  0  0
14  3 117288 155288564 1923008 33003400    0    0 534912 321756 167859 347532 10  3 80  7  0  0
10  9 117288 155289408 1923008 33003408    0    0 524608 327880 168497 341428 10  3 80  7  0  0
12  7 117288 155283104 1923008 33003416    0    0 536320 321320 167363 347970 10  3 80  7  0  0
12  6 117288 155287460 1923008 33003428    0    0 527888 330508 167201 342961 10  3 80  7  0  0
 4  0 117288 155287916 1923012 33003432    0    0 537136 332556 169013 350283 10  3 80  7  0  0
13  7 117288 155289552 1923012 33003448    0    0 532800 323620 166851 344939 10  3 80  7  0  0
13  5 117288 155293260 1923012 33003456    0    0 526480 336520 167736 347452 10  3 80  7  0  0
procs -----------memory---------- ---swap-- -----io---- -system-- -------cpu-------
 r  b   swpd   free   buff  cache   si   so    bi    bo   in   cs us sy id wa st gu
 4  1 117288 155297736 1923012 33003464    0    0 533008 328416 167469 343823 10  3 80  7  0  0
 4  0 117288 155301724 1923012 33003472    0    0 532976 320728 167192 347199 10  3 80  7  0  0
14  4 117288 155306136 1923012 33003480    0    0 527376 326684 166443 344240 10  3 80  7  0  0
22  0 117288 155299520 1923012 33003492    0    0 528672 334320 168255 348969 10  3 80  7  0  0
11  6 117288 155302024 1923012 33003504    0    0 530240 329320 168810 347088 10  3 80  7  0  0
 4  0 117288 155305712 1923012 33003516    0    0 530144 332416 168870 345316 10  3 80  7  0  0
 5  1 117288 155300012 1923012 33003524    0    0 534096 333424 168919 348612 10  3 80  7  0  0
16  3 117288 155298948 1923016 33003528    0    0 534208 326060 168370 344385 10  3 80  7  0  0
 9 10 117288 155288904 1923016 33003540    0    0 525184 331920 166994 341981 10  3 80  7  0  0
11  8 117288 155285400 1923016 33003552    0    0 531456 324292 167613 345845 10  3 80  7  0  0
 4  1 117288 155279184 1923016 33003564    0    0 525776 332616 167875 344021 10  3 80  7  0  0
15  3 117288 155284600 1923016 33003572    0    0 538896 327412 168527 350113 10  3 80  7  0  0
 3  0 117288 155286264 1923016 33003580    0    0 527936 330416 168375 343727 10  3 80  7  0  0
15  5 117288 155283992 1923020 33003592    0    0 533552 325052 167239 347854 10  3 80  7  0  0
 5  0 117288 155274280 1923020 33003604    0    0 530448 327800 168312 346759 10  3 80  7  0  0
11  9 117288 155280000 1923020 33003616    0    0 534480 323532 167727 344148 10  3 80  7  0  0
 4  0 117288 155274448 1923020 33003624    0    0 528912 319940 166788 339286 10  3 80  7  0  0
11  8 117288 155281292 1923020 33003632    0    0 528160 333172 167354 343225 10  3 80  7  0  0
 4  0 117288 155283864 1923020 33003636    0    0 537136 323612 167689 345826 10  3 80  7  0  0
11  6 117288 155281228 1923020 33003648    0    0 531600 321164 168203 346566 10  3 80  7  0  0
 4  0 117288 155276728 1923020 33003660    0    0 527568 334480 167823 345317 10  3 80  7  0  0
procs -----------memory---------- ---swap-- -----io---- -system-- -------cpu-------
 r  b   swpd   free   buff  cache   si   so    bi    bo   in   cs us sy id wa st gu
12  7 117288 155277892 1923020 33003668    0    0 538160 319972 167648 349396 10  3 80  7  0  0
13  7 117288 155280924 1923020 33003676    0    0 530128 325884 167858 342998 10  3 80  7  0  0
11  7 117288 155275624 1923020 33003688    0    0 539344 330148 169587 347919 10  3 80  7  0  0
12  7 117288 155275532 1923020 33003700    0    0 537392 324528 168826 346808 10  3 80  7  0  0
11  8 117288 155274980 1923020 33003716    0    0 524752 327660 167098 340747 10  3 80  7  0  0
12  8 117288 155273500 1923020 33003724    0    0 540800 320172 167560 349283 10  3 80  7  0  0
10  9 117288 155265736 1923020 33003732    0    0 526528 334620 167184 341323 10  3 80  7  0  0
15  7 117288 155271792 1923020 33003740    0    0 532064 327044 167114 344659 10  3 80  7  0  0
11  7 117288 155275000 1923020 33003756    0    0 534368 325592 166995 344446 10  3 80  7  0  0
11  8 117288 155280456 1923020 33003764    0    0 536736 327748 168351 346812 10  3 80  7  0  0
12  8 117288 155274160 1923020 33003772    0    0 531264 330112 167248 344540 10  3 80  7  0  0
 9 10 117288 155266280 1923020 33003780    0    0 541856 325640 168914 348929 10  3 80  7  0  0
10  9 117288 155261952 1923028 33003780    0    0 535216 331084 171475 348881 10  3 80  7  0  0
 8 10 117288 155269508 1923028 33003804    0    0 532864 331496 168976 345467 10  3 80  7  0  0
10  7 117288 155272672 1923028 33003808    0    0 535280 326912 168649 346584 10  3 80  7  0  0
11  8 117288 155272372 1923028 33003816    0    0 532800 333384 168413 343894 10  3 80  7  0  0
13  6 117288 155261452 1923028 33003824    0    0 536864 324056 167575 341937 10  3 80  7  0  0
13  6 117288 155263884 1923028 33003832    0    0 529232 334580 167921 341363 10  3 80  7  0  0
10  9 117288 155275116 1923028 33003848    0    0 530144 325480 167730 345544 10  3 80  7  0  0
11  9 117288 155274972 1923028 33003856    0    0 540336 329396 168890 346544 10  3 80  7  0  0
10  9 117288 155268264 1923028 33003868    0    0 530096 331564 167530 347743 10  3 80  7  0  0
procs -----------memory---------- ---swap-- -----io---- -system-- -------cpu-------
 r  b   swpd   free   buff  cache   si   so    bi    bo   in   cs us sy id wa st gu
14  5 117288 155278188 1923028 33003876    0    0 539488 324740 168914 347964 10  3 79  7  0  0
13  6 117288 155278920 1923028 33003884    0    0 531008 326232 168247 344201 10  3 80  7  0  0
14  7 117288 155279024 1923028 33003896    0    0 538128 330300 168006 348818 10  3 80  7  0  0
17  4 117288 155278768 1923028 33003972    0    0 532544 331400 167882 343287 10  3 80  7  0  0
 4  0 117288 155286168 1923028 33003980    0    0 531072 325004 168125 343566 10  3 80  7  0  0
 8 10 117288 155282128 1923032 33003984    0    0 535968 323816 168505 345696 10  3 80  7  0  0
12  5 117288 155287792 1923032 33004000    0    0 530688 332656 167673 347562 10  3 80  7  0  0
 3  0 117288 155293324 1923032 33004008    0    0 536512 324928 167659 344907 10  3 80  7  0  0
12  6 117288 155289840 1923032 33004020    0    0 535376 324248 167930 347150 10  3 80  7  0  0
 2  0 117288 155290892 1923032 33004028    0    0 541840 332676 167905 350509 10  3 80  7  0  0
15  7 117288 155293516 1923036 33004032    0    0 542400 326852 168793 347959 10  3 79  7  0  0
 9  9 117288 155285228 1923036 33004048    0    0 536768 333540 168649 346425 10  3 80  7  0  0
 3  0 117288 155283392 1923036 33004060    0    0 542368 327992 169331 351493 10  3 79  7  0  0
 2  0 117288 155284808 1923036 33004072    0    0 527552 337080 166771 341083 10  3 80  7  0  0
14  6 117288 155295476 1923036 33004080    0    0 539088 326432 169547 347148 10  3 80  7  0  0
12  7 117288 155288164 1923036 33004088    0    0 537424 328224 168092 347182 10  3 80  7  0  0
13  7 117288 155289940 1923036 33004108    0    0 528720 327056 167719 344173 10  3 80  7  0  0
12  8 117288 155286844 1923036 33004116    0    0 539936 330372 169646 351473 10  3 80  7  0  0
 6  0 117288 155285820 1923036 33004128    0    0 537280 329288 168318 352328 10  3 80  7  0  0
 5  0 117288 155295116 1923044 33004136    0    0 544576 330288 170403 353233 10  3 80  7  0  0
10 10 117288 155299588 1923044 33004144    0    0 532608 332672 169047 347527 10  3 80  7  0  0
procs -----------memory---------- ---swap-- -----io---- -system-- -------cpu-------
 r  b   swpd   free   buff  cache   si   so    bi    bo   in   cs us sy id wa st gu
16  5 117288 155291404 1923044 33004156    0    0 543696 323916 168313 351975 10  3 80  7  0  0
18  5 117288 155295956 1923048 33004160    0    0 536272 327372 167771 344501 10  3 80  7  0  0
 5  0 117288 155292684 1923048 33004176    0    0 540336 327976 167984 346581 10  3 80  7  0  0
13  6 117288 155290220 1923048 33004184    0    0 535792 332268 169334 347389 10  3 80  7  0  0
19  0 117288 155289676 1923048 33004192    0    0 537632 333636 168667 345594 10  3 80  7  0  0
11  9 117288 155285580 1923048 33004204    0    0 544944 325216 170266 350479 10  3 80  7  0  0
10 10 117288 155283048 1923048 33004212    0    0 532880 329076 167888 347569 10  3 80  7  0  0
 2 13 117288 155272384 1923048 33004220    0    0 528608 328692 167369 344375 10  3 80  7  0  0
13  7 117288 155279764 1923048 33004228    0    0 535776 324140 168210 348183 10  3 80  7  0  0
13  8 117288 155275764 1923048 33004236    0    0 532512 330264 171521 347824 10  3 80  7  0  0
19  2 117288 155276636 1923048 33004248    0    0 534848 333644 168532 349367 10  3 80  7  0  0
16  5 117288 155274928 1923048 33004256    0    0 549328 326140 169167 356543 10  3 79  8  0  0
10 12 117288 155277212 1923048 33004268    0    0 529984 326316 167657 347945 10  3 80  7  0  0
 3 13 117288 155280756 1923048 33004276    0    0 523760 335700 166714 344740 10  3 80  7  0  0
 8 10 117288 155277108 1923048 33004288    0    0 546848 320832 169177 349942 10  3 79  7  0  0
 4  0 117288 155279500 1923048 33004296    0    0 532752 341012 169300 351057 10  3 80  7  0  0
 5  0 117288 155276696 1923048 33004304    0    0 544400 332624 170677 357654 10  3 79  7  0  0
13  5 117288 155274924 1923048 33004312    0    0 535392 341904 169794 349752 10  3 80  7  0  0
12  6 117288 155269644 1923048 33004324    0    0 537360 331020 169820 347759 10  3 80  7  0  0
 5  0 117288 155258600 1923048 33004336    0    0 531840 331124 168608 349133 10  3 80  7  0  0
15  7 117288 155262636 1923048 33004344    0    0 542032 338780 170052 354547 10  3 80  7  0  0
procs -----------memory---------- ---swap-- -----io---- -system-- -------cpu-------
 r  b   swpd   free   buff  cache   si   so    bi    bo   in   cs us sy id wa st gu
11  7 117288 155263352 1923052 33004348    0    0 539296 325812 169454 352623 10  3 80  7  0  0
13  6 117288 155266368 1923052 33004360    0    0 541856 330424 169099 349697 10  3 80  7  0  0
11  7 117288 155265460 1923052 33004372    0    0 535104 338316 169835 351258 10  3 80  7  0  0
12  7 117288 155263304 1923052 33004380    0    0 531152 324876 167817 347252 10  3 80  7  0  0
13  6 117288 155260696 1923052 33004392    0    0 538176 330072 168871 349786 10  3 80  7  0  0
15  5 117288 155252408 1923052 33004400    0    0 534704 330052 168629 349248 10  3 80  7  0  0
 6 12 117288 155260324 1923052 33004416    0    0 531664 328160 166837 341600 10  3 80  7  0  0
13  5 117288 155260096 1923056 33004432    0    0 537296 325672 169043 349725 10  3 80  7  0  0
10  9 117288 155260788 1923056 33004444    0    0 540336 331376 169271 354115 10  3 79  7  0  0
12  7 117288 155264444 1923056 33004452    0    0 536544 332040 170152 347340 10  3 79  7  0  0
12  6 117288 155263644 1923056 33004460    0    0 532992 336948 168155 349986 10  3 80  7  0  0
12  6 117288 155267020 1923056 33004468    0    0 537872 326648 168916 350924 10  3 80  7  0  0
 4  0 117288 155258736 1923056 33004484    0    0 537568 336048 168946 352333 10  3 80  7  0  0
13  7 117288 155257368 1923056 33004492    0    0 536176 329248 169375 351686 10  3 80  7  0  0
 5  0 117288 155251024 1923056 33004500    0    0 534496 332576 168662 351049 10  3 80  7  0  0
17  4 117288 155244116 1923056 33004508    0    0 533824 329640 168174 347642 10  3 80  7  0  0
12  7 117288 155243396 1923060 33004516    0    0 540416 323356 169166 351024 10  3 80  7  0  0
 4  1 117288 155238000 1923060 33004532    0    0 532480 332684 168360 347599 10  3 80  7  0  0
 4 13 117288 155234228 1923060 33004540    0    0 527104 329320 166997 344834 10  3 80  7  0  0
11  7 117288 155241404 1923060 33004548    0    0 539056 322832 168996 349202 10  3 80  7  0  0
16  5 117288 155239908 1923060 33004552    0    0 536304 332996 169161 349290 10  3 80  7  0  0
procs -----------memory---------- ---swap-- -----io---- -system-- -------cpu-------
 r  b   swpd   free   buff  cache   si   so    bi    bo   in   cs us sy id wa st gu
 7 11 117288 155243584 1923064 33004560    0    0 530320 338520 168507 347143 10  3 80  7  0  0
12  7 117288 155236540 1923064 33004644    0    0 531168 326840 168574 348988 10  3 80  7  0  0
13  7 117288 155239008 1923064 33004652    0    0 538208 333184 168912 356440 10  3 80  7  0  0
12  7 117288 155238280 1923064 33004660    0    0 532896 338472 168874 349799 10  3 80  7  0  0
16  7 117288 155233408 1923064 33004668    0    0 539712 325796 169805 351920 10  3 79  7  0  0
14  7 117288 155227664 1923068 33004676    0    0 537728 327960 169259 349036 10  3 80  7  0  0
 4  0 117288 155235712 1923068 33004688    0    0 529040 330504 167916 344588 10  3 80  7  0  0
14  9 117288 155232136 1923068 33004704    0    0 532032 329532 168893 348399 10  3 80  7  0  0
14  7 117288 155234344 1923068 33004712    0    0 531744 329228 167752 345505 10  3 80  7  0  0
12  8 117288 155230076 1923068 33004720    0    0 537584 330956 170090 351704 10  3 80  7  0  0
16  6 117288 155228536 1923072 33004724    0    0 541280 326984 169184 351627 10  3 79  7  0  0
 4  0 117288 155220116 1923072 33004740    0    0 534608 333536 168426 348339 10  3 80  7  0  0
11  9 117288 155218880 1923076 33004752    0    0 538432 328320 169148 353925 10  3 80  7  0  0
11  7 117288 155215828 1923076 33004760    0    0 526416 333568 167709 345111 10  3 80  7  0  0
 6  0 117288 155216932 1923076 33004768    0    0 539936 330880 169017 350332 10  3 80  7  0  0
14  5 117288 155222860 1923076 33004784    0    0 538032 327756 168915 350532 10  3 80  7  0  0
 8 10 117288 155229428 1923076 33004792    0    0 531536 335080 168211 349985 10  3 80  7  0  0
 2  1 117288 155223048 1923080 33004800    0    0 533856 332420 169189 349113 10  3 80  7  0  0
14  4 117288 155223172 1923080 33004812    0    0 542048 324520 169111 351059 10  3 80  8  0  0
11 12 117288 155230824 1923080 33004824    0    0 528832 336776 168401 343248 10  3 80  7  0  0
14  5 117288 155232172 1923084 33004828    0    0 543584 329484 169494 350845 10  3 79  8  0  0
procs -----------memory---------- ---swap-- -----io---- -system-- -------cpu-------
 r  b   swpd   free   buff  cache   si   so    bi    bo   in   cs us sy id wa st gu
 3  0 117288 155229620 1923084 33004840    0    0 532880 330076 168068 347845 10  3 80  7  0  0
15  4 117288 155233300 1923084 33004852    0    0 529744 330920 167973 347695 10  3 80  7  0  0
16  5 117288 155231932 1923084 33004860    0    0 539136 337272 170161 350583 10  3 80  7  0  0
15  6 117288 155235916 1923084 33004868    0    0 532480 333140 167674 348398 10  3 80  7  0  0
11  8 117288 155228988 1923088 33004876    0    0 541184 325244 168822 351684 10  3 80  7  0  0
14  6 117288 155220780 1923088 33004892    0    0 536032 331400 167970 349402 10  3 80  7  0  0
16  6 117288 155216784 1923088 33004904    0    0 534672 331148 168390 346175 10  3 80  7  0  0
 5  0 117288 155209888 1923088 33004912    0    0 538656 327104 169416 352809 10  3 80  7  0  0
15  5 117288 155218420 1923088 33004924    0    0 534592 327476 167791 347580 10  3 80  7  0  0
 7 10 117288 155225404 1923092 33004928    0    0 527168 332896 167895 343480 10  3 80  7  0  0
12  6 117288 155219252 1923092 33004940    0    0 530112 335396 168732 344297 10  3 80  7  0  0
11  7 117288 155215048 1923092 33004952    0    0 541392 328696 169293 353184 10  3 80  7  0  0
12  7 117288 155220308 1923092 33004960    0    0 530416 333908 168027 344596 10  3 80  7  0  0
10  9 117288 155218212 1923092 33004968    0    0 546288 325128 169519 355522 10  3 79  8  0  0
 4  0 117288 155213824 1923096 33004976    0    0 535280 331320 168439 347011 10  3 80  7  0  0
15  5 117288 155207312 1923096 33004988    0    0 537456 334968 168455 349741 10  3 80  7  0  0
 4  0 117288 155208452 1923096 33005000    0    0 534640 326580 168547 347545 10  3 80  7  0  0
 4  0 117288 155213168 1923096 33005008    0    0 534672 331908 168425 347949 10  3 80  7  0  0
 9  9 117288 155217824 1923096 33005020    0    0 539840 328348 168860 351891 10  3 80  7  0  0
 6  1 117288 155232544 1923096 33005028    0    0 530416 334320 168084 346049 10  3 80  7  0  0
13  9 117288 155226644 1923100 33005036    0    0 534400 327568 168641 347017 10  3 80  8  0  0
procs -----------memory---------- ---swap-- -----io---- -system-- -------cpu-------
 r  b   swpd   free   buff  cache   si   so    bi    bo   in   cs us sy id wa st gu
 4  0 117288 155225696 1923100 33005044    0    0 524240 329612 168334 342496 10  3 80  7  0  0
14  5 117288 155231912 1923100 33005056    0    0 540064 326888 169274 351329 10  3 79  8  0  0
11  9 117288 155224332 1923100 33005068    0    0 524416 328064 166124 342801 10  3 80  7  0  0
11  7 117288 155234700 1923100 33005076    0    0 535680 319464 167164 344522 10  3 80  8  0  0
14  9 117288 155236420 1923108 33005084    0    0 526656 327036 167239 343367 10  3 80  8  0  0
16  4 117288 155233180 1923108 33005096    0    0 533712 325268 168052 346034 10  3 80  8  0  0
10  8 117288 155232288 1923108 33005112    0    0 531760 328144 167737 347268 10  3 80  8  0  0
12  7 117288 155236000 1923108 33005120    0    0 530544 329416 168166 347027 10  3 79  7  0  0
 9  8 117288 155232832 1923108 33005132    0    0 530224 325972 168160 346639 10  3 80  8  0  0
14  4 117288 155234880 1923108 33005136    0    0 532656 330280 168465 347898 10  3 80  8  0  0
10  8 117288 155229532 1923108 33005144    0    0 530992 328108 168829 347756 10  3 80  7  0  0
11  9 117288 155226060 1923108 33005156    0    0 527248 326444 167269 342070 10  3 80  7  0  0
 8 10 117288 155230784 1923108 33005168    0    0 527664 327820 167125 348160 10  3 80  7  0  0
13  7 117288 155227768 1923108 33005176    0    0 536096 324464 168833 348406 10  3 79  8  0  0
11  7 117288 155224684 1923108 33005184    0    0 526400 329944 166922 342160 10  3 80  7  0  0
 2  1 117288 155234232 1923108 33005192    0    0 535568 324208 168103 346642 10  3 80  8  0  0
15  5 117288 155238844 1923108 33005208    0    0 534112 326756 167735 345782 10  3 80  8  0  0
 4  0 117288 155229648 1923108 33005216    0    0 528640 332816 166996 344023 10  3 80  7  0  0
13  6 117288 155232676 1923108 33005224    0    0 533392 327244 167351 345753 10  3 80  8  0  0
 8 11 117288 155224844 1923112 33005296    0    0 534048 325560 168149 346659 10  3 80  8  0  0
 9  2 117288 155226516 1923112 33005312    0    0 536448 323920 168555 348314 10  3 80  8  0  0
procs -----------memory---------- ---swap-- -----io---- -system-- -------cpu-------
 r  b   swpd   free   buff  cache   si   so    bi    bo   in   cs us sy id wa st gu
14  4 117288 155229044 1923112 33005324    0    0 527648 328884 166507 345591 10  3 80  7  0  0
17  0 117288 155225796 1923112 33005332    0    0 529264 327056 168064 345095 10  3 80  7  0  0
11  7 117288 155216096 1923112 33005344    0    0 534464 329324 167267 345998 10  3 79  8  0  0
12  6 117288 155228584 1923116 33005348    0    0 536448 321656 167269 350014 10  3 80  8  0  0
 9  8 117288 155234872 1923116 33005360    0    0 533888 326788 167640 345337 10  3 80  7  0  0
 6 12 117288 155231620 1923116 33005372    0    0 534576 326124 167735 348706 10  3 80  8  0  0
11  6 117288 155245160 1923116 33005380    0    0 533856 323420 167228 346258 10  3 80  8  0  0
 4  0 117288 155240344 1923116 33005388    0    0 532880 331836 166604 350189 10  3 80  8  0  0
13  7 117288 155232156 1923120 33005392    0    0 529680 331604 167757 346600 10  3 80  8  0  0
 9  9 117288 155235660 1923120 33005408    0    0 540176 328188 168599 351115 10  3 79  8  0  0
 3  0 117288 155239820 1923120 33005420    0    0 533936 324056 166473 346799 10  3 80  8  0  0
13  7 117288 155240820 1923120 33005428    0    0 532144 328772 167490 345908 10  3 80  7  0  0
15  6 117288 155252712 1923120 33005436    0    0 536176 326804 167675 348060 10  3 80  7  0  0
 2  1 117288 155248356 1923124 33005440    0    0 534432 326096 166974 344402 10  3 80  8  0  0
15  5 117288 155255904 1923124 33005456    0    0 536912 324936 167872 348329 10  3 79  8  0  0
10  8 117288 155253172 1923128 33005460    0    0 532224 328688 167518 347151 10  3 80  8  0  0
12  7 117288 155248968 1923128 33005480    0    0 527504 327820 167127 343332 10  3 80  8  0  0
 8 10 117288 155248448 1923128 33005488    0    0 525264 326468 167106 346898 10  3 80  8  0  0
 4  0 117288 155246492 1923128 33005500    0    0 527856 331408 168004 346258 10  3 80  8  0  0
13  6 117288 155247004 1923128 33005508    0    0 529392 326056 168863 348715 10  3 80  8  0  0
 2  1 117288 155246844 1923128 33005520    0    0 526432 325044 167536 344358 10  3 80  7  0  0
procs -----------memory---------- ---swap-- -----io---- -system-- -------cpu-------
 r  b   swpd   free   buff  cache   si   so    bi    bo   in   cs us sy id wa st gu
15  5 117288 155251240 1923128 33005536    0    0 525744 322644 166256 343272 10  3 80  8  0  0
11  7 117288 155257340 1923128 33005544    0    0 528896 322372 167614 345276 10  3 80  8  0  0
10 11 117288 155256616 1923128 33005548    0    0 524896 322624 167050 342972 10  3 80  8  0  0
10  8 117288 155257360 1923132 33005560    0    0 532368 323552 167167 345115 10  3 80  8  0  0
11  8 117288 155257120 1923132 33005568    0    0 532672 326652 166868 344488 10  3 80  8  0  0
11  8 117288 155251252 1923132 33005580    0    0 529728 324884 167495 344767 10  3 80  8  0  0
12  9 117288 155260552 1923132 33005588    0    0 524144 327356 165885 340252 10  3 80  8  0  0
12  7 117288 155253500 1923132 33005612    0    0 524128 327332 166433 342482 10  3 80  8  0  0
14  8 117288 155247172 1923136 33005616    0    0 527664 320512 166667 343811 10  3 80  8  0  0
11  7 117288 155243860 1923136 33005628    0    0 526576 322732 167588 341138 10  3 80  8  0  0
 7 11 117288 155246960 1923136 33005640    0    0 524064 318800 166591 342586 10  3 80  8  0  0
13  6 117288 155241536 1923136 33005648    0    0 523552 317580 166118 342085 10  3 80  8  0  0
14  5 117288 155254772 1923136 33005656    0    0 521056 317640 166355 341236 10  3 80  8  0  0
15  5 117288 155254768 1923144 33005660    0    0 535232 326564 168151 347775 10  3 80  8  0  0
12  7 117288 155256372 1923144 33005676    0    0 537840 327120 168378 350788 10  3 79  8  0  0
 3  0 117288 155266316 1923144 33005688    0    0 522128 322344 164692 339653 10  3 80  8  0  0
11  7 117288 155261844 1923144 33005696    0    0 539968 317260 167700 349067 10  3 79  8  0  0
13  6 117288 155258232 1923144 33005708    0    0 529760 336228 168635 344410 10  3 80  7  0  0
11  9 117288 155261064 1923148 33005712    0    0 536160 326044 167126 344779 10  3 80  8  0  0
11  9 117288 155256096 1923148 33005720    0    0 533344 332700 167384 343589 10  3 80  8  0  0
14  6 117288 155251696 1923148 33005732    0    0 538896 323476 167861 352264 10  3 79  8  0  0
procs -----------memory---------- ---swap-- -----io---- -system-- -------cpu-------
 r  b   swpd   free   buff  cache   si   so    bi    bo   in   cs us sy id wa st gu
14  6 117288 155253500 1923148 33005744    0    0 531040 335236 167300 346970 10  3 80  7  0  0
 4  0 117288 155261696 1923148 33005756    0    0 539296 325484 168390 351761 10  3 79  8  0  0
 4  0 117288 155263680 1923148 33005764    0    0 538976 331424 168195 350926 10  3 80  8  0  0
 9 10 117288 155268940 1923148 33005772    0    0 534736 325228 167643 348683 10  3 80  8  0  0
 6  0 117288 155270060 1923148 33005784    0    0 532608 325596 168347 345907 10  3 80  7  0  0
13  6 117288 155268932 1923148 33005796    0    0 538144 328124 168862 351271 10  3 80  8  0  0
12  8 117288 155262508 1923148 33005808    0    0 529008 330860 167691 346466 10  3 80  7  0  0
 7 11 117288 155262316 1923152 33005812    0    0 534800 327000 167388 351906 10  3 80  8  0  0
13  5 117288 155253108 1923152 33005824    0    0 535648 332984 168153 351679 10  3 80  8  0  0
15  6 117288 155257908 1923152 33005832    0    0 529536 330004 167914 346037 10  3 80  8  0  0
 3  0 117288 155256764 1923152 33005852    0    0 539232 328064 168539 349861 10  3 79  8  0  0
13  6 117288 155266084 1923152 33005864    0    0 522432 332568 167281 341188 10  3 80  8  0  0
13  6 117288 155262168 1923156 33005868    0    0 532384 320272 167210 347656 10  3 80  8  0  0
11  7 117288 155269160 1923156 33005880    0    0 528752 324204 167525 346031 10  3 80  8  0  0
16  5 117288 155262916 1923156 33005888    0    0 529168 323680 166747 341324 10  3 80  8  0  0
13  7 117288 155270360 1923156 33005920    0    0 528928 321524 166200 341587 10  3 80  8  0  0
 7 12 117288 155277348 1923156 33005996    0    0 523952 322412 166468 340919 10  3 80  8  0  0
 8  9 117288 155270072 1923156 33006004    0    0 532768 315384 167564 344056 10  3 79  8  0  0
11  7 117288 155271216 1923160 33006012    0    0 530992 324360 168144 342490 10  3 80  8  0  0
10  7 117288 155273184 1923160 33006020    0    0 523376 322624 166321 340629 10  3 80  8  0  0
 8 10 117288 155274636 1923160 33006036    0    0 528320 319400 166607 343854 10  3 79  8  0  0
procs -----------memory---------- ---swap-- -----io---- -system-- -------cpu-------
 r  b   swpd   free   buff  cache   si   so    bi    bo   in   cs us sy id wa st gu
10  9 117288 155268456 1923160 33006048    0    0 526592 327492 167603 343808 10  3 80  7  0  0
10  8 117288 155262796 1923160 33006056    0    0 528880 327792 167173 346820 10  3 80  7  0  0
12  7 117288 155266104 1923160 33006064    0    0 537120 336844 168986 350418 10  3 80  8  0  0
11  8 117288 155264228 1923160 33006072    0    0 538176 323604 167425 350821 10  3 79  8  0  0
 3  1 117288 155265532 1923160 33006088    0    0 537344 329272 168055 349056 10  3 79  8  0  0
10  8 117288 155262548 1923160 33006096    0    0 530912 329944 168430 343779 10  3 80  7  0  0
10  9 117288 155261548 1923160 33006104    0    0 537840 318208 168430 349372 10  3 80  8  0  0
 4  0 117288 155255852 1923160 33006116    0    0 534048 335260 167891 350506 10  3 80  8  0  0
14  9 117288 155258304 1923160 33006128    0    0 543056 324620 168339 356011 10  3 79  8  0  0
 9 11 117288 155259700 1923160 33006140    0    0 537968 333872 168744 354459 10  3 80  8  0  0
13  7 117288 155261468 1923160 33006148    0    0 532864 328140 166775 347646 10  3 80  7  0  0
 7  0 117288 155266844 1923160 33006156    0    0 534320 319392 167024 348742 10  3 80  8  0  0
 6  1 117288 155272052 1923164 33006156    0    0 534192 333216 167950 349118 10  3 80  8  0  0
14  5 117288 155280776 1923164 33006168    0    0 523744 335432 166211 340907 10  3 80  7  0  0
12  6 117288 155273232 1923164 33006184    0    0 533728 325444 167825 348141 10  3 80  8  0  0
15  4 117288 155267216 1923164 33006192    0    0 532368 332108 167548 346767 10  3 80  8  0  0
14  6 117288 155264936 1923164 33006204    0    0 541120 327464 168580 350922 10  3 79  8  0  0
13  6 117288 155272104 1923176 33006200    0    0 532016 326524 167330 345559 10  3 80  7  0  0
11  8 117288 155262588 1923176 33006224    0    0 535824 324464 167479 346850 10  3 80  8  0  0
14  6 117288 155270116 1923176 33006240    0    0 533008 325368 166192 348843 10  3 80  8  0  0
10  8 117288 155269812 1923176 33006248    0    0 534768 321744 166105 343085 10  3 80  8  0  0
procs -----------memory---------- ---swap-- -----io---- -system-- -------cpu-------
 r  b   swpd   free   buff  cache   si   so    bi    bo   in   cs us sy id wa st gu
10  9 117288 155275628 1923176 33006256    0    0 532336 325772 166465 343890 10  3 80  8  0  0
11  7 117288 155274460 1923180 33006264    0    0 531152 318988 166111 343331 10  3 79  8  0  0
 4  0 117288 155275152 1923180 33006280    0    0 525728 325044 166070 338820 10  3 80  8  0  0
16  5 117288 155280500 1923180 33006288    0    0 526736 314976 164553 339222 10  3 80  8  0  0
10  9 117288 155280400 1923180 33006300    0    0 528048 324888 165429 339612 10  3 80  8  0  0
 3  0 117288 155286612 1923180 33006308    0    0 530048 319632 165526 339756 10  3 79  8  0  0
10  8 117288 155275960 1923180 33006320    0    0 522192 314028 164543 336001 10  3 80  8  0  0
 4  0 117288 155278824 1923180 33006328    0    0 524624 322360 166144 342077 10  3 80  8  0  0
13  8 117288 155279960 1923180 33006332    0    0 532272 315676 165770 343163 10  3 79  8  0  0
11  7 117288 155281612 1923180 33006344    0    0 526880 317440 165327 340613 10  3 80  8  0  0
 9  9 117288 155282688 1923180 33006352    0    0 518416 319352 164864 333922 10  3 80  8  0  0
13  7 117288 155280720 1923180 33006364    0    0 531936 318116 166107 342322 10  3 80  8  0  0
13  6 117288 155271848 1923180 33006372    0    0 523392 320484 164593 339247 10  3 80  8  0  0
10  9 117288 155282492 1923180 33006380    0    0 531376 317928 166001 343877 10  3 80  8  0  0
14  6 117288 155283792 1923180 33006392    0    0 530336 315128 165016 342759 10  3 80  8  0  0
12  6 117288 155284564 1923180 33006400    0    0 524576 324584 166965 344742 10  3 80  8  0  0
13  5 117288 155275388 1923180 33006412    0    0 522352 325452 166073 342829 10  3 80  8  0  0
13  5 117288 155269360 1923180 33006420    0    0 533888 319068 168031 351273 10  3 79  8  0  0
17  5 117288 155275512 1923180 33006428    0    0 531600 320976 167215 347499 10  3 80  8  0  0
12  8 117288 155271668 1923180 33006440    0    0 525728 326128 167743 346375 10  3 80  8  0  0
 7 13 117288 155263644 1923180 33006452    0    0 525344 321180 167164 346191 10  3 80  8  0  0
procs -----------memory---------- ---swap-- -----io---- -system-- -------cpu-------
 r  b   swpd   free   buff  cache   si   so    bi    bo   in   cs us sy id wa st gu
 7 11 117288 155270912 1923180 33006460    0    0 526016 323540 167295 344761 10  3 80  8  0  0
12  6 117288 155264300 1923180 33006472    0    0 523328 324840 166849 342647 10  3 80  8  0  0
12  7 117288 155258264 1923180 33006480    0    0 536208 320948 167458 350574 10  3 79  8  0  0
14  5 117288 155258400 1923180 33006492    0    0 521424 329956 166388 341320 10  3 80  8  0  0
11  8 117288 155258356 1923180 33006496    0    0 534448 319680 167695 347439 10  3 79  8  0  0
15  4 117288 155257300 1923180 33006508    0    0 522352 329180 166460 342636 10  3 80  8  0  0
12  7 117288 155256112 1923180 33006520    0    0 523440 323964 167137 342875 10  3 80  8  0  0
14  6 117288 155252096 1923180 33006528    0    0 535184 320948 168764 346763 10  3 79  8  0  0
12  8 117288 155244884 1923180 33006540    0    0 525824 330704 168309 345037 10  3 80  8  0  0
12  7 117288 155242964 1923180 33006552    0    0 529984 319804 166894 347716 10  3 80  8  0  0
 2  1 117288 155244268 1923180 33006560    0    0 523104 324492 167575 343523 10  3 80  8  0  0
11  8 117288 155241092 1923180 33006568    0    0 525792 323960 167669 346155 10  3 80  8  0  0
21  3 117288 155241892 1923180 33006648    0    0 534208 322928 168721 348521 10  3 79  8  0  0
14  6 117288 155236956 1923180 33006660    0    0 519680 324848 166924 341324 10  3 80  8  0  0
11  7 117288 155235548 1923180 33006672    0    0 533408 316708 167797 346862 10  3 79  8  0  0
11  9 117288 155235932 1923180 33006684    0    0 527472 326020 167295 344552 10  3 79  8  0  0
12  7 117288 155229572 1923180 33006696    0    0 529584 321252 167424 343202 10  3 80  8  0  0
10  9 117288 155239800 1923180 33006704    0    0 523424 324052 166895 340212 10  3 80  8  0  0
13  8 117288 155237256 1923180 33006712    0    0 527424 325224 167215 344925 10  3 80  8  0  0
15  2 117288 155236500 1923180 33006728    0    0 530960 325696 167899 344063 10  3 80  8  0  0
13  5 117288 155242384 1923180 33006736    0    0 526784 324104 167877 344163 10  3 80  8  0  0
procs -----------memory---------- ---swap-- -----io---- -system-- -------cpu-------
 r  b   swpd   free   buff  cache   si   so    bi    bo   in   cs us sy id wa st gu
 9  9 117288 155242608 1923184 33006736    0    0 527888 326300 167017 343250 10  3 80  8  0  0
10  9 117288 155239552 1923184 33006748    0    0 532016 324468 168581 349777 10  3 80  8  0  0
11  8 117288 155249996 1923184 33006756    0    0 529216 325936 167152 348323 10  3 79  8  0  0
 8 10 117288 155251736 1923184 33006772    0    0 527520 326952 166855 342188 10  3 80  8  0  0
 6 12 117288 155248208 1923184 33006780    0    0 523936 318032 165382 343088 10  3 79  8  0  0
13  8 117288 155243200 1923184 33006788    0    0 535568 325456 167680 347771 10  3 79  8  0  0
13  8 117288 155253884 1923184 33006796    0    0 537904 317880 167970 348854 10  3 80  8  0  0
15  5 117288 155254444 1923184 33006804    0    0 528656 335332 167521 344907 10  3 80  8  0  0
11  8 117288 155255032 1923184 33006820    0    0 540768 315240 168562 348317 10  3 79  8  0  0
11  9 117288 155252872 1923184 33006828    0    0 530912 327092 167370 344131 10  3 79  8  0  0
11  9 117288 155260444 1923184 33006836    0    0 537616 325492 168271 349708 10  3 79  8  0  0
15  4 117288 155252944 1923184 33006844    0    0 526288 329784 166931 350265 10  3 80  8  0  0
11  7 117288 155253232 1923184 33006856    0    0 528512 331188 167887 343821 10  3 80  8  0  0
 9  9 117288 155245112 1923184 33006868    0    0 540640 323876 168685 351702 10  3 79  8  0  0
13  6 117288 155248108 1923184 33006876    0    0 527200 327272 166471 343889 10  3 80  8  0  0
12  7 117288 155250284 1923184 33006884    0    0 537392 316552 167732 350508 10  3 79  8  0  0
14  5 117288 155253576 1923184 33006892    0    0 527632 331836 167973 343593 10  3 80  8  0  0
14  7 117288 155250820 1923184 33006904    0    0 523360 321216 166897 342803 10  3 80  8  0  0
11  8 117288 155255984 1923184 33006916    0    0 524256 324356 166804 343169 10  3 80  8  0  0
10  8 117288 155257772 1923184 33006924    0    0 520880 326568 165872 340103 10  3 80  8  0  0
16  7 117288 155250108 1923188 33006928    0    0 529184 323788 167281 343753 10  3 80  8  0  0
procs -----------memory---------- ---swap-- -----io---- -system-- -------cpu-------
 r  b   swpd   free   buff  cache   si   so    bi    bo   in   cs us sy id wa st gu
11  8 117288 155247264 1923188 33006944    0    0 523056 322160 165946 341045 10  3 80  8  0  0
 9  9 117288 155241544 1923188 33006952    0    0 527616 325668 167425 344133 10  3 79  8  0  0
12  8 117288 155241976 1923188 33006964    0    0 527440 319184 167133 341475 10  3 80  8  0  0
15  3 117288 155242856 1923188 33006976    0    0 527024 320444 166892 341598 10  3 79  8  0  0
14  5 117288 155250556 1923188 33006984    0    0 524800 322248 166606 341552 10  3 80  8  0  0
16  5 117288 155254216 1923192 33006992    0    0 524384 321536 166133 339828 10  3 80  8  0  0
11  7 117288 155261340 1923192 33007004    0    0 532672 319884 166502 341593 10  3 79  8  0  0
10  9 117288 155254640 1923192 33007016    0    0 525296 328564 166880 343278 10  3 80  8  0  0
12  7 117288 155248708 1923192 33007024    0    0 536000 323720 167555 348086 10  3 79  8  0  0
12  8 117288 155246504 1923192 33007032    0    0 528896 327084 167611 345505 10  3 80  8  0  0
 4  0 117288 155249732 1923196 33007044    0    0 530400 318848 166834 345132 10  3 80  8  0  0
13  5 117288 155251756 1923196 33007052    0    0 525712 324216 167100 345589 10  3 80  8  0  0
10  7 117288 155245648 1923196 33007060    0    0 530368 319340 166624 344108 10  3 80  8  0  0
11  3 117288 155245504 1923196 33007076    0    0 525712 321036 166506 342850 10  3 80  8  0  0
16  5 117288 155245984 1923196 33007084    0    0 522896 325596 166120 340956 10  3 80  8  0  0
11  7 117288 155250288 1923196 33007092    0    0 526304 321064 166113 343202 10  3 80  8  0  0
13  7 117288 155246768 1923196 33007104    0    0 529984 322468 166553 343025 10  3 79  8  0  0
 3  1 117288 155247940 1923196 33007112    0    0 524080 325168 165689 342902 10  3 80  8  0  0
11  7 117288 155253056 1923196 33007124    0    0 528432 319244 166335 342365 10  3 80  8  0  0
17  5 117288 155256316 1923196 33007132    0    0 530688 325368 166883 345088 10  3 80  8  0  0
 9  8 117288 155260756 1923196 33007144    0    0 524816 325252 166843 345597 10  3 80  8  0  0
procs -----------memory---------- ---swap-- -----io---- -system-- -------cpu-------
 r  b   swpd   free   buff  cache   si   so    bi    bo   in   cs us sy id wa st gu
 4  0 117288 155260572 1923196 33007152    0    0 529856 324616 167975 348842 10  3 80  8  0  0
14  5 117288 155257128 1923196 33007164    0    0 527216 323056 166904 345888 10  3 80  8  0  0
11  8 117288 155257860 1923196 33007176    0    0 535632 321752 167828 348916 10  3 79  8  0  0
 4  0 117288 155258052 1923196 33007184    0    0 529472 319700 167097 348016 10  3 79  8  0  0
13  7 117288 155262236 1923200 33007192    0    0 527056 331440 166808 345643 10  3 80  8  0  0
12  8 117288 155272240 1923200 33007204    0    0 530576 326324 167440 347923 10  3 79  8  0  0
 6 12 117288 155274956 1923200 33007212    0    0 531568 321940 167344 344227 10  3 80  8  0  0
11  8 117288 155275672 1923200 33007224    0    0 531568 325012 166997 346510 10  3 79  8  0  0
16  6 117288 155275204 1923200 33007240    0    0 534224 324244 167796 347516 10  3 80  8  0  0
13  6 117288 155259040 1923204 33007308    0    0 536448 321588 168348 347731 10  3 79  8  0  0
11  7 117288 155261068 1923204 33007416    0    0 524064 325568 166810 341766 10  3 80  8  0  0
11  9 117288 155258928 1923204 33007424    0    0 525904 325432 167801 344139 10  3 80  8  0  0
13  7 117288 155262920 1923204 33007436    0    0 528816 326060 167811 346790 10  3 80  8  0  0
 7 11 117288 155268692 1923204 33007448    0    0 524864 320784 167182 341855 10  3 79  8  0  0
11  7 117288 155268720 1923204 33007460    0    0 524992 321528 166789 347183 10  3 80  8  0  0
14  6 117288 155268496 1923204 33007468    0    0 527504 324288 167377 344746 10  3 80  8  0  0
12  7 117288 155267152 1923204 33007476    0    0 532736 324948 168436 346513 10  3 79  8  0  0
 3  1 117288 155270736 1923204 33007488    0    0 532720 323084 168157 346057 10  3 79  8  0  0
15  6 117288 155271184 1923208 33007496    0    0 525056 319664 166623 340215 10  3 80  8  0  0
10  8 117288 155278644 1923208 33007508    0    0 526256 328704 167727 342703 10  3 80  8  0  0
 9  9 117288 155270692 1923208 33007516    0    0 527776 323892 167633 347502 10  3 79  8  0  0
procs -----------memory---------- ---swap-- -----io---- -system-- -------cpu-------
 r  b   swpd   free   buff  cache   si   so    bi    bo   in   cs us sy id wa st gu
11  7 117288 155273128 1923208 33007524    0    0 521424 325284 166519 341446 10  3 80  8  0  0
14  5 117288 155270932 1923208 33007536    0    0 530688 324120 167390 345209 10  3 80  8  0  0
15  5 117288 155268848 1923212 33007544    0    0 529664 323704 167357 344368 10  3 80  8  0  0
17  0 117288 155277692 1923212 33007556    0    0 536080 323208 168672 350394 10  3 79  8  0  0
 9  9 117288 155270540 1923212 33007564    0    0 528128 325080 167394 343079 10  3 79  8  0  0
 4  0 117288 155274760 1923212 33007572    0    0 536288 324640 168408 349442 10  3 79  8  0  0
15  0 117288 155267808 1923212 33007576    0    0 536304 323400 167409 347095 10  3 79  8  0  0
 4  0 117288 155278596 1923216 33007588    0    0 525568 322636 166242 342666 10  3 80  8  0  0
13  6 117288 155282844 1923216 33007600    0    0 529392 322948 167102 345607 10  3 80  8  0  0
10  9 117288 155284004 1923216 33007608    0    0 527504 326436 167374 345422 10  3 79  8  0  0
10  8 117288 155282156 1923216 33007620    0    0 528848 329120 167007 342612 10  3 80  8  0  0
13  6 117288 155274660 1923216 33007632    0    0 530976 320960 166675 345074 10  3 80  8  0  0
12  9 117288 155268576 1923220 33007640    0    0 525952 324268 166494 341799 10  3 80  8  0  0
 8 11 117288 155274900 1923220 33007652    0    0 529504 322260 167210 344604 10  3 79  8  0  0
11  7 117288 155279552 1923220 33007660    0    0 519968 324144 166625 343515 10  3 80  8  0  0
10  8 117288 155277596 1923220 33007668    0    0 530560 319776 166888 344637 10  3 80  8  0  0
11  8 117288 155267620 1923220 33007680    0    0 529600 321168 166715 343295 10  3 80  8  0  0
16  5 117288 155276704 1923224 33007688    0    0 525424 317640 166892 343621 10  3 80  8  0  0
 7 11 117288 155280920 1923224 33007700    0    0 524336 327464 167949 342879 10  3 80  8  0  0
11  8 117288 155274564 1923224 33007712    0    0 529872 317660 167180 344659 10  3 79  8  0  0
 9  9 117288 155282336 1923224 33007720    0    0 523792 320220 166445 343014 10  3 80  8  0  0
procs -----------memory---------- ---swap-- -----io---- -system-- -------cpu-------
 r  b   swpd   free   buff  cache   si   so    bi    bo   in   cs us sy id wa st gu
11  7 117288 155277792 1923224 33007732    0    0 523920 321984 165715 342078 10  3 80  8  0  0
10  9 117288 155279516 1923224 33007744    0    0 525088 323856 165856 339183 10  3 80  8  0  0
13  6 117288 155276816 1923228 33007752    0    0 528448 316008 166485 345321 10  3 79  8  0  0
 4  0 117288 155274884 1923228 33007756    0    0 523440 323596 166645 338043 10  3 80  8  0  0
 4  0 117288 155270784 1923228 33007768    0    0 527424 325548 166857 342714 10  3 79  8  0  0
11  8 117288 155282564 1923228 33007776    0    0 528400 321232 167098 342240 10  3 80  8  0  0
14  8 117288 155282320 1923228 33007796    0    0 533104 327572 167860 344290 10  3 80  8  0  0
 2  1 117288 155281588 1923228 33007804    0    0 527856 321848 166225 344040 10  3 79  8  0  0
 5  0 117288 155281420 1923228 33007816    0    0 531808 322940 167408 346640 10  3 79  8  0  0
13  5 117288 155284664 1923228 33007828    0    0 524192 324496 166455 345173 10  3 80  8  0  0
10  8 117288 155281508 1923228 33007836    0    0 526448 318916 165942 341384 10  3 80  8  0  0
 6  1 117288 155279496 1923228 33007848    0    0 531280 327816 167237 346656 10  3 79  8  0  0
11  7 117288 155279820 1923232 33007852    0    0 522784 325592 167074 343193 10  3 80  8  0  0
13  6 117288 155276372 1923232 33007868    0    0 535216 319184 167978 348311 10  3 79  8  0  0
 3  1 117288 155286032 1923232 33007876    0    0 520464 322984 166091 340235 10  3 80  8  0  0
11  9 117288 155284980 1923232 33007884    0    0 528096 319436 166554 344138 10  3 80  8  0  0
 4  0 117288 155285892 1923232 33007892    0    0 533120 319728 167225 346245 10  3 79  8  0  0
14  5 117288 155287216 1923236 33007900    0    0 526496 321740 166834 345041 10  3 80  8  0  0
 3  0 117288 155283692 1923236 33007912    0    0 528816 323988 166344 346246 10  3 80  8  0  0
 4  0 117288 155280412 1923236 33007924    0    0 530448 324232 167321 347867 10  3 79  8  0  0
14  7 117288 155284376 1923236 33007928    0    0 531376 324560 167326 343404 10  3 79  8  0  0
procs -----------memory---------- ---swap-- -----io---- -system-- -------cpu-------
 r  b   swpd   free   buff  cache   si   so    bi    bo   in   cs us sy id wa st gu
15  4 117288 155278548 1923236 33007936    0    0 530384 322136 166639 342394 10  3 79  8  0  0
12  6 117288 155277180 1923240 33007944    0    0 530000 323648 167496 342047 10  3 79  8  0  0
 4  0 117288 155276912 1923240 33007960    0    0 527424 323908 166691 342606 10  3 79  8  0  0
15  3 117288 155280560 1923240 33007968    0    0 523072 325112 165916 339081 10  3 79  8  0  0
 3  0 117288 155272608 1923240 33007976    0    0 525136 319668 166871 341974 10  3 80  8  0  0
15  9 117288 155270744 1923240 33007984    0    0 531952 316984 166539 342051 10  3 80  8  0  0
11  8 117288 155274672 1923240 33008064    0    0 523664 323800 166350 338127 10  3 80  8  0  0
13  8 117288 155282588 1923240 33008072    0    0 522832 327640 167465 339686 10  3 80  8  0  0
11  7 117288 155283804 1923240 33008088    0    0 525888 318824 166100 342792 10  3 80  8  0  0
18  3 117288 155273784 1923240 33008100    0    0 523136 322856 165914 338029 10  3 80  8  0  0
 9  9 117288 155280332 1923240 33008108    0    0 527728 323208 167553 339664 10  3 80  8  0  0
12  7 117288 155273620 1923240 33008120    0    0 525280 322788 166055 343423 10  3 80  8  0  0
 4  0 117288 155265140 1923244 33008128    0    0 525584 326052 166242 340813 10  3 80  8  0  0
11  8 117288 155276308 1923244 33008140    0    0 528576 324616 166876 342620 10  3 80  8  0  0
15  5 117288 155273852 1923244 33008148    0    0 530000 325780 166703 347265 10  3 79  8  0  0
 8 11 117288 155275888 1923244 33008156    0    0 529152 321172 166837 342983 10  3 79  8  0  0
 9  9 117288 155276916 1923244 33008164    0    0 527520 318380 166840 342683 10  3 79  8  0  0
10  8 117288 155274836 1923244 33008180    0    0 537888 321952 168060 348199 10  3 79  8  0  0
13  5 117288 155282420 1923244 33008188    0    0 521232 330872 166543 345587 10  3 80  8  0  0
13  5 117288 155278612 1923244 33008196    0    0 532288 328680 168118 347370 10  3 79  8  0  0
 9  9 117288 155278868 1923244 33008204    0    0 531520 314072 166366 346342 10  3 79  8  0  0
procs -----------memory---------- ---swap-- -----io---- -system-- -------cpu-------
 r  b   swpd   free   buff  cache   si   so    bi    bo   in   cs us sy id wa st gu
 7  0 117288 155279188 1923244 33008220    0    0 526480 328996 167450 342661 10  3 80  8  0  0
20  4 117288 155282832 1923244 33008228    0    0 533872 322536 167277 346054 10  3 79  8  0  0
11  7 117288 155278092 1923244 33008236    0    0 531920 319916 167031 346918 10  3 79  8  0  0
 5  0 117288 155269620 1923244 33008244    0    0 537104 325888 168027 349516 10  3 79  8  0  0
 6  0 117288 155274112 1923244 33008252    0    0 532064 321564 166736 347428 10  3 80  8  0  0
12  8 117288 155277500 1923244 33008268    0    0 526512 330044 167642 345653 10  3 80  8  0  0
10 10 117288 155276504 1923244 33008276    0    0 531696 324756 167343 346339 10  3 80  8  0  0
 3  0 117288 155283844 1923244 33008284    0    0 531744 316848 167776 349641 10  3 80  8  0  0
13  6 117288 155275308 1923244 33008292    0    0 529456 330844 167604 345088 10  3 80  8  0  0
11  7 117288 155278828 1923244 33008300    0    0 533328 324704 167660 349742 10  3 80  8  0  0
21  2 117288 155271856 1923244 33008312    0    0 534528 331256 167601 347387 10  3 80  8  0  0
 0 16 117288 155269832 1923244 33008324    0    0 525136 332744 167094 344308 10  3 80  8  0  0
13  8 117288 155266168 1923248 33008328    0    0 536080 324724 168150 349008 10  3 80  8  0  0
 9 11 117288 155272364 1923248 33008336    0    0 531360 326272 168132 346493 10  3 80  8  0  0
 6 13 117288 155266348 1923248 33008348    0    0 534864 325992 168040 349793 10  3 79  8  0  0
 5  0 117288 155268656 1923248 33008356    0    0 527984 327904 167581 347423 10  3 80  8  0  0
 9  9 117288 155276000 1923248 33008372    0    0 535968 328696 167964 350116 10  3 79  8  0  0
12  6 117288 155278132 1923248 33008384    0    0 531888 319700 167586 346483 10  3 79  8  0  0
 9  9 117288 155276768 1923248 33008392    0    0 533024 319436 166519 349190 10  3 79  8  0  0
 3  0 117288 155275752 1923248 33008400    0    0 519616 332024 165434 340404 10  3 80  8  0  0
10  9 117288 155268236 1923248 33008416    0    0 534960 316396 167105 346525 10  3 79  8  0  0
procs -----------memory---------- ---swap-- -----io---- -system-- -------cpu-------
 r  b   swpd   free   buff  cache   si   so    bi    bo   in   cs us sy id wa st gu
16  6 117288 155279552 1923248 33008428    0    0 528368 322780 167659 346863 10  3 80  8  0  0
13  6 117288 155282824 1923252 33008432    0    0 527104 324020 166186 342749 10  3 80  8  0  0
 6  1 117288 155289356 1923252 33008444    0    0 535504 330972 168219 344284 10  3 79  8  0  0
11  7 117288 155292276 1923252 33008456    0    0 530464 324872 166645 343250 10  3 80  8  0  0
 3  0 117288 155288868 1923252 33008464    0    0 529648 323084 166802 345331 10  3 80  8  0  0
 4  0 117288 155287248 1923252 33008480    0    0 531344 327644 167589 345814 10  3 80  8  0  0
13  5 117288 155283492 1923252 33008488    0    0 531440 322104 167957 346267 10  3 80  8  0  0
10  9 117288 155278468 1923252 33008496    0    0 525376 322156 166181 341453 10  3 80  8  0  0
11  8 117288 155286932 1923252 33008508    0    0 530656 321300 167774 348384 10  3 79  8  0  0
11  9 117288 155288924 1923252 33008516    0    0 529856 319164 167803 347146 10  3 80  8  0  0
12  7 117288 155291844 1923252 33008528    0    0 527104 323412 166798 341834 10  3 80  8  0  0
 4  0 117288 155276360 1923252 33008536    0    0 533824 324860 168316 346915 10  3 79  8  0  0
15  3 117288 155275616 1923252 33008544    0    0 525744 333296 167548 343633 10  3 80  8  0  0
10  8 117288 155276504 1923252 33008556    0    0 532240 327100 168101 347770 10  3 79  8  0  0
 9  8 117288 155273360 1923252 33008564    0    0 527104 325640 167503 344465 10  3 80  8  0  0
11  7 117288 155280928 1923252 33008576    0    0 532464 321104 167160 349291 10  3 80  8  0  0
10  8 117288 155276052 1923252 33008584    0    0 522960 325420 166699 342536 10  3 80  8  0  0
10  8 117288 155276904 1923256 33008592    0    0 531392 328972 167484 346573 10  3 80  8  0  0
 4  0 117288 155278492 1923256 33008604    0    0 534000 327392 167099 345784 10  3 80  8  0  0
13  7 117288 155282664 1923256 33008612    0    0 535376 319652 166883 348873 10  3 79  8  0  0
13  6 117288 155280604 1923256 33008624    0    0 528320 320488 165663 344576 10  3 80  8  0  0
procs -----------memory---------- ---swap-- -----io---- -system-- -------cpu-------
 r  b   swpd   free   buff  cache   si   so    bi    bo   in   cs us sy id wa st gu
14  6 117288 155277284 1923256 33008632    0    0 526880 330664 167351 344215 10  3 80  8  0  0
12  6 117288 155283636 1923256 33008640    0    0 528240 317312 165969 341450 10  3 80  8  0  0
 7 11 117288 155287072 1923256 33008652    0    0 528928 322504 166948 345466 10  3 80  8  0  0
14  6 117288 155291148 1923256 33008724    0    0 537680 319844 168257 348696 10  3 79  8  0  0
13  6 117288 155287888 1923256 33008732    0    0 530608 325756 167401 344623 10  3 80  8  0  0
14  7 117288 155287740 1923256 33008740    0    0 524208 325176 165367 343116 10  3 80  8  0  0
 3  0 117288 155285196 1923256 33008752    0    0 530512 321752 167093 346812 10  3 79  8  0  0
10  8 117288 155283240 1923256 33008760    0    0 527488 330100 166636 344718 10  3 80  8  0  0
12  7 117288 155280180 1923256 33008768    0    0 541312 324444 169268 353979 10  3 79  8  0  0
15  7 117288 155272748 1923256 33008776    0    0 531088 326080 168275 344282 10  3 79  8  0  0
14  6 117288 155275968 1923256 33008788    0    0 527168 324640 167698 347389 10  3 80  8  0  0
13  6 117288 155279592 1923256 33008804    0    0 523248 322480 167270 343116 10  3 80  8  0  0
 9 10 117288 155280344 1923256 33008812    0    0 522656 322056 166948 342682 10  3 80  8  0  0
11  8 117288 155280112 1923256 33008820    0    0 527264 324072 167380 342741 10  3 80  8  0  0
11  8 117288 155280640 1923256 33008828    0    0 526480 320468 165972 343518 10  3 80  8  0  0
13  5 117288 155276340 1923256 33008844    0    0 526512 318632 166613 342828 10  3 80  8  0  0
 9  9 117288 155271164 1923256 33008852    0    0 526560 322268 166975 344102 10  3 80  8  0  0
13  6 117288 155269312 1923256 33008860    0    0 527168 322808 166627 347399 10  3 80  8  0  0
10 10 117288 155278064 1923256 33008868    0    0 521744 327776 166622 342322 10  3 80  8  0  0
 8 10 117288 155274748 1923256 33008880    0    0 532080 326480 168312 347130 10  3 80  8  0  0
 9  9 117288 155269568 1923256 33008892    0    0 532192 319876 167020 343161 10  3 79  8  0  0
procs -----------memory---------- ---swap-- -----io---- -system-- -------cpu-------
 r  b   swpd   free   buff  cache   si   so    bi    bo   in   cs us sy id wa st gu
13  6 117288 155268480 1923260 33008900    0    0 523488 328160 166080 342230 10  3 80  8  0  0
 9 10 117288 155263704 1923260 33008908    0    0 535568 323840 167635 346849 10  3 80  8  0  0
 4  0 117288 155262328 1923260 33008924    0    0 529776 324868 167307 344400 10  3 79  8  0  0
14  5 117288 155263800 1923260 33008932    0    0 529360 320308 167710 343797 10  3 80  8  0  0
 4  0 117288 155263320 1923260 33008948    0    0 526144 327824 167471 344340 10  3 80  8  0  0
10  8 117288 155266668 1923260 33008956    0    0 537040 320928 168967 349906 10  3 80  8  0  0
13  7 117288 155259876 1923264 33008964    0    0 540064 323008 167946 348140 10  3 79  8  0  0
13  4 117288 155261872 1923264 33008972    0    0 527552 321000 167204 343469 10  3 80  8  0  0
 4  0 117288 155272776 1923264 33008980    0    0 525712 331132 167187 345178 10  3 80  8  0  0
18  0 117288 155265464 1923264 33009000    0    0 531680 322368 167633 344035 10  3 80  8  0  0
16  6 117288 155258460 1923264 33009008    0    0 534208 324136 168172 349834 10  3 79  8  0  0
12  8 117288 155265312 1923268 33009016    0    0 528720 330136 167880 345530 10  3 80  8  0  0
13  7 117288 155273060 1923268 33009024    0    0 532576 324744 168031 345084 10  3 80  8  0  0
13  5 117288 155266728 1923268 33009032    0    0 531616 324872 168065 347750 10  3 79  8  0  0
12  6 117288 155268492 1923268 33009048    0    0 526032 322440 167140 343249 10  3 80  8  0  0
15  5 117288 155268456 1923268 33009056    0    0 525936 327332 167309 341812 10  3 80  8  0  0
 5  0 117288 155263096 1923276 33009056    0    0 530064 317992 167258 342527 10  3 79  8  0  0
10  9 117288 155262976 1923276 33009072    0    0 522416 324828 165590 341532 10  3 80  8  0  0
14  6 117288 155257640 1923276 33009080    0    0 527360 324356 166269 342899 10  3 80  8  0  0
 4  0 117288 155259208 1923280 33009084    0    0 530320 320424 167717 344981 10  3 80  8  0  0
11  8 117288 155258148 1923280 33009100    0    0 529472 324856 167977 345022 10  3 80  8  0  0
procs -----------memory---------- ---swap-- -----io---- -system-- -------cpu-------
 r  b   swpd   free   buff  cache   si   so    bi    bo   in   cs us sy id wa st gu
 8 10 117288 155260372 1923280 33009108    0    0 527312 324284 167617 342918 10  3 80  8  0  0
 4  0 117288 155253484 1923280 33009120    0    0 527520 328900 167332 345807 10  3 80  8  0  0
14  6 117288 155260960 1923280 33009132    0    0 535088 329160 167716 351787 10  3 80  8  0  0
 7 11 117288 155259916 1923280 33009140    0    0 534624 322612 168461 348594 10  3 79  8  0  0
13  6 117288 155256772 1923280 33009152    0    0 528608 327832 168166 345915 10  3 80  8  0  0
16  3 117288 155260464 1923280 33009160    0    0 536176 327136 168060 350715 10  3 79  8  0  0
11  9 117288 155264476 1923280 33009168    0    0 530336 323612 167802 345830 10  3 80  8  0  0
13  6 117288 155268144 1923280 33009180    0    0 532288 320780 166563 345143 10  3 80  8  0  0
15  4 117288 155271628 1923280 33009188    0    0 540352 329124 168512 351093 10  3 79  8  0  0
 5  0 117288 155268332 1923280 33009200    0    0 528432 329504 167582 346142 10  3 80  8  0  0
 7 11 117288 155267640 1923284 33009208    0    0 528368 325428 167562 344222 10  3 80  8  0  0
15  5 117288 155265852 1923284 33009220    0    0 530160 330200 168772 348287 10  3 80  8  0  0
11  7 117288 155275464 1923284 33009232    0    0 540688 323436 169043 353373 10  3 79  8  0  0
13  7 117288 155272248 1923284 33009240    0    0 530832 327500 167320 346582 10  3 80  8  0  0
12  6 117288 155271696 1923284 33009252    0    0 528336 324780 167532 345807 10  3 80  8  0  0
13  0 117288 155274384 1923284 33009256    0    0 528096 330804 167565 346438 10  3 80  8  0  0
12  6 117288 155276320 1923284 33009268    0    0 536720 325592 168519 346712 10  3 79  8  0  0
15  3 117288 155276712 1923284 33009276    0    0 529136 322584 166537 343569 10  3 80  8  0  0
14  4 117288 155274892 1923284 33009284    0    0 532304 327092 167943 346515 10  3 79  8  0  0
 4  0 117288 155273844 1923284 33009296    0    0 534944 329488 168937 348149 10  3 79  8  0  0
 9  9 117288 155270000 1923292 33009296    0    0 533664 320096 167839 345665 10  3 80  8  0  0
procs -----------memory---------- ---swap-- -----io---- -system-- -------cpu-------
 r  b   swpd   free   buff  cache   si   so    bi    bo   in   cs us sy id wa st gu
11  9 117288 155268536 1923292 33009380    0    0 530016 325716 167878 344746 10  3 80  8  0  0
12  7 117288 155269400 1923292 33009420    0    0 531760 329648 168472 346993 10  3 80  8  0  0
 8 11 117288 155268760 1923292 33009428    0    0 538704 327016 169123 349573 10  3 79  8  0  0
15  5 117288 155274412 1923292 33009440    0    0 535712 324056 167691 346984 10  3 79  8  0  0
16  6 117288 155270648 1923292 33009448    0    0 535504 328900 167355 347592 10  3 80  8  0  0
 9  8 117288 155270640 1923296 33009460    0    0 531328 327792 166491 343615 10  3 80  8  0  0
13  7 117288 155265028 1923296 33009468    0    0 534816 325692 167414 345912 10  3 79  8  0  0
13  7 117288 155270228 1923296 33009476    0    0 531872 321484 167303 348959 10  3 80  8  0  0
 4  0 117288 155266308 1923296 33009488    0    0 532432 324144 167422 346176 10  3 80  8  0  0
12  6 117288 155268496 1923296 33009500    0    0 532992 326824 166741 347677 10  3 80  8  0  0
13  5 117288 155271936 1923300 33009512    0    0 536672 325040 167862 349049 10  3 79  8  0  0
 4  0 117288 155269224 1923300 33009520    0    0 533248 329624 167343 348210 10  3 80  8  0  0
 7  0 117288 155273624 1923300 33009528    0    0 538432 323116 167825 347922 10  3 80  8  0  0
 6 12 117288 155276072 1923300 33009536    0    0 533872 326192 167690 347688 10  3 80  8  0  0
 4  0 117288 155271460 1923300 33009548    0    0 532960 327168 167924 347614 10  3 79  8  0  0
 5  1 117288 155277360 1923300 33009560    0    0 536320 328304 167594 349945 10  3 79  8  0  0
13  0 117288 155279724 1923300 33009568    0    0 531632 333204 167410 344820 10  3 80  8  0  0
 8 10 117288 155274216 1923300 33009576    0    0 539280 324828 168847 349646 10  3 79  8  0  0
 9  8 117288 155277044 1923300 33009584    0    0 538048 325876 167697 346661 10  3 80  8  0  0
13  8 117288 155270668 1923300 33009596    0    0 532256 329828 167737 346671 10  3 80  8  0  0
12  7 117288 155272532 1923300 33009612    0    0 537920 324300 168551 349836 10  3 79  8  0  0
procs -----------memory---------- ---swap-- -----io---- -system-- -------cpu-------
 r  b   swpd   free   buff  cache   si   so    bi    bo   in   cs us sy id wa st gu
15  6 117288 155261164 1923300 33009624    0    0 531632 329964 168412 345318 10  3 80  8  0  0
12  6 117288 155263232 1923300 33009632    0    0 532272 327244 168396 346706 10  3 80  8  0  0
12  8 117288 155265292 1923300 33009640    0    0 533936 328720 168532 346383 10  3 80  8  0  0
10  8 117288 155267444 1923300 33009656    0    0 534880 325104 168370 346542 10  3 80  8  0  0
 4  0 117288 155262368 1923300 33009664    0    0 533952 326800 168419 345602 10  3 79  8  0  0
18  4 117288 155258300 1923300 33009672    0    0 534848 332172 168222 349670 10  3 79  8  0  0
15  6 117288 155264716 1923300 33009680    0    0 537632 324212 168406 347433 10  3 79  8  0  0
 4  1 117288 155273592 1923300 33009688    0    0 532592 326736 167921 342140 10  3 80  8  0  0
10  8 117288 155273308 1923300 33009700    0    0 540432 323888 167810 350762 10  3 79  8  0  0
14  6 117288 155271844 1923300 33009708    0    0 535616 329380 168112 349581 10  3 80  8  0  0
11  8 117288 155270176 1923300 33009716    0    0 531504 323320 166075 346354 10  3 80  8  0  0
12  6 117288 155277908 1923300 33009724    0    0 527792 330172 166539 343768 10  3 80  8  0  0
 5  0 117288 155284652 1923300 33009732    0    0 536096 327992 167997 348709 10  3 79  8  0  0
11  8 117288 155285636 1923300 33009748    0    0 534384 324568 167644 349503 10  3 80  8  0  0
 4  0 117288 155281764 1923300 33009756    0    0 528912 325952 166774 346075 10  3 80  8  0  0
 9 10 117288 155280740 1923300 33009764    0    0 527872 321208 166646 342195 10  3 80  8  0  0
14  7 117288 155288488 1923300 33009772    0    0 535792 326012 167847 346888 10  3 80  8  0  0
14  5 117288 155284112 1923300 33009784    0    0 520384 325484 165800 337694 10  3 80  8  0  0
10  8 117288 155288712 1923300 33009796    0    0 535856 325016 168322 346552 10  3 79  8  0  0
17  6 117288 155288280 1923304 33009804    0    0 532048 322252 166954 344784 10  3 80  8  0  0
11  6 117288 155284056 1923304 33009816    0    0 534640 323344 167520 345790 10  3 80  8  0  0
procs -----------memory---------- ---swap-- -----io---- -system-- -------cpu-------
 r  b   swpd   free   buff  cache   si   so    bi    bo   in   cs us sy id wa st gu
11  8 117288 155283932 1923304 33009824    0    0 531216 330396 167759 346724 10  3 79  8  0  0
11  8 117288 155278400 1923304 33009836    0    0 537376 326568 168602 346736 10  3 79  8  0  0
14  5 117288 155289760 1923304 33009852    0    0 531152 322740 167256 346395 10  3 80  8  0  0
15  8 117288 155287848 1923304 33009860    0    0 529728 322496 167726 344029 10  3 80  8  0  0
14  7 117288 155287048 1923304 33009864    0    0 525184 324188 167281 343146 10  3 80  8  0  0
10  9 117288 155281660 1923304 33009872    0    0 531696 327708 168086 346467 10  3 80  8  0  0
12  8 117288 155282312 1923304 33009884    0    0 530640 325180 168361 344624 10  3 80  8  0  0
10  7 117288 155282228 1923304 33009892    0    0 528832 326320 167119 344174 10  3 80  8  0  0
 5  1 117288 155282936 1923304 33009904    0    0 525248 325484 166133 341539 10  3 80  8  0  0
17  3 117288 155274716 1923304 33009912    0    0 531584 321940 165977 342514 10  3 80  8  0  0
13  5 117288 155281948 1923304 33009920    0    0 523808 326776 167022 342109 10  3 80  8  0  0
17  5 117288 155279116 1923304 33009932    0    0 527440 316140 166888 341553 10  3 80  8  0  0
 8 10 117288 155274352 1923304 33009944    0    0 522688 323224 166925 341701 10  3 80  8  0  0
12  6 117288 155270556 1923304 33009956    0    0 528592 327040 167859 345670 10  3 80  8  0  0
 4  0 117288 155264612 1923304 33009964    0    0 530832 327808 168277 345544 10  3 80  8  0  0
10 10 117288 155279592 1923304 33009972    0    0 531184 326860 168111 346043 10  3 80  8  0  0
 8  0 117288 155277000 1923304 33009984    0    0 534112 318900 167301 347356 10  3 79  8  0  0
14  5 117288 155278752 1923304 33009996    0    0 523680 320816 166330 340176 10  3 80  8  0  0
16  9 117288 155274568 1923304 33010072    0    0 532928 326776 167753 346481 10  3 80  8  0  0
11  8 117288 155283040 1923304 33010080    0    0 539760 322348 168780 350469 10  3 79  8  0  0
13  8 117288 155277100 1923304 33010092    0    0 532240 327232 167205 345854 10  3 79  8  0  0
procs -----------memory---------- ---swap-- -----io---- -system-- -------cpu-------
 r  b   swpd   free   buff  cache   si   so    bi    bo   in   cs us sy id wa st gu
10  9 117288 155275620 1923304 33010096    0    0 529232 328148 168081 344917 10  3 80  8  0  0
 9  9 117288 155270528 1923304 33010104    0    0 532768 325120 168616 346381 10  3 80  8  0  0
13  7 117288 155269576 1923304 33010116    0    0 535312 327828 168732 348831 10  3 80  8  0  0
11  9 117288 155272552 1923304 33010124    0    0 533328 332528 168855 348149 10  3 80  8  0  0
 3  0 117288 155277216 1923304 33010136    0    0 530496 330684 168742 348659 10  3 80  8  0  0
10  8 117288 155276704 1923304 33010144    0    0 535088 320948 168281 349001 10  3 80  8  0  0
 4  0 117288 155272468 1923304 33010152    0    0 534768 327568 168302 346925 10  3 79  8  0  0
12  7 117288 155272532 1923304 33010164    0    0 537072 325224 168163 347942 10  3 80  7  0  0
 9  8 117288 155274952 1923308 33010168    0    0 539680 329172 169460 351068 10  3 79  8  0  0
11  7 117288 155276176 1923308 33010184    0    0 532048 329824 169067 351190 10  3 80  7  0  0
11  7 117288 155272404 1923308 33010192    0    0 536064 325780 167388 348608 10  3 79  7  0  0
11  8 117288 155272396 1923308 33010200    0    0 536384 337444 169729 349685 10  3 80  8  0  0
13  9 117288 155271556 1923308 33010220    0    0 535920 325452 168485 349984 10  3 80  7  0  0
19  6 117288 155278776 1923312 33010224    0    0 538064 327628 168462 349513 10  3 80  8  0  0
12  8 117288 155276660 1923312 33010240    0    0 536432 324404 167310 342992 10  3 80  7  0  0
11  8 117288 155272696 1923312 33010248    0    0 533776 324716 166148 340739 10  3 80  7  0  0
13  8 117288 155269000 1923312 33010260    0    0 543600 325888 167577 347746 10  3 79  8  0  0
13  6 117288 155269964 1923312 33010264    0    0 539760 327496 167694 346039 10  3 80  8  0  0
12  6 117288 155268876 1923312 33010280    0    0 532576 332352 167422 344011 10  3 80  7  0  0
14  5 117288 155264068 1923312 33010288    0    0 539120 326296 168445 350562 10  3 80  8  0  0
 4  0 117288 155264168 1923312 33010296    0    0 534112 325604 167820 345976 10  3 80  8  0  0
procs -----------memory---------- ---swap-- -----io---- -system-- -------cpu-------
 r  b   swpd   free   buff  cache   si   so    bi    bo   in   cs us sy id wa st gu
11  7 117288 155256656 1923312 33010304    0    0 542496 325312 168104 352528 10  3 80  8  0  0
12  6 117288 155258192 1923312 33010312    0    0 530272 330012 167619 347889 10  3 80  7  0  0
 8 10 117288 155276384 1923312 33010328    0    0 543712 325592 169228 354110 10  3 79  8  0  0
12  8 117288 155277012 1923312 33010340    0    0 538672 333976 168435 351973 10  3 80  8  0  0
14  0 117288 155271816 1923312 33010348    0    0 535952 335020 169305 350317 10  3 79  7  0  0
14  4 117288 155270760 1923312 33010356    0    0 538160 328800 168863 351253 10  3 80  8  0  0
18  5 117288 155269152 1923312 33010364    0    0 540864 333600 168912 352135 10  3 80  8  0  0
 4  0 117288 155268764 1923312 33010380    0    0 531824 332612 168095 349285 10  3 80  8  0  0
 3  0 117288 155268656 1923312 33010388    0    0 534944 324492 168547 352311 10  3 80  8  0  0
13  6 117288 155272148 1923312 33010396    0    0 531168 329992 169166 348005 10  3 80  7  0  0
13  6 117288 155263060 1923312 33010404    0    0 535808 325072 167593 345822 10  3 80  7  0  0
11  9 117288 155264988 1923312 33010412    0    0 533792 325280 168006 347103 10  3 80  7  0  0
 8 10 117288 155274592 1923312 33010428    0    0 531264 332248 167658 350265 10  3 80  8  0  0
13  6 117288 155265628 1923312 33010436    0    0 534512 322516 167327 346770 10  3 80  7  0  0
 9  9 117288 155259124 1923312 33010440    0    0 529504 326480 168218 350331 10  3 80  7  0  0
 4  0 117288 155267636 1923312 33010448    0    0 536416 334848 169085 348598 10  3 79  8  0  0
14  4 117288 155264880 1923312 33010456    0    0 535728 323528 167675 349049 10  3 80  8  0  0
17  5 117288 155259484 1923312 33010472    0    0 537536 326440 168034 350622 10  3 80  7  0  0
13  6 117288 155261040 1923312 33010480    0    0 536112 336008 168890 351550 10  3 80  8  0  0
 8 10 117288 155259052 1923312 33010488    0    0 527840 329436 166308 346442 10  3 80  7  0  0
10  8 117288 155259672 1923312 33010496    0    0 538176 329688 168491 355180 10  3 80  8  0  0
procs -----------memory---------- ---swap-- -----io---- -system-- -------cpu-------
 r  b   swpd   free   buff  cache   si   so    bi    bo   in   cs us sy id wa st gu
10 10 117288 155255712 1923312 33010508    0    0 537200 333628 168537 347024 10  3 80  8  0  0
 9  9 117288 155261792 1923312 33010520    0    0 538000 324984 167366 346821 10  3 80  8  0  0
 4  0 117288 155262884 1923316 33010528    0    0 533248 331940 168577 350181 10  3 80  8  0  0
14  4 117288 155267780 1923316 33010544    0    0 538560 325620 168835 350201 10  3 80  8  0  0
11  7 117288 155262408 1923316 33010552    0    0 540608 331780 169332 353728 10  3 80  8  0  0
11  8 117288 155264352 1923316 33010564    0    0 533120 330352 168915 348442 10  3 80  8  0  0
11  8 117288 155274944 1923316 33010576    0    0 544080 327532 170253 353572 10  3 80  8  0  0
13  7 117288 155273956 1923320 33010580    0    0 534336 333176 168353 349050 10  3 80  7  0  0
14  6 117288 155274004 1923320 33010592    0    0 537856 333912 168519 351104 10  3 80  8  0  0
13  6 117288 155271448 1923320 33010604    0    0 540288 327576 168422 348459 10  3 80  8  0  0
10  8 117288 155270248 1923320 33010608    0    0 534128 327304 168526 349022 10  3 80  7  0  0
12  6 117288 155272616 1923320 33010616    0    0 529360 334332 168238 347006 10  3 80  7  0  0
 8 10 117288 155278744 1923320 33010628    0    0 539232 326796 169325 354977 10  3 79  8  0  0
 3  0 117288 155273660 1923320 33010640    0    0 540704 328668 168605 353727 10  3 80  8  0  0
12  7 117288 155272240 1923320 33010652    0    0 529600 335196 168182 347270 10  3 80  7  0  0
10 10 117288 155273436 1923320 33010732    0    0 540544 329900 168767 352509 10  3 79  8  0  0
15  4 117288 155278280 1923320 33010740    0    0 540336 327704 168765 352591 10  3 79  8  0  0
12  8 117288 155274008 1923320 33010752    0    0 531888 333876 167776 351211 10  3 80  8  0  0
13  6 117288 155277004 1923324 33010760    0    0 530352 332460 168041 347139 10  3 80  7  0  0
11  8 117288 155275392 1923324 33010772    0    0 541216 331012 168643 351417 10  3 79  8  0  0
 5  1 117288 155275692 1923324 33010780    0    0 539440 325668 168462 350692 10  3 79  8  0  0
procs -----------memory---------- ---swap-- -----io---- -system-- -------cpu-------
 r  b   swpd   free   buff  cache   si   so    bi    bo   in   cs us sy id wa st gu
 5  0 117288 155276624 1923324 33010788    0    0 536800 330232 168551 351867 10  3 79  8  0  0
12  8 117288 155271476 1923324 33010800    0    0 538976 323028 168418 350835 10  3 79  8  0  0
11  7 117288 155267376 1923324 33010808    0    0 529952 332300 168052 346506 10  3 80  7  0  0
13  7 117288 155267872 1923324 33010824    0    0 538000 329544 168730 352369 10  3 79  8  0  0
12  8 117288 155271828 1923324 33010832    0    0 533632 327328 168234 348072 10  3 80  7  0  0
12  8 117288 155274368 1923324 33010840    0    0 531008 332660 168338 349427 10  3 80  7  0  0
 9  9 117288 155270640 1923324 33010848    0    0 540768 332232 170056 353668 10  3 79  8  0  0
12  9 117288 155266240 1923324 33010856    0    0 538752 331360 169936 352352 10  3 80  8  0  0
14  5 117288 155263544 1923324 33010868    0    0 538912 327480 169389 348725 10  3 80  8  0  0
13  8 117288 155274936 1923324 33010876    0    0 533600 327824 168088 345660 10  3 80  7  0  0
 8 10 117288 155278492 1923324 33010884    0    0 536976 329984 169651 352320 10  3 80  8  0  0
14  5 117288 155278808 1923324 33010896    0    0 541344 324064 169731 351058 10  3 79  8  0  0
 9  9 117288 155277192 1923328 33010900    0    0 534432 329104 168211 349007 10  3 80  8  0  0
 7 10 117288 155276396 1923328 33010920    0    0 533552 333776 169340 345515 10  3 80  8  0  0
14  5 117288 155278668 1923328 33010928    0    0 534640 327224 169066 347578 10  3 80  7  0  0
11  8 117288 155286556 1923328 33010936    0    0 529712 325708 167825 348065 10  3 80  7  0  0
12  7 117288 155282780 1923328 33010948    0    0 537072 328600 168495 349499 10  3 80  8  0  0
12  5 117288 155282228 1923328 33010960    0    0 538272 328796 169210 352564 10  3 80  8  0  0
10  9 117288 155277808 1923328 33010968    0    0 529808 332112 168775 347892 10  3 80  7  0  0
13  6 117288 155277980 1923328 33010976    0    0 536256 332464 170133 354380 10  3 80  8  0  0
15  4 117288 155281180 1923328 33010984    0    0 539376 320748 167709 349426 10  3 80  8  0  0
procs -----------memory---------- ---swap-- -----io---- -system-- -------cpu-------
 r  b   swpd   free   buff  cache   si   so    bi    bo   in   cs us sy id wa st gu
14  3 117288 155285996 1923328 33010996    0    0 533504 327792 169033 349176 10  3 80  8  0  0
 8 10 117288 155280320 1923328 33011008    0    0 536480 334392 169027 350502 10  3 79  8  0  0
11  9 117288 155279544 1923328 33011016    0    0 531856 330124 169441 348157 10  3 80  7  0  0
 6  0 117288 155276856 1923328 33011020    0    0 538000 325684 169901 351921 10  3 80  8  0  0
13  5 117288 155276704 1923328 33011032    0    0 538576 334468 170131 350431 10  3 80  8  0  0
12  7 117288 155283520 1923328 33011040    0    0 529904 329932 168146 348258 10  3 80  7  0  0
11  8 117288 155275904 1923328 33011056    0    0 536112 327056 167836 347847 10  3 79  8  0  0
19  4 117288 155278924 1923328 33011064    0    0 531872 328736 168448 349911 10  3 80  8  0  0
17  3 117288 155290336 1923328 33011072    0    0 536224 327948 169194 346284 10  3 80  7  0  0
16  5 117288 155287624 1923328 33011080    0    0 538528 336648 169088 353331 10  3 80  8  0  0
12  7 117288 155289564 1923328 33011100    0    0 533504 326680 168154 346561 10  3 80  8  0  0
13  7 117288 155289908 1923328 33011112    0    0 538912 335356 169288 352286 10  3 79  8  0  0
11  7 117288 155294932 1923328 33011120    0    0 534416 323212 168354 347695 10  3 80  7  0  0
12  7 117288 155289672 1923328 33011128    0    0 534704 328152 168125 348905 10  3 80  7  0  0
14  5 117288 155285568 1923328 33011136    0    0 534624 327796 167922 347165 10  3 80  8  0  0
 6 11 117288 155284292 1923328 33011144    0    0 535168 323160 168034 344342 10  3 80  8  0  0
 4  0 117288 155282188 1923328 33011160    0    0 537296 335596 170010 353650 10  3 80  8  0  0
15  6 117288 155280472 1923328 33011168    0    0 528320 328940 168559 348962 10  3 80  7  0  0
14  7 117288 155280056 1923328 33011176    0    0 538608 327248 169181 349888 10  3 80  8  0  0
14  5 117288 155286696 1923328 33011184    0    0 539344 325644 169591 353400 10  3 79  8  0  0
13  5 117288 155289080 1923328 33011192    0    0 529536 329280 167858 344744 10  3 80  7  0  0
procs -----------memory---------- ---swap-- -----io---- -system-- -------cpu-------
 r  b   swpd   free   buff  cache   si   so    bi    bo   in   cs us sy id wa st gu
14  6 117288 155281820 1923328 33011204    0    0 530352 327456 167367 346975 10  3 80  7  0  0
12  7 117288 155283596 1923328 33011212    0    0 538144 325272 167563 346147 10  3 80  8  0  0
14  3 117288 155282528 1923328 33011220    0    0 533456 328512 167842 349159 10  3 80  7  0  0
11  8 117288 155279208 1923328 33011228    0    0 529600 329880 167960 345658 10  3 80  7  0  0
 9 11 117288 155287056 1923328 33011240    0    0 539232 330764 168736 351317 10  3 80  8  0  0
12  7 117288 155282928 1923328 33011256    0    0 534912 326764 168047 350573 10  3 80  8  0  0
16  6 117288 155279748 1923332 33011260    0    0 540704 324068 168531 350689 10  3 79  8  0  0
 6  0 117288 155279032 1923332 33011272    0    0 535072 328100 168695 350320 10  3 80  8  0  0
10  9 117288 155277540 1923332 33011280    0    0 541360 332868 169579 352064 10  3 80  8  0  0
13  7 117288 155276200 1923332 33011292    0    0 536192 324260 168495 351069 10  3 80  8  0  0
13  6 117288 155272828 1923332 33011304    0    0 538912 327780 168365 347233 10  3 80  8  0  0
11  8 117288 155273856 1923332 33011312    0    0 530736 327040 167628 348331 10  3 80  7  0  0
15  6 117288 155272360 1923332 33011384    0    0 536880 332224 167381 349410 10  3 79  8  0  0
 8  9 117288 155275464 1923344 33011380    0    0 536656 324016 168003 351168 10  3 80  8  0  0
 9 10 117288 155273984 1923344 33011404    0    0 534976 329796 167949 349969 10  3 79  7  0  0
12  6 117288 155271196 1923344 33011420    0    0 534160 332388 168361 347897 10  3 80  8  0  0
12  8 117288 155273164 1923344 33011428    0    0 533568 324980 167828 353498 10  3 80  8  0  0
 9 10 117288 155272684 1923344 33011436    0    0 538560 331212 169341 353522 10  3 80  8  0  0
11  8 117288 155270632 1923344 33011448    0    0 531072 334608 169230 347290 10  3 80  8  0  0
13  8 117288 155270900 1923348 33011456    0    0 535536 326344 168209 347847 10  3 79  8  0  0
10  9 117288 155274276 1923348 33011464    0    0 537984 333036 169580 351136 10  3 80  8  0  0
procs -----------memory---------- ---swap-- -----io---- -system-- -------cpu-------
 r  b   swpd   free   buff  cache   si   so    bi    bo   in   cs us sy id wa st gu
11  7 117288 155268824 1923348 33011476    0    0 531840 332200 168596 349997 10  3 80  8  0  0
13  5 117288 155261620 1923348 33011484    0    0 538608 329208 169325 352788 10  3 80  8  0  0
14  5 117288 155268060 1923348 33011496    0    0 539760 329688 168825 351293 10  3 80  8  0  0
11  8 117288 155273060 1923348 33011504    0    0 537680 324240 169131 347919 10  3 80  7  0  0
13  9 117288 155268724 1923348 33011512    0    0 533200 328868 167692 349212 10  3 79  7  0  0
14  9 117288 155267640 1923348 33011524    0    0 534848 324856 168839 345850 10  3 80  8  0  0
10  6 117288 155270376 1923348 33011532    0    0 538832 329016 167899 350922 10  3 79  8  0  0
 7  5 117288 155270512 1923348 33011544    0    0 536656 328060 168259 350252 10  3 80  8  0  0
 9  9 117288 155265256 1923348 33011556    0    0 536864 328104 169645 349511 10  3 80  8  0  0
12  6 117288 155264112 1923348 33011564    0    0 533760 331852 169282 345758 10  3 80  8  0  0
14  8 117288 155268588 1923348 33011576    0    0 533504 326420 167572 348387 10  3 80  8  0  0
12  7 117288 155269824 1923348 33011588    0    0 535312 328892 168158 349972 10  3 80  8  0  0
16  4 117288 155267396 1923348 33011592    0    0 535424 335900 168867 350020 10  3 80  8  0  0
16  3 117288 155263852 1923356 33011592    0    0 535824 328240 169503 350017 10  3 80  7  0  0
15  8 117288 155265684 1923356 33011608    0    0 537520 327756 168728 348130 10  3 80  8  0  0
10  8 117288 155255428 1923356 33011624    0    0 534192 327880 169133 348442 10  3 80  8  0  0
 9 10 117288 155251824 1923356 33011632    0    0 533696 324864 167989 344741 10  3 80  7  0  0
 9 11 117288 155252020 1923356 33011644    0    0 531120 323668 167206 344857 10  3 80  8  0  0
 9  8 117288 155252684 1923360 33011652    0    0 531200 331008 167889 349191 10  3 80  7  0  0
15  4 117288 155257952 1923360 33011664    0    0 532992 329520 166567 351532 10  3 80  8  0  0
13  6 117288 155254768 1923360 33011676    0    0 534464 329868 169025 350750 10  3 80  8  0  0
procs -----------memory---------- ---swap-- -----io---- -system-- -------cpu-------
 r  b   swpd   free   buff  cache   si   so    bi    bo   in   cs us sy id wa st gu
 9 11 117288 155263000 1923360 33011688    0    0 534816 325916 167255 347578 10  3 79  7  0  0
13  7 117288 155269160 1923360 33011696    0    0 539520 333400 169929 349593 10  3 80  8  0  0
 8 12 117288 155274164 1923364 33011700    0    0 540368 324212 168458 351421 10  3 79  8  0  0
11  9 117288 155275824 1923364 33011712    0    0 535424 328480 168994 347860 10  3 80  8  0  0
13  8 117288 155277780 1923364 33011724    0    0 540016 331420 169913 354237 10  3 79  8  0  0
17  6 117288 155282472 1923364 33011736    0    0 531744 327800 168272 347388 10  3 80  7  0  0
10  7 117288 155285152 1923364 33011748    0    0 529520 329240 167266 345334 10  3 80  7  0  0
 9  9 117288 155280896 1923364 33011756    0    0 535984 333444 169380 353162 10  3 80  8  0  0
10  8 117288 155278248 1923364 33011764    0    0 535472 330984 168886 352241 10  3 80  8  0  0
 9 10 117288 155271776 1923364 33011772    0    0 532352 327928 168612 349299 10  3 80  8  0  0
10  8 117288 155268556 1923364 33011784    0    0 535536 328676 168795 351049 10  3 80  8  0  0
12  7 117288 155263956 1923364 33011792    0    0 534288 328732 168315 348899 10  3 80  8  0  0
16  3 117288 155261452 1923368 33011796    0    0 540576 331084 169379 349052 10  3 80  8  0  0
15  5 117288 155264704 1923368 33011808    0    0 534464 323796 168086 346153 10  3 80  8  0  0
11  3 117288 155268440 1923368 33011816    0    0 530464 326560 167630 346400 10  3 80  8  0  0
11 11 117288 155277260 1923368 33011832    0    0 530512 316532 167168 345122 10  3 80  8  0  0
 8  3 117288 155291188 1923368 33011840    0    0 534080 330656 168174 348481 10  3 80  8  0  0
13  8 117288 155292836 1923368 33011848    0    0 531104 320680 166895 341387 10  3 80  8  0  0
10 10 117288 155289464 1923368 33011856    0    0 535488 334456 168271 346527 10  3 79  8  0  0
10  8 117288 155296292 1923368 33011868    0    0 535664 329408 167667 347223 10  3 80  8  0  0
24  6 117288 155286832 1923368 33011880    0    0 534208 326892 168165 347884 10  3 80  8  0  0
procs -----------memory---------- ---swap-- -----io---- -system-- -------cpu-------
 r  b   swpd   free   buff  cache   si   so    bi    bo   in   cs us sy id wa st gu
16  6 117288 155285912 1923368 33011888    0    0 535520 330488 168903 352247 10  3 80  8  0  0
13  7 117288 155290156 1923372 33011892    0    0 531264 329060 167857 346212 10  3 79  8  0  0
11  7 117288 155291516 1923372 33011904    0    0 536480 331496 169044 349441 10  3 80  8  0  0
 8 12 117288 155284184 1923372 33011916    0    0 540544 325132 168542 351824 10  3 79  7  0  0
 7 13 117288 155292816 1923372 33011928    0    0 536640 335156 169473 348595 10  3 79  7  0  0
 7 13 117288 155286972 1923372 33011940    0    0 542832 323124 168884 355192 10  3 80  8  0  0
11  5 117288 155276432 1923376 33011944    0    0 538416 334796 169396 354427 10  3 80  8  0  0
 6 13 117288 155268740 1923376 33011960    0    0 535296 323844 169000 347767 10  3 80  7  0  0
12  9 117288 155273416 1923376 33011972    0    0 535856 335456 169133 350587 10  3 80  7  0  0
15  7 117288 155267120 1923376 33012052    0    0 543696 325996 169506 351265 10  3 80  8  0  0
10 10 117288 155269024 1923376 33012060    0    0 540800 327964 169171 351589 10  3 80  7  0  0
12  8 117288 155264740 1923376 33012068    0    0 534176 335232 169315 350393 10  3 80  7  0  0
10  4 117288 155261416 1923376 33012080    0    0 534512 327616 168333 349904 10  3 80  7  0  0
13  7 117288 155268676 1923376 33012088    0    0 540448 330060 169339 351650 10  3 80  7  0  0
11  7 117288 155268708 1923376 33012100    0    0 535152 332944 169263 346541 10  3 80  7  0  0
 8  4 117288 155266320 1923376 33012108    0    0 536800 327336 168732 343555 10  3 80  7  0  0
11  8 117288 155269760 1923376 33012116    0    0 534640 318868 166728 345458 10  3 80  7  0  0
 8  9 117288 155264144 1923376 33012124    0    0 532576 332200 169383 345081 10  3 80  7  0  0
21  9 117288 155265216 1923376 33012140    0    0 540608 323520 169635 347688 10  3 80  7  0  0
12  6 117288 155267024 1923376 33012152    0    0 540672 339392 169946 352440 10  3 80  8  0  0
11  9 117288 155264000 1923376 33012160    0    0 539696 323688 168992 349841 10  3 79  7  0  0
procs -----------memory---------- ---swap-- -----io---- -system-- -------cpu-------
 r  b   swpd   free   buff  cache   si   so    bi    bo   in   cs us sy id wa st gu
 9  3 117288 155263212 1923380 33012168    0    0 537696 340820 169107 348356 10  3 80  7  0  0
 9 12 117288 155261668 1923380 33012176    0    0 538416 326636 170167 350258 10  3 80  7  0  0
 6 15 117288 155261784 1923380 33012184    0    0 542800 319576 169866 354654 10  3 79  7  0  0
16  5 117288 155257700 1923380 33012196    0    0 535856 340488 169840 351351 10  3 80  8  0  0
14  8 117288 155259192 1923380 33012208    0    0 532576 329836 169022 354566 10  3 80  7  0  0
16  5 117288 155260840 1923384 33012212    0    0 540832 330976 169379 352483 10  3 80  8  0  0
12  8 117288 155266020 1923384 33012228    0    0 542064 338376 170878 355134 10  3 79  8  0  0
10 11 117288 155263112 1923384 33012236    0    0 540672 334668 169283 355199 10  3 79  7  0  0
13  8 117288 155265108 1923384 33012244    0    0 534704 334108 169296 351142 10  3 80  7  0  0
15  6 117288 155267264 1923384 33012256    0    0 536256 323756 167759 348550 10  3 80  7  0  0
11  8 117288 155264144 1923388 33012264    0    0 539344 324256 169056 351805 10  3 80  7  0  0
 9 11 117288 155264588 1923388 33012276    0    0 533840 326320 168519 350394 10  3 80  7  0  0
14  9 117288 155259356 1923388 33012284    0    0 539424 327300 169414 350797 10  3 79  7  0  0
12  9 117288 155259712 1923388 33012292    0    0 535040 338660 169030 348877 10  3 80  7  0  0
 9 11 117288 155260176 1923388 33012304    0    0 536736 327340 168113 350445 10  3 80  7  0  0
16  5 117288 155260116 1923388 33012316    0    0 534192 331908 168748 348152 10  3 80  7  0  0
 2 17 117288 155262756 1923388 33012328    0    0 541568 322540 169134 351718 10  3 80  7  0  0
 9 11 117288 155260504 1923388 33012336    0    0 537296 338684 168526 349278 10  3 80  7  0  0
15  8 117288 155253840 1923388 33012344    0    0 537856 318120 167923 350036 10  3 80  7  0  0
