procs -----------memory---------- ---swap-- -----io---- -system-- -------cpu-------
 r  b   swpd   free   buff  cache   si   so    bi    bo   in   cs us sy id wa st gu
 7  0 117032 4716120 1533012 35381952    0    2 39285 35258 12980    7  4  1 95  1  0  0
105  0 117032 4444920 1533012 35382008    0    0     0 132760 96192 54412 94  2  4  0  0  0
248  1 117032 4429564 1533020 35382004    0    0     0 219096 186331 50132 97  1  2  0  0  0
146  0 117032 4403196 1533020 35382024    0    0     0 202280 95940 52210 98  1  1  0  0  0
132  0 117032 4373712 1533020 35382032    0    0     0 217060 95363 47711 98  1  1  0  0  0
157  0 117032 4357584 1533020 35382040    0    0     0 215992 121054 48817 97  1  1  0  0  0
202  1 117032 4328116 1533020 35382052    0    0     0 273716 99705 58882 98  1  1  0  0  0
99  0 117032 4304692 1533024 35382056    0    0     0 285844 101127 60836 98  1  1  0  0  0
137  0 117032 4296996 1533024 35382068    0    0     0 258332 98993 53612 98  1  1  0  0  0
153  0 117032 4270772 1533024 35382076    0    0     0 283196 99205 58364 97  1  1  0  0  0
135  0 117032 4257736 1533024 35382084    0    0     0 282288 99803 54725 98  1  1  0  0  0
133  0 117032 4237796 1533024 35382096    0    0     0 266480 98425 55576 98  1  1  0  0  0
214  0 117032 4234888 1533024 35382104    0    0     0 280836 99461 57269 98  1  1  0  0  0
142  1 117032 4213332 1533024 35382180    0    0     0 295144 98952 55879 98  1  1  0  0  0
143  0 117032 4196284 1533024 35382188    0    0     0 277908 98916 56352 98  1  1  0  0  0
127  0 117032 4182936 1533024 35382196    0    0     0 270256 97340 55547 98  1  1  0  0  0
42  0 117032 4168696 1533024 35382208    0    0     0 498104 108506 63033 69  1 30  0  0  0
35  0 117032 4151328 1533028 35382212    0    0     0 207120 98021 50509 58  1 42  0  0  0
43  0 117032 4105072 1533028 35382224    0    0     0 368424 103745 60327 53  1 46  0  0  0
48  0 117032 4034880 1533028 35382228    0    0     0 410780 108461 60637 48  1 51  0  0  0
33  0 117032 3936492 1533028 35382236    0    0     0 336384 138947 64084 46  1 53  0  0  0
procs -----------memory---------- ---swap-- -----io---- -system-- -------cpu-------
 r  b   swpd   free   buff  cache   si   so    bi    bo   in   cs us sy id wa st gu
35  0 117032 3793148 1533028 35382248    0    0     0 332448 136663 71644 45  2 54  0  0  0
36  0 117032 3729524 1533032 35382252    0    0     0 331236 118902 57047 46  1 53  0  0  0
31  0 117032 3458792 1533032 35382272    0    0     0 331688 198348 115374 44  3 53  0  0  0
27  0 117032 2686268 1533032 35347004    0    0     0 329900 345386 204208 42  6 53  0  0  0
289  0 117032 2678132 1533032 35138128    0    0     0 211700 214395 341126 61 11 28  0  0  0
247  0 117032 2746376 1533032 34911340    0    0     0 750748 244349 561375 81 19  0  0  0  0
277  0 117032 2751288 1532988 34743372    0    0     0 622540 255586 593627 80 20  0  0  0  0
295  0 117032 2747132 1532988 34629584    0    0     0 605052 227870 622594 79 20  1  0  0  0
219  0 117032 2744948 1532988 34554952    0    0     0 629500 261650 602193 80 20  0  0  0  0
265  0 117032 2718012 1532988 34530848    0    0     0 630860 239607 608371 80 20  1  0  0  0
307  0 117032 2704184 1532988 34530360    0    0     0 615716 215927 613573 80 19  1  0  0  0
237  0 117032 2688856 1532992 34530364    0    0     0 632336 228266 611080 79 20  1  0  0  0
249  1 117032 2679956 1532992 34530376    0    0     0 632748 217858 616339 79 19  2  0  0  0
243  0 117032 2674836 1532992 34530384    0    0     0 619228 212662 626016 79 20  1  0  0  0
321  0 117032 2669260 1532996 34530404    0    0     4 637376 209818 619740 80 20  1  0  0  0
242  0 117032 2671456 1532996 34530412    0    0     0 634356 208950 625871 80 20  1  0  0  0
250  0 117032 2667972 1533004 34530412    0    0     0 633772 210060 618007 80 20  0  0  0  0
249  0 117032 2665216 1533004 34530428    0    0     0 618180 208162 612890 80 20  0  0  0  0
224  0 117032 2662944 1533004 34530440    0    0     0 637920 209569 617917 80 20  0  0  0  0
274  0 117032 2662148 1533004 34530448    0    0     0 640956 207558 610545 80 20  0  0  0  0
292  0 117032 2659940 1533004 34530460    0    0     0 624208 208763 617695 80 20  1  0  0  0
procs -----------memory---------- ---swap-- -----io---- -system-- -------cpu-------
 r  b   swpd   free   buff  cache   si   so    bi    bo   in   cs us sy id wa st gu
280  0 117032 2653708 1533008 34530468    0    0     0 644564 206899 611686 80 20  0  0  0  0
285  0 117032 2656872 1533008 34530480    0    0     0 643568 208405 615045 79 20  1  0  0  0
207  0 117032 2651840 1533008 34530488    0    0     0 646852 205328 605952 80 20  0  0  0  0
252  0 117032 2906348 1533008 34286564    0    0     0 629952 206830 614249 80 20  1  0  0  0
260  1 117032 2902532 1533012 34285788    0    0     4 647124 207158 618792 79 20  1  0  0  0
259  0 117032 2903904 1533020 34285816    0    0     0 649940 207442 608609 80 20  0  0  0  0
237  0 117032 2900352 1533020 34285832    0    0     0 635096 205608 610549 80 20  0  0  0  0
187  0 117032 2899840 1533020 34285836    0    0     0 650272 201585 596130 80 20  0  0  0  0
203  0 117032 2903440 1533020 34285844    0    0     0 647928 201335 588759 77 19  4  0  0  0
306  0 117032 2899384 1533020 34285856    0    0     0 635856 202725 593291 80 20  1  0  0  0
251  0 117032 2903104 1533024 34285852    0    0     0 649784 204402 605490 80 20  1  0  0  0
237  0 117032 2903220 1533024 34285872    0    0     0 648188 208797 607080 80 20  0  0  0  0
264  0 117032 2899404 1533024 34285880    0    0     0 653708 206368 605203 80 20  0  0  0  0
307  0 117032 2901184 1533024 34285888    0    0     0 637456 207215 605658 80 20  0  0  0  0
291  0 117032 2901308 1533024 34285904    0    0     0 681444 209707 617056 79 20  0  0  0  0
178  0 117032 2901640 1533032 34285920    0    0     4 683132 210470 604302 80 20  0  0  0  0
213  0 117032 2897396 1533032 34285932    0    0     0 666972 207062 608865 80 20  0  0  0  0
309  0 117032 2900668 1533032 34285940    0    0     0 683808 206234 602161 80 20  0  0  0  0
262  1 117032 2899308 1533032 34285952    0    0     0 683416 207048 606201 80 20  0  0  0  0
287  0 117032 2896508 1533032 34285960    0    0     0 668744 207549 602539 80 20  0  0  0  0
277  0 117032 2896676 1533036 34285968    0    0     0 681864 206291 602549 80 20  0  0  0  0
procs -----------memory---------- ---swap-- -----io---- -system-- -------cpu-------
 r  b   swpd   free   buff  cache   si   so    bi    bo   in   cs us sy id wa st gu
264  0 117032 2901008 1533036 34285980    0    0     0 685108 203905 601751 80 20  0  0  0  0
302  0 117032 2898896 1533036 34285988    0    0     0 665144 207683 605700 80 20  1  0  0  0
235  0 117032 2898784 1533036 34286000    0    0     0 683080 207209 605726 79 20  0  0  0  0
294  0 117032 2900908 1533036 34286008    0    0     0 683980 207426 601008 80 20  0  0  0  0
264  0 117032 2905180 1533044 34286012    0    0     0 670664 205005 602866 80 20  0  0  0  0
227  0 117032 2903700 1533044 34286028    0    0     0 684160 207562 601101 79 20  0  0  0  0
262  0 117032 2902176 1533048 34286040    0    0     4 683224 205901 597389 80 20  0  0  0  0
280  0 117032 2903252 1533048 34286056    0    0     0 683032 206091 605471 80 20  0  0  0  0
285  0 117032 2903992 1533048 34286060    0    0     0 668804 205816 600467 80 20  0  0  0  0
226  0 117032 2899688 1533052 34286064    0    0     0 681864 209903 603952 80 20  0  0  0  0
238  0 117032 2895624 1533052 34286144    0    0     0 683268 207934 602006 79 20  1  0  0  0
281  0 117032 2897468 1533052 34286152    0    0     0 668176 202730 598148 80 20  0  0  0  0
354  0 117032 2894436 1533052 34286164    0    0     0 685712 203101 597833 80 20  0  0  0  0
263  0 117032 2892852 1533052 34286172    0    0     0 681700 205561 598153 80 20  0  0  0  0
255  0 117032 2893224 1533060 34286172    0    0     0 668392 205483 601400 80 20  0  0  0  0
289  0 117032 2894192 1533060 34286192    0    0     0 684384 210296 608471 80 20  0  0  0  0
256  0 117032 2890240 1533060 34286200    0    0     0 684488 203509 594909 80 20  0  0  0  0
229  0 117032 2890180 1533060 34286212    0    0     0 665516 210122 607229 80 20  0  0  0  0
268  0 117032 2888716 1533064 34286236    0    0     4 682588 207716 604602 80 20  0  0  0  0
252  0 117032 2889336 1533068 34286244    0    0     0 684584 208503 603105 80 20  0  0  0  0
212  0 117032 2886908 1533068 34286252    0    0     0 683584 211207 607610 80 20  0  0  0  0
procs -----------memory---------- ---swap-- -----io---- -system-- -------cpu-------
 r  b   swpd   free   buff  cache   si   so    bi    bo   in   cs us sy id wa st gu
263  0 117032 2885212 1533068 34286268    0    0     0 668100 204854 600406 80 20  0  0  0  0
244  0 117032 2887432 1533068 34286276    0    0     0 684732 203959 593266 80 20  0  0  0  0
208  2 117032 2884576 1533068 34286280    0    0     0 1062184 231290 621588 79 20  1  0  0  0
283  0 117032 2883752 1533072 34286292    0    0     0 931264 210930 610388 79 20  1  0  0  0
259  0 117032 2887020 1533072 34286304    0    0     0 682256 206663 608902 80 20  0  0  0  0
291  0 117032 2882300 1533072 34286308    0    0     0 684220 204789 596686 80 20  0  0  0  0
202  0 117032 2879736 1533072 34286324    0    0     0 668628 209085 608935 80 20  0  0  0  0
297  0 117032 2879852 1533072 34286336    0    0     0 681320 210774 609397 80 20  0  0  0  0
243  0 117032 2874736 1533080 34286352    0    0     4 681580 208445 605749 80 20  0  0  0  0
238  0 117032 2875248 1533080 34286364    0    0     0 665816 208343 610123 80 20  0  0  0  0
180  3 117032 2872700 1533080 34286372    0    0     0 1129528 224501 636389 79 20  0  0  0  0
272  0 117032 2871932 1533080 34286376    0    0     0 874904 210260 616410 79 20  1  0  0  0
160  0 117032 2873552 1533080 34286392    0    0     0 667120 205901 596984 80 20  0  0  0  0
224  0 117032 2873552 1533084 34286404    0    0     0 685244 205466 593558 80 20  0  0  0  0
283  0 117032 2871892 1533084 34286412    0    0     0 682860 206722 602281 79 20  0  0  0  0
204  0 117032 2872048 1533084 34286428    0    0     0 683560 208251 606770 79 20  1  0  0  0
278  0 117032 2870232 1533084 34286444    0    0     0 666920 210586 610222 80 20  0  0  0  0
333  1 117032 2870316 1533180 34286548    0    0   180 1211544 229759 648087 79 21  1  0  0  0
309  0 117032 2857664 1533180 34286664    0    0   104 791040 206931 611606 79 21  1  0  0  0
205  0 117032 2854036 1533180 34286656    0    0     0 665648 209819 619284 80 20  0  0  0  0
273  0 117032 2856164 1533184 34286676    0    0     4 685116 210984 608231 80 20  0  0  0  0
procs -----------memory---------- ---swap-- -----io---- -system-- -------cpu-------
 r  b   swpd   free   buff  cache   si   so    bi    bo   in   cs us sy id wa st gu
280  0 117032 2854008 1533184 34286684    0    0     0 680496 208294 612756 79 20  1  0  0  0
293  0 117032 2855616 1533184 34286688    0    0     0 665340 207358 605528 79 20  0  0  0  0
246  0 117032 2857076 1533184 34286696    0    0     0 682496 207706 604388 80 20  0  0  0  0
267  0 117032 2860272 1533184 34286704    0    0     0 682292 212477 613232 80 20  0  0  0  0
248  0 117032 2857768 1533184 34286720    0    0     0 666164 209210 601548 80 20  0  0  0  0
290  0 117032 2854948 1533184 34286728    0    0     0 684264 204616 597608 80 20  0  0  0  0
264  0 117032 2861872 1533184 34286784    0    0    48 1321904 232941 662023 78 21  1  0  0  0
269  0 117032 2868468 1533188 34286788    0    0     0 684836 201662 588372 80 20  0  0  0  0
228  1 117032 2865568 1533188 34286800    0    0     0 668880 207448 602203 80 20  0  0  0  0
243  0 117032 2865024 1533188 34286816    0    0     0 684504 206685 595882 80 20  0  0  0  0
165  0 117032 2865384 1533192 34286820    0    0     4 680044 206848 601633 80 20  0  0  0  0
269  0 117032 2872040 1533192 34286840    0    0     0 672848 206676 598329 80 20  0  0  0  0
284  0 117032 2871660 1533192 34286852    0    0     0 685588 205009 599708 79 20  0  0  0  0
242  0 117032 2872364 1533192 34286860    0    0     0 684904 206240 602169 80 20  0  0  0  0
251  0 117032 2873620 1533192 34286876    0    0     0 669428 205566 600743 80 20  0  0  0  0
258  0 117032 2873708 1533192 34286884    0    0     0 684312 203304 595647 80 20  0  0  0  0
178  0 117032 2870564 1533192 34286896    0    0     0 681612 207967 603049 79 20  0  0  0  0
203  0 117032 2870124 1533192 34286904    0    0     0 668104 204552 593665 80 20  0  0  0  0
201  4 117032 2866340 1533192 34286908    0    0     0 1232972 222513 633179 79 20  0  0  0  0
277  0 117032 2858876 1533192 34286924    0    0     0 773840 204351 600609 80 20  1  0  0  0
253  0 117032 2862800 1533192 34286936    0    0     0 668064 205722 602274 80 20  0  0  0  0
procs -----------memory---------- ---swap-- -----io---- -system-- -------cpu-------
 r  b   swpd   free   buff  cache   si   so    bi    bo   in   cs us sy id wa st gu
284  0 117032 2857892 1533192 34286944    0    0     0 684888 208547 602352 80 20  0  0  0  0
291  0 117032 2857508 1533196 34286960    0    0     4 684708 206867 607270 80 20  0  0  0  0
186  0 117032 2855716 1533196 34286968    0    0     0 663444 211234 618210 79 20  0  0  0  0
324  0 117032 2858528 1533196 34286984    0    0     0 681164 211778 612346 80 20  0  0  0  0
267  0 117032 2858424 1533196 34286992    0    0     0 683732 207319 606192 80 20  0  0  0  0
172  0 117032 2856220 1533196 34287000    0    0     0 682044 207656 613115 79 20  0  0  0  0
232  0 117032 2857888 1533200 34287008    0    0     0 1303544 232599 649048 79 20  1  0  0  0
279  0 117032 2854728 1533200 34287104    0    0     0 681548 204780 604132 80 20  0  0  0  0
286  0 117032 2856524 1533200 34287116    0    0     0 682376 206881 608633 80 20  0  0  0  0
278  0 117032 2852660 1533200 34287128    0    0     0 665504 216133 605104 80 20  0  0  0  0
200  0 117032 2859488 1533200 34287136    0    0     0 683036 204876 603218 79 20  1  0  0  0
262  0 117032 2860908 1533204 34287140    0    0     0 686896 204805 594088 80 20  0  0  0  0
289  0 117032 2856440 1533204 34287152    0    0     0 665804 205959 601993 80 20  0  0  0  0
215  0 117032 2859852 1533208 34287172    0    0     4 681836 209319 616856 79 20  1  0  0  0
198  0 117032 2858764 1533208 34287184    0    0     0 683444 204385 599161 80 20  0  0  0  0
281  0 117032 2856576 1533208 34287192    0    0     0 668772 206063 599429 80 20  0  0  0  0
212  0 117032 2859404 1533212 34287196    0    0     0 683152 208165 600044 80 20  0  0  0  0
241  0 117032 2861524 1533212 34287208    0    0     0 1319932 229136 647733 78 20  2  0  0  0
259  0 117032 2859248 1533212 34287220    0    0     0 668568 203602 598469 80 20  0  0  0  0
294  0 117032 2859260 1533212 34287232    0    0     0 683976 204625 600745 80 20  0  0  0  0
309  0 117032 2858548 1533212 34287244    0    0     0 684972 204974 599893 80 20  0  0  0  0
procs -----------memory---------- ---swap-- -----io---- -system-- -------cpu-------
 r  b   swpd   free   buff  cache   si   so    bi    bo   in   cs us sy id wa st gu
246  0 117032 2850464 1533216 34287248    0    0     0 684452 205969 604240 79 20  0  0  0  0
195  0 117032 2851932 1533216 34287264    0    0     0 665480 206855 604547 80 20  0  0  0  0
191  0 117032 2853732 1533216 34287272    0    0     0 686196 204929 598765 80 20  0  0  0  0
263  0 117032 2851904 1533220 34287284    0    0     4 682596 205766 598638 80 20  0  0  0  0
242  0 117032 2853120 1533220 34287304    0    0     0 666484 209297 608004 80 20  0  0  0  0
254  0 117032 2852988 1533224 34287308    0    0     0 683976 206744 605240 79 20  0  0  0  0
311  0 117032 2854268 1533224 34287320    0    0     0 1323124 224769 640346 79 20  1  0  0  0
207  0 117032 2854772 1533224 34287328    0    0     0 669112 204950 599357 80 20  0  0  0  0
171  0 117032 2851172 1533224 34287344    0    0     0 681280 208025 602375 80 20  0  0  0  0
317  0 117032 2853020 1533224 34287352    0    0     0 682384 210496 611996 80 20  0  0  0  0
256  0 117032 2852152 1533232 34287348    0    0     0 665088 207441 602428 80 20  0  0  0  0
236  1 117032 2850984 1533232 34287368    0    0     0 681056 211948 617256 80 20  1  0  0  0
278  0 117032 2852268 1533232 34287380    0    0     0 680304 208712 608412 80 20  1  0  0  0
250  0 117032 2846160 1533236 34287388    0    0     0 665208 208020 608922 80 20  0  0  0  0
254  1 117032 2847932 1533236 34287404    0    0     0 1309372 229363 639989 79 20  0  0  0  0
287  0 117032 2845472 1533248 34287412    0    0     4 697980 212424 591138 80 20  0  0  0  0
235  0 117032 2837840 1533248 34287428    0    0     0 682144 206623 602767 80 20  0  0  0  0
242  0 117032 2839472 1533248 34287436    0    0     0 667340 206763 604302 80 20  0  0  0  0
245  0 117032 2838048 1533256 34287444    0    0     0 684580 208699 606234 80 20  1  0  0  0
263  0 117032 2842232 1533256 34287460    0    0     0 682632 205593 610707 80 20  0  0  0  0
239  0 117032 2843096 1533268 34287456    0    0     0 665728 206595 611722 80 20  0  0  0  0
procs -----------memory---------- ---swap-- -----io---- -system-- -------cpu-------
 r  b   swpd   free   buff  cache   si   so    bi    bo   in   cs us sy id wa st gu
262  0 117032 2844016 1533268 34287476    0    0     0 1322280 231221 648482 79 20  1  0  0  0
274  0 117032 2843820 1533268 34287484    0    0     0 683904 206695 603639 80 20  0  0  0  0
305  0 117032 2841944 1533268 34287500    0    0     0 667460 206869 600251 80 20  0  0  0  0
290  0 117032 2842288 1533268 34287508    0    0     0 685600 207234 608385 80 20  0  0  0  0
142  0 117032 2841168 1533272 34287512    0    0     0 684472 207432 596999 80 20  0  0  0  0
199  0 117032 2841468 1533272 34287524    0    0     0 669528 204675 598344 80 20  0  0  0  0
233  0 117032 2839752 1533276 34287544    0    0     4 682140 208011 601042 80 20  0  0  0  0
190  0 117032 2836996 1533276 34287548    0    0     0 681916 207461 610136 80 20  0  0  0  0
194  0 117032 2837444 1533276 34287560    0    0     0 1305632 230637 646113 79 20  0  0  0  0
258  0 117032 2839192 1533284 34287560    0    0     0 681560 202261 605679 80 20  1  0  0  0
293  0 117032 2840424 1533284 34287576    0    0     0 683912 205031 602204 80 20  0  0  0  0
239  0 117032 2838320 1533284 34287588    0    0     0 686932 203482 603924 80 20  0  0  0  0
263  0 117032 2846588 1533284 34287600    0    0     0 665108 208303 599904 80 20  0  0  0  0
277  1 117032 2843036 1533284 34287612    0    0     0 681804 204711 605134 80 20  0  0  0  0
281  0 117032 2841812 1533284 34287620    0    0     0 683724 209896 616460 79 20  1  0  0  0
178  0 117032 2839840 1533284 34287628    0    0     0 1306092 230451 642412 79 20  1  0  0  0
242  0 117032 2843864 1533284 34287636    0    0     0 684228 204443 597069 80 20  0  0  0  0
269  0 117032 2843420 1533288 34287644    0    0     4 680864 209031 606818 80 20  0  0  0  0
223  0 117032 2842492 1533288 34287668    0    0     0 666716 208942 613186 79 20  0  0  0  0
344  0 117032 2846112 1533292 34287672    0    0     0 679724 208732 617635 80 20  0  0  0  0
191  0 117032 2847780 1533292 34287684    0    0     0 680040 221632 614544 80 20  0  0  0  0
procs -----------memory---------- ---swap-- -----io---- -system-- -------cpu-------
 r  b   swpd   free   buff  cache   si   so    bi    bo   in   cs us sy id wa st gu
243  0 117032 2842124 1533292 34287696    0    0     0 667308 214758 603203 80 20  0  0  0  0
184  0 117032 2839980 1533292 34287704    0    0     0 684184 207502 599505 80 20  0  0  0  0
252  0 117032 2842996 1533292 34287720    0    0     0 683712 206387 602506 80 20  0  0  0  0
323  0 117032 2840648 1533296 34287720    0    0     0 666488 207549 608952 79 20  1  0  0  0
155  0 117032 2836764 1533296 34287796    0    0     0 684072 217598 597818 80 20  0  0  0  0
251  0 117032 2838016 1533296 34287804    0    0     0 684088 205816 602522 79 20  0  0  0  0
243  1 117032 2842012 1533296 34287820    0    0     0 683088 205219 596066 80 20  0  0  0  0
212  0 117032 2842708 1533308 34287836    0    0     0 666116 207923 604650 80 20  0  0  0  0
246  0 117032 2833560 1533316 34287848    0    0     4 683752 210406 601864 80 20  0  0  0  0
252  0 117032 2832164 1533316 34287860    0    0     0 684104 207456 598986 80 20  0  0  0  0
180  0 117032 2831012 1533316 34287868    0    0     0 663688 208925 614268 79 20  0  0  0  0
231  0 117032 2832228 1533316 34287880    0    0     0 682524 207207 606502 80 20  0  0  0  0
282  0 117032 2829136 1533316 34287896    0    0     0 685496 206102 603516 80 20  0  0  0  0
211  0 117032 2823520 1533324 34287896    0    0     0 666220 205181 605399 80 20  0  0  0  0
302  0 117032 2822788 1533324 34287912    0    0     0 682808 205949 601443 80 20  0  0  0  0
250  0 117032 2823080 1533324 34287924    0    0     0 682860 205228 603652 80 20  0  0  0  0
207  0 117032 2819372 1533324 34287932    0    0     0 665108 205593 608266 80 20  1  0  0  0
287  0 117032 2824276 1533324 34287944    0    0     0 680908 208790 613354 79 20  1  0  0  0
242  0 117032 2824680 1533328 34287948    0    0     4 683052 210406 601953 80 20  0  0  0  0
187  0 117032 2822772 1533328 34287968    0    0     0 668776 206463 609051 79 20  1  0  0  0
265  0 117032 2825592 1533328 34287972    0    0     0 667300 206549 599908 80 20  0  0  0  0
procs -----------memory---------- ---swap-- -----io---- -system-- -------cpu-------
 r  b   swpd   free   buff  cache   si   so    bi    bo   in   cs us sy id wa st gu
225  0 117032 2820400 1533328 34287988    0    0     0 681512 210892 608534 80 20  0  0  0  0
247  0 117032 2822204 1533328 34287996    0    0     0 668136 207000 602260 80 20  0  0  0  0
213  0 117032 2819444 1533336 34288004    0    0     0 717472 206082 602585 80 20  0  0  0  0
237  0 117032 2819768 1533336 34288020    0    0     0 664668 204682 603103 80 20  0  0  0  0
236  0 117032 2822476 1533336 34288028    0    0     0 683640 205084 599940 79 20  1  0  0  0
264  0 117032 2822264 1533336 34288040    0    0     0 667636 203717 594731 80 20  0  0  0  0
231  0 117032 2826924 1533336 34288048    0    0     0 682424 207318 610868 80 20  0  0  0  0
180  0 117032 2827336 1533340 34288056    0    0     0 666336 205443 604702 80 20  0  0  0  0
203  0 117032 2818760 1533340 34288068    0    0     0 681584 205068 599383 80 20  0  0  0  0
317  0 117032 2820268 1533340 34288076    0    0     0 682460 205949 599489 80 20  0  0  0  0
224  1 117032 2820700 1533340 34288088    0    0     0 666592 204508 599772 80 20  0  0  0  0
221  0 117032 2821012 1533340 34288096    0    0     0 680456 207280 606485 80 20  0  0  0  0
290  0 117032 2820672 1533344 34288104    0    0     0 683340 206631 597775 79 20  0  0  0  0
204  0 117032 2816192 1533344 34288116    0    0     0 665764 206200 607309 80 20  0  0  0  0
250  0 117032 2815048 1533344 34288124    0    0     0 684536 207555 603302 79 20  1  0  0  0
229  0 117032 2823808 1533344 34288140    0    0     0 680672 207359 604820 79 20  0  0  0  0
287  0 117032 2821776 1533344 34288148    0    0     0 664072 210923 611358 79 20  1  0  0  0
260  0 117032 2829808 1533352 34288148    0    0     0 683000 208426 610462 80 20  0  0  0  0
234  0 117032 2828904 1533352 34288164    0    0     0 681900 206059 603763 79 20  1  0  0  0
305  0 117032 2831876 1533352 34288172    0    0     0 683164 206812 603291 80 20  0  0  0  0
305  0 117032 2830008 1533352 34288184    0    0     0 664532 208464 601688 80 20  0  0  0  0
procs -----------memory---------- ---swap-- -----io---- -system-- -------cpu-------
 r  b   swpd   free   buff  cache   si   so    bi    bo   in   cs us sy id wa st gu
264  0 117032 2827868 1533352 34288192    0    0     0 682404 205507 599966 79 20  1  0  0  0
234  0 117032 2831040 1533356 34288200    0    0     0 679576 210528 611942 79 20  0  0  0  0
256  0 117032 2829440 1533356 34288212    0    0     0 664848 209060 604164 80 20  0  0  0  0
273  0 117032 2832512 1533356 34288224    0    0     0 683780 207089 603800 80 20  0  0  0  0
199  0 117032 2831676 1533356 34288232    0    0     0 682136 204887 604963 79 20  1  0  0  0
231  0 117032 2824048 1533356 34288240    0    0     0 665584 219621 604675 79 20  1  0  0  0
285  0 117032 2825692 1533356 34288252    0    0     0 1320564 230602 656957 79 21  1  0  0  0
250  0 117032 2821488 1533356 34288260    0    0     0 682304 207044 609455 79 20  1  0  0  0
267  0 117032 2820368 1533356 34288268    0    0     0 667920 206025 611678 79 20  1  0  0  0
227  0 117032 2821248 1533356 34288280    0    0     0 680684 208149 602670 80 20  0  0  0  0
238  0 117032 2816016 1533356 34288292    0    0     0 681344 208383 607352 79 20  1  0  0  0
236  0 117032 2817264 1533364 34288296    0    0     0 665388 208705 607466 80 20  0  0  0  0
281  0 117032 2825104 1533364 34288316    0    0     0 684772 202751 598628 79 20  0  0  0  0
197  0 117032 2824892 1533364 34288320    0    0     0 679680 207026 609360 80 20  1  0  0  0
282  0 117032 2825044 1533364 34288336    0    0     0 682640 207376 601992 80 20  0  0  0  0
265  0 117032 2821544 1533364 34288344    0    0     0 669160 208165 602365 80 20  0  0  0  0
247  0 117032 2823048 1533364 34288352    0    0     0 682764 220010 603090 80 20  0  0  0  0
277  1 117032 2816580 1533364 34288364    0    0     0 682648 208612 611708 79 20  1  0  0  0
287  0 117032 2830880 1533364 34288372    0    0     0 1306908 225730 642132 79 20  1  0  0  0
245  0 117032 2825520 1533364 34288384    0    0     0 685328 206047 606492 80 20  0  0  0  0
238  0 117032 2817576 1533364 34288392    0    0     0 681544 207761 603329 80 20  0  0  0  0
procs -----------memory---------- ---swap-- -----io---- -system-- -------cpu-------
 r  b   swpd   free   buff  cache   si   so    bi    bo   in   cs us sy id wa st gu
262  0 117032 2819064 1533368 34288396    0    0     0 667932 206332 602275 80 20  0  0  0  0
239  0 117032 2823288 1533368 34288476    0    0     0 682920 207075 602081 80 20  0  0  0  0
224  0 117032 2824028 1533368 34288488    0    0     0 683656 207860 602827 80 20  0  0  0  0
218  0 117032 2827640 1533368 34288504    0    0     0 665648 207586 604857 79 20  0  0  0  0
236  0 117032 2819276 1533368 34288512    0    0     0 682272 208450 609745 80 20  0  0  0  0
237  0 117032 2820412 1533376 34288512    0    0     0 684020 206332 603340 80 20  0  0  0  0
262  0 117032 2817592 1533376 34288536    0    0     0 664520 207114 602302 80 20  0  0  0  0
237  0 117032 2815244 1533376 34288544    0    0     0 684500 206554 598815 79 20  0  0  0  0
227  0 117032 2818024 1533376 34288556    0    0     0 682540 207445 601884 79 20  0  0  0  0
275  0 117032 2813220 1533376 34288560    0    0     0 1325960 226960 638230 79 20  1  0  0  0
196  0 117032 2812764 1533380 34288564    0    0     0 667500 206130 603306 80 20  0  0  0  0
204  0 117032 2805640 1533380 34288580    0    0     0 683236 208084 603589 80 20  1  0  0  0
191  0 117032 2803964 1533380 34288588    0    0     0 683280 208302 618573 79 20  1  0  0  0
219  0 117032 2809208 1533380 34288596    0    0     0 666728 208398 603557 80 20  0  0  0  0
318  0 117032 2807924 1533380 34288608    0    0     0 681272 206760 601072 79 20  1  0  0  0
226  0 117032 2800588 1533384 34288612    0    0     0 684060 206723 601373 80 20  0  0  0  0
251  0 117032 2800972 1533384 34288628    0    0     0 667648 205441 606453 80 20  1  0  0  0
274  0 117032 2796120 1533384 34288636    0    0     0 682472 206652 601551 80 20  0  0  0  0
261  0 117032 2796860 1533384 34288648    0    0     0 683140 208817 599676 80 20  0  0  0  0
310  0 117032 2799152 1533384 34288656    0    0     0 1303672 229123 650085 79 20  1  0  0  0
300  0 117032 2799916 1533392 34288656    0    0     0 683744 205095 606375 80 20  0  0  0  0
procs -----------memory---------- ---swap-- -----io---- -system-- -------cpu-------
 r  b   swpd   free   buff  cache   si   so    bi    bo   in   cs us sy id wa st gu
209  0 117032 2796808 1533392 34288680    0    0     0 680336 210589 609753 80 20  0  0  0  0
273  0 117032 2799968 1533392 34288688    0    0     0 668808 206246 598023 80 20  0  0  0  0
213  0 117032 2797692 1533392 34288700    0    0     0 683580 206241 607778 80 20  0  0  0  0
244  0 117032 2796912 1533392 34288708    0    0     0 684012 208050 608358 79 20  1  0  0  0
205  0 117032 2797124 1533396 34288712    0    0     0 682540 215675 601748 80 20  0  0  0  0
236  0 117032 2793896 1533396 34288720    0    0     0 669176 210375 605063 80 20  0  0  0  0
254  0 117032 2797008 1533396 34288732    0    0     0 683724 206245 599334 79 20  1  0  0  0
244  0 117032 2797128 1533396 34288740    0    0     0 682808 206723 604267 80 20  0  0  0  0
264  0 117032 2799336 1533396 34288756    0    0     0 1305356 240670 642630 79 20  1  0  0  0
279  0 117032 2802468 1533400 34288760    0    0     0 684352 208366 609268 79 20  1  0  0  0
196  0 117032 2804020 1533400 34288772    0    0     0 683944 201654 598322 80 20  0  0  0  0
227  0 117032 2808612 1533400 34288784    0    0     0 665732 206693 595815 80 20  0  0  0  0
255  0 117032 2813708 1533400 34288796    0    0     0 681360 218211 602848 80 20  0  0  0  0
257  0 117032 2809456 1533400 34288804    0    0     0 680628 205678 605685 79 20  0  0  0  0
233  0 117032 2801300 1533404 34288808    0    0     0 666536 206396 609785 80 20  0  0  0  0
211  0 117032 2800436 1533408 34288816    0    0     0 684332 206647 603912 80 20  0  0  0  0
218  0 117032 2796244 1533408 34288832    0    0     0 684084 203853 593017 80 20  0  0  0  0
243  0 117032 2798536 1533408 34288844    0    0     0 668640 203768 591619 80 20  0  0  0  0
204  4 117032 2806384 1533408 34288852    0    0     0 1776924 240579 667128 78 21  1  0  0  0
227  2 117032 2800836 1533420 34288848    0    0     0 573068 202755 592310 80 20  0  0  0  0
202  3 117032 2803720 1533420 34288872    0    0     0 590276 202687 598987 80 20  0  0  0  0
procs -----------memory---------- ---swap-- -----io---- -system-- -------cpu-------
 r  b   swpd   free   buff  cache   si   so    bi    bo   in   cs us sy id wa st gu
224  1 117032 2804192 1533420 34288888    0    0     0 674932 203896 602501 77 19  3  0  0  0
298  0 117032 2798616 1533420 34288896    4    0     4 715068 207682 603235 80 20  0  0  0  0
281  3 117032 2802528 1533420 34288904    0    0     0 762964 209138 612601 79 20  1  0  0  0
256  0 117032 2806868 1533428 34288904    0    0     0 515564 201507 590552 80 20  0  0  0  0
297  2 117032 2807928 1533428 34288920    0    0     0 803408 212411 613836 79 20  0  0  0  0
247  2 117032 2806456 1533428 34288932    0    0     0 609688 204019 603017 80 20  0  0  0  0
287  2 117032 2805004 1533428 34288944    0    0     0 708220 209693 613386 79 20  1  0  0  0
252  1 117032 2804056 1533428 34288952    0    0     0 697624 208665 610103 79 20  1  0  0  0
277  1 117032 2803680 1533432 34288956    0    0     0 666156 216776 600503 80 20  0  0  0  0
165  4 117032 2802056 1533432 34288968    0    0     0 689612 208225 606934 80 20  0  0  0  0
273  0 117032 2808348 1533432 34288984    0    0     0 1383556 231688 653347 79 20  1  0  0  0
304  0 117032 2804268 1533432 34288996    0    0     0 651868 204661 599193 79 20  1  0  0  0
142  0 117032 2805500 1533432 34289004    0    0     0 550552 201525 599385 80 20  0  0  0  0
267  0 117032 2803208 1533436 34289008    0    0     0 740288 206227 607023 79 20  1  0  0  0
295  2 117032 2802124 1533436 34289020    0    0     0 780800 207170 609655 80 20  0  0  0  0
338  0 117032 2799856 1533436 34289028    0    0     0 585800 205871 606377 80 20  0  0  0  0
256  1 117032 2799592 1533436 34289044    0    0     0 743540 202393 588942 77 19  4  0  0  0
203  3 117032 2796824 1533440 34289048    0    0     0 653064 202969 594989 80 20  0  0  0  0
159  4 117032 2793792 1533452 34289060    0    0     4 622940 205688 606288 80 20  0  0  0  0
332  1 117032 2796880 1533452 34289140    0    0     0 709888 209452 612120 80 20  0  0  0  0
282  2 117032 2791900 1533452 34289148    0    0     0 750344 209825 613888 80 20  0  0  0  0
procs -----------memory---------- ---swap-- -----io---- -system-- -------cpu-------
 r  b   swpd   free   buff  cache   si   so    bi    bo   in   cs us sy id wa st gu
 8  3 117032 2794372 1533452 34289164    0    0     0 1363728 227663 653605 76 20  3  0  0  0
255  0 117032 2799928 1533452 34289172    0    0     0 492228 200324 585879 79 20  1  0  0  0
290  1 117032 2799840 1533460 34289180    0    0     0 762972 211057 607283 80 20  0  0  0  0
254  3 117032 2799420 1533460 34289188    0    0     0 697064 205609 603591 80 20  0  0  0  0
289  0 117032 2802468 1533460 34289200    0    0     0 680816 209948 608162 80 20  0  0  0  0
302  0 117032 2792912 1533460 34289212    0    0     0 653032 205912 612531 79 20  1  0  0  0
228  0 117032 2804064 1533460 34289224    0    0     0 628240 204082 600899 80 20  0  0  0  0
323  0 117032 2803996 1533468 34289224    0    0     0 720020 204881 601655 80 20  0  0  0  0
170  3 117032 2805048 1533468 34289240    0    0     0 725856 205481 602255 80 20  0  0  0  0
213  1 117032 2802364 1533472 34289244    0    0     4 614512 202582 603721 80 20  0  0  0  0
276  1 117032 2803584 1533472 34289272    0    0     0 1415328 233246 652962 79 20  1  0  0  0
181  1 117032 2802580 1533472 34289284    0    0     0 560484 202583 590733 79 20  0  0  0  0
307  0 117032 2803208 1533476 34289288    0    0     0 673812 207953 604092 80 20  0  0  0  0
278  0 117032 2802468 1533476 34289300    0    0     0 698804 208033 607009 80 20  0  0  0  0
263  0 117032 2801912 1533476 34289308    0    0     0 683932 204651 602697 80 20  0  0  0  0
268  3 117032 2799080 1533476 34289320    0    0     0 764824 209983 608776 79 20  0  0  0  0
245  0 117032 2802128 1533476 34289328    0    0     0 748316 207935 610215 79 20  1  0  0  0
226  2 117032 2800144 1533484 34289328    0    0     0 627408 205782 595293 80 20  0  0  0  0
264  0 117032 2797372 1533484 34289344    0    0     0 595492 202789 595229 80 20  0  0  0  0
183  2 117032 2792712 1533484 34289352    0    0     0 1334696 227465 649759 79 20  1  0  0  0
254  0 117032 2794160 1533484 34289372    0    0     0 608912 203825 602628 80 20  0  0  0  0
procs -----------memory---------- ---swap-- -----io---- -system-- -------cpu-------
 r  b   swpd   free   buff  cache   si   so    bi    bo   in   cs us sy id wa st gu
281  2 117032 2792300 1533488 34289376    0    0     4 871368 215119 618185 79 20  0  0  0  0
294  1 117032 2793700 1533492 34289392    0    0     0 561536 200983 593482 80 20  0  0  0  0
213  1 117032 2794528 1533492 34289404    0    0     0 755672 209999 612709 80 20  0  0  0  0
355  4 117032 2800836 1533492 34289412    0    0     0 764460 205378 605377 80 20  1  0  0  0
290  0 117032 2800028 1533492 34289428    0    0     0 516264 210657 590057 80 20  0  0  0  0
216  1 117032 2796652 1533492 34289436    0    0     0 667420 205720 603174 80 20  0  0  0  0
252  2 117032 2790548 1533496 34289440    0    0     0 1445436 228402 650438 79 20  1  0  0  0
276  2 117032 2788344 1533496 34289456    0    0     0 581912 201321 595834 80 20  0  0  0  0
233  2 117032 2786368 1533496 34289464    0    0     0 737364 207029 602858 80 20  0  0  0  0
239  2 117032 2792580 1533496 34289476    0    0     0 734908 208419 608866 78 20  2  0  0  0
301  0 117032 2793308 1533500 34289484    0    0     4 615856 202989 597812 80 20  0  0  0  0
192  0 117032 2795956 1533504 34289500    0    0     0 625984 206630 602447 80 20  0  0  0  0
170  3 117032 2793288 1533504 34289508    0    0     0 862200 213447 618483 80 20  0  0  0  0
206  0 117032 2789288 1533504 34289516    0    0     0 511932 201292 592856 80 20  0  0  0  0
218  0 117032 2786376 1533504 34289524    0    0     0 1339948 227332 647388 79 20  1  0  0  0
256  0 117032 2784912 1533504 34289540    0    0     0 646744 208486 605368 80 20  0  0  0  0
226  0 117032 2779296 1533504 34289548    0    0     0 709976 205555 604056 80 20  0  0  0  0
264  0 117032 2785020 1533504 34289556    0    0     0 804124 214038 618026 79 20  0  0  0  0
262  0 117032 2789484 1533504 34289564    0    0     0 521036 201862 596502 80 20  0  0  0  0
291  1 117032 2791796 1533504 34289576    0    0     0 1464152 232497 659708 78 21  1  0  0  0
260  0 117032 2790736 1533504 34289588    0    0     0 667340 205030 602552 80 20  0  0  0  0
procs -----------memory---------- ---swap-- -----io---- -system-- -------cpu-------
 r  b   swpd   free   buff  cache   si   so    bi    bo   in   cs us sy id wa st gu
256  0 117032 2789276 1533512 34289588    0    0     0 739476 211855 617812 80 20  0  0  0  0
196  2 117032 2792844 1533516 34289612    0    0     4 568752 198998 595835 80 20  0  0  0  0
299  0 117032 2793164 1533516 34289624    0    0     0 1249772 226005 645581 79 20  1  0  0  0
232  3 117032 2794216 1533516 34289636    0    0     0 656572 208782 610446 80 20  0  0  0  0
245  0 117032 2796104 1533516 34289652    0    0     0 662676 205377 597115 80 20  0  0  0  0
215  1 117032 2792496 1533516 34289660    0    0     0 924344 213918 616316 79 20  1  0  0  0
273  0 117032 2789608 1533516 34289668    0    0     0 503824 199580 585389 80 20  0  0  0  0
260  2 117032 2787016 1533516 34289676    0    0     0 660824 207394 605046 80 20  0  0  0  0
257  0 117032 2788344 1533516 34289684    0    0     0 870928 212277 623817 79 20  1  0  0  0
282  0 117032 2785240 1533516 34289700    0    0     0 624592 199226 591459 80 20  0  0  0  0
219  3 117032 2785164 1533516 34289708    0    0     0 777648 209630 614210 80 20  1  0  0  0
278  3 117032 2784156 1533516 34289716    0    0     0 1160916 222355 638858 79 20  1  0  0  0
235  2 117032 2783024 1533520 34289720    0    0     4 668500 202577 599801 79 20  0  0  0  0
266  0 117032 2782820 1533520 34289744    0    0     0 634164 207106 602271 80 20  0  0  0  0
234  1 117032 2787516 1533520 34289760    0    0     0 762824 209331 607683 80 20  0  0  0  0
297  0 117032 2781608 1533528 34289760    0    0     0 724592 207244 605181 79 20  0  0  0  0
282  0 117032 2785328 1533528 34289844    0    0     0 630780 206301 598118 80 20  0  0  0  0
291  0 117032 2782960 1533528 34289852    0    0     0 655036 208768 604087 80 20  0  0  0  0
245  2 117032 2778404 1533528 34289864    0    0     0 769064 210260 613844 80 20  1  0  0  0
295  1 117032 2785032 1533528 34289872    0    0     0 633632 206801 598201 79 20  0  0  0  0
257  1 117032 2778084 1533536 34289876    0    0     0 636948 203741 600312 80 20  0  0  0  0
procs -----------memory---------- ---swap-- -----io---- -system-- -------cpu-------
 r  b   swpd   free   buff  cache   si   so    bi    bo   in   cs us sy id wa st gu
241  0 117032 2777160 1533536 34289892    0    0     0 603640 203268 599298 80 20  0  0  0  0
256  1 117032 2777384 1533536 34289900    0    0     0 778080 210170 612168 79 20  0  0  0  0
262  0 117032 2774048 1533536 34289912    0    0     0 664848 207382 600813 80 20  0  0  0  0
243  1 117032 2773660 1533540 34289916    0    0     4 648712 204305 600880 80 20  0  0  0  0
242  1 117032 2770388 1533540 34289936    0    0     0 607164 205467 603191 80 20  0  0  0  0
214  0 117032 2778932 1533540 34289944    0    0     0 870156 215354 624803 80 20  0  0  0  0
159  3 117032 2783428 1533540 34289952    0    0     0 747216 208489 618308 80 20  1  0  0  0
279  0 117032 2788524 1533540 34289972    0    0     0 1262540 223602 635672 79 20  1  0  0  0
264  1 117032 2785464 1533540 34289980    0    0     0 663256 208020 605553 80 20  0  0  0  0
162  1 117032 2782528 1533544 34289988    0    0     0 546092 198997 591578 80 20  0  0  0  0
286  0 117032 2785984 1533544 34290000    0    0     0 795664 211836 614918 80 20  0  0  0  0
266  0 117032 2775244 1533544 34290012    0    0     0 457396 198194 587918 80 20  0  0  0  0
259  1 117032 2773996 1533544 34290012    0    0     0 895684 213537 617190 79 20  0  0  0  0
267  0 117032 2778952 1533544 34290020    0    0     0 711412 215677 604535 80 20  0  0  0  0
280  0 117032 2776084 1533548 34290036    0    0     0 654608 204710 602317 80 20  0  0  0  0
247  1 117032 2774436 1533552 34290056    0    0     4 648732 202616 592796 80 20  0  0  0  0
273  1 117032 2774408 1533552 34290072    0    0     0 715676 210071 614521 79 20  0  0  0  0
198  0 117032 2777764 1533552 34290076    0    0     0 673136 203657 599779 79 20  1  0  0  0
223  0 117032 2777576 1533552 34290092    0    0     0 692196 205406 600354 80 20  0  0  0  0
238  2 117032 2779484 1533556 34290104    0    0     0 664432 208759 611346 80 20  0  0  0  0
235  0 117032 2782244 1533556 34290112    0    0     0 647408 206096 600384 79 20  1  0  0  0
procs -----------memory---------- ---swap-- -----io---- -system-- -------cpu-------
 r  b   swpd   free   buff  cache   si   so    bi    bo   in   cs us sy id wa st gu
145  2 117032 2781840 1533556 34290120    0    0     0 1361104 229939 651199 79 20  1  0  0  0
219  1 117032 2781948 1533556 34290124    0    0     0 681184 208901 608615 80 20  0  0  0  0
272  0 117032 2778172 1533556 34290136    0    0    48 578356 203377 590238 80 20  0  0  0  0
193  0 117032 2775568 1533560 34290200    0    0     0 633784 207683 609417 80 20  0  0  0  0
256  0 117032 2777472 1533560 34290212    0    0     0 833628 209633 605602 80 20  0  0  0  0
145  0 117032 2772788 1533564 34290220    0    0     4 685052 200555 594866 80 20  1  0  0  0
258  0 117032 2771736 1533564 34290240    0    0     0 503436 202439 597321 80 20  0  0  0  0
261  0 117032 2766292 1533564 34290256    0    0     0 845880 211693 612975 80 20  0  0  0  0
282  0 117032 2770368 1533564 34290260    0    0     0 685496 205253 607198 80 20  1  0  0  0
266  2 117032 2773148 1533564 34290268    0    0     0 614956 203976 598816 80 20  0  0  0  0
277  0 117032 2777028 1533564 34290284    0    0     0 638600 205625 597498 80 20  0  0  0  0
191  2 117032 2777444 1533564 34290288    0    0     0 728540 204632 597125 80 20  0  0  0  0
258  1 117032 2778056 1533564 34290304    0    0     0 1297548 222596 630869 79 20  1  0  0  0
228  0 117032 2776176 1533572 34290316    0    0     0 746776 208832 612394 80 20  1  0  0  0
239  1 117032 2767780 1533572 34290316    0    0     0 678992 206080 608289 80 20  0  0  0  0
248  0 117032 2782232 1533572 34290336    0    0     0 686648 205578 601840 80 20  1  0  0  0
281  0 117032 2779856 1533572 34290336    4    0     4 494292 202531 591206 80 20  0  0  0  0
261  0 117032 2777788 1533576 34290352    0    0     4 856468 211957 618801 80 20  0  0  0  0
294  0 117032 2778820 1533584 34290360    0    0     0 682464 207669 610062 79 20  0  0  0  0
231  0 117032 2778524 1533584 34290376    0    0     0 667308 202671 602076 80 20  1  0  0  0
255  0 117032 2775212 1533584 34290388    0    0     0 568472 206836 597329 80 20  0  0  0  0
procs -----------memory---------- ---swap-- -----io---- -system-- -------cpu-------
 r  b   swpd   free   buff  cache   si   so    bi    bo   in   cs us sy id wa st gu
295  0 117032 2776660 1533584 34290396    0    0     0 798400 212016 615829 80 20  0  0  0  0
210  4 117032 2775116 1533584 34290396    0    0     0 848328 213842 619838 80 20  1  0  0  0
225  0 117032 2784360 1533584 34290404    0    0     0 1142644 222368 644287 79 20  1  0  0  0
151  0 117032 2783856 1533584 34290416    0    0     0 674892 205727 606059 80 20  0  0  0  0
268  0 117032 2785236 1533584 34290424    0    0     0 676044 205823 597302 79 20  0  0  0  0
228  0 117032 2787736 1533584 34290436    0    0     0 683768 207464 607398 80 20  1  0  0  0
269  0 117032 2776640 1533584 34290444    0    0     0 685324 204813 599459 80 20  0  0  0  0
271  3 117032 2776428 1533596 34290456    0    0     4 606836 206818 601139 80 20  0  0  0  0
270  0 117032 2778960 1533596 34290484    0    0     0 746524 208227 606192 80 20  0  0  0  0
267  0 117032 2774116 1533596 34290496    0    0     0 683692 205175 608506 80 20  0  0  0  0
247  0 117032 2775060 1533596 34290504    0    0     0 670648 205788 603271 80 20  0  0  0  0
287  0 117032 2781036 1533596 34290512    0    0     0 652456 206511 599598 80 20  0  0  0  0
301  0 117032 2777860 1533604 34290596    0    0     0 677924 203134 596212 80 20  0  0  0  0
259  0 117032 2782564 1533604 34290620    0    0     0 714776 205685 596060 80 20  0  0  0  0
315  0 117032 2783904 1533604 34290624    0    0     0 627996 207133 601512 80 20  0  0  0  0
268  0 117032 2784088 1533604 34290632    0    0     0 1362852 221414 636092 78 20  1  0  0  0
245  0 117032 2782428 1533604 34290640    0    0     0 679236 209146 600775 80 20  0  0  0  0
266  2 117032 2780400 1533612 34290652    0    0     0 612308 203730 600210 80 20  0  0  0  0
228  0 117032 2775700 1533612 34290660    0    0     0 738008 205935 608868 80 20  0  0  0  0
217  0 117032 2776368 1533616 34290672    0    0     4 686088 206294 610687 79 20  1  0  0  0
222  0 117032 2780632 1533616 34290688    0    0     0 661508 203809 596672 80 20  0  0  0  0
procs -----------memory---------- ---swap-- -----io---- -system-- -------cpu-------
 r  b   swpd   free   buff  cache   si   so    bi    bo   in   cs us sy id wa st gu
204  0 117032 2777752 1533616 34290700    0    0     0 687344 208102 609798 80 20  0  0  0  0
170  0 117032 2775948 1533624 34290716    0    0     0 683232 205153 600297 79 20  0  0  0  0
198  0 117032 2772744 1533624 34290724    0    0     0 682328 219612 608520 80 20  1  0  0  0
265  0 117032 2774296 1533624 34290744    0    0     0 655368 205080 605777 80 20  0  0  0  0
411  0 117032 2772900 1533624 34290744    0    0     0 691672 208763 610878 79 20  1  0  0  0
319  0 117032 2772268 1533624 34290752    0    0     0 641972 208718 602683 80 20  0  0  0  0
265  0 117032 2774600 1533624 34290760    0    0     0 1350344 227968 646302 79 20  1  0  0  0
258  0 117032 2770992 1533624 34290776    0    0     0 682544 208562 609376 80 20  0  0  0  0
235  0 117032 2764920 1533624 34290784    0    0     0 683928 204273 605086 79 20  0  0  0  0
272  0 117032 2754812 1533624 34290836    0    0     0 665316 207969 604192 79 20  0  0  0  0
250  0 117032 2758644 1533628 34290848    0    0     4 682624 207959 607137 80 20  0  0  0  0
278  0 117032 2754284 1533632 34290856    0    0     0 682912 211979 612889 80 20  0  0  0  0
228  0 117032 2758504 1533632 34290876    0    0     0 668712 207711 609272 80 20  0  0  0  0
158  0 117032 2764208 1533632 34290880    0    0     0 685896 209592 599223 80 20  0  0  0  0
259  0 117032 2765928 1533632 34290888    0    0     0 685356 209036 604203 80 20  0  0  0  0
306  0 117032 2764408 1533632 34290896    0    0     0 872560 218209 627585 79 20  1  0  0  0
282  0 117032 2762016 1533640 34290904    0    0     0 1118140 222798 638375 79 21  1  0  0  0
213  0 117032 2759752 1533640 34290924    0    0     0 681260 207609 608181 80 20  0  0  0  0
258  0 117032 2762592 1533640 34290932    0    0     0 681388 209059 607325 80 20  0  0  0  0
262  0 117032 2757372 1533640 34290944    0    0     0 667172 206768 604847 80 20  0  0  0  0
273  0 117032 2769236 1533640 34290960    0    0     0 686124 204220 599896 80 20  0  0  0  0
procs -----------memory---------- ---swap-- -----io---- -system-- -------cpu-------
 r  b   swpd   free   buff  cache   si   so    bi    bo   in   cs us sy id wa st gu
258  0 117032 2766784 1533644 34290968    0    0     4 683076 206434 596812 80 20  0  0  0  0
236  0 117032 2758640 1533644 34290988    0    0     0 667116 206951 603941 80 20  0  0  0  0
224  0 117032 2762340 1533644 34291000    0    0     0 684544 207894 605008 79 20  0  0  0  0
254  2 117032 2771264 1533644 34291000    0    0     0 896964 218916 623996 79 20  1  0  0  0
266  0 117032 2768532 1533644 34291008    0    0     0 1091600 218245 637296 79 20  1  0  0  0
244  0 117032 2769592 1533652 34291016    0    0     0 677296 208330 605729 80 20  0  0  0  0
247  0 117032 2764284 1533652 34291024    0    0     0 689208 206442 608340 80 20  0  0  0  0
247  0 117032 2769752 1533652 34291044    0    0     0 666476 206522 609236 79 21  1  0  0  0
276  0 117032 2770084 1533652 34291044    0    0     0 684528 206333 600779 80 20  0  0  0  0
301  0 117032 2770732 1533652 34291052    0    0     0 681552 207186 608310 79 20  0  0  0  0
276  0 117032 2768172 1533652 34291060    0    0     0 666028 204794 607750 80 20  1  0  0  0
208  0 117032 2767008 1533652 34291076    0    0     0 681948 209154 610790 79 20  1  0  0  0
217  0 117032 2768836 1533656 34291092    0    0     4 679960 209242 618172 79 20  1  0  0  0
276  0 117032 2764508 1533656 34291100    0    0     0 680692 209453 612804 79 20  1  0  0  0
258  2 117032 2767068 1533656 34291108    0    0     0 1174892 227901 652461 79 20  1  0  0  0
230  0 117032 2759640 1533664 34291116    0    0     0 814112 207823 610457 80 20  1  0  0  0
277  0 117032 2762388 1533664 34291124    0    0     0 684876 207065 597790 80 20  0  0  0  0
267  0 117032 2762984 1533664 34291140    0    0     0 668988 207177 608944 80 20  1  0  0  0
253  0 117032 2767264 1533664 34291148    0    0     0 683092 207583 614296 79 20  1  0  0  0
264  0 117032 2766004 1533664 34291156    0    0     0 680852 205455 611342 79 20  1  0  0  0
298  0 117032 2764272 1533668 34291168    0    0     0 667080 210030 608002 80 20  0  0  0  0
procs -----------memory---------- ---swap-- -----io---- -system-- -------cpu-------
 r  b   swpd   free   buff  cache   si   so    bi    bo   in   cs us sy id wa st gu
262  0 117032 2769880 1533668 34291176    0    0     0 683496 207835 605378 80 20  0  0  0  0
177  0 117032 2769528 1533668 34291192    0    0     0 680240 207790 605671 80 20  1  0  0  0
166  0 117032 2770604 1533668 34291200    0    0     0 663780 207670 612861 80 20  1  0  0  0
232  0 117032 2771752 1533672 34291216    0    0     4 679200 206876 612338 79 20  1  0  0  0
260  0 117032 2771004 1533676 34291224    0    0     0 1112320 218717 632767 79 20  0  0  0  0
237  0 117032 2768080 1533676 34291232    0    0     0 874516 214243 617124 79 20  1  0  0  0
261  0 117032 2769132 1533676 34291256    0    0     0 679940 209251 611738 79 20  1  0  0  0
257  0 117032 2767788 1533676 34291264    0    0     0 682040 207206 612410 79 20  1  0  0  0
169  0 117032 2769616 1533676 34291272    0    0     0 665380 208266 607023 80 20  0  0  0  0
253  0 117032 2764504 1533676 34291348    0    0     0 681032 207744 614488 79 20  1  0  0  0
149  0 117032 2761308 1533676 34291360    0    0     0 682772 205623 608023 79 20  1  0  0  0
253  0 117032 2760960 1533676 34291376    0    0     0 683104 207178 608039 79 20  1  0  0  0
174  0 117032 2766024 1533676 34291384    0    0     0 664396 206819 611972 80 20  1  0  0  0
256  4 117032 2767136 1533676 34291392    0    0     0 1106200 224750 644991 79 20  1  0  0  0
281  0 117032 2761592 1533688 34291396    0    0     4 895360 211431 621770 79 20  1  0  0  0
167  0 117032 2759736 1533688 34291416    0    0     0 666900 206130 611314 80 20  1  0  0  0
261  0 117032 2765936 1533688 34291432    0    0     0 686432 204819 598187 79 20  1  0  0  0
196  0 117032 2767404 1533688 34291440    0    0     0 682100 205736 599311 80 20  0  0  0  0
307  0 117032 2763992 1533688 34291448    0    0     0 665900 207293 603829 80 20  0  0  0  0
258  0 117032 2760064 1533688 34291456    0    0     0 686324 207009 608466 79 20  1  0  0  0
253  0 117032 2767240 1533688 34291460    0    0     0 682084 206833 606784 79 20  0  0  0  0
procs -----------memory---------- ---swap-- -----io---- -system-- -------cpu-------
 r  b   swpd   free   buff  cache   si   so    bi    bo   in   cs us sy id wa st gu
249  0 117032 2759880 1533688 34291476    0    0     0 754224 213186 609269 80 20  0  0  0  0
302  0 117032 2760468 1533688 34291484    0    0     0 1237608 221292 637168 79 20  1  0  0  0
218  0 117032 2759684 1533688 34291492    0    0     0 684592 203706 598436 80 20  0  0  0  0
266  0 117032 2760444 1533696 34291500    0    0     0 664380 208706 611220 79 20  1  0  0  0
272  0 117032 2767096 1533696 34291508    0    0     0 684700 203807 597007 80 20  1  0  0  0
286  0 117032 2770836 1533700 34291532    0    0     4 684076 206293 602085 79 20  1  0  0  0
191  0 117032 2762852 1533700 34291540    0    0     0 666308 205838 606736 79 20  1  0  0  0
267  0 117032 2767808 1533700 34291548    0    0     0 680408 207338 613202 80 20  0  0  0  0
243  0 117032 2776620 1533704 34291556    0    0     0 1273756 228254 644929 78 20  1  0  0  0
293  0 117032 2767128 1533704 34291564    0    0     0 736400 202543 596135 79 20  1  0  0  0
285  0 117032 2769800 1533704 34291576    0    0     0 663744 207620 607170 79 20  0  0  0  0
299  0 117032 2765892 1533704 34291588    0    0     0 684260 205286 611433 79 20  1  0  0  0
218  0 117032 2763980 1533704 34291596    0    0     0 683752 209833 613601 79 20  1  0  0  0
189  0 117032 2767140 1533712 34291604    0    0     0 666652 204808 600662 80 20  0  0  0  0
322  0 117032 2761440 1533712 34291612    0    0     0 683248 206797 608104 80 20  1  0  0  0
255  0 117032 2765732 1533712 34291624    0    0     0 683068 203975 606216 80 20  1  0  0  0
230  2 117032 2765996 1533712 34291636    0    0     0 1164716 226520 646530 79 20  1  0  0  0
258  0 117032 2758576 1533716 34291652    0    0     4 820728 207396 614797 79 20  1  0  0  0
163  0 117032 2758192 1533724 34291664    0    0     0 680100 206121 615057 79 20  1  0  0  0
212  0 117032 2755968 1533724 34291672    0    0     0 664116 207645 610728 80 20  1  0  0  0
160  0 117032 2753588 1533724 34291684    0    0     0 681720 208341 612362 79 20  1  0  0  0
procs -----------memory---------- ---swap-- -----io---- -system-- -------cpu-------
 r  b   swpd   free   buff  cache   si   so    bi    bo   in   cs us sy id wa st gu
213  3 117032 2754044 1533724 34291696    0    0     0 1271856 227077 651310 79 20  1  0  0  0
273  0 117032 2748988 1533724 34291708    0    0     0 713480 206299 600993 80 20  0  0  0  0
267  0 117032 2755716 1533728 34291716    0    0     0 688828 205546 596812 80 20  0  0  0  0
275  0 117032 2754904 1533728 34291724    0    0     0 682328 207583 613132 80 20  1  0  0  0
296  0 117032 2754328 1533728 34291736    0    0     0 662576 208933 619672 79 20  1  0  0  0
231  2 117032 2758424 1533728 34291748    0    0     0 1233160 228445 650251 78 20  1  0  0  0
299  0 117032 2761688 1533728 34291756    0    0     0 765824 207897 623395 79 20  1  0  0  0
251  0 117032 2759120 1533736 34291764    0    0     0 664924 207441 618824 79 20  1  0  0  0
325  0 117032 2759484 1533740 34291784    0    0     4 682844 206606 606810 80 20  0  0  0  0
202  0 117032 2756364 1533740 34291792    0    0     0 681488 207274 610343 80 20  0  0  0  0
194  0 117032 2758936 1533740 34291804    0    0     0 681232 208083 612588 79 20  1  0  0  0
274  0 117032 2762788 1533740 34291812    0    0     0 1079300 222467 639761 79 20  1  0  0  0
274  0 117032 2766220 1533752 34291820    0    0     0 907552 211089 614457 79 20  1  0  0  0
290  0 117032 2763896 1533752 34291824    0    0     0 681532 207512 610009 80 20  1  0  0  0
206  0 117032 2760104 1533752 34291836    0    0     0 669140 205702 610188 80 20  1  0  0  0
224  0 117032 2758048 1533752 34291852    0    0     0 682072 203936 597301 79 20  0  0  0  0
257  0 117032 2757360 1533752 34291860    0    0     0 684644 204540 599220 80 20  0  0  0  0
279  0 117032 2751872 1533756 34291864    0    0     0 666684 207201 611157 80 20  0  0  0  0
256  0 117032 2750428 1533756 34291876    0    0     0 682924 207257 612072 80 20  0  0  0  0
271  0 117032 2744112 1533760 34291900    0    0     4 1313756 228775 651593 78 20  2  0  0  0
303  0 117032 2746076 1533760 34291908    0    0     0 674760 206374 603746 80 20  0  0  0  0
procs -----------memory---------- ---swap-- -----io---- -system-- -------cpu-------
 r  b   swpd   free   buff  cache   si   so    bi    bo   in   cs us sy id wa st gu
257  0 117032 2741804 1533760 34291920    0    0     0 681228 207106 610685 80 20  1  0  0  0
249  0 117032 2748016 1533768 34291928    0    0     0 680808 203876 610081 79 20  1  0  0  0
166  0 117032 2748152 1533768 34291940    0    0     0 663904 207465 610456 80 20  1  0  0  0
235  0 117032 2751996 1533768 34291948    0    0     0 680860 205860 609225 80 20  1  0  0  0
279  0 117032 2748900 1533768 34291956    0    0     0 682664 207468 613848 79 20  1  0  0  0
226  0 117032 2750116 1533768 34291972    0    0     0 679580 208886 619856 79 20  1  0  0  0
250  0 117032 2753156 1533772 34292044    0    0     0 666840 216935 604176 80 20  0  0  0  0
162  0 117032 2753708 1533772 34292052    0    0     0 681224 207622 612176 80 20  1  0  0  0
191  0 117032 2750124 1533776 34292060    0    0     4 681068 206242 606063 80 20  1  0  0  0
279  0 117032 2744596 1533776 34292076    0    0     0 1118932 223007 641956 79 20  1  0  0  0
203  0 117032 2747004 1533776 34292084    0    0     0 868948 209436 617985 79 20  1  0  0  0
217  0 117032 2744860 1533784 34292096    0    0     0 685340 206682 601753 80 20  0  0  0  0
233  0 117032 2739492 1533784 34292108    0    0     0 664880 207420 613591 80 20  1  0  0  0
239  0 117032 2739648 1533784 34292116    0    0     0 683444 206091 607614 79 20  1  0  0  0
274  0 117032 2742248 1533784 34292128    0    0     0 683368 206633 605488 79 20  1  0  0  0
229  0 117032 2742140 1533784 34292140    0    0     0 668756 207648 610318 80 20  0  0  0  0
286  0 117032 2736156 1533788 34292148    0    0     0 680504 207592 610322 79 20  1  0  0  0
290  0 117032 2741076 1533788 34292164    0    0     0 682468 206473 603964 79 20  1  0  0  0
152  0 117032 2737328 1533788 34292172    0    0     0 666772 206314 616384 79 20  1  0  0  0
227  1 117032 2742100 1533788 34292180    0    0     0 682304 206539 605487 79 20  1  0  0  0
135  0 117032 2739788 1533792 34292200    0    0     4 684084 203138 596194 80 20  0  0  0  0
procs -----------memory---------- ---swap-- -----io---- -system-- -------cpu-------
 r  b   swpd   free   buff  cache   si   so    bi    bo   in   cs us sy id wa st gu
280  0 117032 2739976 1533804 34292208    0    0     0 682796 203280 596239 80 20  0  0  0  0
258  0 117032 2737168 1533804 34292220    0    0     0 665700 206679 615838 80 20  0  0  0  0
203  0 117032 2739868 1533804 34292228    0    0     0 1319020 231856 660499 78 21  1  0  0  0
230  0 117032 2736568 1533804 34292236    0    0     0 682596 218342 595999 80 20  0  0  0  0
294  0 117032 2741372 1533804 34292248    0    0     0 667880 206202 605202 80 20  0  0  0  0
242  0 117032 2739432 1533812 34292252    0    0     0 684852 205297 601474 80 20  0  0  0  0
160  0 117032 2747176 1533812 34292264    0    0     0 665296 207577 611412 79 20  1  0  0  0
277  0 117032 2744468 1533812 34292272    0    0     0 679904 207958 611735 79 20  1  0  0  0
154  0 117032 2744032 1533812 34292280    0    0     0 700300 206323 611842 79 20  1  0  0  0
241  0 117032 2742416 1533812 34292288    0    0     0 665300 205758 604098 80 20  1  0  0  0
286  0 117032 2742624 1533836 34292300    0    0     0 682856 206629 606459 79 20  0  0  0  0
269  0 117032 2740068 1533836 34292308    0    0     0 666340 206432 599593 80 20  0  0  0  0
275  0 117032 2739996 1533836 34292320    0    0     0 682336 206953 599088 80 20  0  0  0  0
276  0 117032 2735924 1533836 34292328    0    0     0 664984 207058 606309 79 20  1  0  0  0
236  0 117032 2739352 1533836 34292336    0    0     0 682744 207438 611184 79 20  1  0  0  0
253  0 117032 2735288 1533844 34292344    0    0     0 683188 207265 612774 79 20  1  0  0  0
272  0 117032 2739124 1533844 34292364    0    0     0 665168 204871 611282 80 20  0  0  0  0
243  0 117032 2739000 1533844 34292372    0    0     0 683068 207072 606106 80 20  0  0  0  0
257  0 117032 2740756 1533844 34292380    0    0     0 679612 207751 603979 79 20  1  0  0  0
254  0 117032 2738548 1533844 34292388    0    0     0 666664 204411 605042 80 20  0  0  0  0
234  0 117032 2741248 1533848 34292392    0    0     0 681456 208914 609303 80 20  1  0  0  0
procs -----------memory---------- ---swap-- -----io---- -system-- -------cpu-------
 r  b   swpd   free   buff  cache   si   so    bi    bo   in   cs us sy id wa st gu
303  0 117032 2742136 1533848 34292412    0    0     0 682452 207533 614342 79 20  1  0  0  0
208  0 117032 2733940 1533848 34292420    0    0     0 683948 207831 608903 80 20  1  0  0  0
264  0 117032 2734488 1533848 34292428    0    0     0 665692 206885 618310 79 20  1  0  0  0
213  0 117032 2739644 1533848 34292436    0    0     0 1319576 227507 655428 78 20  2  0  0  0
272  0 117032 2743516 1533856 34292436    0    0     0 682832 204312 613378 80 20  1  0  0  0
303  0 117032 2742892 1533856 34292460    0    0     0 667644 205666 611371 80 20  1  0  0  0
254  0 117032 2750888 1533856 34292472    0    0     0 682324 206011 601002 80 20  0  0  0  0
287  0 117032 2748200 1533856 34292480    0    0     0 684244 203460 599899 80 20  0  0  0  0
263  0 117032 2744816 1533856 34292488    0    0     0 666632 205842 598803 80 20  0  0  0  0
239  0 117032 2741892 1533868 34292488    0    0     0 681316 209257 614041 79 20  0  0  0  0
286  0 117032 2739844 1533868 34292512    0    0     0 684264 206674 600965 79 20  0  0  0  0
229  0 117032 2744520 1533868 34292520    0    0     0 666132 205691 608947 79 20  1  0  0  0
224  0 117032 2744288 1533868 34292528    0    0     0 682532 206224 601813 80 20  0  0  0  0
255  0 117032 2740092 1533868 34292540    0    0     0 684168 205455 604994 80 20  1  0  0  0
208  0 117032 2746412 1533872 34292552    0    0     0 666008 207318 606506 80 20  0  0  0  0
170  0 117032 2742564 1533872 34292568    0    0     0 682688 208589 600541 80 20  0  0  0  0
194  0 117032 2738792 1533872 34292576    0    0     0 685104 206654 605010 79 20  1  0  0  0
265  0 117032 2743256 1533872 34292584    0    0     0 680928 210751 618108 79 20  1  0  0  0
240  0 117032 2740852 1533872 34292592    0    0     0 666972 206919 605592 80 20  0  0  0  0
203  0 117032 2742560 1533876 34292596    0    0     0 683116 204561 600491 79 20  1  0  0  0
324  0 117032 2742992 1533876 34292612    0    0     0 683340 205164 601751 80 20  1  0  0  0
procs -----------memory---------- ---swap-- -----io---- -system-- -------cpu-------
 r  b   swpd   free   buff  cache   si   so    bi    bo   in   cs us sy id wa st gu
249  0 117032 2736848 1533876 34292620    0    0     0 1305592 225812 644191 79 20  1  0  0  0
248  0 117032 2737364 1533876 34292628    0    0     0 681992 204501 601330 80 20  0  0  0  0
235  0 117032 2737800 1533892 34292636    0    0     0 686480 203851 596563 80 20  0  0  0  0
268  0 117032 2735436 1533892 34292712    0    0     0 663960 209471 609067 80 20  0  0  0  0
160  0 117032 2736324 1533892 34292728    0    0     0 681024 208430 616447 80 20  1  0  0  0
231  0 117032 2731388 1533892 34292740    0    0     0 683476 207111 615452 79 20  1  0  0  0
246  0 117032 2736068 1533892 34292748    0    0     0 667424 204651 602740 80 20  0  0  0  0
261  0 117032 2728640 1533900 34292748    0    0     0 679256 209047 616468 79 20  1  0  0  0
276  0 117032 2732264 1533900 34292764    0    0     0 682612 206345 600614 80 20  0  0  0  0
144  0 117032 2733448 1533900 34292776    0    0     0 669176 205575 607425 80 20  0  0  0  0
297  0 117032 2736500 1533900 34292788    0    0     0 680748 207848 615223 80 20  1  0  0  0
224  0 117032 2736936 1533900 34292796    0    0     0 680852 206910 612338 78 20  2  0  0  0
243  0 117032 2740460 1533904 34292800    0    0     0 682336 205205 605384 80 20  0  0  0  0
219  0 117032 2739388 1533904 34292812    0    0     0 667408 204633 606449 80 20  0  0  0  0
227  0 117032 2747368 1533904 34292824    0    0     0 1323220 229156 652933 78 21  1  0  0  0
338  0 117032 2739820 1533904 34292832    0    0     0 680692 217314 605654 79 20  1  0  0  0
229  0 117032 2740112 1533904 34292840    0    0     0 666528 205701 607628 80 20  1  0  0  0
299  0 117032 2735860 1533908 34292844    0    0     0 681868 208202 611935 80 20  1  0  0  0
264  0 117032 2739304 1533908 34292860    0    0     0 681228 207925 612100 80 20  0  0  0  0
201  0 117032 2737188 1533908 34292876    0    0     0 664436 208264 605088 79 20  1  0  0  0
261  0 117032 2737508 1533908 34292884    0    0     0 682752 209710 616770 79 20  1  0  0  0
procs -----------memory---------- ---swap-- -----io---- -system-- -------cpu-------
 r  b   swpd   free   buff  cache   si   so    bi    bo   in   cs us sy id wa st gu
256  0 117032 2737176 1533908 34292892    0    0     0 680160 209508 617155 79 20  1  0  0  0
252  0 117032 2735228 1533916 34292900    0    0     0 664804 210553 618631 79 20  1  0  0  0
265  0 117032 2737576 1533916 34292908    0    0     0 682088 206283 604813 79 20  0  0  0  0
281  0 117032 2733180 1533916 34292920    0    0     0 681148 209617 612298 79 20  1  0  0  0
275  0 117032 2729372 1533916 34292932    0    0     0 668264 206265 604419 80 20  1  0  0  0
166  0 117032 2731216 1533916 34292940    0    0     0 680540 207775 607634 80 20  0  0  0  0
225  0 117032 2732540 1533924 34292948    0    0     0 682432 208586 607105 80 20  1  0  0  0
299  0 117032 2733608 1533924 34292956    0    0     0 1303624 229187 655107 78 20  1  0  0  0
255  0 117032 2734216 1533924 34292972    0    0     0 681800 205599 599803 79 20  0  0  0  0
271  0 117032 2734896 1533924 34292984    0    0     0 681984 206232 591963 77 19  4  0  0  0
292  0 117032 2733160 1533924 34292992    0    0     0 664500 208788 613482 79 20  0  0  0  0
209  0 117032 2731888 1533932 34292996    0    0     0 681408 207506 606652 80 20  0  0  0  0
231  0 117032 2738228 1533932 34293008    0    0     0 680932 209717 601362 79 20  1  0  0  0
276  0 117032 2731848 1533932 34293024    0    0     0 683508 208704 609420 79 20  0  0  0  0
313  0 117032 2731800 1533932 34293036    0    0     0 663684 208100 612151 79 20  1  0  0  0
247  0 117032 2726392 1533932 34293044    0    0     0 680848 208681 608499 79 20  1  0  0  0
259  0 117032 2726568 1533940 34293052    0    0     0 683168 208131 603663 80 20  0  0  0  0
291  0 117032 2732092 1533940 34293064    0    0     0 665800 208858 608671 79 20  0  0  0  0
200  0 117032 2736084 1533940 34293072    0    0     0 680184 208402 608625 79 20  1  0  0  0
228  0 117032 2737264 1533940 34293080    0    0     0 679636 208358 608162 80 20  1  0  0  0
280  0 117032 2737636 1533940 34293092    0    0     0 666464 207611 612242 79 20  0  0  0  0
procs -----------memory---------- ---swap-- -----io---- -system-- -------cpu-------
 r  b   swpd   free   buff  cache   si   so    bi    bo   in   cs us sy id wa st gu
266  0 117032 2734396 1533944 34293100    0    0     0 681268 210487 603469 80 20  0  0  0  0
259  0 117032 2734772 1533944 34293108    0    0     0 680160 209860 618503 79 20  1  0  0  0
239  0 117032 2737268 1533944 34293120    0    0     0 1302600 231124 647786 79 20  1  0  0  0
276  0 117032 2734368 1533944 34293132    0    0     0 683524 206510 604146 79 20  0  0  0  0
257  0 117032 2732096 1533944 34293140    4    0     4 683896 208621 597933 80 20  0  0  0  0
259  0 117032 2727760 1533956 34293148    0    0     0 664216 210450 612085 79 20  0  0  0  0
291  0 117032 2728264 1533956 34293156    0    0     0 681864 210367 608112 79 20  1  0  0  0
212  0 117032 2728524 1533956 34293168    0    0     0 682316 209710 617390 79 20  1  0  0  0
266  0 117032 2724328 1533956 34293176    0    0     0 680484 210622 617726 79 20  0  0  0  0
282  0 117032 2722164 1533956 34293192    0    0     0 664120 208402 612098 79 20  0  0  0  0
220  0 117032 2719604 1533964 34293192    0    0     0 681728 208704 613561 78 20  2  0  0  0
296  0 117032 2718200 1533964 34293212    0    0     0 680612 211303 615013 79 20  0  0  0  0
210  0 117032 2720016 1533964 34293220    0    0     0 665420 207708 608313 79 20  0  0  0  0
290  0 117032 2728648 1533964 34293228    0    0     0 680820 209743 607813 79 20  0  0  0  0
291  0 117032 2728332 1533964 34293240    0    0     0 682404 206559 606091 79 20  1  0  0  0
226  0 117032 2726096 1533972 34293240    0    0     0 663584 205606 611455 79 20  1  0  0  0
210  0 117032 2727684 1533972 34293256    0    0     0 1320444 228134 655495 78 21  1  0  0  0
297  0 117032 2734200 1533972 34293268    0    0     0 680112 211076 622915 79 20  1  0  0  0
299  0 117032 2733692 1533972 34293276    0    0     0 665596 208203 615491 79 20  1  0  0  0
245  0 117032 2732748 1533972 34293288    0    0     0 679700 207992 614045 80 20  1  0  0  0
266  0 117032 2734964 1533980 34293296    0    0     0 680868 209671 613632 80 20  0  0  0  0
procs -----------memory---------- ---swap-- -----io---- -system-- -------cpu-------
 r  b   swpd   free   buff  cache   si   so    bi    bo   in   cs us sy id wa st gu
255  0 117032 2737396 1533980 34293376    0    0     0 666868 205223 606287 80 20  0  0  0  0
297  0 117032 2734040 1533984 34293392    0    0     4 681832 207997 608322 79 20  1  0  0  0
304  0 117032 2735992 1533984 34293400    0    0     0 684656 204857 595317 79 20  1  0  0  0
202  0 117032 2729568 1533984 34293416    0    0     0 664056 207899 614425 80 20  1  0  0  0
222  0 117032 2736556 1533992 34293420    0    0     0 681700 207819 616634 80 20  0  0  0  0
260  0 117032 2736580 1533992 34293432    0    0     0 680520 205993 609002 79 20  1  0  0  0
230  0 117032 2735416 1533992 34293440    0    0     0 1318932 233809 658202 79 20  1  0  0  0
239  0 117032 2730016 1533992 34293448    0    0     0 668112 207847 602737 80 20  0  0  0  0
175  0 117032 2733708 1533992 34293460    0    0     0 681004 206858 605202 80 20  0  0  0  0
214  0 117032 2734428 1534000 34293460    0    0     0 680836 206055 600771 80 20  0  0  0  0
285  0 117032 2733288 1534000 34293480    0    0     0 663180 208583 615137 80 20  1  0  0  0
263  0 117032 2736300 1534000 34293492    0    0     0 683184 207525 613151 80 20  0  0  0  0
243  0 117032 2735612 1534004 34293496    0    0     4 680916 206233 609268 80 20  0  0  0  0
312  0 117032 2739696 1534004 34293516    0    0     0 665784 204388 598653 80 20  0  0  0  0
276  0 117032 2730480 1534012 34293528    0    0     0 682816 208036 613109 79 20  1  0  0  0
311  0 117032 2729956 1534012 34293540    0    0     0 681436 208444 609586 79 20  0  0  0  0
271  0 117032 2732716 1534012 34293552    0    0     0 1302172 229715 659123 78 20  1  0  0  0
279  0 117032 2727924 1534012 34293560    0    0     0 680628 207325 612016 79 20  1  0  0  0
252  0 117032 2728956 1534012 34293568    0    0     0 683072 208148 605221 80 20  0  0  0  0
140  0 117032 2728544 1534020 34293580    0    0     0 666164 206803 609049 79 20  1  0  0  0
253  0 117032 2730456 1534020 34293588    0    0     0 680416 209750 612547 79 20  1  0  0  0
procs -----------memory---------- ---swap-- -----io---- -system-- -------cpu-------
 r  b   swpd   free   buff  cache   si   so    bi    bo   in   cs us sy id wa st gu
235  0 117032 2728412 1534020 34293596    0    0     0 682620 205898 598960 80 20  0  0  0  0
300  0 117032 2725400 1534020 34293608    0    0     0 667848 206073 609659 79 20  1  0  0  0
223  0 117032 2727228 1534020 34293616    0    0     0 680492 208216 611143 80 20  1  0  0  0
240  0 117032 2726572 1534032 34293616    0    0     4 1321460 225997 646345 78 21  1  0  0  0
238  0 117032 2727860 1534032 34293644    0    0     0 681988 205092 597927 80 20  0  0  0  0
281  0 117032 2730528 1534032 34293656    0    0     0 667884 206169 604235 80 20  0  0  0  0
221  0 117032 2730100 1534032 34293664    0    0     0 680688 209013 606896 77 20  3  0  0  0
250  0 117032 2735032 1534032 34293672    0    0     0 682004 206109 607845 80 20  0  0  0  0
268  0 117032 2731852 1534036 34293680    0    0     0 666240 207616 609963 80 20  1  0  0  0
224  0 117032 2729912 1534036 34293696    0    0     0 682092 207123 603839 79 20  1  0  0  0
181  0 117032 2735424 1534036 34293704    0    0     0 1318512 229483 655408 78 20  1  0  0  0
279  0 117032 2734748 1534036 34293712    0    0     0 666652 205602 611349 79 20  0  0  0  0
285  0 117032 2731344 1534036 34293720    0    0     0 683100 206280 608986 80 20  1  0  0  0
242  0 117032 2735092 1534044 34293728    0    0     0 679824 208687 616694 80 20  1  0  0  0
209  0 117032 2732584 1534044 34293744    0    0     0 665312 206926 606476 79 20  1  0  0  0
283  0 117032 2734200 1534048 34293764    0    0     4 686924 205545 598155 79 20  1  0  0  0
261  0 117032 2736348 1534048 34293772    0    0     0 682440 205674 604789 80 20  0  0  0  0
311  0 117032 2735088 1534048 34293776    0    0     0 664712 210996 617701 80 20  0  0  0  0
210  0 117032 2736552 1534056 34293780    0    0     0 682384 206994 611208 79 20  0  0  0  0
194  0 117032 2738648 1534056 34293796    0    0     0 1319696 231637 658492 78 20  2  0  0  0
249  0 117032 2734856 1534056 34293808    0    0     0 664904 204115 605885 80 20  1  0  0  0
procs -----------memory---------- ---swap-- -----io---- -system-- -------cpu-------
 r  b   swpd   free   buff  cache   si   so    bi    bo   in   cs us sy id wa st gu
290  0 117032 2734928 1534056 34293816    0    0     0 684464 206249 604587 80 20  1  0  0  0
179  0 117032 2734364 1534056 34293824    0    0     0 680372 208099 614118 79 20  1  0  0  0
235  0 117032 2727920 1534064 34293828    0    0     0 681632 209292 607676 80 20  0  0  0  0
202  0 117032 2732468 1534064 34293852    0    0     0 665580 208714 617336 79 20  1  0  0  0
275  0 117032 2730928 1534064 34293860    0    0     0 681936 208180 602697 79 20  1  0  0  0
241  0 117032 2737796 1534068 34293864    0    0     4 684004 208280 615844 79 20  1  0  0  0
279  0 117032 2738080 1534068 34293884    0    0     0 665132 208112 608910 80 20  1  0  0  0
269  0 117032 2736328 1534076 34293884    0    0     0 682264 208074 606398 79 20  1  0  0  0
277  0 117032 2741508 1534076 34293908    0    0     0 682284 207069 607342 80 20  0  0  0  0
210  0 117032 2734260 1534076 34293920    0    0     0 668032 206493 597829 79 20  0  0  0  0
244  0 117032 2732528 1534076 34293928    0    0     0 1319992 228723 659244 78 20  1  0  0  0
169  0 117032 2729980 1534076 34293936    0    0     0 680644 208498 603705 80 20  0  0  0  0
209  0 117032 2731848 1534084 34293944    0    0     0 665980 208727 605835 80 20  0  0  0  0
215  0 117032 2730916 1534084 34293960    0    0     0 681024 208477 614654 79 20  1  0  0  0
278  0 117032 2732932 1534084 34293964    0    0     0 683780 205718 607713 80 20  0  0  0  0
278  0 117032 2733848 1534084 34293976    0    0     0 669076 210297 598922 80 20  0  0  0  0
250  0 117032 2735724 1534084 34293984    0    0     0 683728 208618 612783 79 20  1  0  0  0
267  0 117032 2731568 1534092 34293984    0    0     4 680648 207701 612220 79 20  1  0  0  0
260  1 117032 2735308 1534092 34294100    0    0     0 675084 205031 594067 80 20  0  0  0  0
229  0 117032 2732512 1534092 34294108    0    0     0 673200 210294 607760 79 20  1  0  0  0
276  0 117032 2729144 1534092 34294116    0    0     0 684160 205535 599899 80 20  1  0  0  0
procs -----------memory---------- ---swap-- -----io---- -system-- -------cpu-------
 r  b   swpd   free   buff  cache   si   so    bi    bo   in   cs us sy id wa st gu
233  0 117032 2729044 1534092 34294124    0    0     0 680648 208354 607780 79 20  0  0  0  0
300  0 117032 2736528 1534100 34294124    0    0     0 665908 209518 609171 80 20  0  0  0  0
312  0 117032 2731676 1534100 34294152    0    0     0 681212 209429 604853 79 20  1  0  0  0
269  0 117032 2731768 1534100 34294164    0    0     0 681528 209806 621449 80 20  1  0  0  0
241  0 117032 2731568 1534100 34294172    0    0     0 663580 208053 611471 80 20  1  0  0  0
247  0 117032 2731096 1534100 34294180    0    0     0 679804 206435 607437 79 20  0  0  0  0
250  0 117032 2723568 1534104 34294184    0    0     0 684664 206845 607136 79 20  0  0  0  0
240  0 117032 2725072 1534104 34294200    0    0     0 1305640 224878 640754 79 20  1  0  0  0
283  0 117032 2724284 1534108 34294208    0    0     4 682544 209557 607895 80 20  0  0  0  0
190  0 117032 2726168 1534108 34294228    0    0     0 683312 206376 603530 80 20  1  0  0  0
216  0 117032 2724868 1534108 34294232    0    0     0 665460 207478 619267 80 20  1  0  0  0
242  0 117032 2727668 1534116 34294232    0    0     0 680564 205263 606978 80 20  0  0  0  0
154  0 117032 2726064 1534116 34294256    0    0     0 683840 205808 606519 79 20  1  0  0  0
146  0 117032 2724568 1534116 34294264    0    0     0 665548 208793 612084 80 20  1  0  0  0
256  0 117032 2722604 1534116 34294272    0    0     0 679844 208600 610361 79 20  1  0  0  0
199  0 117032 2727028 1534116 34294280    0    0     0 679924 205404 610311 80 20  0  0  0  0
255  0 117032 2727292 1534120 34294284    0    0     0 680324 207250 608146 80 20  0  0  0  0
243  0 117032 2729704 1534120 34294300    0    0     0 669680 207297 605342 80 20  0  0  0  0
275  0 117032 2732052 1534120 34294312    0    0     0 681516 208869 606275 80 20  0  0  0  0
157  0 117032 2739376 1534124 34294316    0    0     4 1319912 227418 649868 79 20  1  0  0  0
246  0 117032 2732560 1534124 34294344    0    0     0 668620 203361 601133 80 20  0  0  0  0
procs -----------memory---------- ---swap-- -----io---- -system-- -------cpu-------
 r  b   swpd   free   buff  cache   si   so    bi    bo   in   cs us sy id wa st gu
199  0 117032 2735604 1534128 34294340    0    0     0 683536 204800 601314 79 20  0  0  0  0
254  0 117032 2733208 1534128 34294352    0    0     0 681436 210176 616193 80 20  1  0  0  0
244  0 117032 2730588 1534128 34294376    0    0     0 664084 206086 608752 80 20  0  0  0  0
294  0 117032 2731852 1534128 34294376    0    0     0 681776 206679 610578 79 20  1  0  0  0
253  0 117032 2730144 1534128 34294388    0    0     0 680696 207294 606545 79 20  1  0  0  0
183  0 117032 2732364 1534136 34294392    0    0     0 665532 206649 606216 80 20  1  0  0  0
294  0 117032 2731132 1534136 34294408    0    0     0 685684 203512 598830 80 20  1  0  0  0
197  0 117032 2732096 1534136 34294428    0    0     0 1320328 229010 652360 78 20  1  0  0  0
256  0 117032 2727248 1534136 34294428    0    0     0 681436 206811 606390 80 20  0  0  0  0
297  0 117032 2730256 1534136 34294436    0    0     0 666592 205514 606196 80 20  0  0  0  0
288  0 117032 2731192 1534148 34294440    0    0     4 682776 205562 606746 80 20  1  0  0  0
204  0 117032 2732768 1534148 34294468    0    0     0 681868 205063 601509 80 20  0  0  0  0
276  0 117032 2732104 1534148 34294480    0    0     0 666348 206619 607172 80 20  0  0  0  0
197  0 117032 2733824 1534148 34294496    0    0     0 684456 204858 599201 80 20  1  0  0  0
283  0 117032 2730100 1534148 34294500    0    0     0 684192 206287 600055 80 20  0  0  0  0
313  0 117032 2729464 1534148 34294504    0    0     0 664344 208104 604592 80 20  0  0  0  0
277  0 117032 2734636 1534152 34294516    0    0     0 682788 206678 604661 80 20  0  0  0  0
279  1 117032 2730700 1534152 34294528    0    0     0 682400 205927 608080 79 20  1  0  0  0
238  0 117032 2730080 1534152 34294540    0    0     0 1305516 230813 664729 78 20  1  0  0  0
268  0 117032 2725940 1534152 34294556    0    0     0 681900 210180 608824 79 20  1  0  0  0
227  0 117032 2727276 1534152 34294564    0    0     0 681916 207539 601768 80 20  0  0  0  0
procs -----------memory---------- ---swap-- -----io---- -system-- -------cpu-------
 r  b   swpd   free   buff  cache   si   so    bi    bo   in   cs us sy id wa st gu
211  0 117032 2726376 1534156 34294580    0    0     0 666864 207943 608438 79 20  0  0  0  0
236  0 117032 2729684 1534160 34294584    0    0     4 681724 206135 602571 79 20  1  0  0  0
181  0 117032 2729604 1534160 34294596    0    0     0 680208 208051 608288 79 20  1  0  0  0
206  0 117032 2729480 1534160 34294600    0    0     0 671280 206846 611075 80 20  0  0  0  0
216  0 117032 2731884 1534160 34294608    0    0     0 681692 207717 609248 79 20  0  0  0  0
218  0 117032 2735532 1534164 34294616    0    0     0 682776 206910 607033 79 20  1  0  0  0
337  0 117032 2733084 1534164 34294632    0    0     0 663568 207200 607334 79 20  1  0  0  0
226  0 117032 2728672 1534164 34294640    0    0     0 682932 205184 607818 80 20  0  0  0  0
273  0 117032 2725436 1534164 34294660    0    0     0 679376 210466 612397 79 20  1  0  0  0
288  0 117032 2726296 1534164 34294668    0    0     0 680320 207093 604649 80 20  0  0  0  0
291  0 117032 2724684 1534172 34294680    0    0     0 1303416 228876 664668 78 20  1  0  0  0
268  0 117032 2725492 1534172 34294680    0    0     0 682696 204804 601182 79 20  1  0  0  0
206  0 117032 2727244 1534176 34294696    0    0     4 680816 209279 614349 79 20  1  0  0  0
252  0 117032 2729956 1534176 34294716    0    0     0 668332 204590 594695 80 20  0  0  0  0
290  0 117032 2725200 1534176 34294792    0    0     0 682120 206731 602703 80 20  0  0  0  0
226  0 117032 2723440 1534180 34294808    0    0     0 680652 206961 608614 79 20  1  0  0  0
259  0 117032 2726828 1534180 34294812    0    0     0 664060 207500 611217 79 20  1  0  0  0
289  0 117032 2724568 1534180 34294828    0    0     0 681436 207274 609241 80 20  0  0  0  0
326  0 117032 2727804 1534180 34294828    0    0     0 683820 205400 601566 80 20  0  0  0  0
246  0 117032 2718708 1534180 34294836    0    0     0 662888 208753 608906 79 20  1  0  0  0
277  0 117032 2721484 1534188 34294852    0    0     0 680552 207165 611068 80 20  0  0  0  0
procs -----------memory---------- ---swap-- -----io---- -system-- -------cpu-------
 r  b   swpd   free   buff  cache   si   so    bi    bo   in   cs us sy id wa st gu
246  0 117032 2720684 1534188 34294860    0    0     0 681708 208312 613447 80 20  1  0  0  0
277  0 117032 2725880 1534188 34294876    0    0     0 1309092 227928 655638 78 20  1  0  0  0
287  0 117032 2728076 1534188 34294884    0    0     0 682252 204607 596814 80 20  0  0  0  0
262  1 117032 2723440 1534192 34294904    0    0     4 690184 208140 606991 80 20  0  0  0  0
231  1 117032 2727400 1534192 34294916    0    0     0 664476 205576 603515 80 20  0  0  0  0
299  0 117032 2730152 1534192 34294928    0    0     0 690324 209062 612361 80 20  1  0  0  0
229  0 117032 2726056 1534192 34294936    0    0     0 668440 204563 603386 79 20  0  0  0  0
228  1 117032 2730948 1534192 34294944    0    0     0 687668 204844 606520 80 20  1  0  0  0
149  0 117032 2732712 1534192 34294952    0    0     0 658972 208087 618436 80 20  0  0  0  0
225  0 117032 2732292 1534200 34294964    0    0     0 703820 206160 609574 80 20  1  0  0  0
200  0 117032 2731400 1534200 34294964    0    0     0 675112 208922 616374 79 20  1  0  0  0
243  0 117032 2729640 1534200 34294984    0    0     0 1308576 227785 659446 78 20  1  0  0  0
171  2 117032 2726732 1534200 34294992    0    0     0 674140 206987 605956 79 20  1  0  0  0
319  1 117032 2728464 1534200 34295004    0    0     0 695960 206497 606868 79 20  0  0  0  0
276  0 117032 2727604 1534204 34295012    0    0     0 662632 209465 602670 80 20  0  0  0  0
230  0 117032 2723412 1534208 34295028    0    0     4 676716 206473 611944 79 20  1  0  0  0
286  0 117032 2727056 1534208 34295036    0    0     0 697732 205516 596495 80 20  0  0  0  0
263  0 117032 2724112 1534208 34295044    0    0     0 659980 207879 607919 79 20  1  0  0  0
294  0 117032 2722728 1534208 34295056    0    0     0 679840 205151 609575 80 20  1  0  0  0
318  0 117032 2719528 1534212 34295064    0    0     0 699264 205441 601988 80 20  0  0  0  0
304  0 117032 2718644 1534212 34295072    0    0     0 678104 208069 600765 80 20  0  0  0  0
procs -----------memory---------- ---swap-- -----io---- -system-- -------cpu-------
 r  b   swpd   free   buff  cache   si   so    bi    bo   in   cs us sy id wa st gu
160  0 117032 2723232 1534212 34295084    0    0     0 673940 202592 608838 79 19  2  0  0  0
300  0 117032 2725200 1534212 34295092    0    0     0 1312868 224822 636669 79 20  1  0  0  0
296  0 117032 2717832 1534212 34295100    0    0     0 684408 207133 608540 80 20  0  0  0  0
215  0 117032 2723212 1534220 34295108    0    0     0 656584 205384 612000 79 20  1  0  0  0
282  0 117032 2726180 1534220 34295120    0    0     0 688972 207832 603750 80 20  0  0  0  0
214  0 117032 2720832 1534224 34295128    0    0     4 693972 206118 600820 80 20  0  0  0  0
305  0 117032 2719716 1534224 34295148    0    0     0 672872 206741 599806 80 20  0  0  0  0
271  0 117032 2716728 1534224 34295160    0    0     0 681512 204736 599187 80 20  0  0  0  0
174  0 117032 2716660 1534228 34295172    0    0     0 690884 207739 606147 80 20  0  0  0  0
308  0 117032 2717576 1534228 34295180    0    0     0 667344 204434 608015 80 20  0  0  0  0
264  1 117032 2714728 1534228 34295196    0    0     0 680780 205468 603204 80 20  0  0  0  0
205  0 117032 2716812 1534228 34295200    0    0     0 666632 205691 605808 80 20  0  0  0  0
269  0 117032 2717812 1534228 34295216    0    0     0 657696 206882 600986 80 20  0  0  0  0
212  1 117032 2715168 1534232 34295220    0    0     0 1367364 231473 666338 79 20  1  0  0  0
341  0 117032 2717376 1534232 34295232    0    0     0 658692 206411 609045 79 20  1  0  0  0
302  0 117032 2711268 1534232 34295240    0    0     0 675260 204038 606024 80 20  0  0  0  0
184  0 117032 2713600 1534232 34295256    0    0     0 681824 205121 610744 80 20  1  0  0  0
358  0 117032 2707696 1534236 34295272    0    0     4 664404 208090 607801 79 20  1  0  0  0
283  0 117032 2707172 1534244 34295280    0    0     0 675508 207175 601883 80 20  0  0  0  0
295  0 117032 2712420 1534244 34295292    0    0     0 703660 206478 598754 80 20  0  0  0  0
217  0 117032 2714036 1534244 34295304    0    0     0 683440 203643 594197 80 20  0  0  0  0
procs -----------memory---------- ---swap-- -----io---- -system-- -------cpu-------
 r  b   swpd   free   buff  cache   si   so    bi    bo   in   cs us sy id wa st gu
249  0 117032 2711064 1534244 34295312    0    0     0 677888 205973 603269 80 20  1  0  0  0
188  0 117032 2713596 1534244 34295324    0    0     0 673888 208523 603970 80 20  0  0  0  0
253  0 117032 2712916 1534252 34295336    0    0     0 1328184 227828 639886 79 20  1  0  0  0
265  0 117032 2712828 1534252 34295344    0    0     0 670180 207714 610493 79 20  0  0  0  0
284  2 117032 2706648 1534252 34295356    0    0     0 695612 207388 606334 80 20  0  0  0  0
243  1 117032 2707712 1534252 34295364    0    0     0 645988 206561 607466 80 20  0  0  0  0
225  2 117032 2713940 1534252 34295376    0    0     0 694812 208759 617012 79 20  1  0  0  0
303  0 117032 2716920 1534260 34295384    0    0     0 674096 207984 609879 79 20  1  0  0  0
296  0 117032 2719544 1534264 34295396    0    0     4 682488 207819 601624 80 20  0  0  0  0
258  0 117032 2718524 1534264 34295404    0    0     0 692896 208121 609872 80 20  1  0  0  0
192  0 117032 2722368 1534264 34295416    0    0     0 694532 207194 613566 80 20  1  0  0  0
314  0 117032 2720020 1534264 34295488    0    0     0 1287472 220869 632839 79 20  1  0  0  0
189  1 117032 2718104 1534268 34295500    0    0     0 709520 208068 615229 80 20  1  0  0  0
205  0 117032 2722004 1534268 34295508    0    0     0 674236 208080 613094 80 20  0  0  0  0
246  1 117032 2724108 1534268 34295516    0    0     0 653876 208878 607263 79 20  1  0  0  0
223  2 117032 2724224 1534268 34295528    0    0     0 699224 205906 594036 80 20  0  0  0  0
235  3 117032 2721760 1534268 34295540    0    0     0 657116 207341 609557 80 20  1  0  0  0
286  0 117032 2712952 1534276 34295548    0    0     0 700280 209407 620174 79 20  1  0  0  0
289  2 117032 2720376 1534276 34295556    0    0     0 653312 207253 607136 80 20  0  0  0  0
248  0 117032 2721092 1534280 34295560    0    0     4 701164 205911 604759 79 20  0  0  0  0
292  0 117032 2714968 1534280 34295592    0    0     0 1282632 224042 635881 79 20  1  0  0  0
procs -----------memory---------- ---swap-- -----io---- -system-- -------cpu-------
 r  b   swpd   free   buff  cache   si   so    bi    bo   in   cs us sy id wa st gu
301  0 117032 2718636 1534280 34295604    0    0     0 712716 208366 601265 80 20  0  0  0  0
280  0 117032 2714264 1534288 34295612    0    0     0 682984 206675 596099 80 20  0  0  0  0
303  0 117032 2713400 1534288 34295620    0    0     0 716364 207153 605691 80 20  0  0  0  0
179  0 117032 2713636 1534288 34295628    0    0     0 643396 205755 608343 79 20  1  0  0  0
275  0 117032 2713120 1534288 34295636    0    0     0 655740 207934 614821 80 20  1  0  0  0
238  0 117032 2717464 1534288 34295648    0    0     0 750276 208721 611569 79 20  1  0  0  0
290  0 117032 2718056 1534296 34295656    0    0     0 612064 202861 605385 80 20  1  0  0  0
206  1 117032 2722232 1534296 34295664    0    0     0 1326380 226922 651953 79 20  1  0  0  0
252  0 117032 2721984 1534296 34295672    0    0     0 670328 206143 605304 79 20  0  0  0  0
328  0 117032 2722288 1534296 34295684    0    0     0 669436 204724 601168 79 20  1  0  0  0
255  0 117032 2719964 1534300 34295704    0    0     4 682940 208354 614843 80 20  0  0  0  0
329  0 117032 2723160 1534308 34295712    0    0     0 729212 211414 617647 80 20  1  0  0  0
175  1 117032 2724420 1534308 34295720    0    0     0 664524 206100 607443 79 20  1  0  0  0
349  0 117032 2722264 1534308 34295728    0    0     0 1331296 229636 660658 78 20  1  0  0  0
360  0 117032 2724608 1534308 34295740    0    0     0 657948 205666 610581 79 20  1  0  0  0
212  0 117032 2726404 1534308 34295752    0    0     0 653084 207108 608015 80 20  1  0  0  0
268  0 117032 2728092 1534312 34295760    0    0     0 635020 205450 596955 80 20  0  0  0  0
228  2 117032 2728428 1534312 34295768    0    0     0 755028 208653 615149 80 20  1  0  0  0
217  2 117032 2725256 1534312 34295776    0    0     0 631836 204017 594560 80 20  0  0  0  0
170  1 117032 2724004 1534312 34295788    0    0     0 744504 208362 612291 79 20  1  0  0  0
301  0 117032 2724888 1534312 34295796    0    0     0 1252276 230609 665495 79 20  1  0  0  0
procs -----------memory---------- ---swap-- -----io---- -system-- -------cpu-------
 r  b   swpd   free   buff  cache   si   so    bi    bo   in   cs us sy id wa st gu
270  0 117032 2723724 1534316 34295804    0    0     0 698176 207058 601217 80 20  0  0  0  0
289  0 117032 2722388 1534320 34295824    0    0     4 641636 206312 600193 80 20  0  0  0  0
295  0 117032 2719772 1534320 34295836    0    0     0 667568 207580 600054 80 20  0  0  0  0
211  0 117032 2719476 1534320 34295844    0    0     0 707884 211843 619183 79 20  1  0  0  0
204  1 117032 2717504 1534320 34295860    0    0     0 739652 207495 605717 80 20  0  0  0  0
231  0 117032 2718120 1534328 34295868    0    0     0 639304 205416 609987 79 20  1  0  0  0
292  0 117032 2717084 1534328 34295876    0    0     0 640548 207136 609150 80 20  0  0  0  0
279  1 117032 2715404 1534328 34295888    0    0     0 653812 208911 606415 80 20  0  0  0  0
227  0 117032 2720456 1534328 34295896    0    0     0 1400468 231429 642876 79 20  0  0  0  0
164  0 117032 2716556 1534328 34295916    0    0     0 592692 206020 609563 79 20  1  0  0  0
270  2 117032 2722720 1534332 34295924    0    0     0 716852 205621 610100 80 20  0  0  0  0
282  0 117032 2722212 1534332 34295936    0    0     0 652124 205106 607728 79 20  1  0  0  0
263  0 117032 2718068 1534332 34295944    0    0     0 686424 205562 606894 80 20  1  0  0  0
287  1 117032 2714984 1534336 34295960    0    0     4 745904 206437 601582 80 20  0  0  0  0
320  0 117032 2715204 1534336 34295976    0    0     0 593824 199346 593068 80 20  0  0  0  0
269  0 117032 2720032 1534336 34295984    0    0     0 713664 206317 609812 79 20  1  0  0  0
285  0 117032 2718780 1534336 34295992    0    0     0 660460 204961 605221 80 20  0  0  0  0
333  0 117032 2709904 1534336 34296000    0    0     0 703256 209924 607630 80 20  0  0  0  0
246  1 117032 2713084 1534336 34296004    0    0     0 1274408 225470 644320 79 20  1  0  0  0
274  0 117032 2714840 1534336 34296020    0    0     0 717732 207620 609145 79 20  1  0  0  0
206  0 117032 2713240 1534344 34296028    0    0     0 665808 206626 604208 80 20  1  0  0  0
procs -----------memory---------- ---swap-- -----io---- -system-- -------cpu-------
 r  b   swpd   free   buff  cache   si   so    bi    bo   in   cs us sy id wa st gu
200  1 117032 2713968 1534344 34296036    0    0     0 673404 207833 614745 80 20  1  0  0  0
302  2 117032 2716360 1534344 34296044    0    0     0 683248 208966 604458 79 20  0  0  0  0
286  1 117032 2714328 1534344 34296052    0    0     0 723636 209279 604531 80 20  0  0  0  0
258  0 117032 2715384 1534348 34296072    0    0     4 632868 204636 596466 80 20  0  0  0  0
253  0 117032 2708860 1534352 34296084    0    0     0 748396 209896 602847 80 20  0  0  0  0
282  0 117032 2720072 1534352 34296092    0    0     0 638592 204663 599447 79 20  1  0  0  0
299  2 117032 2720532 1534352 34296100    0    0     0 706072 209161 609090 80 20  0  0  0  0
268  0 117032 2722216 1534352 34296108    0    0     0 631748 208652 611462 79 20  1  0  0  0
292  2 117032 2725680 1534352 34296192    0    0     0 685492 205103 608832 79 20  1  0  0  0
163  3 117032 2725244 1534360 34296200    0    0     0 1372532 231291 663145 78 20  1  0  0  0
269  0 117032 2724964 1534360 34296208    0    0     0 644236 205931 612261 80 20  1  0  0  0
282  0 117032 2722316 1534360 34296216    0    0     0 708268 206625 608317 79 20  1  0  0  0
265  0 117032 2725828 1534360 34296224    0    0     0 648572 204065 606370 80 20  1  0  0  0
198  1 117032 2724836 1534360 34296240    0    0     0 731744 210193 608712 80 20  0  0  0  0
270  0 117032 2722876 1534368 34296244    0    0     0 618016 207706 607678 79 20  1  0  0  0
226  0 117032 2722736 1534372 34296260    0    0     4 663672 208062 599082 80 20  0  0  0  0
288  0 117032 2720224 1534372 34296268    0    0     0 773024 211701 612418 79 20  0  0  0  0
271  0 117032 2717204 1534372 34296276    0    0     0 617372 206253 606629 80 20  0  0  0  0
326  0 117032 2720428 1534372 34296288    0    0     0 709368 208510 612484 79 20  1  0  0  0
72  3 117032 2916132 1534380 34296304    0    0     0 710768 291265 590256 76 22  2  0  0  0
