Linux 6.8.0-60-generic (beast-node1.tp.int.percona.com) 	08/20/2026 	_x86_64_	(80 CPU)

03:47:53 PM  CPU    %usr   %nice    %sys %iowait    %irq   %soft  %steal  %guest  %gnice   %idle
03:47:54 PM  all   92.54    0.00    2.47    0.10    0.00    0.04    0.00    0.00    0.00    4.85
03:47:54 PM    0   90.91    0.00    2.02    1.01    0.00    0.00    0.00    0.00    0.00    6.06
03:47:54 PM    1   92.93    0.00    3.03    0.00    0.00    0.00    0.00    0.00    0.00    4.04
03:47:54 PM    2   91.92    0.00    2.02    0.00    0.00    0.00    0.00    0.00    0.00    6.06
03:47:54 PM    3   93.88    0.00    2.04    0.00    0.00    0.00    0.00    0.00    0.00    4.08
03:47:54 PM    4   92.86    0.00    1.02    0.00    0.00    0.00    0.00    0.00    0.00    6.12
03:47:54 PM    5   92.08    0.00    2.97    0.99    0.00    0.00    0.00    0.00    0.00    3.96
03:47:54 PM    6   91.84    0.00    3.06    0.00    0.00    0.00    0.00    0.00    0.00    5.10
03:47:54 PM    7   96.97    0.00    1.01    0.00    0.00    0.00    0.00    0.00    0.00    2.02
03:47:54 PM    8   92.93    0.00    2.02    0.00    0.00    0.00    0.00    0.00    0.00    5.05
03:47:54 PM    9   88.00    0.00    7.00    0.00    0.00    0.00    0.00    0.00    0.00    5.00
03:47:54 PM   10   93.94    0.00    3.03    0.00    0.00    0.00    0.00    0.00    0.00    3.03
03:47:54 PM   11   93.00    0.00    2.00    1.00    0.00    0.00    0.00    0.00    0.00    4.00
03:47:54 PM   12   96.00    0.00    1.00    0.00    0.00    0.00    0.00    0.00    0.00    3.00
03:47:54 PM   13   93.00    0.00    1.00    0.00    0.00    0.00    0.00    0.00    0.00    6.00
03:47:54 PM   14   94.95    0.00    2.02    0.00    0.00    0.00    0.00    0.00    0.00    3.03
03:47:54 PM   15   90.10    0.00    3.96    0.00    0.00    0.00    0.00    0.00    0.00    5.94
03:47:54 PM   16   89.90    0.00    4.04    1.01    0.00    0.00    0.00    0.00    0.00    5.05
03:47:54 PM   17   92.93    0.00    2.02    0.00    0.00    0.00    0.00    0.00    0.00    5.05
03:47:54 PM   18   95.00    0.00    1.00    0.00    0.00    0.00    0.00    0.00    0.00    4.00
03:47:54 PM   19   93.00    0.00    2.00    0.00    0.00    0.00    0.00    0.00    0.00    5.00
03:47:54 PM   20   93.00    0.00    3.00    0.00    0.00    0.00    0.00    0.00    0.00    4.00
03:47:54 PM   21   89.90    0.00    2.02    0.00    0.00    0.00    0.00    0.00    0.00    8.08
03:47:54 PM   22   86.14    0.00    2.97    0.00    0.00    0.00    0.00    0.00    0.00   10.89
03:47:54 PM   23   93.07    0.00    2.97    0.00    0.00    0.00    0.00    0.00    0.00    3.96
03:47:54 PM   24   92.93    0.00    2.02    0.00    0.00    0.00    0.00    0.00    0.00    5.05
03:47:54 PM   25   92.08    0.00    2.97    0.00    0.00    0.00    0.00    0.00    0.00    4.95
03:47:54 PM   26   89.90    0.00    2.02    0.00    0.00    0.00    0.00    0.00    0.00    8.08
03:47:54 PM   27   92.08    0.00    2.97    0.00    0.00    0.00    0.00    0.00    0.00    4.95
03:47:54 PM   28   96.97    0.00    3.03    0.00    0.00    0.00    0.00    0.00    0.00    0.00
03:47:54 PM   29   94.95    0.00    2.02    0.00    0.00    0.00    0.00    0.00    0.00    3.03
03:47:54 PM   30   94.06    0.00    1.98    0.00    0.00    0.00    0.00    0.00    0.00    3.96
03:47:54 PM   31   93.00    0.00    2.00    0.00    0.00    0.00    0.00    0.00    0.00    5.00
03:47:54 PM   32   91.09    0.00    2.97    0.00    0.00    0.00    0.00    0.00    0.00    5.94
03:47:54 PM   33   92.00    0.00    2.00    0.00    0.00    0.00    0.00    0.00    0.00    6.00
03:47:54 PM   34   94.00    0.00    2.00    0.00    0.00    0.00    0.00    0.00    0.00    4.00
03:47:54 PM   35   93.94    0.00    1.01    0.00    0.00    1.01    0.00    0.00    0.00    4.04
03:47:54 PM   36   94.95    0.00    2.02    0.00    0.00    0.00    0.00    0.00    0.00    3.03
03:47:54 PM   37   95.00    0.00    2.00    0.00    0.00    0.00    0.00    0.00    0.00    3.00
03:47:54 PM   38   92.00    0.00    2.00    0.00    0.00    0.00    0.00    0.00    0.00    6.00
03:47:54 PM   39   92.93    0.00    3.03    0.00    0.00    0.00    0.00    0.00    0.00    4.04
03:47:54 PM   40   91.92    0.00    3.03    0.00    0.00    0.00    0.00    0.00    0.00    5.05
03:47:54 PM   41   89.90    0.00    3.03    0.00    0.00    0.00    0.00    0.00    0.00    7.07
03:47:54 PM   42   93.00    0.00    2.00    0.00    0.00    0.00    0.00    0.00    0.00    5.00
03:47:54 PM   43   94.00    0.00    1.00    0.00    0.00    0.00    0.00    0.00    0.00    5.00
03:47:54 PM   44   90.91    0.00    3.03    1.01    0.00    0.00    0.00    0.00    0.00    5.05
03:47:54 PM   45   93.07    0.00    1.98    0.99    0.00    0.00    0.00    0.00    0.00    3.96
03:47:54 PM   46   90.00    0.00    2.00    0.00    0.00    0.00    0.00    0.00    0.00    8.00
03:47:54 PM   47   90.91    0.00    2.02    0.00    0.00    0.00    0.00    0.00    0.00    7.07
03:47:54 PM   48   90.82    0.00    2.04    0.00    0.00    0.00    0.00    0.00    0.00    7.14
03:47:54 PM   49   91.92    0.00    5.05    0.00    0.00    0.00    0.00    0.00    0.00    3.03
03:47:54 PM   50   92.93    0.00    3.03    0.00    0.00    0.00    0.00    0.00    0.00    4.04
03:47:54 PM   51   94.00    0.00    1.00    0.00    0.00    0.00    0.00    0.00    0.00    5.00
03:47:54 PM   52   90.00    0.00    4.00    0.00    0.00    0.00    0.00    0.00    0.00    6.00
03:47:54 PM   53   94.12    0.00    1.96    0.98    0.00    0.00    0.00    0.00    0.00    2.94
03:47:54 PM   54   89.00    0.00    3.00    0.00    0.00    0.00    0.00    0.00    0.00    8.00
03:47:54 PM   55   94.06    0.00    0.99    0.99    0.00    0.00    0.00    0.00    0.00    3.96
03:47:54 PM   56   93.88    0.00    2.04    0.00    0.00    0.00    0.00    0.00    0.00    4.08
03:47:54 PM   57   92.93    0.00    3.03    0.00    0.00    0.00    0.00    0.00    0.00    4.04
03:47:54 PM   58   86.87    0.00    3.03    0.00    0.00    0.00    0.00    0.00    0.00   10.10
03:47:54 PM   59   93.94    0.00    2.02    0.00    0.00    0.00    0.00    0.00    0.00    4.04
03:47:54 PM   60   94.06    0.00    2.97    0.00    0.00    0.00    0.00    0.00    0.00    2.97
03:47:54 PM   61   94.00    0.00    2.00    0.00    0.00    0.00    0.00    0.00    0.00    4.00
03:47:54 PM   62   94.95    0.00    2.02    0.00    0.00    0.00    0.00    0.00    0.00    3.03
03:47:54 PM   63   93.00    0.00    2.00    0.00    0.00    0.00    0.00    0.00    0.00    5.00
03:47:54 PM   64   92.93    0.00    2.02    0.00    0.00    0.00    0.00    0.00    0.00    5.05
03:47:54 PM   65   93.00    0.00    4.00    0.00    0.00    0.00    0.00    0.00    0.00    3.00
03:47:54 PM   66   91.09    0.00    1.98    0.00    0.00    0.99    0.00    0.00    0.00    5.94
03:47:54 PM   67   91.92    0.00    3.03    0.00    0.00    0.00    0.00    0.00    0.00    5.05
03:47:54 PM   68   93.00    0.00    2.00    0.00    0.00    0.00    0.00    0.00    0.00    5.00
03:47:54 PM   69   91.00    0.00    3.00    0.00    0.00    0.00    0.00    0.00    0.00    6.00
03:47:54 PM   70   92.00    0.00    3.00    0.00    0.00    0.00    0.00    0.00    0.00    5.00
03:47:54 PM   71   90.00    0.00    3.00    0.00    0.00    0.00    0.00    0.00    0.00    7.00
03:47:54 PM   72   90.20    0.00    2.94    0.00    0.00    0.98    0.00    0.00    0.00    5.88
03:47:54 PM   73   94.00    0.00    3.00    0.00    0.00    0.00    0.00    0.00    0.00    3.00
03:47:54 PM   74   96.04    0.00    1.98    0.00    0.00    0.00    0.00    0.00    0.00    1.98
03:47:54 PM   75   90.91    0.00    3.03    0.00    0.00    0.00    0.00    0.00    0.00    6.06
03:47:54 PM   76   90.91    0.00    3.03    0.00    0.00    0.00    0.00    0.00    0.00    6.06
03:47:54 PM   77   94.95    0.00    2.02    0.00    0.00    0.00    0.00    0.00    0.00    3.03
03:47:54 PM   78   93.94    0.00    3.03    0.00    0.00    0.00    0.00    0.00    0.00    3.03
03:47:54 PM   79   93.00    0.00    3.00    0.00    0.00    0.00    0.00    0.00    0.00    4.00

03:47:54 PM  CPU    %usr   %nice    %sys %iowait    %irq   %soft  %steal  %guest  %gnice   %idle
03:47:55 PM  all   97.66    0.00    1.51    0.03    0.00    0.03    0.00    0.00    0.00    0.78
03:47:55 PM    0   93.00    0.00    6.00    0.00    0.00    0.00    0.00    0.00    0.00    1.00
03:47:55 PM    1   99.00    0.00    0.00    0.00    0.00    0.00    0.00    0.00    0.00    1.00
03:47:55 PM    2   96.00    0.00    4.00    0.00    0.00    0.00    0.00    0.00    0.00    0.00
03:47:55 PM    3   98.02    0.00    0.99    0.00    0.00    0.00    0.00    0.00    0.00    0.99
03:47:55 PM    4   99.00    0.00    1.00    0.00    0.00    0.00    0.00    0.00    0.00    0.00
03:47:55 PM    5   98.98    0.00    1.02    0.00    0.00    0.00    0.00    0.00    0.00    0.00
03:47:55 PM    6   97.00    0.00    2.00    0.00    0.00    0.00    0.00    0.00    0.00    1.00
03:47:55 PM    7   96.00    0.00    3.00    0.00    0.00    0.00    0.00    0.00    0.00    1.00
03:47:55 PM    8   97.03    0.00    1.98    0.00    0.00    0.00    0.00    0.00    0.00    0.99
03:47:55 PM    9   96.97    0.00    3.03    0.00    0.00    0.00    0.00    0.00    0.00    0.00
03:47:55 PM   10   91.00    0.00    8.00    0.00    0.00    0.00    0.00    0.00    0.00    1.00
03:47:55 PM   11   94.00    0.00    5.00    0.00    0.00    0.00    0.00    0.00    0.00    1.00
03:47:55 PM   12   98.00    0.00    2.00    0.00    0.00    0.00    0.00    0.00    0.00    0.00
03:47:55 PM   13   98.99    0.00    1.01    0.00    0.00    0.00    0.00    0.00    0.00    0.00
03:47:55 PM   14   97.98    0.00    1.01    0.00    0.00    0.00    0.00    0.00    0.00    1.01
03:47:55 PM   15   97.98    0.00    2.02    0.00    0.00    0.00    0.00    0.00    0.00    0.00
03:47:55 PM   16   93.00    0.00    1.00    0.00    0.00    0.00    0.00    0.00    0.00    6.00
03:47:55 PM   17   99.00    0.00    1.00    0.00    0.00    0.00    0.00    0.00    0.00    0.00
03:47:55 PM   18   93.14    0.00    4.90    0.98    0.00    0.00    0.00    0.00    0.00    0.98
03:47:55 PM   19   96.00    0.00    3.00    0.00    0.00    0.00    0.00    0.00    0.00    1.00
03:47:55 PM   20  100.00    0.00    0.00    0.00    0.00    0.00    0.00    0.00    0.00    0.00
03:47:55 PM   21  100.00    0.00    0.00    0.00    0.00    0.00    0.00    0.00    0.00    0.00
03:47:55 PM   22   99.00    0.00    1.00    0.00    0.00    0.00    0.00    0.00    0.00    0.00
03:47:55 PM   23   97.98    0.00    1.01    0.00    0.00    0.00    0.00    0.00    0.00    1.01
03:47:55 PM   24   98.00    0.00    1.00    0.00    0.00    0.00    0.00    0.00    0.00    1.00
03:47:55 PM   25   98.99    0.00    0.00    0.00    0.00    0.00    0.00    0.00    0.00    1.01
03:47:55 PM   26   97.00    0.00    1.00    0.00    0.00    0.00    0.00    0.00    0.00    2.00
03:47:55 PM   27  100.00    0.00    0.00    0.00    0.00    0.00    0.00    0.00    0.00    0.00
03:47:55 PM   28   99.00    0.00    0.00    0.00    0.00    0.00    0.00    0.00    0.00    1.00
03:47:55 PM   29   99.00    0.00    1.00    0.00    0.00    0.00    0.00    0.00    0.00    0.00
03:47:55 PM   30  100.00    0.00    0.00    0.00    0.00    0.00    0.00    0.00    0.00    0.00
03:47:55 PM   31  100.00    0.00    0.00    0.00    0.00    0.00    0.00    0.00    0.00    0.00
03:47:55 PM   32   98.99    0.00    1.01    0.00    0.00    0.00    0.00    0.00    0.00    0.00
03:47:55 PM   33   99.00    0.00    1.00    0.00    0.00    0.00    0.00    0.00    0.00    0.00
03:47:55 PM   34   97.00    0.00    1.00    0.00    0.00    0.00    0.00    0.00    0.00    2.00
03:47:55 PM   35   98.02    0.00    0.99    0.00    0.00    0.00    0.00    0.00    0.00    0.99
03:47:55 PM   36   99.00    0.00    0.00    0.00    0.00    0.00    0.00    0.00    0.00    1.00
03:47:55 PM   37   97.98    0.00    0.00    0.00    0.00    0.00    0.00    0.00    0.00    2.02
03:47:55 PM   38   98.02    0.00    0.00    0.00    0.00    0.99    0.00    0.00    0.00    0.99
03:47:55 PM   39  100.00    0.00    0.00    0.00    0.00    0.00    0.00    0.00    0.00    0.00
03:47:55 PM   40   96.04    0.00    2.97    0.00    0.00    0.00    0.00    0.00    0.00    0.99
03:47:55 PM   41   99.00    0.00    1.00    0.00    0.00    0.00    0.00    0.00    0.00    0.00
03:47:55 PM   42   99.00    0.00    1.00    0.00    0.00    0.00    0.00    0.00    0.00    0.00
03:47:55 PM   43   98.99    0.00    1.01    0.00    0.00    0.00    0.00    0.00    0.00    0.00
03:47:55 PM   44   98.04    0.00    0.98    0.00    0.00    0.00    0.00    0.00    0.00    0.98
03:47:55 PM   45   97.98    0.00    1.01    0.00    0.00    0.00    0.00    0.00    0.00    1.01
03:47:55 PM   46   95.00    0.00    4.00    0.00    0.00    0.00    0.00    0.00    0.00    1.00
03:47:55 PM   47   98.99    0.00    1.01    0.00    0.00    0.00    0.00    0.00    0.00    0.00
03:47:55 PM   48   94.06    0.00    2.97    0.00    0.00    0.00    0.00    0.00    0.00    2.97
03:47:55 PM   49   97.00    0.00    3.00    0.00    0.00    0.00    0.00    0.00    0.00    0.00
03:47:55 PM   50   95.05    0.00    3.96    0.00    0.00    0.00    0.00    0.00    0.00    0.99
03:47:55 PM   51   89.00    0.00    6.00    0.00    0.00    0.00    0.00    0.00    0.00    5.00
03:47:55 PM   52   98.99    0.00    1.01    0.00    0.00    0.00    0.00    0.00    0.00    0.00
03:47:55 PM   53   96.00    0.00    2.00    0.00    0.00    0.00    0.00    0.00    0.00    2.00
03:47:55 PM   54   96.00    0.00    4.00    0.00    0.00    0.00    0.00    0.00    0.00    0.00
03:47:55 PM   55   96.00    0.00    3.00    0.00    0.00    0.00    0.00    0.00    0.00    1.00
03:47:55 PM   56   93.94    0.00    5.05    0.00    0.00    0.00    0.00    0.00    0.00    1.01
03:47:55 PM   57   95.00    0.00    1.00    1.00    0.00    0.00    0.00    0.00    0.00    3.00
03:47:55 PM   58   96.00    0.00    3.00    0.00    0.00    0.00    0.00    0.00    0.00    1.00
03:47:55 PM   59   96.00    0.00    3.00    0.00    0.00    0.00    0.00    0.00    0.00    1.00
03:47:55 PM   60   99.00    0.00    1.00    0.00    0.00    0.00    0.00    0.00    0.00    0.00
03:47:55 PM   61   99.00    0.00    1.00    0.00    0.00    0.00    0.00    0.00    0.00    0.00
03:47:55 PM   62  100.00    0.00    0.00    0.00    0.00    0.00    0.00    0.00    0.00    0.00
03:47:55 PM   63   99.00    0.00    1.00    0.00    0.00    0.00    0.00    0.00    0.00    0.00
03:47:55 PM   64  100.00    0.00    0.00    0.00    0.00    0.00    0.00    0.00    0.00    0.00
03:47:55 PM   65   99.00    0.00    0.00    0.00    0.00    1.00    0.00    0.00    0.00    0.00
03:47:55 PM   66   99.00    0.00    0.00    0.00    0.00    0.00    0.00    0.00    0.00    1.00
03:47:55 PM   67   99.00    0.00    1.00    0.00    0.00    0.00    0.00    0.00    0.00    0.00
03:47:55 PM   68  100.00    0.00    0.00    0.00    0.00    0.00    0.00    0.00    0.00    0.00
03:47:55 PM   69   97.98    0.00    0.00    0.00    0.00    0.00    0.00    0.00    0.00    2.02
03:47:55 PM   70   96.97    0.00    1.01    0.00    0.00    0.00    0.00    0.00    0.00    2.02
03:47:55 PM   71   99.00    0.00    0.00    0.00    0.00    0.00    0.00    0.00    0.00    1.00
03:47:55 PM   72  100.00    0.00    0.00    0.00    0.00    0.00    0.00    0.00    0.00    0.00
03:47:55 PM   73   98.00    0.00    0.00    0.00    0.00    0.00    0.00    0.00    0.00    2.00
03:47:55 PM   74   98.99    0.00    1.01    0.00    0.00    0.00    0.00    0.00    0.00    0.00
03:47:55 PM   75   99.00    0.00    1.00    0.00    0.00    0.00    0.00    0.00    0.00    0.00
03:47:55 PM   76  100.00    0.00    0.00    0.00    0.00    0.00    0.00    0.00    0.00    0.00
03:47:55 PM   77   99.00    0.00    1.00    0.00    0.00    0.00    0.00    0.00    0.00    0.00
03:47:55 PM   78   99.00    0.00    1.00    0.00    0.00    0.00    0.00    0.00    0.00    0.00
03:47:55 PM   79   98.00    0.00    0.00    0.00    0.00    0.00    0.00    0.00    0.00    2.00

03:47:55 PM  CPU    %usr   %nice    %sys %iowait    %irq   %soft  %steal  %guest  %gnice   %idle
03:47:56 PM  all   96.68    0.00    1.48    0.13    0.00    0.01    0.00    0.00    0.00    1.70
03:47:56 PM    0   97.00    0.00    2.00    0.00    0.00    0.00    0.00    0.00    0.00    1.00
03:47:56 PM    1   96.00    0.00    1.00    1.00    0.00    0.00    0.00    0.00    0.00    2.00
03:47:56 PM    2   93.94    0.00    3.03    0.00    0.00    0.00    0.00    0.00    0.00    3.03
03:47:56 PM    3   96.97    0.00    1.01    2.02    0.00    0.00    0.00    0.00    0.00    0.00
03:47:56 PM    4   96.00    0.00    2.00    0.00    0.00    0.00    0.00    0.00    0.00    2.00
03:47:56 PM    5   94.00    0.00    4.00    0.00    0.00    0.00    0.00    0.00    0.00    2.00
03:47:56 PM    6   94.06    0.00    1.98    0.99    0.00    0.00    0.00    0.00    0.00    2.97
03:47:56 PM    7   94.95    0.00    3.03    0.00    0.00    0.00    0.00    0.00    0.00    2.02
03:47:56 PM    8   97.00    0.00    2.00    0.00    0.00    0.00    0.00    0.00    0.00    1.00
03:47:56 PM    9   95.00    0.00    3.00    0.00    0.00    0.00    0.00    0.00    0.00    2.00
03:47:56 PM   10   96.97    0.00    1.01    0.00    0.00    0.00    0.00    0.00    0.00    2.02
03:47:56 PM   11   96.00    0.00    1.00    0.00    0.00    0.00    0.00    0.00    0.00    3.00
03:47:56 PM   12   92.93    0.00    4.04    0.00    0.00    0.00    0.00    0.00    0.00    3.03
03:47:56 PM   13   93.00    0.00    6.00    0.00    0.00    0.00    0.00    0.00    0.00    1.00
03:47:56 PM   14   97.00    0.00    1.00    0.00    0.00    0.00    0.00    0.00    0.00    2.00
03:47:56 PM   15   97.00    0.00    1.00    0.00    0.00    0.00    0.00    0.00    0.00    2.00
03:47:56 PM   16   97.98    0.00    0.00    0.00    0.00    0.00    0.00    0.00    0.00    2.02
03:47:56 PM   17   96.00    0.00    2.00    0.00    0.00    0.00    0.00    0.00    0.00    2.00
03:47:56 PM   18   95.96    0.00    2.02    0.00    0.00    0.00    0.00    0.00    0.00    2.02
03:47:56 PM   19   96.97    0.00    2.02    0.00    0.00    0.00    0.00    0.00    0.00    1.01
03:47:56 PM   20   97.03    0.00    0.99    0.00    0.00    0.00    0.00    0.00    0.00    1.98
03:47:56 PM   21   97.00    0.00    1.00    0.00    0.00    0.00    0.00    0.00    0.00    2.00
03:47:56 PM   22   98.99    0.00    0.00    0.00    0.00    0.00    0.00    0.00    0.00    1.01
03:47:56 PM   23   97.03    0.00    0.99    0.00    0.00    0.00    0.00    0.00    0.00    1.98
03:47:56 PM   24   96.00    0.00    1.00    0.00    0.00    1.00    0.00    0.00    0.00    2.00
03:47:56 PM   25   97.00    0.00    1.00    0.00    0.00    0.00    0.00    0.00    0.00    2.00
03:47:56 PM   26   97.03    0.00    0.99    0.00    0.00    0.00    0.00    0.00    0.00    1.98
03:47:56 PM   27   98.00    0.00    1.00    0.00    0.00    0.00    0.00    0.00    0.00    1.00
03:47:56 PM   28   98.00    0.00    1.00    0.00    0.00    0.00    0.00    0.00    0.00    1.00
03:47:56 PM   29   99.00    0.00    0.00    0.00    0.00    0.00    0.00    0.00    0.00    1.00
03:47:56 PM   30   97.00    0.00    0.00    0.00    0.00    0.00    0.00    0.00    0.00    3.00
03:47:56 PM   31   97.98    0.00    0.00    0.00    0.00    0.00    0.00    0.00    0.00    2.02
03:47:56 PM   32   98.00    0.00    0.00    0.00    0.00    0.00    0.00    0.00    0.00    2.00
03:47:56 PM   33   97.98    0.00    0.00    0.00    0.00    0.00    0.00    0.00    0.00    2.02
03:47:56 PM   34   98.00    0.00    1.00    0.00    0.00    0.00    0.00    0.00    0.00    1.00
03:47:56 PM   35   98.99    0.00    0.00    0.00    0.00    0.00    0.00    0.00    0.00    1.01
03:47:56 PM   36   97.00    0.00    1.00    0.00    0.00    0.00    0.00    0.00    0.00    2.00
03:47:56 PM   37   98.00    0.00    1.00    0.00    0.00    0.00    0.00    0.00    0.00    1.00
03:47:56 PM   38   98.02    0.00    0.99    0.00    0.00    0.00    0.00    0.00    0.00    0.99
03:47:56 PM   39   97.03    0.00    0.99    0.00    0.00    0.00    0.00    0.00    0.00    1.98
03:47:56 PM   40   93.94    0.00    5.05    0.00    0.00    0.00    0.00    0.00    0.00    1.01
03:47:56 PM   41   95.96    0.00    2.02    1.01    0.00    0.00    0.00    0.00    0.00    1.01
03:47:56 PM   42   97.00    0.00    2.00    0.00    0.00    0.00    0.00    0.00    0.00    1.00
03:47:56 PM   43   93.00    0.00    4.00    1.00    0.00    0.00    0.00    0.00    0.00    2.00
03:47:56 PM   44   94.95    0.00    2.02    0.00    0.00    0.00    0.00    0.00    0.00    3.03
03:47:56 PM   45   93.94    0.00    6.06    0.00    0.00    0.00    0.00    0.00    0.00    0.00
03:47:56 PM   46   94.06    0.00    2.97    0.99    0.00    0.00    0.00    0.00    0.00    1.98
03:47:56 PM   47   95.00    0.00    3.00    0.00    0.00    0.00    0.00    0.00    0.00    2.00
03:47:56 PM   48   94.00    0.00    4.00    1.00    0.00    0.00    0.00    0.00    0.00    1.00
03:47:56 PM   49   96.00    0.00    2.00    0.00    0.00    0.00    0.00    0.00    0.00    2.00
03:47:56 PM   50   94.95    0.00    3.03    0.00    0.00    0.00    0.00    0.00    0.00    2.02
03:47:56 PM   51   97.00    0.00    1.00    0.00    0.00    0.00    0.00    0.00    0.00    2.00
03:47:56 PM   52   96.04    0.00    1.98    0.00    0.00    0.00    0.00    0.00    0.00    1.98
03:47:56 PM   53   97.96    0.00    1.02    0.00    0.00    0.00    0.00    0.00    0.00    1.02
03:47:56 PM   54   96.00    0.00    2.00    1.00    0.00    0.00    0.00    0.00    0.00    1.00
03:47:56 PM   55   96.97    0.00    1.01    0.00    0.00    0.00    0.00    0.00    0.00    2.02
03:47:56 PM   56   94.00    0.00    3.00    0.00    0.00    0.00    0.00    0.00    0.00    3.00
03:47:56 PM   57   96.04    0.00    2.97    0.00    0.00    0.00    0.00    0.00    0.00    0.99
03:47:56 PM   58   98.00    0.00    1.00    1.00    0.00    0.00    0.00    0.00    0.00    0.00
03:47:56 PM   59   97.00    0.00    1.00    0.00    0.00    0.00    0.00    0.00    0.00    2.00
03:47:56 PM   60   98.99    0.00    0.00    0.00    0.00    0.00    0.00    0.00    0.00    1.01
03:47:56 PM   61   97.00    0.00    1.00    0.00    0.00    0.00    0.00    0.00    0.00    2.00
03:47:56 PM   62   99.00    0.00    0.00    0.00    0.00    0.00    0.00    0.00    0.00    1.00
03:47:56 PM   63   98.02    0.00    0.00    0.00    0.00    0.00    0.00    0.00    0.00    1.98
03:47:56 PM   64   96.97    0.00    1.01    0.00    0.00    0.00    0.00    0.00    0.00    2.02
03:47:56 PM   65   98.00    0.00    0.00    0.00    0.00    0.00    0.00    0.00    0.00    2.00
03:47:56 PM   66   98.00    0.00    1.00    0.00    0.00    0.00    0.00    0.00    0.00    1.00
03:47:56 PM   67   98.00    0.00    0.00    0.00    0.00    0.00    0.00    0.00    0.00    2.00
03:47:56 PM   68   97.03    0.00    0.99    0.00    0.00    0.00    0.00    0.00    0.00    1.98
03:47:56 PM   69   97.03    0.00    0.99    0.00    0.00    0.00    0.00    0.00    0.00    1.98
03:47:56 PM   70   98.00    0.00    1.00    0.00    0.00    0.00    0.00    0.00    0.00    1.00
03:47:56 PM   71   98.00    0.00    1.00    0.00    0.00    0.00    0.00    0.00    0.00    1.00
03:47:56 PM   72   97.00    0.00    1.00    0.00    0.00    0.00    0.00    0.00    0.00    2.00
03:47:56 PM   73   99.00    0.00    0.00    0.00    0.00    0.00    0.00    0.00    0.00    1.00
03:47:56 PM   74   97.00    0.00    1.00    0.00    0.00    0.00    0.00    0.00    0.00    2.00
03:47:56 PM   75   98.00    0.00    0.00    0.00    0.00    0.00    0.00    0.00    0.00    2.00
03:47:56 PM   76   98.00    0.00    0.00    0.00    0.00    0.00    0.00    0.00    0.00    2.00
03:47:56 PM   77   96.00    0.00    0.00    0.00    0.00    0.00    0.00    0.00    0.00    4.00
03:47:56 PM   78   99.00    0.00    0.00    0.00    0.00    0.00    0.00    0.00    0.00    1.00
03:47:56 PM   79   97.00    0.00    2.00    0.00    0.00    0.00    0.00    0.00    0.00    1.00

03:47:56 PM  CPU    %usr   %nice    %sys %iowait    %irq   %soft  %steal  %guest  %gnice   %idle
03:47:57 PM  all   97.33    0.00    1.40    0.06    0.00    0.00    0.00    0.00    0.00    1.20
03:47:57 PM    0   94.06    0.00    2.97    0.00    0.00    0.00    0.00    0.00    0.00    2.97
03:47:57 PM    1   94.00    0.00    4.00    0.00    0.00    0.00    0.00    0.00    0.00    2.00
03:47:57 PM    2   97.98    0.00    1.01    1.01    0.00    0.00    0.00    0.00    0.00    0.00
03:47:57 PM    3   96.04    0.00    1.98    0.00    0.00    0.00    0.00    0.00    0.00    1.98
03:47:57 PM    4   93.94    0.00    5.05    0.00    0.00    0.00    0.00    0.00    0.00    1.01
03:47:57 PM    5   96.04    0.00    1.98    0.00    0.00    0.00    0.00    0.00    0.00    1.98
03:47:57 PM    6   93.00    0.00    3.00    0.00    0.00    0.00    0.00    0.00    0.00    4.00
03:47:57 PM    7   93.00    0.00    5.00    0.00    0.00    0.00    0.00    0.00    0.00    2.00
03:47:57 PM    8   97.00    0.00    1.00    0.00    0.00    0.00    0.00    0.00    0.00    2.00
03:47:57 PM    9   94.06    0.00    2.97    0.99    0.00    0.00    0.00    0.00    0.00    1.98
03:47:57 PM   10   99.00    0.00    0.00    0.00    0.00    0.00    0.00    0.00    0.00    1.00
03:47:57 PM   11   97.00    0.00    2.00    0.00    0.00    0.00    0.00    0.00    0.00    1.00
03:47:57 PM   12   97.00    0.00    1.00    0.00    0.00    0.00    0.00    0.00    0.00    2.00
03:47:57 PM   13   96.00    0.00    3.00    0.00    0.00    0.00    0.00    0.00    0.00    1.00
03:47:57 PM   14   96.04    0.00    2.97    0.00    0.00    0.00    0.00    0.00    0.00    0.99
03:47:57 PM   15   97.00    0.00    1.00    0.00    0.00    0.00    0.00    0.00    0.00    2.00
03:47:57 PM   16   96.97    0.00    2.02    0.00    0.00    0.00    0.00    0.00    0.00    1.01
03:47:57 PM   17   95.96    0.00    3.03    0.00    0.00    0.00    0.00    0.00    0.00    1.01
03:47:57 PM   18   96.97    0.00    2.02    0.00    0.00    0.00    0.00    0.00    0.00    1.01
03:47:57 PM   19   96.04    0.00    1.98    0.00    0.00    0.00    0.00    0.00    0.00    1.98
03:47:57 PM   20  100.00    0.00    0.00    0.00    0.00    0.00    0.00    0.00    0.00    0.00
03:47:57 PM   21   98.00    0.00    2.00    0.00    0.00    0.00    0.00    0.00    0.00    0.00
03:47:57 PM   22   96.04    0.00    1.98    0.00    0.00    0.00    0.00    0.00    0.00    1.98
03:47:57 PM   23   99.00    0.00    0.00    0.00    0.00    0.00    0.00    0.00    0.00    1.00
03:47:57 PM   24   98.02    0.00    0.99    0.00    0.00    0.00    0.00    0.00    0.00    0.99
03:47:57 PM   25   98.99    0.00    0.00    0.00    0.00    0.00    0.00    0.00    0.00    1.01
03:47:57 PM   26   98.00    0.00    1.00    0.00    0.00    0.00    0.00    0.00    0.00    1.00
03:47:57 PM   27   98.02    0.00    0.99    0.00    0.00    0.00    0.00    0.00    0.00    0.99
03:47:57 PM   28   99.00    0.00    0.00    0.00    0.00    0.00    0.00    0.00    0.00    1.00
03:47:57 PM   29   99.00    0.00    0.00    0.00    0.00    0.00    0.00    0.00    0.00    1.00
03:47:57 PM   30   98.02    0.00    0.99    0.00    0.00    0.00    0.00    0.00    0.00    0.99
03:47:57 PM   31   98.00    0.00    1.00    0.00    0.00    0.00    0.00    0.00    0.00    1.00
03:47:57 PM   32   98.99    0.00    1.01    0.00    0.00    0.00    0.00    0.00    0.00    0.00
03:47:57 PM   33   98.00    0.00    0.00    0.00    0.00    0.00    0.00    0.00    0.00    2.00
03:47:57 PM   34   99.00    0.00    0.00    0.00    0.00    0.00    0.00    0.00    0.00    1.00
03:47:57 PM   35   97.00    0.00    1.00    0.00    0.00    0.00    0.00    0.00    0.00    2.00
03:47:57 PM   36   99.00    0.00    0.00    0.00    0.00    0.00    0.00    0.00    0.00    1.00
03:47:57 PM   37   98.99    0.00    0.00    0.00    0.00    0.00    0.00    0.00    0.00    1.01
03:47:57 PM   38   98.99    0.00    0.00    0.00    0.00    0.00    0.00    0.00    0.00    1.01
03:47:57 PM   39   98.99    0.00    0.00    0.00    0.00    0.00    0.00    0.00    0.00    1.01
03:47:57 PM   40   98.00    0.00    1.00    0.00    0.00    0.00    0.00    0.00    0.00    1.00
03:47:57 PM   41   96.00    0.00    2.00    0.00    0.00    0.00    0.00    0.00    0.00    2.00
03:47:57 PM   42   96.97    0.00    0.00    1.01    0.00    0.00    0.00    0.00    0.00    2.02
03:47:57 PM   43   94.06    0.00    2.97    0.00    0.00    0.00    0.00    0.00    0.00    2.97
03:47:57 PM   44   93.94    0.00    5.05    0.00    0.00    0.00    0.00    0.00    0.00    1.01
03:47:57 PM   45   97.00    0.00    1.00    1.00    0.00    0.00    0.00    0.00    0.00    1.00
03:47:57 PM   46   95.96    0.00    3.03    0.00    0.00    0.00    0.00    0.00    0.00    1.01
03:47:57 PM   47   96.00    0.00    3.00    0.00    0.00    0.00    0.00    0.00    0.00    1.00
03:47:57 PM   48   95.00    0.00    4.00    0.00    0.00    0.00    0.00    0.00    0.00    1.00
03:47:57 PM   49   98.99    0.00    1.01    0.00    0.00    0.00    0.00    0.00    0.00    0.00
03:47:57 PM   50   96.97    0.00    2.02    0.00    0.00    0.00    0.00    0.00    0.00    1.01
03:47:57 PM   51   95.00    0.00    4.00    0.00    0.00    0.00    0.00    0.00    0.00    1.00
03:47:57 PM   52   97.98    0.00    0.00    0.00    0.00    0.00    0.00    0.00    0.00    2.02
03:47:57 PM   53   96.00    0.00    3.00    0.00    0.00    0.00    0.00    0.00    0.00    1.00
03:47:57 PM   54   96.00    0.00    3.00    0.00    0.00    0.00    0.00    0.00    0.00    1.00
03:47:57 PM   55   96.04    0.00    1.98    0.00    0.00    0.00    0.00    0.00    0.00    1.98
03:47:57 PM   56   93.00    0.00    5.00    0.00    0.00    0.00    0.00    0.00    0.00    2.00
03:47:57 PM   57   93.94    0.00    5.05    0.00    0.00    0.00    0.00    0.00    0.00    1.01
03:47:57 PM   58   97.00    0.00    1.00    1.00    0.00    0.00    0.00    0.00    0.00    1.00
03:47:57 PM   59   98.00    0.00    1.00    0.00    0.00    0.00    0.00    0.00    0.00    1.00
03:47:57 PM   60   98.99    0.00    0.00    0.00    0.00    0.00    0.00    0.00    0.00    1.01
03:47:57 PM   61   99.00    0.00    0.00    0.00    0.00    0.00    0.00    0.00    0.00    1.00
03:47:57 PM   62   99.00    0.00    0.00    0.00    0.00    0.00    0.00    0.00    0.00    1.00
03:47:57 PM   63  100.00    0.00    0.00    0.00    0.00    0.00    0.00    0.00    0.00    0.00
03:47:57 PM   64   98.02    0.00    0.99    0.00    0.00    0.00    0.00    0.00    0.00    0.99
03:47:57 PM   65   99.00    0.00    0.00    0.00    0.00    0.00    0.00    0.00    0.00    1.00
03:47:57 PM   66   98.99    0.00    0.00    0.00    0.00    0.00    0.00    0.00    0.00    1.01
03:47:57 PM   67   97.03    0.00    0.99    0.00    0.00    0.00    0.00    0.00    0.00    1.98
03:47:57 PM   68  100.00    0.00    0.00    0.00    0.00    0.00    0.00    0.00    0.00    0.00
03:47:57 PM   69  100.00    0.00    0.00    0.00    0.00    0.00    0.00    0.00    0.00    0.00
03:47:57 PM   70   99.00    0.00    1.00    0.00    0.00    0.00    0.00    0.00    0.00    0.00
03:47:57 PM   71   99.00    0.00    0.00    0.00    0.00    0.00    0.00    0.00    0.00    1.00
03:47:57 PM   72   97.98    0.00    0.00    0.00    0.00    0.00    0.00    0.00    0.00    2.02
03:47:57 PM   73   98.00    0.00    1.00    0.00    0.00    0.00    0.00    0.00    0.00    1.00
03:47:57 PM   74   99.00    0.00    0.00    0.00    0.00    0.00    0.00    0.00    0.00    1.00
03:47:57 PM   75   99.00    0.00    0.00    0.00    0.00    0.00    0.00    0.00    0.00    1.00
03:47:57 PM   76  100.00    0.00    0.00    0.00    0.00    0.00    0.00    0.00    0.00    0.00
03:47:57 PM   77   99.00    0.00    0.00    0.00    0.00    0.00    0.00    0.00    0.00    1.00
03:47:57 PM   78   99.00    0.00    0.00    0.00    0.00    0.00    0.00    0.00    0.00    1.00
03:47:57 PM   79   99.00    0.00    0.00    0.00    0.00    0.00    0.00    0.00    0.00    1.00

03:47:57 PM  CPU    %usr   %nice    %sys %iowait    %irq   %soft  %steal  %guest  %gnice   %idle
03:47:58 PM  all   88.08    0.00    2.76    0.65    0.00    0.06    0.00    0.00    0.00    8.44
03:47:58 PM    0   88.12    0.00    2.97    0.00    0.00    0.99    0.00    0.00    0.00    7.92
03:47:58 PM    1   81.82    0.00    7.07    0.00    0.00    0.00    0.00    0.00    0.00   11.11
03:47:58 PM    2   76.77    0.00    4.04    6.06    0.00    0.00    0.00    0.00    0.00   13.13
03:47:58 PM    3   78.57    0.00    4.08    2.04    0.00    0.00    0.00    0.00    0.00   15.31
03:47:58 PM    4   74.49    0.00    6.12    1.02    0.00    0.00    0.00    0.00    0.00   18.37
03:47:58 PM    5   80.00    0.00    6.00    2.00    0.00    0.00    0.00    0.00    0.00   12.00
03:47:58 PM    6   78.57    0.00    4.08    7.14    0.00    0.00    0.00    0.00    0.00   10.20
03:47:58 PM    7   83.84    0.00    2.02    0.00    0.00    0.00    0.00    0.00    0.00   14.14
03:47:58 PM    8   82.83    0.00    4.04    1.01    0.00    0.00    0.00    0.00    0.00   12.12
03:47:58 PM    9   83.67    0.00    2.04    0.00    0.00    0.00    0.00    0.00    0.00   14.29
03:47:58 PM   10   73.74    0.00    3.03    3.03    0.00    0.00    0.00    0.00    0.00   20.20
03:47:58 PM   11   88.24    0.00    3.92    0.98    0.00    0.98    0.00    0.00    0.00    5.88
03:47:58 PM   12   84.16    0.00    2.97    0.99    0.00    0.00    0.00    0.00    0.00   11.88
03:47:58 PM   13   82.83    0.00    2.02    3.03    0.00    0.00    0.00    0.00    0.00   12.12
03:47:58 PM   14   75.76    0.00    4.04    3.03    0.00    0.00    0.00    0.00    0.00   17.17
03:47:58 PM   15   82.65    0.00    6.12    2.04    0.00    0.00    0.00    0.00    0.00    9.18
03:47:58 PM   16   87.00    0.00    4.00    0.00    0.00    0.00    0.00    0.00    0.00    9.00
03:47:58 PM   17   84.00    0.00    3.00    3.00    0.00    0.00    0.00    0.00    0.00   10.00
03:47:58 PM   18   81.19    0.00    4.95    0.00    0.00    0.99    0.00    0.00    0.00   12.87
03:47:58 PM   19   86.87    0.00    3.03    1.01    0.00    0.00    0.00    0.00    0.00    9.09
03:47:58 PM   20   85.15    0.00    1.98    0.00    0.00    0.00    0.00    0.00    0.00   12.87
03:47:58 PM   21   90.91    0.00    2.02    0.00    0.00    0.00    0.00    0.00    0.00    7.07
03:47:58 PM   22   97.98    0.00    1.01    0.00    0.00    0.00    0.00    0.00    0.00    1.01
03:47:58 PM   23   92.93    0.00    2.02    0.00    0.00    0.00    0.00    0.00    0.00    5.05
03:47:58 PM   24   95.96    0.00    2.02    0.00    0.00    0.00    0.00    0.00    0.00    2.02
03:47:58 PM   25   98.00    0.00    1.00    0.00    0.00    0.00    0.00    0.00    0.00    1.00
03:47:58 PM   26   93.94    0.00    1.01    0.00    0.00    0.00    0.00    0.00    0.00    5.05
03:47:58 PM   27   97.98    0.00    1.01    0.00    0.00    0.00    0.00    0.00    0.00    1.01
03:47:58 PM   28   94.00    0.00    2.00    0.00    0.00    0.00    0.00    0.00    0.00    4.00
03:47:58 PM   29   78.79    0.00    2.02    0.00    0.00    0.00    0.00    0.00    0.00   19.19
03:47:58 PM   30   88.89    0.00    3.03    0.00    0.00    0.00    0.00    0.00    0.00    8.08
03:47:58 PM   31   96.00    0.00    1.00    0.00    0.00    0.00    0.00    0.00    0.00    3.00
03:47:58 PM   32   95.00    0.00    3.00    0.00    0.00    0.00    0.00    0.00    0.00    2.00
03:47:58 PM   33   97.03    0.00    1.98    0.00    0.00    0.00    0.00    0.00    0.00    0.99
03:47:58 PM   34   96.00    0.00    3.00    0.00    0.00    0.00    0.00    0.00    0.00    1.00
03:47:58 PM   35   94.95    0.00    1.01    0.00    0.00    0.00    0.00    0.00    0.00    4.04
03:47:58 PM   36   96.00    0.00    1.00    0.00    0.00    0.00    0.00    0.00    0.00    3.00
03:47:58 PM   37   96.00    0.00    2.00    0.00    0.00    0.00    0.00    0.00    0.00    2.00
03:47:58 PM   38   97.00    0.00    2.00    0.00    0.00    0.00    0.00    0.00    0.00    1.00
03:47:58 PM   39   97.03    0.00    1.98    0.00    0.00    0.00    0.00    0.00    0.00    0.99
03:47:58 PM   40   87.00    0.00    2.00    1.00    0.00    0.00    0.00    0.00    0.00   10.00
03:47:58 PM   41   88.89    0.00    3.03    0.00    0.00    0.00    0.00    0.00    0.00    8.08
03:47:58 PM   42   82.83    0.00    3.03    0.00    0.00    0.00    0.00    0.00    0.00   14.14
03:47:58 PM   43   76.53    0.00    3.06    3.06    0.00    0.00    0.00    0.00    0.00   17.35
03:47:58 PM   44   77.23    0.00    6.93    1.98    0.00    0.00    0.00    0.00    0.00   13.86
03:47:58 PM   45   85.00    0.00    3.00    0.00    0.00    0.00    0.00    0.00    0.00   12.00
03:47:58 PM   46   89.90    0.00    3.03    0.00    0.00    0.00    0.00    0.00    0.00    7.07
03:47:58 PM   47   85.00    0.00    6.00    0.00    0.00    0.00    0.00    0.00    0.00    9.00
03:47:58 PM   48   80.81    0.00    3.03    2.02    0.00    0.00    0.00    0.00    0.00   14.14
03:47:58 PM   49   80.00    0.00    4.00    1.00    0.00    0.00    0.00    0.00    0.00   15.00
03:47:58 PM   50   88.00    0.00    2.00    0.00    0.00    0.00    0.00    0.00    0.00   10.00
03:47:58 PM   51   89.90    0.00    2.02    1.01    0.00    0.00    0.00    0.00    0.00    7.07
03:47:58 PM   52   79.80    0.00    3.03    1.01    0.00    0.00    0.00    0.00    0.00   16.16
03:47:58 PM   53   83.84    0.00    2.02    1.01    0.00    0.00    0.00    0.00    0.00   13.13
03:47:58 PM   54   85.15    0.00    1.98    0.00    0.00    0.99    0.00    0.00    0.00   11.88
03:47:58 PM   55   73.20    0.00    7.22    2.06    0.00    1.03    0.00    0.00    0.00   16.49
03:47:58 PM   56   82.00    0.00    4.00    1.00    0.00    0.00    0.00    0.00    0.00   13.00
03:47:58 PM   57   88.12    0.00    2.97    0.99    0.00    0.00    0.00    0.00    0.00    7.92
03:47:58 PM   58   90.00    0.00    3.00    0.00    0.00    0.00    0.00    0.00    0.00    7.00
03:47:58 PM   59   81.82    0.00    2.02    0.00    0.00    0.00    0.00    0.00    0.00   16.16
03:47:58 PM   60   92.00    0.00    3.00    0.00    0.00    0.00    0.00    0.00    0.00    5.00
03:47:58 PM   61   93.94    0.00    2.02    0.00    0.00    0.00    0.00    0.00    0.00    4.04
03:47:58 PM   62   98.00    0.00    1.00    0.00    0.00    0.00    0.00    0.00    0.00    1.00
03:47:58 PM   63   90.00    0.00    1.00    0.00    0.00    0.00    0.00    0.00    0.00    9.00
03:47:58 PM   64   98.99    0.00    1.01    0.00    0.00    0.00    0.00    0.00    0.00    0.00
03:47:58 PM   65   97.00    0.00    2.00    0.00    0.00    0.00    0.00    0.00    0.00    1.00
03:47:58 PM   66   94.00    0.00    2.00    0.00    0.00    0.00    0.00    0.00    0.00    4.00
03:47:58 PM   67   91.00    0.00    2.00    0.00    0.00    0.00    0.00    0.00    0.00    7.00
03:47:58 PM   68   98.00    0.00    1.00    0.00    0.00    0.00    0.00    0.00    0.00    1.00
03:47:58 PM   69   82.18    0.00    4.95    0.00    0.00    0.00    0.00    0.00    0.00   12.87
03:47:58 PM   70   78.00    0.00    5.00    0.00    0.00    0.00    0.00    0.00    0.00   17.00
03:47:58 PM   71   79.00    0.00    1.00    0.00    0.00    0.00    0.00    0.00    0.00   20.00
03:47:58 PM   72   96.04    0.00    1.98    0.00    0.00    0.00    0.00    0.00    0.00    1.98
03:47:58 PM   73   96.00    0.00    1.00    0.00    0.00    0.00    0.00    0.00    0.00    3.00
03:47:58 PM   74   97.00    0.00    2.00    0.00    0.00    0.00    0.00    0.00    0.00    1.00
03:47:58 PM   75   97.98    0.00    1.01    0.00    0.00    0.00    0.00    0.00    0.00    1.01
03:47:58 PM   76   92.08    0.00    1.98    0.00    0.00    0.00    0.00    0.00    0.00    5.94
03:47:58 PM   77   87.13    0.00    1.98    0.00    0.00    0.00    0.00    0.00    0.00   10.89
03:47:58 PM   78   98.02    0.00    0.99    0.00    0.00    0.00    0.00    0.00    0.00    0.99
03:47:58 PM   79   99.00    0.00    1.00    0.00    0.00    0.00    0.00    0.00    0.00    0.00

03:47:58 PM  CPU    %usr   %nice    %sys %iowait    %irq   %soft  %steal  %guest  %gnice   %idle
03:47:59 PM  all   93.30    0.00    5.27    0.01    0.00    0.72    0.00    0.00    0.00    0.70
03:47:59 PM    0   93.00    0.00    5.00    0.00    0.00    1.00    0.00    0.00    0.00    1.00
03:47:59 PM    1   91.00    0.00    9.00    0.00    0.00    0.00    0.00    0.00    0.00    0.00
03:47:59 PM    2   88.00    0.00   11.00    0.00    0.00    0.00    0.00    0.00    0.00    1.00
03:47:59 PM    3   91.00    0.00    8.00    0.00    0.00    1.00    0.00    0.00    0.00    0.00
03:47:59 PM    4   92.08    0.00    5.94    0.00    0.00    0.99    0.00    0.00    0.00    0.99
03:47:59 PM    5   93.00    0.00    6.00    0.00    0.00    1.00    0.00    0.00    0.00    0.00
03:47:59 PM    6   90.91    0.00    6.06    0.00    0.00    1.01    0.00    0.00    0.00    2.02
03:47:59 PM    7   89.22    0.00    8.82    0.00    0.00    0.98    0.00    0.00    0.00    0.98
03:47:59 PM    8   93.94    0.00    6.06    0.00    0.00    0.00    0.00    0.00    0.00    0.00
03:47:59 PM    9   95.10    0.00    3.92    0.00    0.00    0.98    0.00    0.00    0.00    0.00
03:47:59 PM   10   90.00    0.00   10.00    0.00    0.00    0.00    0.00    0.00    0.00    0.00
03:47:59 PM   11   97.98    0.00    2.02    0.00    0.00    0.00    0.00    0.00    0.00    0.00
03:47:59 PM   12   92.08    0.00    6.93    0.00    0.00    0.99    0.00    0.00    0.00    0.00
03:47:59 PM   13   89.22    0.00    5.88    0.00    0.00    0.98    0.00    0.00    0.00    3.92
03:47:59 PM   14   94.06    0.00    4.95    0.00    0.00    0.99    0.00    0.00    0.00    0.00
03:47:59 PM   15   85.15    0.00   11.88    0.99    0.00    0.99    0.00    0.00    0.00    0.99
03:47:59 PM   16   90.00    0.00    7.00    0.00    0.00    2.00    0.00    0.00    0.00    1.00
03:47:59 PM   17   98.99    0.00    1.01    0.00    0.00    0.00    0.00    0.00    0.00    0.00
03:47:59 PM   18   85.15    0.00   12.87    0.00    0.00    0.99    0.00    0.00    0.00    0.99
03:47:59 PM   19   93.00    0.00    6.00    0.00    0.00    1.00    0.00    0.00    0.00    0.00
03:47:59 PM   20   94.06    0.00    3.96    0.00    0.00    0.99    0.00    0.00    0.00    0.99
03:47:59 PM   21   94.06    0.00    4.95    0.00    0.00    0.99    0.00    0.00    0.00    0.00
03:47:59 PM   22   92.08    0.00    5.94    0.00    0.00    0.99    0.00    0.00    0.00    0.99
03:47:59 PM   23   95.05    0.00    3.96    0.00    0.00    0.99    0.00    0.00    0.00    0.00
03:47:59 PM   24   92.08    0.00    6.93    0.00    0.00    0.99    0.00    0.00    0.00    0.00
03:47:59 PM   25   96.04    0.00    2.97    0.00    0.00    0.99    0.00    0.00    0.00    0.00
03:47:59 PM   26   92.00    0.00    5.00    0.00    0.00    1.00    0.00    0.00    0.00    2.00
03:47:59 PM   27   90.10    0.00    6.93    0.00    0.00    0.99    0.00    0.00    0.00    1.98
03:47:59 PM   28   93.14    0.00    5.88    0.00    0.00    0.98    0.00    0.00    0.00    0.00
03:47:59 PM   29   97.03    0.00    0.99    0.00    0.00    0.99    0.00    0.00    0.00    0.99
03:47:59 PM   30   98.02    0.00    0.99    0.00    0.00    0.99    0.00    0.00    0.00    0.00
03:47:59 PM   31   91.00    0.00    6.00    0.00    0.00    1.00    0.00    0.00    0.00    2.00
03:47:59 PM   32   97.03    0.00    1.98    0.00    0.00    0.00    0.00    0.00    0.00    0.99
03:47:59 PM   33   90.91    0.00    8.08    0.00    0.00    1.01    0.00    0.00    0.00    0.00
03:47:59 PM   34   98.99    0.00    1.01    0.00    0.00    0.00    0.00    0.00    0.00    0.00
03:47:59 PM   35   95.00    0.00    4.00    0.00    0.00    0.00    0.00    0.00    0.00    1.00
03:47:59 PM   36   97.03    0.00    1.98    0.00    0.00    0.00    0.00    0.00    0.00    0.99
03:47:59 PM   37   94.06    0.00    4.95    0.00    0.00    0.99    0.00    0.00    0.00    0.00
03:47:59 PM   38   86.00    0.00   11.00    0.00    0.00    2.00    0.00    0.00    0.00    1.00
03:47:59 PM   39   96.00    0.00    3.00    0.00    0.00    1.00    0.00    0.00    0.00    0.00
03:47:59 PM   40   90.00    0.00    9.00    0.00    0.00    1.00    0.00    0.00    0.00    0.00
03:47:59 PM   41   96.00    0.00    4.00    0.00    0.00    0.00    0.00    0.00    0.00    0.00
03:47:59 PM   42   96.04    0.00    1.98    0.00    0.00    0.99    0.00    0.00    0.00    0.99
03:47:59 PM   43   93.07    0.00    5.94    0.00    0.00    0.99    0.00    0.00    0.00    0.00
03:47:59 PM   44   94.00    0.00    5.00    0.00    0.00    1.00    0.00    0.00    0.00    0.00
03:47:59 PM   45   94.00    0.00    4.00    0.00    0.00    1.00    0.00    0.00    0.00    1.00
03:47:59 PM   46   94.95    0.00    4.04    0.00    0.00    0.00    0.00    0.00    0.00    1.01
03:47:59 PM   47   95.00    0.00    2.00    0.00    0.00    0.00    0.00    0.00    0.00    3.00
03:47:59 PM   48   96.00    0.00    3.00    0.00    0.00    0.00    0.00    0.00    0.00    1.00
03:47:59 PM   49   90.00    0.00    9.00    0.00    0.00    1.00    0.00    0.00    0.00    0.00
03:47:59 PM   50   95.96    0.00    4.04    0.00    0.00    0.00    0.00    0.00    0.00    0.00
03:47:59 PM   51   94.12    0.00    3.92    0.00    0.00    0.98    0.00    0.00    0.00    0.98
03:47:59 PM   52   94.00    0.00    5.00    0.00    0.00    0.00    0.00    0.00    0.00    1.00
03:47:59 PM   53   93.07    0.00    5.94    0.00    0.00    0.99    0.00    0.00    0.00    0.00
03:47:59 PM   54   90.00    0.00    8.00    0.00    0.00    1.00    0.00    0.00    0.00    1.00
03:47:59 PM   55   90.00    0.00    8.00    0.00    0.00    0.00    0.00    0.00    0.00    2.00
03:47:59 PM   56   92.00    0.00    6.00    0.00    0.00    1.00    0.00    0.00    0.00    1.00
03:47:59 PM   57   86.00    0.00   10.00    0.00    0.00    2.00    0.00    0.00    0.00    2.00
03:47:59 PM   58   94.00    0.00    5.00    0.00    0.00    1.00    0.00    0.00    0.00    0.00
03:47:59 PM   59   97.98    0.00    2.02    0.00    0.00    0.00    0.00    0.00    0.00    0.00
03:47:59 PM   60   91.09    0.00    6.93    0.00    0.00    0.99    0.00    0.00    0.00    0.99
03:47:59 PM   61   90.00    0.00    9.00    0.00    0.00    1.00    0.00    0.00    0.00    0.00
03:47:59 PM   62   93.00    0.00    6.00    0.00    0.00    0.00    0.00    0.00    0.00    1.00
03:47:59 PM   63   87.00    0.00    8.00    0.00    0.00    1.00    0.00    0.00    0.00    4.00
03:47:59 PM   64   89.11    0.00    9.90    0.00    0.00    0.99    0.00    0.00    0.00    0.00
03:47:59 PM   65   90.10    0.00    6.93    0.00    0.00    0.99    0.00    0.00    0.00    1.98
03:47:59 PM   66   92.93    0.00    6.06    0.00    0.00    1.01    0.00    0.00    0.00    0.00
03:47:59 PM   67   98.02    0.00    0.99    0.00    0.00    0.99    0.00    0.00    0.00    0.00
03:47:59 PM   68   94.00    0.00    5.00    0.00    0.00    0.00    0.00    0.00    0.00    1.00
03:47:59 PM   69   97.00    0.00    2.00    0.00    0.00    1.00    0.00    0.00    0.00    0.00
03:47:59 PM   70   99.01    0.00    0.99    0.00    0.00    0.00    0.00    0.00    0.00    0.00
03:47:59 PM   71   95.00    0.00    4.00    0.00    0.00    1.00    0.00    0.00    0.00    0.00
03:47:59 PM   72   99.01    0.00    0.99    0.00    0.00    0.00    0.00    0.00    0.00    0.00
03:47:59 PM   73  100.00    0.00    0.00    0.00    0.00    0.00    0.00    0.00    0.00    0.00
03:47:59 PM   74   92.93    0.00    6.06    0.00    0.00    0.00    0.00    0.00    0.00    1.01
03:47:59 PM   75   98.02    0.00    0.99    0.00    0.00    0.99    0.00    0.00    0.00    0.00
03:47:59 PM   76   93.07    0.00    4.95    0.00    0.00    0.99    0.00    0.00    0.00    0.99
03:47:59 PM   77   97.00    0.00    1.00    0.00    0.00    0.00    0.00    0.00    0.00    2.00
03:47:59 PM   78   98.99    0.00    1.01    0.00    0.00    0.00    0.00    0.00    0.00    0.00
03:47:59 PM   79   90.10    0.00    5.94    0.00    0.00    1.98    0.00    0.00    0.00    1.98

03:47:59 PM  CPU    %usr   %nice    %sys %iowait    %irq   %soft  %steal  %guest  %gnice   %idle
03:48:00 PM  all   88.03    0.00    9.55    0.06    0.00    1.20    0.00    0.00    0.00    1.15
03:48:00 PM    0   91.84    0.00    8.16    0.00    0.00    0.00    0.00    0.00    0.00    0.00
03:48:00 PM    1   90.00    0.00    7.00    0.00    0.00    1.00    0.00    0.00    0.00    2.00
03:48:00 PM    2   85.00    0.00   12.00    0.00    0.00    2.00    0.00    0.00    0.00    1.00
03:48:00 PM    3   86.87    0.00   11.11    0.00    0.00    0.00    0.00    0.00    0.00    2.02
03:48:00 PM    4   87.88    0.00   11.11    0.00    0.00    1.01    0.00    0.00    0.00    0.00
03:48:00 PM    5   84.85    0.00   13.13    0.00    0.00    1.01    0.00    0.00    0.00    1.01
03:48:00 PM    6   87.00    0.00   11.00    0.00    0.00    2.00    0.00    0.00    0.00    0.00
03:48:00 PM    7   90.91    0.00    8.08    0.00    0.00    1.01    0.00    0.00    0.00    0.00
03:48:00 PM    8   87.00    0.00    9.00    0.00    0.00    2.00    0.00    0.00    0.00    2.00
03:48:00 PM    9   90.91    0.00    7.07    0.00    0.00    1.01    0.00    0.00    0.00    1.01
03:48:00 PM   10   83.00    0.00   14.00    0.00    0.00    2.00    0.00    0.00    0.00    1.00
03:48:00 PM   11   88.00    0.00   10.00    0.00    0.00    1.00    0.00    0.00    0.00    1.00
03:48:00 PM   12   86.00    0.00   11.00    0.00    0.00    2.00    0.00    0.00    0.00    1.00
03:48:00 PM   13   79.80    0.00   16.16    0.00    0.00    3.03    0.00    0.00    0.00    1.01
03:48:00 PM   14   92.86    0.00    7.14    0.00    0.00    0.00    0.00    0.00    0.00    0.00
03:48:00 PM   15   88.00    0.00   11.00    0.00    0.00    1.00    0.00    0.00    0.00    0.00
03:48:00 PM   16   92.00    0.00    6.00    1.00    0.00    0.00    0.00    0.00    0.00    1.00
03:48:00 PM   17   89.11    0.00    7.92    0.99    0.00    0.99    0.00    0.00    0.00    0.99
03:48:00 PM   18   95.96    0.00    4.04    0.00    0.00    0.00    0.00    0.00    0.00    0.00
03:48:00 PM   19   92.93    0.00    6.06    0.00    0.00    0.00    0.00    0.00    0.00    1.01
03:48:00 PM   20   91.92    0.00    7.07    0.00    0.00    1.01    0.00    0.00    0.00    0.00
03:48:00 PM   21   84.85    0.00   14.14    0.00    0.00    0.00    0.00    0.00    0.00    1.01
03:48:00 PM   22   84.00    0.00   10.00    0.00    0.00    2.00    0.00    0.00    0.00    4.00
03:48:00 PM   23   88.78    0.00    9.18    0.00    0.00    1.02    0.00    0.00    0.00    1.02
03:48:00 PM   24   89.80    0.00    9.18    0.00    0.00    1.02    0.00    0.00    0.00    0.00
03:48:00 PM   25   95.00    0.00    5.00    0.00    0.00    0.00    0.00    0.00    0.00    0.00
03:48:00 PM   26   88.24    0.00    9.80    0.00    0.00    1.96    0.00    0.00    0.00    0.00
03:48:00 PM   27   91.00    0.00    7.00    0.00    0.00    2.00    0.00    0.00    0.00    0.00
03:48:00 PM   28   87.88    0.00   10.10    0.00    0.00    2.02    0.00    0.00    0.00    0.00
03:48:00 PM   29   92.00    0.00    6.00    0.00    0.00    1.00    0.00    0.00    0.00    1.00
03:48:00 PM   30   83.84    0.00   12.12    0.00    0.00    2.02    0.00    0.00    0.00    2.02
03:48:00 PM   31   80.00    0.00   16.00    0.00    0.00    2.00    0.00    0.00    0.00    2.00
03:48:00 PM   32   86.00    0.00   12.00    0.00    0.00    2.00    0.00    0.00    0.00    0.00
03:48:00 PM   33   81.00    0.00   14.00    0.00    0.00    2.00    0.00    0.00    0.00    3.00
03:48:00 PM   34   91.09    0.00    4.95    0.00    0.00    1.98    0.00    0.00    0.00    1.98
03:48:00 PM   35   85.15    0.00   10.89    0.00    0.00    1.98    0.00    0.00    0.00    1.98
03:48:00 PM   36   98.99    0.00    1.01    0.00    0.00    0.00    0.00    0.00    0.00    0.00
03:48:00 PM   37   90.10    0.00    7.92    0.00    0.00    0.99    0.00    0.00    0.00    0.99
03:48:00 PM   38   88.12    0.00    9.90    0.00    0.00    0.99    0.00    0.00    0.00    0.99
03:48:00 PM   39   84.00    0.00   13.00    0.00    0.00    2.00    0.00    0.00    0.00    1.00
03:48:00 PM   40   93.00    0.00    5.00    0.00    0.00    1.00    0.00    0.00    0.00    1.00
03:48:00 PM   41   85.15    0.00   10.89    0.99    0.00    0.99    0.00    0.00    0.00    1.98
03:48:00 PM   42   83.84    0.00   14.14    0.00    0.00    0.00    0.00    0.00    0.00    2.02
03:48:00 PM   43   87.88    0.00   10.10    0.00    0.00    1.01    0.00    0.00    0.00    1.01
03:48:00 PM   44   83.00    0.00   14.00    0.00    0.00    2.00    0.00    0.00    0.00    1.00
03:48:00 PM   45   96.00    0.00    3.00    0.00    0.00    0.00    0.00    0.00    0.00    1.00
03:48:00 PM   46   83.00    0.00   14.00    0.00    0.00    1.00    0.00    0.00    0.00    2.00
03:48:00 PM   47   90.91    0.00    8.08    0.00    0.00    1.01    0.00    0.00    0.00    0.00
03:48:00 PM   48   83.00    0.00   14.00    0.00    0.00    2.00    0.00    0.00    0.00    1.00
03:48:00 PM   49   90.00    0.00    8.00    0.00    0.00    1.00    0.00    0.00    0.00    1.00
03:48:00 PM   50   83.00    0.00   15.00    0.00    0.00    1.00    0.00    0.00    0.00    1.00
03:48:00 PM   51   93.94    0.00    4.04    0.00    0.00    0.00    0.00    0.00    0.00    2.02
03:48:00 PM   52   89.90    0.00    9.09    0.00    0.00    1.01    0.00    0.00    0.00    0.00
03:48:00 PM   53   90.00    0.00    8.00    0.00    0.00    1.00    0.00    0.00    0.00    1.00
03:48:00 PM   54   91.92    0.00    7.07    0.00    0.00    1.01    0.00    0.00    0.00    0.00
03:48:00 PM   55   83.17    0.00   11.88    0.99    0.00    1.98    0.00    0.00    0.00    1.98
03:48:00 PM   56   83.84    0.00   13.13    0.00    0.00    2.02    0.00    0.00    0.00    1.01
03:48:00 PM   57   80.61    0.00   17.35    0.00    0.00    1.02    0.00    0.00    0.00    1.02
03:48:00 PM   58   92.08    0.00    5.94    0.99    0.00    0.00    0.00    0.00    0.00    0.99
03:48:00 PM   59   82.00    0.00   14.00    0.00    0.00    3.00    0.00    0.00    0.00    1.00
03:48:00 PM   60   89.00    0.00    9.00    0.00    0.00    2.00    0.00    0.00    0.00    0.00
03:48:00 PM   61   84.16    0.00   12.87    0.00    0.00    1.98    0.00    0.00    0.00    0.99
03:48:00 PM   62   92.08    0.00    3.96    0.00    0.00    1.98    0.00    0.00    0.00    1.98
03:48:00 PM   63   94.00    0.00    4.00    0.00    0.00    1.00    0.00    0.00    0.00    1.00
03:48:00 PM   64   93.94    0.00    5.05    0.00    0.00    0.00    0.00    0.00    0.00    1.01
03:48:00 PM   65   83.84    0.00   14.14    0.00    0.00    0.00    0.00    0.00    0.00    2.02
03:48:00 PM   66   92.08    0.00    5.94    0.00    0.00    0.99    0.00    0.00    0.00    0.99
03:48:00 PM   67   90.82    0.00    8.16    0.00    0.00    0.00    0.00    0.00    0.00    1.02
03:48:00 PM   68   86.00    0.00   11.00    0.00    0.00    2.00    0.00    0.00    0.00    1.00
03:48:00 PM   69   80.20    0.00   13.86    0.00    0.00    1.98    0.00    0.00    0.00    3.96
03:48:00 PM   70   87.00    0.00   12.00    0.00    0.00    1.00    0.00    0.00    0.00    0.00
03:48:00 PM   71   87.00    0.00    7.00    0.00    0.00    1.00    0.00    0.00    0.00    5.00
03:48:00 PM   72   94.95    0.00    4.04    0.00    0.00    1.01    0.00    0.00    0.00    0.00
03:48:00 PM   73   81.00    0.00    9.00    0.00    0.00    2.00    0.00    0.00    0.00    8.00
03:48:00 PM   74   87.13    0.00    7.92    0.00    0.00    0.99    0.00    0.00    0.00    3.96
03:48:00 PM   75   89.11    0.00    7.92    0.00    0.00    0.99    0.00    0.00    0.00    1.98
03:48:00 PM   76   91.92    0.00    7.07    0.00    0.00    1.01    0.00    0.00    0.00    0.00
03:48:00 PM   77   82.83    0.00   15.15    0.00    0.00    2.02    0.00    0.00    0.00    0.00
03:48:00 PM   78   94.06    0.00    4.95    0.00    0.00    0.99    0.00    0.00    0.00    0.00
03:48:00 PM   79   83.84    0.00   14.14    0.00    0.00    2.02    0.00    0.00    0.00    0.00

03:48:00 PM  CPU    %usr   %nice    %sys %iowait    %irq   %soft  %steal  %guest  %gnice   %idle
03:48:01 PM  all   84.97    0.00   12.59    0.06    0.00    1.37    0.00    0.00    0.00    1.00
03:48:01 PM    0   78.22    0.00   15.84    0.99    0.00    0.99    0.00    0.00    0.00    3.96
03:48:01 PM    1   65.00    0.00   29.00    0.00    0.00    4.00    0.00    0.00    0.00    2.00
03:48:01 PM    2   89.00    0.00    9.00    0.00    0.00    1.00    0.00    0.00    0.00    1.00
03:48:01 PM    3   88.12    0.00    9.90    0.00    0.00    0.99    0.00    0.00    0.00    0.99
03:48:01 PM    4   83.17    0.00   14.85    0.00    0.00    0.99    0.00    0.00    0.00    0.99
03:48:01 PM    5   88.00    0.00   10.00    0.00    0.00    1.00    0.00    0.00    0.00    1.00
03:48:01 PM    6   81.00    0.00   17.00    0.00    0.00    1.00    0.00    0.00    0.00    1.00
03:48:01 PM    7   86.14    0.00   10.89    0.99    0.00    0.99    0.00    0.00    0.00    0.99
03:48:01 PM    8   82.00    0.00   16.00    0.00    0.00    2.00    0.00    0.00    0.00    0.00
03:48:01 PM    9   75.00    0.00   22.00    0.00    0.00    1.00    0.00    0.00    0.00    2.00
03:48:01 PM   10   88.00    0.00   11.00    0.00    0.00    1.00    0.00    0.00    0.00    0.00
03:48:01 PM   11   90.91    0.00    7.07    0.00    0.00    1.01    0.00    0.00    0.00    1.01
03:48:01 PM   12   81.63    0.00   15.31    0.00    0.00    1.02    0.00    0.00    0.00    2.04
03:48:01 PM   13   87.00    0.00   10.00    0.00    0.00    1.00    0.00    0.00    0.00    2.00
03:48:01 PM   14   74.51    0.00   20.59    0.98    0.00    1.96    0.00    0.00    0.00    1.96
03:48:01 PM   15   93.14    0.00    4.90    0.00    0.00    0.98    0.00    0.00    0.00    0.98
03:48:01 PM   16   81.19    0.00   14.85    0.00    0.00    2.97    0.00    0.00    0.00    0.99
03:48:01 PM   17   86.00    0.00   12.00    0.00    0.00    2.00    0.00    0.00    0.00    0.00
03:48:01 PM   18   92.00    0.00    7.00    0.00    0.00    1.00    0.00    0.00    0.00    0.00
03:48:01 PM   19   77.00    0.00   20.00    0.00    0.00    2.00    0.00    0.00    0.00    1.00
03:48:01 PM   20   77.23    0.00   19.80    0.00    0.00    1.98    0.00    0.00    0.00    0.99
03:48:01 PM   21   84.16    0.00   12.87    0.00    0.00    1.98    0.00    0.00    0.00    0.99
03:48:01 PM   22   93.00    0.00    7.00    0.00    0.00    0.00    0.00    0.00    0.00    0.00
03:48:01 PM   23   88.00    0.00    9.00    0.00    0.00    2.00    0.00    0.00    0.00    1.00
03:48:01 PM   24   88.12    0.00    8.91    0.00    0.00    1.98    0.00    0.00    0.00    0.99
03:48:01 PM   25   85.15    0.00   12.87    0.00    0.00    0.99    0.00    0.00    0.00    0.99
03:48:01 PM   26   82.83    0.00   14.14    0.00    0.00    1.01    0.00    0.00    0.00    2.02
03:48:01 PM   27   81.00    0.00   17.00    0.00    0.00    2.00    0.00    0.00    0.00    0.00
03:48:01 PM   28   96.00    0.00    4.00    0.00    0.00    0.00    0.00    0.00    0.00    0.00
03:48:01 PM   29   87.88    0.00    9.09    0.00    0.00    1.01    0.00    0.00    0.00    2.02
03:48:01 PM   30   97.03    0.00    2.97    0.00    0.00    0.00    0.00    0.00    0.00    0.00
03:48:01 PM   31   87.13    0.00    9.90    0.00    0.00    1.98    0.00    0.00    0.00    0.99
03:48:01 PM   32   93.94    0.00    4.04    0.00    0.00    1.01    0.00    0.00    0.00    1.01
03:48:01 PM   33   91.09    0.00    6.93    0.00    0.00    0.99    0.00    0.00    0.00    0.99
03:48:01 PM   34   82.00    0.00   15.00    0.00    0.00    1.00    0.00    0.00    0.00    2.00
03:48:01 PM   35   78.00    0.00   19.00    0.00    0.00    2.00    0.00    0.00    0.00    1.00
03:48:01 PM   36   82.00    0.00   16.00    0.00    0.00    2.00    0.00    0.00    0.00    0.00
03:48:01 PM   37   83.67    0.00   15.31    0.00    0.00    1.02    0.00    0.00    0.00    0.00
03:48:01 PM   38   94.95    0.00    5.05    0.00    0.00    0.00    0.00    0.00    0.00    0.00
03:48:01 PM   39   73.47    0.00   22.45    0.00    0.00    3.06    0.00    0.00    0.00    1.02
03:48:01 PM   40   84.85    0.00   14.14    0.00    0.00    1.01    0.00    0.00    0.00    0.00
03:48:01 PM   41   84.85    0.00   13.13    0.00    0.00    0.00    0.00    0.00    0.00    2.02
03:48:01 PM   42   82.35    0.00   11.76    0.98    0.00    1.96    0.00    0.00    0.00    2.94
03:48:01 PM   43   82.83    0.00   15.15    0.00    0.00    1.01    0.00    0.00    0.00    1.01
03:48:01 PM   44   87.00    0.00   10.00    0.00    0.00    1.00    0.00    0.00    0.00    2.00
03:48:01 PM   45   74.00    0.00   21.00    0.00    0.00    4.00    0.00    0.00    0.00    1.00
03:48:01 PM   46   73.00    0.00   22.00    0.00    0.00    3.00    0.00    0.00    0.00    2.00
03:48:01 PM   47   86.14    0.00   10.89    0.99    0.00    0.99    0.00    0.00    0.00    0.99
03:48:01 PM   48   84.85    0.00   13.13    0.00    0.00    1.01    0.00    0.00    0.00    1.01
03:48:01 PM   49   73.00    0.00   24.00    0.00    0.00    2.00    0.00    0.00    0.00    1.00
03:48:01 PM   50   86.14    0.00   10.89    0.00    0.00    1.98    0.00    0.00    0.00    0.99
03:48:01 PM   51   85.15    0.00   12.87    0.00    0.00    0.99    0.00    0.00    0.00    0.99
03:48:01 PM   52   81.19    0.00   14.85    0.00    0.00    1.98    0.00    0.00    0.00    1.98
03:48:01 PM   53   89.00    0.00    8.00    0.00    0.00    2.00    0.00    0.00    0.00    1.00
03:48:01 PM   54   76.00    0.00   21.00    0.00    0.00    1.00    0.00    0.00    0.00    2.00
03:48:01 PM   55   84.16    0.00   13.86    0.00    0.00    0.99    0.00    0.00    0.00    0.99
03:48:01 PM   56   80.20    0.00   16.83    0.00    0.00    1.98    0.00    0.00    0.00    0.99
03:48:01 PM   57   87.88    0.00    9.09    0.00    0.00    2.02    0.00    0.00    0.00    1.01
03:48:01 PM   58   88.00    0.00   10.00    0.00    0.00    1.00    0.00    0.00    0.00    1.00
03:48:01 PM   59   79.80    0.00   17.17    0.00    0.00    1.01    0.00    0.00    0.00    2.02
03:48:01 PM   60   91.00    0.00    7.00    0.00    0.00    1.00    0.00    0.00    0.00    1.00
03:48:01 PM   61   91.92    0.00    7.07    0.00    0.00    1.01    0.00    0.00    0.00    0.00
03:48:01 PM   62   85.86    0.00   12.12    0.00    0.00    2.02    0.00    0.00    0.00    0.00
03:48:01 PM   63   90.00    0.00    9.00    0.00    0.00    0.00    0.00    0.00    0.00    1.00
03:48:01 PM   64   81.00    0.00   17.00    0.00    0.00    2.00    0.00    0.00    0.00    0.00
03:48:01 PM   65   71.00    0.00   25.00    0.00    0.00    3.00    0.00    0.00    0.00    1.00
03:48:01 PM   66   91.00    0.00    8.00    0.00    0.00    1.00    0.00    0.00    0.00    0.00
03:48:01 PM   67   91.18    0.00    6.86    0.00    0.00    0.98    0.00    0.00    0.00    0.98
03:48:01 PM   68   87.88    0.00   11.11    0.00    0.00    1.01    0.00    0.00    0.00    0.00
03:48:01 PM   69   91.00    0.00    8.00    0.00    0.00    1.00    0.00    0.00    0.00    0.00
03:48:01 PM   70   96.00    0.00    3.00    0.00    0.00    1.00    0.00    0.00    0.00    0.00
03:48:01 PM   71   91.09    0.00    5.94    0.00    0.00    1.98    0.00    0.00    0.00    0.99
03:48:01 PM   72   89.00    0.00   10.00    0.00    0.00    1.00    0.00    0.00    0.00    0.00
03:48:01 PM   73   95.00    0.00    4.00    0.00    0.00    0.00    0.00    0.00    0.00    1.00
03:48:01 PM   74   96.00    0.00    4.00    0.00    0.00    0.00    0.00    0.00    0.00    0.00
03:48:01 PM   75   77.78    0.00   18.18    0.00    0.00    2.02    0.00    0.00    0.00    2.02
03:48:01 PM   76   85.00    0.00   11.00    0.00    0.00    2.00    0.00    0.00    0.00    2.00
03:48:01 PM   77   74.00    0.00   22.00    0.00    0.00    2.00    0.00    0.00    0.00    2.00
03:48:01 PM   78   82.00    0.00   16.00    0.00    0.00    1.00    0.00    0.00    0.00    1.00
03:48:01 PM   79   95.96    0.00    4.04    0.00    0.00    0.00    0.00    0.00    0.00    0.00

03:48:01 PM  CPU    %usr   %nice    %sys %iowait    %irq   %soft  %steal  %guest  %gnice   %idle
03:48:02 PM  all   75.99    0.00   20.56    0.14    0.00    1.75    0.00    0.00    0.00    1.56
03:48:02 PM    0   69.70    0.00   26.26    0.00    0.00    3.03    0.00    0.00    0.00    1.01
03:48:02 PM    1   75.00    0.00   21.00    1.00    0.00    1.00    0.00    0.00    0.00    2.00
03:48:02 PM    2   69.00    0.00   27.00    0.00    0.00    2.00    0.00    0.00    0.00    2.00
03:48:02 PM    3   66.00    0.00   29.00    1.00    0.00    3.00    0.00    0.00    0.00    1.00
03:48:02 PM    4   68.00    0.00   27.00    1.00    0.00    2.00    0.00    0.00    0.00    2.00
03:48:02 PM    5   78.57    0.00   18.37    1.02    0.00    1.02    0.00    0.00    0.00    1.02
03:48:02 PM    6   74.75    0.00   21.21    1.01    0.00    1.01    0.00    0.00    0.00    2.02
03:48:02 PM    7   75.76    0.00   21.21    0.00    0.00    2.02    0.00    0.00    0.00    1.01
03:48:02 PM    8   65.66    0.00   28.28    0.00    0.00    3.03    0.00    0.00    0.00    3.03
03:48:02 PM    9   71.72    0.00   23.23    1.01    0.00    2.02    0.00    0.00    0.00    2.02
03:48:02 PM   10   77.78    0.00   19.19    0.00    0.00    1.01    0.00    0.00    0.00    2.02
03:48:02 PM   11   72.73    0.00   22.22    0.00    0.00    3.03    0.00    0.00    0.00    2.02
03:48:02 PM   12   67.35    0.00   28.57    0.00    0.00    2.04    0.00    0.00    0.00    2.04
03:48:02 PM   13   61.62    0.00   34.34    0.00    0.00    2.02    0.00    0.00    0.00    2.02
03:48:02 PM   14   75.76    0.00   21.21    0.00    0.00    2.02    0.00    0.00    0.00    1.01
03:48:02 PM   15   69.79    0.00   26.04    0.00    0.00    2.08    0.00    0.00    0.00    2.08
03:48:02 PM   16   88.89    0.00   10.10    0.00    0.00    0.00    0.00    0.00    0.00    1.01
03:48:02 PM   17   64.65    0.00   31.31    0.00    0.00    2.02    0.00    0.00    0.00    2.02
03:48:02 PM   18   77.78    0.00   19.19    0.00    0.00    1.01    0.00    0.00    0.00    2.02
03:48:02 PM   19   65.66    0.00   28.28    1.01    0.00    3.03    0.00    0.00    0.00    2.02
03:48:02 PM   20   90.91    0.00    8.08    0.00    0.00    0.00    0.00    0.00    0.00    1.01
03:48:02 PM   21   89.90    0.00    8.08    0.00    0.00    1.01    0.00    0.00    0.00    1.01
03:48:02 PM   22   81.00    0.00   14.00    0.00    0.00    2.00    0.00    0.00    0.00    3.00
03:48:02 PM   23   82.00    0.00   15.00    0.00    0.00    2.00    0.00    0.00    0.00    1.00
03:48:02 PM   24   76.77    0.00   19.19    0.00    0.00    2.02    0.00    0.00    0.00    2.02
03:48:02 PM   25   82.65    0.00   15.31    0.00    0.00    1.02    0.00    0.00    0.00    1.02
03:48:02 PM   26   84.00    0.00   14.00    0.00    0.00    2.00    0.00    0.00    0.00    0.00
03:48:02 PM   27   85.86    0.00   12.12    0.00    0.00    1.01    0.00    0.00    0.00    1.01
03:48:02 PM   28   81.00    0.00   16.00    0.00    0.00    1.00    0.00    0.00    0.00    2.00
03:48:02 PM   29   74.00    0.00   22.00    0.00    0.00    2.00    0.00    0.00    0.00    2.00
03:48:02 PM   30   77.78    0.00   18.18    0.00    0.00    2.02    0.00    0.00    0.00    2.02
03:48:02 PM   31   94.00    0.00    5.00    0.00    0.00    0.00    0.00    0.00    0.00    1.00
03:48:02 PM   32   75.00    0.00   20.00    0.00    0.00    3.00    0.00    0.00    0.00    2.00
03:48:02 PM   33   75.51    0.00   20.41    0.00    0.00    3.06    0.00    0.00    0.00    1.02
03:48:02 PM   34   91.92    0.00    8.08    0.00    0.00    0.00    0.00    0.00    0.00    0.00
03:48:02 PM   35   67.35    0.00   27.55    0.00    0.00    3.06    0.00    0.00    0.00    2.04
03:48:02 PM   36   90.10    0.00    7.92    0.00    0.00    0.99    0.00    0.00    0.00    0.99
03:48:02 PM   37   74.00    0.00   22.00    0.00    0.00    2.00    0.00    0.00    0.00    2.00
03:48:02 PM   38   78.79    0.00   19.19    0.00    0.00    1.01    0.00    0.00    0.00    1.01
03:48:02 PM   39   72.55    0.00   23.53    0.00    0.00    1.96    0.00    0.00    0.00    1.96
03:48:02 PM   40   76.00    0.00   20.00    0.00    0.00    2.00    0.00    0.00    0.00    2.00
03:48:02 PM   41   61.62    0.00   33.33    0.00    0.00    3.03    0.00    0.00    0.00    2.02
03:48:02 PM   42   73.20    0.00   24.74    0.00    0.00    1.03    0.00    0.00    0.00    1.03
03:48:02 PM   43   63.64    0.00   31.31    0.00    0.00    2.02    0.00    0.00    0.00    3.03
03:48:02 PM   44   74.75    0.00   21.21    0.00    0.00    2.02    0.00    0.00    0.00    2.02
03:48:02 PM   45   79.80    0.00   18.18    0.00    0.00    0.00    0.00    0.00    0.00    2.02
03:48:02 PM   46   65.35    0.00   29.70    0.99    0.00    2.97    0.00    0.00    0.00    0.99
03:48:02 PM   47   72.73    0.00   22.22    0.00    0.00    3.03    0.00    0.00    0.00    2.02
03:48:02 PM   48   80.00    0.00   17.00    0.00    0.00    2.00    0.00    0.00    0.00    1.00
03:48:02 PM   49   83.17    0.00   13.86    0.99    0.00    0.99    0.00    0.00    0.00    0.99
03:48:02 PM   50   63.00    0.00   31.00    1.00    0.00    3.00    0.00    0.00    0.00    2.00
03:48:02 PM   51   68.75    0.00   28.12    0.00    0.00    1.04    0.00    0.00    0.00    2.08
03:48:02 PM   52   65.31    0.00   30.61    0.00    0.00    2.04    0.00    0.00    0.00    2.04
03:48:02 PM   53   66.67    0.00   29.29    0.00    0.00    2.02    0.00    0.00    0.00    2.02
03:48:02 PM   54   65.66    0.00   28.28    1.01    0.00    4.04    0.00    0.00    0.00    1.01
03:48:02 PM   55   67.35    0.00   28.57    0.00    0.00    2.04    0.00    0.00    0.00    2.04
03:48:02 PM   56   79.00    0.00   19.00    0.00    0.00    1.00    0.00    0.00    0.00    1.00
03:48:02 PM   57   74.00    0.00   24.00    0.00    0.00    1.00    0.00    0.00    0.00    1.00
03:48:02 PM   58   66.67    0.00   29.29    0.00    0.00    2.02    0.00    0.00    0.00    2.02
03:48:02 PM   59   72.00    0.00   24.00    0.00    0.00    2.00    0.00    0.00    0.00    2.00
03:48:02 PM   60   98.00    0.00    2.00    0.00    0.00    0.00    0.00    0.00    0.00    0.00
03:48:02 PM   61   78.00    0.00   18.00    0.00    0.00    2.00    0.00    0.00    0.00    2.00
03:48:02 PM   62   75.00    0.00   22.00    0.00    0.00    1.00    0.00    0.00    0.00    2.00
03:48:02 PM   63   70.71    0.00   25.25    0.00    0.00    2.02    0.00    0.00    0.00    2.02
03:48:02 PM   64   81.00    0.00   16.00    0.00    0.00    1.00    0.00    0.00    0.00    2.00
03:48:02 PM   65   77.78    0.00   19.19    0.00    0.00    1.01    0.00    0.00    0.00    2.02
03:48:02 PM   66   79.21    0.00   17.82    0.00    0.00    1.98    0.00    0.00    0.00    0.99
03:48:02 PM   67   76.77    0.00   20.20    0.00    0.00    2.02    0.00    0.00    0.00    1.01
03:48:02 PM   68   80.20    0.00   16.83    0.00    0.00    1.98    0.00    0.00    0.00    0.99
03:48:02 PM   69   82.83    0.00   15.15    0.00    0.00    1.01    0.00    0.00    0.00    1.01
03:48:02 PM   70   61.22    0.00   33.67    0.00    0.00    3.06    0.00    0.00    0.00    2.04
03:48:02 PM   71   98.00    0.00    2.00    0.00    0.00    0.00    0.00    0.00    0.00    0.00
03:48:02 PM   72   70.71    0.00   24.24    0.00    0.00    4.04    0.00    0.00    0.00    1.01
03:48:02 PM   73   85.86    0.00   12.12    0.00    0.00    1.01    0.00    0.00    0.00    1.01
03:48:02 PM   74   92.93    0.00    7.07    0.00    0.00    0.00    0.00    0.00    0.00    0.00
03:48:02 PM   75   78.22    0.00   18.81    0.00    0.00    1.98    0.00    0.00    0.00    0.99
03:48:02 PM   76   80.81    0.00   17.17    0.00    0.00    1.01    0.00    0.00    0.00    1.01
03:48:02 PM   77   90.10    0.00    6.93    0.00    0.00    0.99    0.00    0.00    0.00    1.98
03:48:02 PM   78   64.00    0.00   30.00    0.00    0.00    4.00    0.00    0.00    0.00    2.00
03:48:02 PM   79   76.24    0.00   19.80    0.00    0.00    0.99    0.00    0.00    0.00    2.97

03:48:02 PM  CPU    %usr   %nice    %sys %iowait    %irq   %soft  %steal  %guest  %gnice   %idle
03:48:03 PM  all   13.22    0.00   10.60    1.77    0.00    0.44    0.00    0.00    0.00   73.96
03:48:03 PM    0    6.06    0.00   14.14    0.00    0.00    1.01    0.00    0.00    0.00   78.79
03:48:03 PM    1    8.25    0.00   13.40   12.37    0.00    1.03    0.00    0.00    0.00   64.95
03:48:03 PM    2    7.22    0.00   13.40    1.03    0.00    0.00    0.00    0.00    0.00   78.35
03:48:03 PM    3    9.28    0.00   14.43    0.00    0.00    0.00    0.00    0.00    0.00   76.29
03:48:03 PM    4   24.24    0.00   13.13    0.00    0.00    1.01    0.00    0.00    0.00   61.62
03:48:03 PM    5    6.00    0.00   14.00    0.00    0.00    1.00    0.00    0.00    0.00   79.00
03:48:03 PM    6   15.46    0.00   16.49   29.90    0.00    0.00    0.00    0.00    0.00   38.14
03:48:03 PM    7    9.18    0.00   10.20    0.00    0.00    1.02    0.00    0.00    0.00   79.59
03:48:03 PM    8    5.21    0.00   14.58    1.04    0.00    0.00    0.00    0.00    0.00   79.17
03:48:03 PM    9   12.24    0.00   15.31    1.02    0.00    1.02    0.00    0.00    0.00   70.41
03:48:03 PM   10    8.00    0.00   15.00    1.00    0.00    1.00    0.00    0.00    0.00   75.00
03:48:03 PM   11    8.25    0.00   10.31    0.00    0.00    0.00    0.00    0.00    0.00   81.44
03:48:03 PM   12   10.00    0.00   11.00    0.00    0.00    1.00    0.00    0.00    0.00   78.00
03:48:03 PM   13    9.18    0.00   10.20    1.02    0.00    0.00    0.00    0.00    0.00   79.59
03:48:03 PM   14    9.28    0.00   11.34    1.03    0.00    0.00    0.00    0.00    0.00   78.35
03:48:03 PM   15    9.00    0.00   15.00    1.00    0.00    0.00    0.00    0.00    0.00   75.00
03:48:03 PM   16   28.28    0.00    5.05    0.00    0.00    0.00    0.00    0.00    0.00   66.67
03:48:03 PM   17    6.06    0.00   15.15    0.00    0.00    0.00    0.00    0.00    0.00   78.79
03:48:03 PM   18    6.12    0.00   13.27    0.00    0.00    0.00    0.00    0.00    0.00   80.61
03:48:03 PM   19   23.23    0.00   14.14    0.00    0.00    1.01    0.00    0.00    0.00   61.62
03:48:03 PM   20   26.73    0.00    1.98    0.00    0.00    0.99    0.00    0.00    0.00   70.30
03:48:03 PM   21   11.11    0.00    9.09    0.00    0.00    0.00    0.00    0.00    0.00   79.80
03:48:03 PM   22   13.27    0.00    6.12    0.00    0.00    0.00    0.00    0.00    0.00   80.61
03:48:03 PM   23   16.00    0.00    6.00    1.00    0.00    0.00    0.00    0.00    0.00   77.00
03:48:03 PM   24   15.31    0.00    6.12    0.00    0.00    0.00    0.00    0.00    0.00   78.57
03:48:03 PM   25   16.16    0.00    6.06    0.00    0.00    0.00    0.00    0.00    0.00   77.78
03:48:03 PM   26    9.09    0.00   12.12    0.00    0.00    0.00    0.00    0.00    0.00   78.79
03:48:03 PM   27    9.00    0.00   12.00    0.00    0.00    1.00    0.00    0.00    0.00   78.00
03:48:03 PM   28    6.06    0.00   13.13    0.00    0.00    1.01    0.00    0.00    0.00   79.80
03:48:03 PM   29   17.17    0.00    4.04    0.00    0.00    0.00    0.00    0.00    0.00   78.79
03:48:03 PM   30   32.00    0.00    2.00    0.00    0.00    0.00    0.00    0.00    0.00   66.00
03:48:03 PM   31   15.31    0.00    4.08    0.00    0.00    1.02    0.00    0.00    0.00   79.59
03:48:03 PM   32   21.21    0.00    3.03    0.00    0.00    0.00    0.00    0.00    0.00   75.76
03:48:03 PM   33   18.00    0.00    5.00    0.00    0.00    0.00    0.00    0.00    0.00   77.00
03:48:03 PM   34    7.92    0.00   12.87    0.00    0.00    0.99    0.00    0.00    0.00   78.22
03:48:03 PM   35   39.00    0.00    4.00    0.00    0.00    0.00    0.00    0.00    0.00   57.00
03:48:03 PM   36   14.14    0.00    7.07    0.00    0.00    0.00    0.00    0.00    0.00   78.79
03:48:03 PM   37    9.09    0.00   13.13    0.00    0.00    1.01    0.00    0.00    0.00   76.77
03:48:03 PM   38   13.00    0.00    8.00    0.00    0.00    1.00    0.00    0.00    0.00   78.00
03:48:03 PM   39   11.11    0.00    8.08    0.00    0.00    1.01    0.00    0.00    0.00   79.80
03:48:03 PM   40    9.28    0.00   12.37    0.00    0.00    1.03    0.00    0.00    0.00   77.32
03:48:03 PM   41    6.12    0.00   14.29    1.02    0.00    0.00    0.00    0.00    0.00   78.57
03:48:03 PM   42    7.07    0.00   14.14    0.00    0.00    1.01    0.00    0.00    0.00   77.78
03:48:03 PM   43    4.00    0.00   15.00    1.00    0.00    1.00    0.00    0.00    0.00   79.00
03:48:03 PM   44    7.07    0.00   14.14    1.01    0.00    0.00    0.00    0.00    0.00   77.78
03:48:03 PM   45   13.54    0.00   18.75   33.33    0.00    1.04    0.00    0.00    0.00   33.33
03:48:03 PM   46    6.12    0.00   14.29    0.00    0.00    0.00    0.00    0.00    0.00   79.59
03:48:03 PM   47   10.20    0.00   11.22    0.00    0.00    0.00    0.00    0.00    0.00   78.57
03:48:03 PM   48    7.07    0.00   12.12    0.00    0.00    0.00    0.00    0.00    0.00   80.81
03:48:03 PM   49   10.20    0.00   11.22    0.00    0.00    0.00    0.00    0.00    0.00   78.57
03:48:03 PM   50    8.25    0.00   15.46    0.00    0.00    0.00    0.00    0.00    0.00   76.29
03:48:03 PM   51    6.00    0.00   13.00    1.00    0.00    1.00    0.00    0.00    0.00   79.00
03:48:03 PM   52   10.00    0.00   11.00    2.00    0.00    1.00    0.00    0.00    0.00   76.00
03:48:03 PM   53   10.20    0.00   13.27   12.24    0.00    1.02    0.00    0.00    0.00   63.27
03:48:03 PM   54   28.57    0.00   11.22    0.00    0.00    0.00    0.00    0.00    0.00   60.20
03:48:03 PM   55    9.28    0.00   15.46    1.03    0.00    0.00    0.00    0.00    0.00   74.23
03:48:03 PM   56    8.16    0.00   11.22    0.00    0.00    1.02    0.00    0.00    0.00   79.59
03:48:03 PM   57    6.06    0.00   14.14    1.01    0.00    0.00    0.00    0.00    0.00   78.79
03:48:03 PM   58    5.10    0.00   16.33    8.16    0.00    1.02    0.00    0.00    0.00   69.39
03:48:03 PM   59    6.12    0.00   15.31    4.08    0.00    0.00    0.00    0.00    0.00   74.49
03:48:03 PM   60   16.33    0.00    5.10    0.00    0.00    0.00    0.00    0.00    0.00   78.57
03:48:03 PM   61    9.09    0.00   11.11    0.00    0.00    1.01    0.00    0.00    0.00   78.79
03:48:03 PM   62   47.47    0.00    3.03    0.00    0.00    0.00    0.00    0.00    0.00   49.49
03:48:03 PM   63    7.00    0.00   15.00    0.00    0.00    1.00    0.00    0.00    0.00   77.00
03:48:03 PM   64    9.18    0.00    9.18    0.00    0.00    0.00    0.00    0.00    0.00   81.63
03:48:03 PM   65   14.14    0.00    7.07    0.00    0.00    0.00    0.00    0.00    0.00   78.79
03:48:03 PM   66   10.31    0.00   14.43    0.00    0.00    1.03    0.00    0.00    0.00   74.23
03:48:03 PM   67   11.11    0.00   10.10    0.00    0.00    0.00    0.00    0.00    0.00   78.79
03:48:03 PM   68   35.00    0.00    8.00    0.00    0.00    1.00    0.00    0.00    0.00   56.00
03:48:03 PM   69   17.17    0.00    5.05    0.00    0.00    1.01    0.00    0.00    0.00   76.77
03:48:03 PM   70   34.34    0.00    8.08    0.00    0.00    0.00    0.00    0.00    0.00   57.58
03:48:03 PM   71   11.22    0.00    9.18    0.00    0.00    0.00    0.00    0.00    0.00   79.59
03:48:03 PM   72   12.87    0.00    7.92    0.00    0.00    0.99    0.00    0.00    0.00   78.22
03:48:03 PM   73   19.80    0.00    3.96    0.00    0.00    0.00    0.00    0.00    0.00   76.24
03:48:03 PM   74   13.00    0.00    8.00    0.00    0.00    1.00    0.00    0.00    0.00   78.00
03:48:03 PM   75   26.80    0.00    6.19   27.84    0.00    0.00    0.00    0.00    0.00   39.18
03:48:03 PM   76   15.00    0.00    5.00    0.00    0.00    0.00    0.00    0.00    0.00   80.00
03:48:03 PM   77   12.12    0.00   10.10    0.00    0.00    0.00    0.00    0.00    0.00   77.78
03:48:03 PM   78    5.15    0.00   13.40    0.00    0.00    1.03    0.00    0.00    0.00   80.41
03:48:03 PM   79    9.00    0.00   12.00    0.00    0.00    1.00    0.00    0.00    0.00   78.00
