procs -----------memory---------- ---swap-- -----io---- -system-- -------cpu-------
 r  b   swpd   free   buff  cache   si   so    bi    bo   in   cs us sy id wa st gu
 6  0 112704 94436684 1911556 23713816    0    1 29160 27449 12516    5  3  1 96  1  0  0
 1  0 112704 94463756 1911588 23713892    0    0   268 409376 101138 87020  2  1 97  1  0  0
 3  0 112704 94483688 1911588 23714208    0    0     0 400360 100791 83708  2  1 97  1  0  0
 2  0 112704 94509208 1911588 23714224    0    0     0 392128 100234 87369  2  1 97  1  0  0
 1  0 112704 94526700 1911588 23714232    0    0     0 385708 99632 86293  2  1 97  1  0  0
 2  0 112704 94535668 1911592 23714260    0    0     0 380168 99215 86201  2  1 97  1  0  0
 2  0 112704 94531336 1911592 23714284    0    0     0 359060 98886 83650  2  1 97  0  0  0
 2  0 112704 94530800 1911592 23714292    0    0     0 354828 98895 80310  2  1 97  1  0  0
 1  0 112704 94537624 1911592 23714316    0    0     0 351148 98559 78268  2  1 97  1  0  0
 1  0 112704 94541316 1911596 23714328    0    0     0 346944 98593 79216  2  1 97  1  0  0
 3  0 112704 94535080 1911596 23714360    0    0     0 341028 98266 78889  2  1 97  1  0  0
 1  0 112704 94534504 1911596 23714384    0    0     0 337032 97927 81178  2  1 97  0  0  0
 1  0 112704 94537088 1911596 23714392    0    0     0 333000 97656 79172  2  1 97  0  0  0
 1  0 112704 94544940 1911596 23714416    0    0     0 329952 96823 80213  2  1 97  0  0  0
 2  0 112704 94543252 1911600 23714436    0    0     0 327192 97509 78417  2  1 97  0  0  0
 3  0 112704 94558344 1911604 23714444    0    0     0 322380 96990 78656  1  1 98  0  0  0
 1  0 112704 94557620 1911604 23714472    0    0     0 317036 97134 77142  1  1 97  1  0  0
 1  0 112704 94556584 1911604 23714488    0    0     0 312188 96562 74108  2  1 97  1  0  0
 1  0 112704 94557008 1911604 23714504    0    0     0 308824 97125 73954  2  1 97  1  0  0
 2  0 112704 94557580 1911604 23714520    0    0     0 306740 96322 78442  2  1 97  0  0  0
 1  0 112704 94554044 1911604 23714536    0    0     0 305132 96901 77980  2  1 97  0  0  0
procs -----------memory---------- ---swap-- -----io---- -system-- -------cpu-------
 r  b   swpd   free   buff  cache   si   so    bi    bo   in   cs us sy id wa st gu
 1  0 112704 94557836 1911604 23714564    0    0     0 302472 96574 76869  2  1 97  0  0  0
 1  0 112704 94556000 1911612 23714576    0    0     0 301484 96190 77732  2  1 97  0  0  0
 1  0 112704 94554780 1911612 23714588    0    0     0 299004 96687 75202  2  1 97  0  0  0
 1  0 112704 94550464 1911624 23714604    0    0     0 296784 96167 75711  2  1 97  0  0  0
 1  0 112704 94548980 1911624 23714636    0    0     0 293956 96120 73768  2  1 97  0  0  0
 1  0 112704 94549388 1911624 23714656    0    0     0 291188 96092 74909  2  1 97  0  0  0
 1  0 112704 94548888 1911624 23714676    0    0     0 288204 95975 73556  2  1 97  0  0  0
 1  0 112704 94550732 1911624 23714688    0    0     0 284992 95819 73867  2  1 97  0  0  0
 1  0 112704 94539468 1911632 23714704    0    0     0 283108 95045 74981  2  1 98  0  0  0
 4  0 112704 94534692 1911632 23714736    0    0     0 279772 95453 70338  1  1 97  1  0  0
 1  0 112704 94539804 1911632 23714744    0    0     0 278292 95615 72684  1  1 97  1  0  0
 1  0 112704 94544028 1911632 23714768    0    0     0 276704 95087 74190  2  1 98  0  0  0
 1  0 112704 94539580 1911632 23714788    0    0     0 276712 94964 73680  2  1 97  0  0  0
 1  0 112704 94536108 1911636 23714800    0    0     0 275456 95452 74818  2  1 97  0  0  0
 1  0 112704 94530360 1911640 23714820    0    0     0 275104 95569 71754  2  1 97  1  0  0
 3  0 112704 94526352 1911640 23714844    0    0     0 193556 92424 65164  1  1 98  0  0  0
 1  0 112704 94524512 1911640 23714920    0    0     0 193748 92331 63433  2  0 98  0  0  0
 1  0 112704 94521324 1911648 23714948    0    0     0 192628 92321 64816  1  1 98  0  0  0
 1  0 112704 94513172 1911648 23714956    0    0     0 191432 91946 65242  2  0 98  0  0  0
 1  0 112704 94519572 1911648 23714984    0    0     0 192912 91960 65871  2  1 98  0  0  0
 2  0 112704 94527556 1911648 23715012    0    0     0 193636 91946 65694  2  0 98  0  0  0
procs -----------memory---------- ---swap-- -----io---- -system-- -------cpu-------
 r  b   swpd   free   buff  cache   si   so    bi    bo   in   cs us sy id wa st gu
 2  0 112704 94516832 1911648 23715024    0    0     0 192448 91852 66306  1  0 98  0  0  0
 1  0 112704 94512444 1911648 23715048    0    0     0 189508 91686 66476  1  1 98  0  0  0
 1  0 112704 94528404 1911652 23715064    0    0     0 189228 92136 66360  1  1 98  0  0  0
 2  0 112704 94524816 1911656 23715076    0    0     0 186696 91604 65351  1  1 98  0  0  0
 3  0 112704 94531276 1911656 23715108    0    0     0 186676 91578 64984  1  1 98  0  0  0
 1  0 112704 94541716 1911656 23715132    0    0     0 184864 91609 65146  1  0 98  0  0  0
 1  0 112704 94538140 1911656 23715148    0    0     0 184276 91375 65806  2  0 98  0  0  0
 2  0 112704 94535696 1911656 23715164    0    0     0 183284 91824 64232  1  1 98  0  0  0
 1  0 112704 94536316 1911660 23715172    0    0     0 183528 91800 63605  1  0 98  0  0  0
 1  0 112704 94532160 1911660 23715200    0    0     0 184248 91679 64347  1  1 98  0  0  0
 1  0 112704 94524756 1911660 23715220    0    0     0 182044 91690 64336  1  0 98  0  0  0
 1  0 112704 94518376 1911660 23715228    0    0     0 181888 91433 64723  1  0 98  0  0  0
 1  0 112704 94524176 1911664 23715252    0    0     0 182096 91857 65616  1  1 98  0  0  0
 1  0 112704 94528360 1911664 23715276    0    0     0 180912 91675 61386  1  1 98  0  0  0
 1  0 112704 94519340 1911664 23715292    0    0     0 180084 91847 63583  1  1 98  0  0  0
 1  0 112704 94525920 1911664 23715312    0    0     0 179132 91341 63584  2  0 98  0  0  0
 1  0 112704 94529108 1911664 23715336    0    0     0 180944 91780 63211  1  1 98  0  0  0
 1  0 112704 94530000 1911664 23715352    0    0     0 180292 91724 64378  2  0 98  0  0  0
 1  0 112704 94533680 1911664 23715368    0    0     0 180732 91629 64387  1  0 98  0  0  0
 2  0 112704 94530436 1911664 23715376    0    0     0 175852 91268 63864  1  0 98  0  0  0
 4  0 112704 94535740 1911664 23715404    0    0     0 175864 90996 64573  1  0 98  0  0  0
procs -----------memory---------- ---swap-- -----io---- -system-- -------cpu-------
 r  b   swpd   free   buff  cache   si   so    bi    bo   in   cs us sy id wa st gu
 1  0 112704 94539844 1911664 23715424    0    0     0 177180 91202 63440  1  0 98  0  0  0
 1  0 112704 94548192 1911664 23715444    0    0     0 176648 91236 64557  1  1 98  0  0  0
 1  0 112704 94547100 1911664 23715460    0    0     0 179000 90982 64434  1  0 98  0  0  0
 1  0 112704 94545440 1911664 23715484    0    0     0 118488 88829 58073  1  0 98  0  0  0
 1  0 112704 94535872 1911664 23715500    0    0     0 117920 88487 57890  1  0 98  0  0  0
 1  0 112704 94529888 1911664 23715524    0    0     0 117980 88831 58195  1  0 98  0  0  0
 1  0 112704 94531948 1911664 23715544    0    0     0 116708 88541 57093  1  1 98  0  0  0
 1  0 112704 94532160 1911664 23715560    0    0     0 118276 88505 57484  1  0 98  0  0  0
 1  0 112704 94524048 1911664 23715576    0    0     0 123240 88888 57377  1  0 98  0  0  0
 1  0 112704 94511996 1911664 23715592    0    0     0 163836 90603 60797  1  0 98  0  0  0
 1  0 112704 94512252 1911664 23715616    0    0     0 236544 93416 69394  1  1 98  0  0  0
 1  0 112704 94511004 1911664 23715636    0    0     0 249768 93665 70169  1  1 98  0  0  0
 1  0 112704 94510716 1911672 23715644    0    0     0 259976 94463 72573  2  1 98  0  0  0
 1  0 112704 94506944 1911672 23715676    0    0     0 269116 94894 70012  1  1 97  1  0  0
 4  0 112704 94517392 1911672 23715692    0    0     0 275484 95340 70977  1  1 97  1  0  0
 1  0 112704 94519848 1911672 23715716    0    0     0 281168 95707 73277  1  1 98  1  0  0
 1  0 112704 94528052 1911676 23715728    0    0     0 288720 95271 76358  2  1 97  0  0  0
 1  0 112704 94539496 1911676 23715760    0    0     0 291184 95563 76392  1  1 97  0  0  0
 1  0 112704 94540588 1911676 23715768    0    0     0 293492 96106 74770  1  1 97  1  0  0
 1  0 112704 94532380 1911676 23715788    0    0     0 301172 96807 73236  2  1 97  1  0  0
 1  0 112704 94530472 1911676 23715812    0    0     0 303324 97156 73168  2  1 97  1  0  0
procs -----------memory---------- ---swap-- -----io---- -system-- -------cpu-------
 r  b   swpd   free   buff  cache   si   so    bi    bo   in   cs us sy id wa st gu
 1  1 112704 94528184 1911680 23715824    0    0     0 310068 97468 76858  2  1 97  1  0  0
 2  0 112704 94536120 1911680 23715848    0    0     0 291312 96167 76511  2  1 97  0  0  0
 1  0 112704 94541208 1911680 23715864    0    0     0 267852 95265 73073  2  1 98  0  0  0
 1  0 112704 94535712 1911680 23715884    0    0     0 247624 94209 70749  2  1 98  0  0  0
 1  0 112704 94529204 1911680 23715908    0    0     0 229188 93757 70530  2  1 98  0  0  0
 1  0 112704 94527692 1911680 23715920    0    0     0 214300 93166 67118  2  1 98  0  0  0
 1  0 112704 94530280 1911688 23715932    0    0     0 200648 92614 65948  1  1 98  0  0  0
 1  0 112704 94538040 1911688 23715952    0    0     0 187992 92621 65307  2  1 98  0  0  0
 1  0 112704 94535408 1911688 23715968    0    0     0 177644 91649 61924  1  1 98  0  0  0
 4  0 112704 94538240 1911688 23715996    0    0     0 168016 91191 62299  1  0 98  0  0  0
 1  0 112704 94544388 1911688 23716016    0    0     0 159700 90558 61512  1  0 98  0  0  0
 1  0 112704 94545592 1911692 23716032    0    0     0 152568 90421 59589  1  0 98  0  0  0
 1  0 112704 94562956 1911692 23716124    0    0     0 137232 90303 59264  2  0 98  0  0  0
 1  0 112704 94552644 1911692 23716132    0    0     0 133112 89769 58877  1  0 98  0  0  0
 1  0 112704 94550824 1911692 23716168    0    0     0 128704 89136 59374  1  0 98  0  0  0
 1  0 112704 94539356 1911692 23716192    0    0     0 125232 89500 58535  1  0 98  0  0  0
 1  0 112704 94524336 1911696 23716196    0    0     0 122532 89449 57780  1  0 98  0  0  0
 1  0 112704 94531576 1911696 23716216    0    0     0 120468 89095 57636  1  0 98  0  0  0
 1  0 112704 94523188 1911696 23716236    0    0     0 117980 89034 56097  1  0 98  0  0  0
 1  0 112704 94516780 1911696 23716260    0    0     0 116228 89220 56923  1  0 98  0  0  0
 1  0 112704 94514160 1911696 23716288    0    0     0 115008 89148 57090  1  0 98  0  0  0
procs -----------memory---------- ---swap-- -----io---- -system-- -------cpu-------
 r  b   swpd   free   buff  cache   si   so    bi    bo   in   cs us sy id wa st gu
 1  0 112704 94518200 1911704 23716296    0    0     0 113744 89404 57959  1  0 98  0  0  0
 1  0 112704 94515788 1911704 23716308    0    0     0 112320 89043 57481  1  0 98  0  0  0
 1  0 112704 94525392 1911704 23716340    0    0     0 111480 88606 56588  1  0 98  0  0  0
 4  0 112704 94519316 1911704 23716348    0    0     0 110380 88545 57165  1  0 98  0  0  0
 1  0 112704 94540624 1911704 23716372    0    0     0 109988 88436 56947  1  0 98  0  0  0
 2  0 112704 94534972 1911704 23716396    0    0     0 109336 88812 57334  1  0 98  0  0  0
 1  0 112704 94531768 1911704 23716408    0    0     0 107488 88295 56197  1  0 98  0  0  0
 1  0 112704 94528752 1911704 23716440    0    0     0 108032 88332 56029  1  0 98  0  0  0
 1  0 112704 94530144 1911704 23716448    0    0     0 107264 88284 56327  1  0 98  0  0  0
 1  0 112704 94527532 1911704 23716468    0    0     0 107500 88250 57150  1  0 98  0  0  0
 1  0 112704 94529028 1911708 23716496    0    0     0 107024 88592 56299  1  0 98  0  0  0
 1  0 112704 94525392 1911708 23716504    0    0     0 107888 88764 56962  1  0 98  0  0  0
 1  0 112704 94529396 1911708 23716524    0    0     0 106808 88176 56301  1  0 98  0  0  0
 1  0 112704 94528896 1911708 23716548    0    0     0 106632 88235 56142  1  0 98  0  0  0
 1  0 112704 94542224 1911708 23716556    0    0     0 107088 88473 57486  1  0 98  0  0  0
 1  0 112704 94541024 1911708 23716588    0    0     0 105816 88165 55827  1  0 98  0  0  0
 1  0 112704 94526156 1911708 23716608    0    0     0 106540 88134 56278  1  0 98  0  0  0
 1  0 112704 94535144 1911708 23716616    0    0     0 107988 88322 56082  1  0 98  0  0  0
 2  0 112704 94537984 1911708 23716644    0    0     0 107468 88500 56147  1  0 98  0  0  0
 4  0 112704 94539632 1911708 23716656    0    0     0 106892 88775 56544  1  0 98  0  0  0
 1  0 112704 94540260 1911712 23716668    0    0     0 106484 88353 55564  1  0 98  0  0  0
procs -----------memory---------- ---swap-- -----io---- -system-- -------cpu-------
 r  b   swpd   free   buff  cache   si   so    bi    bo   in   cs us sy id wa st gu
 1  0 112704 94548156 1911712 23716696    0    0     0 85484 87481 53802  1  0 98  0  0  0
 1  0 112704 94546660 1911712 23716708    0    0     0 87212 87737 54546  1  0 98  0  0  0
 1  0 112704 94550048 1911712 23716732    0    0     0 89380 87728 54049  1  0 98  0  0  0
 1  0 112704 94540912 1911712 23716760    0    0     0 91104 87764 54659  1  0 98  0  0  0
 1  0 112704 94539056 1911716 23716768    0    0     0 92184 87882 54016  1  0 98  0  0  0
 1  0 112704 94530940 1911716 23716800    0    0     0 93080 87933 54362  1  0 98  0  0  0
 1  0 112704 94525660 1911716 23716816    0    0     0 94104 88430 55791  1  0 98  0  0  0
 2  0 112704 94525312 1911716 23716828    0    0     0 94780 87974 54479  1  0 98  0  0  0
 1  0 112704 94518636 1911720 23716856    0    0     0 95592 88017 54139  1  0 98  0  0  0
 1  0 112704 94516352 1911724 23716864    0    0     0 95744 87947 54388  1  0 98  0  0  0
 1  0 112704 94519184 1911724 23716888    0    0     0 96328 88504 55830  1  0 98  0  0  0
 1  0 112704 94526700 1911724 23716912    0    0     0 96608 87868 54216  1  0 98  0  0  0
 1  0 112704 94527700 1911724 23716920    0    0     0 96780 88487 54797  1  0 98  0  0  0
 4  0 112704 94521332 1911728 23716948    0    0     0 97264 87946 54040  1  0 98  0  0  0
 4  0 112704 94528184 1911732 23716964    0    0     0 97256 88251 56063  1  0 98  0  0  0
 1  0 112704 94529928 1911732 23716976    0    0     0 97552 87646 54275  1  0 98  0  0  0
 2  0 112704 94520628 1911732 23717008    0    0     0 97792 88150 55813  1  0 98  0  0  0
 2  0 112704 94512804 1911732 23717024    0    0     0 98068 87843 55047  1  0 98  0  0  0
 2  0 112704 94519900 1911732 23717040    0    0     0 97752 88051 55941  1  0 98  0  0  0
 1  0 112704 94505060 1911740 23717056    0    0     0 98484 88012 55769  1  0 98  0  0  0
 1  0 112704 94500260 1911740 23717080    0    0     0 98296 87982 55595  1  0 98  0  0  0
procs -----------memory---------- ---swap-- -----io---- -system-- -------cpu-------
 r  b   swpd   free   buff  cache   si   so    bi    bo   in   cs us sy id wa st gu
 1  0 112704 94496844 1911740 23717108    0    0     0 98612 87815 55084  1  0 98  0  0  0
 1  0 112704 94500300 1911740 23717124    0    0     0 98736 88389 56592  1  0 98  0  0  0
 1  0 112704 94496768 1911740 23717140    0    0     0 99204 87889 54557  1  0 98  0  0  0
 1  0 112704 94504120 1911744 23717168    0    0     0 99108 87928 54617  1  0 98  0  0  0
 1  0 112704 94499716 1911744 23717192    0    0     0 98748 88196 55153  1  0 98  0  0  0
 1  0 112704 94503516 1911744 23717208    0    0     0 98740 87840 55479  1  0 98  0  0  0
 1  0 112704 94496048 1911744 23717220    0    0     0 98772 88004 56168  1  0 98  0  0  0
 1  0 112704 94496568 1911744 23717232    0    0     0 99032 87893 55199  1  0 98  0  0  0
 4  0 112704 94501848 1911744 23717260    0    0     0 99556 88260 55898  1  0 98  0  0  0
 2  0 112704 94510604 1911744 23717364    0    0     0 85528 87551 54011  1  0 98  0  0  0
 1  0 112704 94519920 1911744 23717376    0    0     0 86804 87450 54033  1  0 98  0  0  0
 1  0 112704 94519504 1911744 23717400    0    0     0 88060 87489 54144  1  0 98  0  0  0
 1  0 112704 94515588 1911744 23717424    0    0     0 89512 87658 53452  1  0 98  0  0  0
 2  0 112704 94509880 1911756 23717436    0    0     0 90220 87649 53958  1  0 98  0  0  0
 1  0 112704 94507684 1911756 23717460    0    0     0 90708 87605 53758  1  0 98  0  0  0
 1  0 112704 94505320 1911756 23717480    0    0     0 89300 87655 54895  1  0 98  0  0  0
 4  0 112704 94513772 1911756 23717496    0    0     0 89680 87646 53605  1  0 98  0  0  0
 2  0 112704 94511756 1911756 23717524    0    0     0 91764 88128 55330  1  0 98  0  0  0
 1  0 112704 94500916 1911760 23717532    0    0     0 90076 87983 54439  1  0 98  0  0  0
 1  0 112704 94501488 1911760 23717564    0    0     0 90608 87642 54274  1  0 98  0  0  0
 1  0 112704 94506116 1911760 23717580    0    0     0 88160 87622 53986  1  0 98  0  0  0
procs -----------memory---------- ---swap-- -----io---- -system-- -------cpu-------
 r  b   swpd   free   buff  cache   si   so    bi    bo   in   cs us sy id wa st gu
 1  0 112704 94505180 1911760 23717600    0    0     0 86232 87963 54953  1  0 98  0  0  0
 1  0 112704 94507916 1911760 23717616    0    0     0 88072 87526 54242  1  0 98  0  0  0
 1  0 112704 94512992 1911760 23717632    0    0     0 88644 87831 54047  1  0 98  0  0  0
 4  0 112704 94532012 1911760 23717656    0    0     0 90148 87906 55163  1  0 98  0  0  0
 1  0 112704 94527996 1911760 23717672    0    0     0 89848 87741 54879  1  0 98  0  0  0
 1  0 112704 94541260 1911760 23717692    0    0     0 88516 87906 55238  1  0 98  0  0  0
 1  0 112704 94537104 1911760 23717704    0    0     0 88832 87517 54386  1  0 98  0  0  0
 1  0 112704 94531192 1911764 23717728    0    0     0 88412 87601 54643  1  0 98  0  0  0
 1  0 112704 94527416 1911768 23717744    0    0     0 88940 88072 54944  1  0 98  0  0  0
 2  0 112704 94530132 1911768 23717772    0    0     0 88172 87580 54902  1  0 98  0  0  0
 1  0 112704 94524148 1911768 23717788    0    0     0 87572 87868 55112  1  0 98  0  0  0
 1  0 112704 94519340 1911768 23717804    0    0     0 87720 87670 54970  1  0 98  0  0  0
 1  0 112704 94518716 1911768 23717828    0    0     0 88072 87861 54988  1  0 98  0  0  0
 1  0 112704 94522564 1911776 23717844    0    0     0 87388 87853 54690  1  0 98  0  0  0
 3  0 112704 94521072 1911776 23717864    0    0     0 85956 87459 53962  1  0 98  0  0  0
 1  0 112704 94524744 1911776 23717880    0    0     0 85336 87694 54450  1  0 98  0  0  0
 1  0 112704 94530032 1911776 23717896    0    0     0 84640 87703 53761  1  0 98  0  0  0
 1  0 112704 94525804 1911776 23717924    0    0     0 85664 87738 54721  1  0 98  0  0  0
 4  0 112704 94528536 1911784 23717944    0    0     0 60676 86636 51958  1  0 98  0  0  0
 1  0 112704 94528192 1911784 23717960    0    0     0 61452 86580 51575  1  0 98  0  0  0
 2  0 112704 94528376 1911784 23717972    0    0     0 60564 86440 52448  1  0 98  0  0  0
procs -----------memory---------- ---swap-- -----io---- -system-- -------cpu-------
 r  b   swpd   free   buff  cache   si   so    bi    bo   in   cs us sy id wa st gu
 1  0 112704 94530480 1911784 23717988    0    0     0 61824 86594 52003  1  0 98  0  0  0
 1  0 112704 94534564 1911784 23718016    0    0     0 61668 86407 51431  1  0 98  0  0  0
 1  0 112704 94525424 1911792 23718020    0    0     0 60808 86418 51267  1  0 98  0  0  0
 1  0 112704 94522680 1911792 23718044    0    0     0 60768 86524 51727  1  0 98  0  0  0
 2  0 112704 94524524 1911792 23718060    0    0     0 59896 86417 51206  1  0 98  0  0  0
 2  0 112704 94519352 1911792 23718084    0    0     0 60380 86316 51625  1  0 98  0  0  0
 2  0 112704 94514732 1911796 23718112    0    0     0 60436 86648 51967  1  0 98  0  0  0
 2  0 112704 94513188 1911804 23718132    0    0     0 59120 86378 51585  1  0 98  0  0  0
 2  0 112704 94515560 1911804 23718148    0    0     0 60124 86414 51598  1  0 98  0  0  0
 2  0 112704 94519140 1911804 23718164    0    0     0 60420 86490 51634  1  0 98  0  0  0
 2  0 112704 94527304 1911804 23718188    0    0     0 59552 86598 50799  1  0 98  0  0  0
 2  0 112704 94526024 1911804 23718204    0    0     0 60784 86589 51380  1  0 98  0  0  0
 3  0 112704 94526260 1911804 23718224    0    0     0 59556 86554 51499  1  0 98  0  0  0
 5  0 112704 94523724 1911804 23718240    0    0     0 59948 86503 51595  1  0 98  0  0  0
 2  0 112704 94527412 1911804 23718260    0    0     0 59588 86542 51391  1  0 98  0  0  0
 3  0 112704 94517804 1911808 23718284    0    0     0 60000 86777 52420  1  0 98  0  0  0
 2  0 112704 94513464 1911808 23718300    0    0     0 60052 86837 52042  1  0 98  0  0  0
 2  0 112704 94514680 1911808 23718324    0    0     0 60044 86564 50852  1  0 98  0  0  0
 1  0 112704 94511216 1911808 23718340    0    0     0 59660 86530 51659  1  0 98  0  0  0
 5  0 112704 94509868 1911808 23718356    0    0     0 59892 86537 51748  1  0 98  0  0  0
 1  0 112704 94510596 1911812 23718376    0    0     0 60088 86598 51512  1  0 98  0  0  0
procs -----------memory---------- ---swap-- -----io---- -system-- -------cpu-------
 r  b   swpd   free   buff  cache   si   so    bi    bo   in   cs us sy id wa st gu
 1  0 112704 94509116 1911816 23718396    0    0     0 61476 86753 51705  1  0 98  0  0  0
 1  0 112704 94501808 1911824 23718412    0    0     0 60528 86552 52023  1  0 98  0  0  0
 1  0 112704 94513640 1911824 23718440    0    0     0 59008 86715 51934  1  0 98  0  0  0
 1  0 112704 94505008 1911824 23718460    0    0     0 58744 86362 51524  1  0 98  0  0  0
 1  0 112704 94500140 1911824 23718476    0    0     0 58136 86369 51556  1  0 98  0  0  0
 1  0 112704 94505948 1911824 23718492    0    0     0 58600 86353 51617  1  0 98  0  0  0
 1  0 112704 94501060 1911824 23718580    0    0     0 43672 86019 50520  1  0 98  0  0  0
 1  0 112704 94503408 1911824 23718600    0    0     0 43448 85824 50467  1  0 98  0  0  0
 4  0 112704 94506588 1911824 23718616    0    0     0 43172 85944 50471  1  0 98  0  0  0
 1  0 112704 94511868 1911824 23718636    0    0     0 42732 85825 50252  1  0 98  0  0  0
 1  0 112704 94500528 1911824 23718652    0    0     0 42320 86003 50438  1  0 98  0  0  0
 1  0 112704 94498644 1911824 23718680    0    0     0 42676 85906 50530  1  0 98  0  0  0
 1  0 112704 94503644 1911824 23718692    0    0     0 42472 85907 50482  1  0 98  0  0  0
 1  0 112704 94502428 1911824 23718712    0    0     0 43320 85738 50252  1  0 98  0  0  0
 1  0 112704 94494004 1911828 23718728    0    0     0 43748 85939 49978  1  0 98  0  0  0
 1  0 112704 94490664 1911828 23718744    0    0     0 43708 85853 50312  1  0 98  0  0  0
 2  0 112704 94492264 1911832 23718764    0    0     0 43528 85925 50323  1  0 98  0  0  0
 1  0 112704 94492448 1911832 23718784    0    0     0 42880 85650 49935  1  0 98  0  0  0
 1  0 112704 94487044 1911832 23718804    0    0     0 41984 85720 49730  1  0 98  0  0  0
 1  0 112704 94492664 1911832 23718820    0    0     0 42000 85385 49446  1  0 98  0  0  0
 1  0 112704 94493116 1911832 23718840    0    0     0 42616 85626 49231  1  0 98  0  0  0
procs -----------memory---------- ---swap-- -----io---- -system-- -------cpu-------
 r  b   swpd   free   buff  cache   si   so    bi    bo   in   cs us sy id wa st gu
 1  0 112704 94496984 1911832 23718864    0    0     0 43252 85531 49822  1  0 98  0  0  0
 1  0 112704 94492336 1911832 23718884    0    0     0 42072 85672 49978  1  0 98  0  0  0
 5  0 112704 94497028 1911832 23718900    0    0     0 43060 85723 49940  1  0 98  0  0  0
 1  0 112704 94501288 1911836 23718916    0    0     0 43868 85756 50100  1  0 98  0  0  0
 1  0 112704 94498736 1911836 23718936    0    0     0 44104 85756 50012  1  0 98  0  0  0
 1  0 112704 94494508 1911836 23718952    0    0     0 43780 85996 50317  1  0 98  0  0  0
 1  0 112704 94495672 1911836 23718972    0    0     0 44620 85721 50096  1  0 98  0  0  0
 1  0 112704 94491624 1911836 23718992    0    0     0 43924 85906 50048  1  0 98  0  0  0
 1  0 112704 94490392 1911840 23719008    0    0     0 42832 85709 50519  1  0 98  0  0  0
 1  0 112704 94498800 1911840 23719032    0    0     0 42888 85884 50306  1  0 98  0  0  0
 1  0 112704 94496860 1911840 23719048    0    0     0 41968 85711 50090  1  0 98  0  0  0
 1  0 112704 94495892 1911840 23719068    0    0     0 41444 85835 50184  1  0 98  0  0  0
 1  0 112704 94488980 1911840 23719088    0    0     0 41760 85749 50161  1  0 98  0  0  0
 1  0 112704 94489476 1911844 23719100    0    0     0 41976 85929 50210  1  0 98  0  0  0
 1  0 112704 94495132 1911844 23719128    0    0     0 42140 85826 50107  1  0 98  0  0  0
 2  0 112704 94496976 1911844 23719144    0    0     0 32832 85238 48635  1  0 98  0  0  0
 1  0 112704 94498088 1911844 23719168    0    0     0 32756 85332 48776  1  0 98  0  0  0
 1  0 112704 94495264 1911844 23719192    0    0     0 32616 85411 48941  1  0 98  0  0  0
 4  0 112704 94487296 1911844 23719212    0    0     0 33596 85318 48722  1  0 98  0  0  0
 1  0 112704 94489328 1911844 23719228    0    0     0 33444 85372 48712  1  0 98  0  0  0
 1  0 112704 94481500 1911844 23719244    0    0     0 33364 85422 49461  1  0 98  0  0  0
procs -----------memory---------- ---swap-- -----io---- -system-- -------cpu-------
 r  b   swpd   free   buff  cache   si   so    bi    bo   in   cs us sy id wa st gu
 1  0 112704 94485092 1911844 23719268    0    0     0 32768 85207 48632  1  0 98  0  0  0
 1  0 112704 94484344 1911844 23719288    0    0     0 32644 85232 48689  1  0 98  0  0  0
 1  0 112704 94480140 1911844 23719304    0    0     0 33064 85222 48425  1  0 98  0  0  0
 1  0 112704 94480104 1911848 23719320    0    0     0 32800 85370 49021  1  0 98  0  0  0
 1  0 112704 94478496 1911848 23719340    0    0     0 32852 85366 48972  1  0 98  0  0  0
 1  0 112704 94472848 1911848 23719356    0    0     0 32808 85271 48514  1  0 98  0  0  0
 1  0 112704 94472352 1911848 23719380    0    0     0 31920 85174 48776  1  0 98  0  0  0
 1  0 112704 94472352 1911848 23719400    0    0     0 32096 85321 48889  1  0 98  0  0  0
 1  0 112704 94479452 1911848 23719412    0    0     0 31656 85258 49448  1  0 98  0  0  0
 1  0 112704 94475412 1911848 23719432    0    0     0 32080 85332 49355  1  0 98  0  0  0
 1  0 112704 94477672 1911848 23719452    0    0     0 31700 85246 48650  1  0 98  0  0  0
 1  0 112704 94476860 1911848 23719472    0    0     0 31860 85253 49014  1  0 98  0  0  0
 1  0 112704 94470708 1911848 23719492    0    0     0 31688 85181 48484  1  0 98  0  0  0
 4  0 112704 94467584 1911852 23719512    0    0     0 32080 85096 48874  1  0 98  0  0  0
 1  0 112704 94473380 1911852 23719528    0    0     0 32196 85052 48829  1  0 98  0  0  0
 1  0 112704 94480628 1911852 23719548    0    0     0 32768 85136 49044  1  0 98  0  0  0
 1  0 112704 94474332 1911852 23719572    0    0     0 31888 85144 48322  1  0 98  0  0  0
 1  0 112704 94478356 1911852 23719588    0    0     0 31872 85099 48259  1  0 98  0  0  0
 1  0 112704 94477964 1911852 23719608    0    0     0 31872 85101 48447  1  0 98  0  0  0
 1  0 112704 94477764 1911856 23719624    0    0     0 31264 85125 48161  1  0 98  0  0  0
 1  0 112704 94468484 1911856 23719648    0    0     0 31252 85091 48485  1  0 98  0  0  0
procs -----------memory---------- ---swap-- -----io---- -system-- -------cpu-------
 r  b   swpd   free   buff  cache   si   so    bi    bo   in   cs us sy id wa st gu
 1  0 112704 94469120 1911856 23719668    0    0     0 30676 85195 48024  1  0 98  0  0  0
 1  0 112704 94464008 1911856 23719684    0    0     0 30512 84986 47946  1  0 98  0  0  0
 1  0 112704 94467156 1911860 23719700    0    0     0 30608 85180 48045  1  0 98  0  0  0
 1  0 112704 94462712 1911860 23719792    0    0     0 24156 84881 47490  1  0 98  0  0  0
 1  0 112704 94458080 1911860 23719804    0    0     0 24272 84912 48262  1  0 98  0  0  0
 2  0 112704 94459768 1911860 23719832    0    0     0 23768 84683 47943  1  0 98  0  0  0
 1  0 112704 94467848 1911860 23719848    0    0     0 24252 84961 48163  1  0 98  0  0  0
 1  0 112704 94465600 1911860 23719864    0    0     0 24032 84955 47700  1  0 98  0  0  0
 4  0 112704 94468264 1911860 23719880    0    0     0 24192 84832 48025  1  0 98  0  0  0
 1  0 112704 94470292 1911860 23719900    0    0     0 24208 84866 47831  1  0 98  0  0  0
 1  0 112704 94465596 1911860 23719920    0    0     0 24848 84921 48346  1  0 98  0  0  0
 1  0 112704 94462944 1911860 23719940    0    0     0 24488 85016 47753  1  0 98  0  0  0
 1  0 112704 94460580 1911860 23719956    0    0     0 24716 84900 48212  1  0 98  0  0  0
 1  0 112704 94459380 1911860 23719980    0    0     0 25276 85047 48470  1  0 98  0  0  0
 1  0 112704 94462252 1911860 23720000    0    0     0 25412 85162 48208  1  0 98  0  0  0
 1  0 112704 94455240 1911860 23720020    0    0     0 24896 85241 48619  1  0 98  0  0  0
 1  0 112704 94457080 1911860 23720040    0    0     0 24708 85199 48754  1  0 98  0  0  0
 1  0 112704 94451184 1911864 23720056    0    0     0 25100 84879 48492  1  0 98  0  0  0
 1  0 112704 94447964 1911864 23720072    0    0     0 24608 84921 47728  1  0 98  0  0  0
 1  0 112704 94457652 1911864 23720096    0    0     0 24464 84876 48170  1  0 98  0  0  0
 1  0 112704 94448996 1911864 23720112    0    0     0 24080 84796 48225  1  0 98  0  0  0
procs -----------memory---------- ---swap-- -----io---- -system-- -------cpu-------
 r  b   swpd   free   buff  cache   si   so    bi    bo   in   cs us sy id wa st gu
 1  0 112704 94456548 1911868 23720132    0    0     0 24240 84835 47492  1  0 98  0  0  0
 1  0 112704 94454868 1911872 23720152    0    0     0 24356 84834 47555  1  0 98  0  0  0
 1  0 112704 94460284 1911872 23720176    0    0     0 24696 84985 47630  1  0 98  0  0  0
 4  0 112704 94462512 1911872 23720192    0    0     0 25016 84768 47353  1  0 98  0  0  0
 1  0 112704 94467348 1911872 23720208    0    0     0 24840 84903 47533  1  0 98  0  0  0
 1  0 112704 94462596 1911872 23720224    0    0     0 24768 84794 47696  1  0 98  0  0  0
 1  0 112704 94467120 1911876 23720244    0    0     0 24720 85039 47646  1  0 98  0  0  0
 2  0 112704 94465080 1911876 23720268    0    0     0 24648 85009 47886  1  0 98  0  0  0
 1  0 112704 94460628 1911876 23720284    0    0     0 25008 85131 47919  1  0 98  0  0  0
 1  0 112704 94465512 1911876 23720300    0    0     0 25904 85081 48500  1  0 98  0  0  0
 1  0 112704 94462448 1911876 23720320    0    0     0 26080 85214 48965  1  0 98  0  0  0
 1  0 112704 94465040 1911884 23720340    0    0     0 26616 85231 48634  1  0 98  0  0  0
 1  0 112704 94462388 1911884 23720368    0    0     0 21856 84944 47803  1  0 98  0  0  0
 1  0 112704 94469820 1911884 23720384    0    0     0 21620 84987 47697  1  0 98  0  0  0
 1  0 112704 94478384 1911884 23720400    0    0     0 22100 85068 47952  1  0 98  0  0  0
 1  0 112704 94473508 1911888 23720412    0    0     0 21892 84989 47702  1  0 98  0  0  0
 1  0 112704 94469776 1911892 23720436    0    0     0 21852 84715 47400  1  0 98  0  0  0
 1  0 112704 94466612 1911892 23720460    0    0     0 22060 84832 48010  1  0 98  0  0  0
 1  0 112704 94470000 1911892 23720472    0    0     0 21596 84919 48158  1  0 98  0  0  0
 4  0 112704 94478728 1911892 23720488    0    0     0 21752 84843 47451  1  0 98  0  0  0
 1  0 112704 94478592 1911892 23720512    0    0     0 21224 84816 47274  1  0 98  0  0  0
procs -----------memory---------- ---swap-- -----io---- -system-- -------cpu-------
 r  b   swpd   free   buff  cache   si   so    bi    bo   in   cs us sy id wa st gu
 1  1 112704 94476092 1911892 23720536    0    0     0 21212 84717 47905  1  0 98  0  0  0
 2  0 112704 94481300 1911892 23720552    0    0     0 21796 84982 47403  1  0 98  0  0  0
 1  0 112704 94481388 1911892 23720568    0    0     0 21128 84588 47548  1  0 98  0  0  0
 1  0 112704 94479204 1911892 23720588    0    0     0 21948 84796 47339  1  0 98  0  0  0
 1  0 112704 94473020 1911892 23720604    0    0     0 21892 84869 47672  1  0 98  0  0  0
 1  0 112704 94471064 1911892 23720628    0    0     0 21840 84952 48185  1  0 98  0  0  0
 1  0 112704 94468280 1911892 23720644    0    0     0 22160 84706 47986  1  0 98  0  0  0
 1  0 112704 94469080 1911892 23720668    0    0     0 22180 84772 47738  1  0 98  0  0  0
 1  0 112704 94466596 1911892 23720684    0    0     0 21832 84764 47199  1  0 98  0  0  0
 1  0 112704 94472032 1911896 23720704    0    0     0 22208 84788 47275  1  0 98  0  0  0
 1  0 112704 94467264 1911896 23720728    0    0     0 22060 84811 47129  1  0 98  0  0  0
 1  0 112704 94466128 1911900 23720740    0    0     0 22276 84812 47167  1  0 98  0  0  0
 1  0 112704 94471064 1911900 23720760    0    0     0 21708 84787 47426  1  0 98  0  0  0
 2  0 112704 94466920 1911900 23720776    0    0     0 21968 84931 47613  1  0 98  0  0  0
 3  0 112704 94466868 1911900 23720788    0    0     0 21668 84642 47332  1  0 98  0  0  0
 1  0 112704 94469248 1911900 23720816    0    0     0 21452 84897 47407  1  0 98  0  0  0
 1  0 112704 94469288 1911904 23720836    0    0     0 21052 84706 47957  1  0 98  0  0  0
 1  0 112704 94473340 1911904 23720856    0    0     0 21020 84977 47446  1  0 98  0  0  0
 1  0 112704 94471180 1911904 23720872    0    0     0 21232 84746 46757  1  0 98  0  0  0
 1  0 112704 94479456 1911904 23720892    0    0     0 20964 84856 46755  1  0 98  0  0  0
 1  0 112704 94468504 1911904 23720912    0    0     0 21204 84883 46906  1  0 98  0  0  0
procs -----------memory---------- ---swap-- -----io---- -system-- -------cpu-------
 r  b   swpd   free   buff  cache   si   so    bi    bo   in   cs us sy id wa st gu
 1  0 112704 94466904 1911908 23720996    0    0     0 18256 84682 46738  1  0 98  0  0  0
 1  0 112704 94458336 1911908 23721012    0    0     0 17732 84813 46937  1  0 98  0  0  0
 1  0 112704 94459636 1911908 23721028    0    0     0 17312 84675 47122  1  0 98  0  0  0
 1  0 112704 94460960 1911912 23721040    0    0     0 17184 84828 46471  1  0 98  0  0  0
 1  0 112704 94463624 1911912 23721068    0    0     0 17320 84668 46811  1  0 98  0  0  0
 1  0 112704 94461108 1911916 23721092    0    0     0 17488 84632 46499  1  0 98  0  0  0
 1  0 112704 94458444 1911916 23721112    0    0     0 17076 84712 46784  1  0 98  0  0  0
 1  0 112704 94463648 1911916 23721128    0    0     0 17136 84741 46948  1  0 98  0  0  0
 2  0 112704 94463304 1911916 23721152    0    0     0 17412 84851 47464  1  0 98  0  0  0
 3  0 112704 94465420 1911916 23721168    0    0     0 17332 84571 47082  1  0 98  0  0  0
 1  0 112704 94464052 1911920 23721188    0    0     0 17352 84754 46589  1  0 98  0  0  0
 1  0 112704 94467892 1911920 23721204    0    0     0 17872 84653 47080  1  0 98  0  0  0
 1  0 112704 94467144 1911920 23721220    0    0     0 18088 84706 47195  1  0 98  0  0  0
 1  0 112704 94472772 1911920 23721244    0    0     0 18184 84603 46464  1  0 98  0  0  0
 1  0 112704 94470304 1911920 23721268    0    0     0 17824 84702 46617  1  0 98  0  0  0
 1  0 112704 94475108 1911924 23721280    0    0     0 18140 84786 46471  1  0 98  0  0  0
 1  0 112704 94472936 1911924 23721300    0    0     0 18028 84688 46712  1  0 98  0  0  0
 1  0 112704 94477532 1911924 23721324    0    0     0 18212 84845 46605  1  0 98  0  0  0
 1  0 112704 94471980 1911928 23721340    0    0     0 18596 84656 46865  1  0 98  0  0  0
 1  0 112704 94480332 1911928 23721356    0    0     0 18416 84692 46973  1  0 98  0  0  0
 1  0 112704 94478652 1911932 23721376    0    0     0 18796 84668 47388  1  0 98  0  0  0
procs -----------memory---------- ---swap-- -----io---- -system-- -------cpu-------
 r  b   swpd   free   buff  cache   si   so    bi    bo   in   cs us sy id wa st gu
 1  0 112704 94476032 1911932 23721396    0    0     0 18544 84695 47136  1  0 98  0  0  0
 1  0 112704 94473836 1911932 23721416    0    0     0 18624 84664 47106  1  0 98  0  0  0
 1  0 112704 94473108 1911932 23721436    0    0     0 18640 84652 47165  1  0 98  0  0  0
 3  0 112704 94469964 1911932 23721452    0    0     0 18552 84771 47383  1  0 98  0  0  0
 3  0 112704 94473768 1911940 23721464    0    0     0 19104 84650 46886  1  0 99  0  0  0
 1  0 112704 94470020 1911940 23721492    0    0     0 18348 84639 46751  1  0 98  0  0  0
 1  0 112704 94466280 1911940 23721512    0    0     0 18380 84749 47051  1  0 98  0  0  0
 1  0 112704 94468920 1911940 23721524    0    0     0 18240 84724 46493  1  0 98  0  0  0
 1  0 112704 94474124 1911940 23721540    0    0     0 17832 84671 46388  1  0 98  0  0  0
 1  0 112704 94477192 1911944 23721556    0    0     0 16124 84539 46993  1  0 98  0  0  0
 1  0 112704 94470396 1911944 23721580    0    0     0 16040 84710 47037  1  0 98  0  0  0
 1  0 112704 94465792 1911944 23721604    0    0     0 16120 84598 47328  1  0 98  0  0  0
 1  0 112704 94463988 1911948 23721616    0    0     0 16848 84759 47548  1  0 98  0  0  0
 1  0 112704 94460104 1911948 23721636    0    0     0 16340 84718 46612  1  0 98  0  0  0
 1  0 112704 94466600 1911956 23721652    0    0     0 16388 84689 46270  1  0 98  0  0  0
 2  0 112704 94464384 1911956 23721680    0    0     0 16252 84803 47013  1  0 98  0  0  0
 1  0 112704 94468752 1911956 23721700    0    0     0 16168 84660 47214  1  0 98  0  0  0
 1  0 112704 94468824 1911956 23721716    0    0     0 16396 84638 46915  1  0 98  0  0  0
 2  0 112704 94467624 1911956 23721736    0    0     0 16656 84678 47614  1  0 98  0  0  0
 2  0 112704 94463996 1911956 23721756    0    0     0 16380 84774 47769  1  0 98  0  0  0
 5  0 112704 94464632 1911956 23721776    0    0     0 16128 84758 47441  1  0 99  0  0  0
procs -----------memory---------- ---swap-- -----io---- -system-- -------cpu-------
 r  b   swpd   free   buff  cache   si   so    bi    bo   in   cs us sy id wa st gu
 1  0 112704 94468040 1911964 23721796    0    0     0 16244 84708 47283  1  0 98  0  0  0
 5  0 112704 94458272 1911964 23721812    0    0     0 16304 84692 47663  1  0 98  0  0  0
 1  0 112704 94458500 1911964 23721836    0    0     0 15868 84783 47494  1  0 98  0  0  0
 1  0 112704 94463432 1911964 23721848    0    0     0 15732 84787 47399  1  0 98  0  0  0
 1  0 112704 94463608 1911968 23721868    0    0     0 15716 84753 47698  1  0 98  0  0  0
 1  0 112704 94465288 1911968 23721888    0    0     0 15336 84636 47159  1  0 98  0  0  0
 3  0 112704 94466760 1911968 23721908    0    0     0 15464 84859 47965  1  0 98  0  0  0
 1  1 112704 94464728 1911968 23721924    0    0     0 15636 84685 47134  1  0 98  0  0  0
 1  0 112704 94461680 1911968 23721940    0    0     0 15480 84826 47356  1  0 98  0  0  0
 1  0 112704 94459964 1911968 23721968    0    0     0 15256 84692 47283  1  0 98  0  0  0
 1  0 112704 94465944 1911968 23721984    0    0     0 15124 84876 47963  1  0 98  0  0  0
 1  0 112704 94464648 1911968 23722008    0    0     0 15324 84729 47883  1  0 98  0  0  0
 4  0 112704 94461860 1911968 23722024    0    0     0 15192 84784 47819  1  0 98  0  0  0
 3  0 112704 94458424 1911968 23722040    0    0     0 15072 84652 47446  1  0 98  0  0  0
 2  0 112704 94458436 1911972 23722060    0    0     0 15532 84673 47409  1  0 98  0  0  0
 5  0 112704 94458180 1911980 23722088    0    0     0 15476 84740 47023  1  0 98  0  0  0
 2  0 112704 94464484 1911980 23722104    0    0     0 15252 84688 47080  1  0 98  0  0  0
 1  0 112704 94459248 1911980 23722116    0    0     0 14876 84668 47008  1  0 98  0  0  0
 4  0 112704 94466180 1911980 23722204    0    0     0 13560 84698 47747  1  0 98  0  0  0
 2  0 112704 94473076 1911988 23722228    0    0     0 13472 84652 47501  1  0 98  0  0  0
 1  0 112704 94474140 1911988 23722244    0    0     0 13944 84783 47728  1  0 98  0  0  0
procs -----------memory---------- ---swap-- -----io---- -system-- -------cpu-------
 r  b   swpd   free   buff  cache   si   so    bi    bo   in   cs us sy id wa st gu
 1  0 112704 94467308 1911988 23722260    0    0     0 13784 84688 46726  1  0 98  0  0  0
 1  0 112704 94463136 1911988 23722276    0    0     0 14084 84936 46997  1  0 98  0  0  0
 1  0 112704 94461216 1911988 23722292    0    0     0 14412 84719 46787  1  0 98  0  0  0
 1  0 112704 94468480 1911996 23722316    0    0     0 14612 84871 47307  1  0 98  0  0  0
 1  0 112704 94468392 1911996 23722336    0    0     0 14292 84767 47335  1  0 98  0  0  0
 3  0 112704 94470688 1911996 23722352    0    0     0 14244 84848 47541  1  0 98  0  0  0
 1  0 112704 94470820 1911996 23722368    0    0     0 14420 84762 47157  1  0 98  0  0  0
 2  0 112704 94471940 1911996 23722392    0    0     0 14168 84646 47053  1  0 98  0  0  0
 1  0 112704 94476436 1911996 23722412    0    0     0 14408 84763 46951  1  0 98  0  0  0
 4  0 112704 94473104 1911996 23722432    0    0     0 14040 84708 47554  1  0 98  0  0  0
 1  0 112704 94485492 1911996 23722448    0    0     0 14428 84689 47160  1  0 98  0  0  0
 1  0 112704 94490144 1911996 23722468    0    0     0 14292 84910 46469  1  0 98  0  0  0
 1  0 112704 94485788 1911996 23722488    0    0     0 14208 84773 46564  1  0 98  0  0  0
 1  0 112704 94485444 1911996 23722508    0    0     0 13932 84982 46740  1  0 98  0  0  0
 1  0 112704 94479752 1911996 23722528    0    0     0 14028 84699 46911  1  0 98  0  0  0
 1  0 112704 94480712 1911996 23722548    0    0     0 14336 84762 47090  1  0 98  0  0  0
 1  0 112704 94481528 1911996 23722572    0    0     0 14516 84498 47479  1  0 98  0  0  0
 1  0 112704 94475904 1911996 23722588    0    0     0 14052 84786 46931  1  0 98  0  0  0
 1  0 112704 94474084 1912004 23722604    0    0     0 14464 84545 46578  1  0 98  0  0  0
 2  0 112704 94478188 1912004 23722624    0    0     0 14344 84670 46838  1  0 98  0  0  0
 1  0 112704 94475096 1912004 23722644    0    0     0 13752 84662 46232  1  0 98  0  0  0
procs -----------memory---------- ---swap-- -----io---- -system-- -------cpu-------
 r  b   swpd   free   buff  cache   si   so    bi    bo   in   cs us sy id wa st gu
 1  0 112704 94469636 1912004 23722660    0    0     0 14460 84834 46942  1  0 98  0  0  0
 1  0 112704 94470836 1912004 23722676    0    0     0 14320 84479 46472  1  0 98  0  0  0
 1  0 112704 94468668 1912004 23722700    0    0     0 13984 84433 46432  1  0 98  0  0  0
 3  0 112704 94473788 1912012 23722720    0    0     0 14040 84518 46920  1  0 98  0  0  0
 3  0 112704 94470552 1912012 23722744    0    0     0 13860 84674 46629  1  0 98  0  0  0
 2  0 112704 94470600 1912012 23722760    0    0     0 13644 84639 46682  1  0 99  0  0  0
 1  0 112704 94470796 1912012 23722780    0    0     0 12780 84399 46940  1  0 98  0  0  0
 1  0 112704 94468008 1912016 23722792    0    0     0 12428 84444 46911  1  0 98  0  0  0
 1  0 112704 94464008 1912016 23722816    0    0     0 12840 84532 47005  1  0 98  0  0  0
 1  0 112704 94469408 1912016 23722836    0    0     0 12956 84370 46955  1  0 98  0  0  0
 3  0 112704 94471020 1912016 23722848    0    0     0 12932 84397 46797  1  0 98  0  0  0
 1  0 112704 94470268 1912016 23722868    0    0     0 12648 84361 46733  1  0 98  0  0  0
 1  0 112704 94466772 1912016 23722884    0    0     0 12680 84443 47011  1  0 98  0  0  0
 1  0 112704 94462964 1912016 23722904    0    0     0 12868 84564 46945  1  0 98  0  0  0
 1  0 112704 94462736 1912016 23722924    0    0     0 13140 84378 46538  1  0 98  0  0  0
 1  0 112704 94456836 1912016 23722944    0    0     0 13648 84545 46892  1  0 98  0  0  0
 1  0 112704 94459108 1912016 23722960    0    0     0 13348 84412 46931  1  0 98  0  0  0
 2  0 112704 94461932 1912016 23722980    0    0     0 13052 84466 46799  1  0 98  0  0  0
 1  0 112704 94464460 1912020 23723000    0    0     0 12852 84374 46594  1  0 98  0  0  0
 1  0 112704 94461612 1912020 23723016    0    0     0 13668 84549 46860  1  0 98  0  0  0
 4  0 112704 94464960 1912020 23723032    0    0     0 13476 84535 47038  1  0 98  0  0  0
procs -----------memory---------- ---swap-- -----io---- -system-- -------cpu-------
 r  b   swpd   free   buff  cache   si   so    bi    bo   in   cs us sy id wa st gu
 3  0 112704 94466956 1912020 23723056    0    0     0 13764 84423 46544  1  0 98  0  0  0
 1  0 112704 94461508 1912020 23723080    0    0     0 13584 84309 46597  1  0 98  0  0  0
 1  0 112704 94460776 1912020 23723096    0    0     0 13548 84509 46707  1  0 98  0  0  0
 2  0 112704 94458820 1912020 23723120    0    0     0 13340 84462 46954  1  0 98  0  0  0
 1  0 112704 94455228 1912020 23723140    0    0     0 13084 84429 46634  1  0 98  0  0  0
 1  0 112704 94455404 1912020 23723160    0    0     0 12940 84403 46431  1  0 98  0  0  0
 1  0 112704 94455136 1912020 23723172    0    0     0 12976 84486 45783  1  0 98  0  0  0
 1  0 112704 94453160 1912020 23723188    0    0     0 13220 84777 45239  1  0 98  0  0  0
 1  0 112704 94447848 1912020 23723212    0    0     0 13264 84665 45380  1  0 98  0  0  0
 1  0 112704 94443256 1912020 23723276    4    0     4 13624 84619 46498  1  1 98  0  0  0
 2  0 112704 94445468 1912020 23723296    0    0     0 13340 84658 45226  1  0 98  0  0  0
 2  0 112704 94441864 1912020 23723312    0    0     0 13376 84650 45690  1  0 98  0  0  0
 1  0 112704 94446108 1912028 23723332    0    0     0 13188 84673 46179  1  0 98  0  0  0
 2  0 112704 94456860 1912028 23723356    0    0     0 12740 84418 45013  1  0 98  0  0  0
 1  0 112704 94454860 1912028 23723380    0    0     0 13552 84858 45913  1  0 98  0  0  0
 3  0 112704 94456776 1912028 23723460    0    0     0 12804 84742 46359  1  0 98  0  0  0
 4  0 112704 94455676 1912036 23723488    0    0     0 12860 84741 46177  1  0 98  0  0  0
 1  0 112704 94456736 1912036 23723512    0    0     0 13004 84658 46502  1  0 98  0  0  0
 1  0 112704 94455904 1912036 23723536    0    0     0 12964 84445 46093  1  0 98  0  0  0
 1  0 112704 94449976 1912036 23723556    0    0     0 12252 84448 46166  1  0 98  0  0  0
 1  0 112704 94454152 1912036 23723576    0    0     0 13160 84492 46498  1  0 98  0  0  0
procs -----------memory---------- ---swap-- -----io---- -system-- -------cpu-------
 r  b   swpd   free   buff  cache   si   so    bi    bo   in   cs us sy id wa st gu
 1  0 112704 94454572 1912036 23723592    0    0     0 12620 84341 46700  1  0 98  0  0  0
 2  0 112704 94453644 1912036 23723612    0    0     0 12332 84416 46555  1  0 98  0  0  0
 1  0 112704 94454836 1912036 23723628    0    0     0 12008 84419 46555  1  0 98  0  0  0
 1  0 112704 94461212 1912036 23723648    0    0     0 12328 84380 46553  1  0 98  0  0  0
 2  0 112704 94457352 1912036 23723664    0    0     0 12704 84394 46691  1  0 98  0  0  0
 1  0 112704 94451460 1912036 23723676    0    0     0 12684 84395 46679  1  0 98  0  0  0
 1  0 112704 94451388 1912036 23723696    0    0     0 12528 84455 46637  1  0 98  0  0  0
 1  0 112704 94449516 1912036 23723716    0    0     0 12700 84450 46213  1  0 98  0  0  0
 1  0 112704 94441740 1912036 23723740    0    0     0 12276 84370 46679  1  0 98  0  0  0
 2  0 112704 94445520 1912036 23723756    0    0     0 12544 84413 46699  1  0 98  0  0  0
 2  0 112704 94447560 1912044 23723768    0    0     0 12520 84606 46481  1  0 98  0  0  0
 2  0 112704 94447948 1912044 23723792    0    0     0 12424 84256 46584  1  0 98  0  0  0
 1  0 112704 94453912 1912044 23723812    0    0     0 12440 84452 46692  1  0 98  0  0  0
 1  0 112704 94449980 1912044 23723832    0    0     0 11980 84332 46514  1  0 98  0  0  0
 1  0 112704 94446416 1912044 23723848    0    0     0 12056 84412 46815  1  0 98  0  0  0
 1  0 112704 94448492 1912048 23723864    0    0     0 12008 84379 46695  1  0 98  0  0  0
 1  0 112704 94453816 1912052 23723888    0    0     0 12212 84421 46813  1  0 98  0  0  0
 2  0 112704 94450388 1912052 23723912    0    0     0 12064 84364 46665  1  0 98  0  0  0
 1  0 112704 94448260 1912052 23723932    0    0     0 11920 84464 46542  1  0 98  0  0  0
 1  0 112704 94445300 1912052 23723952    0    0     0 12052 84321 46494  1  0 98  0  0  0
 1  0 112704 94451320 1912052 23723968    0    0     0 12000 84411 46011  1  0 98  0  0  0
procs -----------memory---------- ---swap-- -----io---- -system-- -------cpu-------
 r  b   swpd   free   buff  cache   si   so    bi    bo   in   cs us sy id wa st gu
 1  0 112704 94462376 1912052 23723984    0    0     0 11992 84381 45986  1  0 98  0  0  0
 1  0 112704 94461096 1912052 23724004    0    0     0 11744 84408 46091  1  0 98  0  0  0
 1  0 112704 94462944 1912052 23724024    0    0     0 11996 84346 46239  1  0 98  0  0  0
 1  0 112704 94460876 1912052 23724040    0    0     0 11756 84438 46611  1  0 98  0  0  0
 2  0 112704 94464788 1912052 23724060    0    0     0 12216 84467 46837  1  0 98  0  0  0
 2  0 112704 94462088 1912052 23724076    0    0     0 12340 84724 47351  1  0 98  0  0  0
 2  0 112704 94465020 1912052 23724100    0    0     0 23484 84832 48304  1  0 98  0  0  0
 1  0 112704 94462896 1912052 23724124    0    0     0 23728 85037 48500  1  0 98  0  0  0
 3  0 112704 94458308 1912052 23724144    0    0     0 23348 84829 48246  1  0 98  0  0  0
 1  0 112704 94463632 1912052 23724160    0    0     0 24104 85091 48010  1  0 98  0  0  0
 1  0 112704 94464672 1912056 23724180    0    0     0 23884 84904 47781  1  0 98  0  0  0
 1  0 112704 94463712 1912056 23724200    0    0     0 24200 84973 47804  1  0 98  0  0  0
 1  0 112704 94463024 1912056 23724220    0    0     0 24020 84958 47300  1  0 98  0  0  0
 2  0 112704 94461700 1912056 23724240    0    0     0 24512 85141 48241  1  0 98  0  0  0
 1  0 112704 94465292 1912056 23724256    0    0     0 24616 84981 48210  1  0 98  0  0  0
 1  0 112704 94472676 1912056 23724280    0    0     0 23772 85074 47875  1  0 98  0  0  0
 1  0 112704 94469356 1912056 23724296    0    0     0 23800 84905 47866  1  0 98  0  0  0
 1  0 112704 94466600 1912056 23724316    0    0     0 23728 85108 47962  1  0 98  0  0  0
 2  0 112704 94472696 1912056 23724332    0    0     0 24036 84974 48396  1  0 98  0  0  0
 1  0 112704 94476824 1912056 23724344    0    0     0 24440 84952 48397  1  0 98  0  0  0
 2  0 112704 94473528 1912056 23724364    0    0     0 24192 84993 48371  1  0 98  0  0  0
procs -----------memory---------- ---swap-- -----io---- -system-- -------cpu-------
 r  b   swpd   free   buff  cache   si   so    bi    bo   in   cs us sy id wa st gu
 4  0 112704 94475188 1912064 23724384    0    0     0 24148 85050 47902  1  0 98  0  0  0
 3  0 112704 94473636 1912064 23724404    0    0     0 23848 84874 47604  1  0 98  0  0  0
 1  0 112704 94473216 1912064 23724420    0    0     0 23452 85024 47616  1  0 98  0  0  0
 3  0 112704 94477664 1912064 23724444    0    0     0 23780 84939 47973  1  0 98  0  0  0
 1  0 112704 94478920 1912064 23724464    0    0     0 23628 85135 48097  1  0 98  0  0  0
 1  0 112704 94480232 1912064 23724480    0    0     0 24000 84898 47871  1  0 98  0  0  0
 1  0 112704 94479212 1912064 23724496    0    0     0 23800 84900 47760  1  0 98  0  0  0
 1  0 112704 94480564 1912064 23724516    0    0     0 24496 85012 48344  1  0 98  0  0  0
 1  0 112704 94479528 1912064 23724540    0    0     0 23988 84840 48355  1  0 98  0  0  0
 1  0 112704 94477528 1912064 23724560    0    0     0 24088 85044 47221  1  0 98  0  0  0
 1  0 112704 94477884 1912068 23724572    0    0     0 24108 84824 46940  1  0 98  0  0  0
 2  0 112704 94476952 1912068 23724600    0    0     0 24540 84954 46262  1  0 98  0  0  0
 9  0 112704 94471864 1912068 23724688    0    0     0 25824 85040 46590  1  0 98  0  0  0
 4  5 112704 94469308 1912068 23724704    0    0     0 36888 85023 46177  1  0 98  0  0  0
 2  7 112704 94468144 1912068 23724724    0    0     0 26540 84875 47093  1  0 98  0  0  0
 4  6 112704 94468440 1912068 23724740    0    0     0 27248 85019 46333  1  0 98  0  0  0
 4  5 112704 94469220 1912068 23724760    0    0     0 27420 85133 47281  1  0 98  0  0  0
 4  6 112704 94471568 1912068 23724780    0    0     0 25496 84882 45904  1  0 98  0  0  0
 3  2 112704 94467608 1912068 23724796    0    0     0 27572 84977 46672  1  0 98  0  0  0
 5  1 112704 94476500 1912072 23724816    0    0     0 27524 84979 46370  1  0 98  0  0  0
 2  3 112704 94474424 1912076 23724832    0    0     0 24572 85077 47710  1  0 98  0  0  0
procs -----------memory---------- ---swap-- -----io---- -system-- -------cpu-------
 r  b   swpd   free   buff  cache   si   so    bi    bo   in   cs us sy id wa st gu
 6  1 112704 94474108 1912076 23724856    0    0     0 27020 85318 48719  1  0 98  0  0  0
 7  0 112704 94466788 1912076 23724876    0    0     0 26136 85051 47937  1  0 98  0  0  0
 4  0 112704 94461256 1912076 23724896    0    0     0 26224 84982 47765  1  0 98  0  0  0
 1  0 112704 94474476 1912076 23724912    0    0     0 25568 85257 48382  1  0 98  0  0  0
 2  0 112704 94475736 1912076 23724932    0    0     0 25560 85029 47242  1  0 98  0  0  0
 3  1 112704 94474276 1912076 23724948    0    0     0 25836 84831 47027  1  0 98  0  0  0
 4  0 112704 94469372 1912076 23724964    0    0     0 25796 85120 47172  1  0 98  0  0  0
 1  0 112704 94463088 1912076 23724984    0    0     0 26120 85119 47084  1  0 98  0  0  0
 1  1 112704 94467388 1912076 23725000    0    0     0 26016 84757 46345  1  0 98  0  0  0
 3  0 112704 94461308 1912076 23725020    0    0     0 25936 85076 47915  1  0 98  0  0  0
 2  0 112704 94465480 1912076 23725040    0    0     0 25208 85148 47857  1  0 98  0  0  0
 2  0 112704 94460620 1912076 23725064    0    0     0 24696 84854 46706  1  0 98  0  0  0
 4  0 112704 94457864 1912076 23725080    0    0     0 24800 84936 47971  1  0 98  0  0  0
 1  0 112704 94452232 1912080 23725100    0    0     0 26316 85016 47703  1  0 98  0  0  0
 1  0 112704 94455420 1912080 23725116    0    0     0 25956 85013 47592  1  0 98  0  0  0
 1  0 112704 94456228 1912080 23725132    0    0     0 25760 84925 47574  1  0 98  0  0  0
 1  0 112704 94451896 1912080 23725156    0    0     0 25912 85094 48158  1  0 98  0  0  0
 1  0 112704 94446824 1912080 23725176    0    0     0 25764 85012 47827  1  0 98  0  0  0
 1  0 112704 94448708 1912080 23725200    0    0     0 25696 84994 47977  1  0 98  0  0  0
 1  0 112704 94451124 1912080 23725216    0    0     0 25536 85134 47939  1  0 98  0  0  0
 1  0 112704 94454384 1912080 23725232    0    0     0 26788 84908 46374  1  0 98  0  0  0
procs -----------memory---------- ---swap-- -----io---- -system-- -------cpu-------
 r  b   swpd   free   buff  cache   si   so    bi    bo   in   cs us sy id wa st gu
 1  0 112704 94451296 1912080 23725252    0    0     0 26564 85083 48171  1  0 98  0  0  0
 1  0 112704 94447116 1912080 23725280    0    0     0 26868 85133 48078  1  0 98  0  0  0
 1  0 112704 94450240 1912080 23725296    0    0     0 27312 85138 48352  1  0 98  0  0  0
 2  0 112704 94451744 1912080 23725316    0    0     0 27108 85056 48093  1  0 98  0  0  0
 1  0 112704 94457192 1912080 23725332    0    0     0 26804 85137 48086  1  0 98  0  0  0
 2  0 112704 94465348 1912080 23725356    0    0     0 27140 85030 47665  1  0 98  0  0  0
 2  0 112704 94462720 1912080 23725376    0    0     0 27524 85035 48020  1  0 98  0  0  0
 2  0 112704 94461908 1912088 23725396    0    0     0 27768 85155 48097  1  0 98  0  0  0
 1  0 112704 94461652 1912088 23725408    0    0     0 27312 85105 48152  1  0 98  0  0  0
 1  0 112704 94460732 1912088 23725424    0    0     0 27232 85002 48013  1  0 98  0  0  0
 1  0 112704 94464660 1912088 23725452    0    0     0 27476 85320 48450  1  0 98  0  0  0
 1  0 112704 94466124 1912088 23725468    0    0     0 27460 85075 48158  1  0 98  0  0  0
 2  0 112704 94476160 1912088 23725484    0    0     0 27316 84970 47135  1  0 98  0  0  0
 1  0 112704 94471096 1912092 23725496    0    0     0 26832 85002 46992  1  0 98  0  0  0
 1  0 112704 94467096 1912092 23725520    0    0     0 25924 85079 47319  1  0 98  0  0  0
 1  0 112704 94459716 1912092 23725540    0    0     0 26368 84967 47793  1  0 98  0  0  0
 1  0 112704 94462960 1912092 23725560    0    0     0 26364 85071 47257  1  0 98  0  0  0
 2  1 112704 94464976 1912092 23725580    0    0     0 26540 85014 48004  1  0 98  0  0  0
 2  0 112704 94464212 1912104 23725592    0    0     0 26436 85066 47460  1  0 98  0  0  0
 1  0 112704 94460036 1912104 23725616    0    0     0 26124 84953 47014  1  0 98  0  0  0
 2  0 112704 94460880 1912104 23725636    0    0     0 26348 85086 47094  1  0 98  0  0  0
procs -----------memory---------- ---swap-- -----io---- -system-- -------cpu-------
 r  b   swpd   free   buff  cache   si   so    bi    bo   in   cs us sy id wa st gu
 2  0 112704 94460504 1912104 23725656    0    0     0 26164 84913 47605  1  0 98  0  0  0
 2  0 112704 94455580 1912104 23725668    0    0     0 26620 85131 46962  1  0 98  0  0  0
 3  0 112704 94452472 1912104 23725688    0    0     0 27196 84949 47066  1  0 98  0  0  0
 1  0 112704 94461136 1912104 23725704    0    0     0 26572 84874 46695  1  0 98  0  0  0
 2  0 112704 94460492 1912104 23725724    0    0     0 26452 84956 46575  1  0 98  0  0  0
 2  0 112704 94463192 1912104 23725744    0    0     0 26312 85039 47019  1  0 98  0  0  0
 2  0 112704 94456372 1912104 23725764    0    0     0 26452 85073 48479  1  0 98  0  0  0
 1  0 112704 94470200 1912104 23725780    0    0     0 27012 85060 46858  1  0 98  0  0  0
 2  0 112704 94466556 1912104 23725800    0    0     0 27452 85039 47605  1  0 98  0  0  0
 1  0 112704 94465732 1912104 23725880    0    0     0 27148 85136 47536  1  0 98  0  0  0
 2  0 112704 94460256 1912104 23725900    0    0     0 26652 84963 47459  1  0 98  0  0  0
 1  0 112704 94463264 1912104 23725924    0    0     0 26464 84892 46657  1  0 98  0  0  0
 1  0 112704 94452672 1912112 23725936    0    0     0 26384 84956 46091  1  0 98  0  0  0
 1  0 112704 94459728 1912112 23725960    0    0     0 26336 85200 47247  1  0 98  0  0  0
 1  0 112704 94472740 1912112 23725984    0    0     0 26996 85006 47336  1  0 98  0  0  0
 1  0 112704 94469892 1912112 23726012    0    0     0 26396 85031 45955  1  0 98  0  0  0
 2  0 112704 94466700 1912112 23726028    0    0     0 26008 84912 46491  1  0 98  0  0  0
 1  0 112704 94468548 1912120 23726040    0    0     0 26364 85021 45647  1  0 98  0  0  0
 4  0 112704 94466896 1912120 23726064    0    0     0 26220 84897 46347  1  0 98  0  0  0
 1  0 112704 94469592 1912120 23726080    0    0     0 25988 85008 45845  1  0 98  0  0  0
 2  0 112704 94459244 1912120 23726104    0    0     0 26564 84853 46416  1  0 98  0  0  0
procs -----------memory---------- ---swap-- -----io---- -system-- -------cpu-------
 r  b   swpd   free   buff  cache   si   so    bi    bo   in   cs us sy id wa st gu
 1  0 112704 94462904 1912120 23726116    0    0     0 26488 85120 46587  1  0 98  0  0  0
 1  0 112704 94460820 1912120 23726136    0    0     0 27004 84919 46354  1  0 98  0  0  0
 1  0 112704 94467172 1912120 23726160    0    0     0 27132 84957 46455  1  0 98  0  0  0
 1  0 112704 94465100 1912120 23726180    0    0     0 27692 85022 46780  1  0 98  0  0  0
 1  0 112704 94469388 1912120 23726196    0    0     0 27336 85008 45949  1  0 98  0  0  0
 1  0 112704 94468296 1912120 23726212    0    0     0 27680 84989 47024  1  0 98  0  0  0
 1  0 112704 94461244 1912120 23726232    0    0     0 27088 84885 45647  1  0 98  0  0  0
 1  0 112704 94459064 1912120 23726252    0    0     0 26916 85002 46004  1  0 98  0  0  0
 1  0 112704 94453928 1912120 23726272    0    0     0 27156 84918 45833  1  0 98  0  0  0
 1  0 112704 94448256 1912120 23726288    0    0     0 28596 84859 45330  1  0 98  0  0  0
 4  0 112704 94441340 1912120 23726308    0    0     0 28404 84681 44955  1  0 98  0  0  0
 1  0 112704 94445704 1912124 23726324    0    0     0 29272 84997 46104  1  0 98  0  0  0
 3  0 112704 94445348 1912124 23726352    0    0     0 29084 85038 45811  1  0 98  0  0  0
 1  0 112704 94445368 1912124 23726368    0    0     0 29768 85014 46806  1  0 98  0  0  0
 1  0 112704 94453564 1912124 23726380    0    0     0 29408 85074 48340  1  0 98  0  0  0
 2  0 112704 94453584 1912124 23726396    0    0     0 29512 85213 48320  1  0 98  0  0  0
 1  0 112704 94454496 1912140 23726416    0    0     0 29652 85146 48443  1  0 98  0  0  0
 1  0 112704 94454780 1912140 23726440    0    0     0 29560 85205 48567  1  0 98  0  0  0
 1  0 112704 94457708 1912140 23726452    0    0     0 29464 85208 48240  1  0 98  0  0  0
 1  0 112704 94456268 1912140 23726472    0    0     0 29764 85181 48735  1  0 98  0  0  0
 1  0 112704 94456904 1912140 23726492    0    0     0 29396 85226 48702  1  0 98  0  0  0
procs -----------memory---------- ---swap-- -----io---- -system-- -------cpu-------
 r  b   swpd   free   buff  cache   si   so    bi    bo   in   cs us sy id wa st gu
 1  0 112704 94464320 1912140 23726512    0    0     0 29592 85212 48393  1  0 98  0  0  0
 1  0 112704 94460968 1912140 23726532    0    0     0 29824 85071 48536  1  0 98  0  0  0
 1  0 112704 94456724 1912140 23726548    0    0     0 29288 85261 48708  1  0 98  0  0  0
 2  0 112704 94455344 1912140 23726564    0    0     0 28904 85202 48484  1  0 98  0  0  0
 1  0 112704 94454480 1912140 23726588    0    0     0 28944 85166 48544  1  0 98  0  0  0
 2  0 112704 94458816 1912140 23726608    0    0     0 28812 85147 48135  1  0 98  0  0  0
 1  0 112704 94458428 1912140 23726628    0    0     0 29276 85146 48343  1  0 98  0  0  0
 3  0 112704 94456828 1912140 23726648    0    0     0 28588 85168 48508  1  0 98  0  0  0
 1  0 112704 94462660 1912140 23726672    0    0     0 28220 85228 48382  1  0 98  0  0  0
 1  0 112704 94466348 1912140 23726696    0    0     0 28292 85042 48376  1  0 98  0  0  0
 1  0 112704 94461324 1912144 23726720    0    0     0 28704 85195 48394  1  0 98  0  0  0
 1  0 112704 94455584 1912144 23726732    0    0     0 29064 85309 48757  1  0 98  0  0  0
 2  0 112704 94458088 1912144 23726748    0    0     0 28320 85034 48061  1  0 98  0  0  0
 1  0 112704 94469564 1912144 23726764    0    0     0 28348 85086 48029  1  0 98  0  0  0
 1  0 112704 94468788 1912144 23726780    0    0     0 28656 85185 47865  1  0 98  0  0  0
 1  0 112704 94464216 1912148 23726800    0    0     0 29056 85160 48314  1  0 98  0  0  0
 1  0 112704 94449824 1912148 23726820    0    0     0 29472 85310 48509  1  0 98  0  0  0
 1  0 112704 94451176 1912148 23726844    0    0     0 29388 84918 46698  1  0 98  0  0  0
 1  0 112704 94453292 1912148 23726860    0    0     0 29288 85074 47336  1  0 98  0  0  0
 1  0 112704 94455168 1912148 23726876    0    0     0 28992 85058 47016  1  0 98  0  0  0
 1  0 112704 94453628 1912152 23726896    0    0     0 29440 85117 46848  1  0 98  0  0  0
procs -----------memory---------- ---swap-- -----io---- -system-- -------cpu-------
 r  b   swpd   free   buff  cache   si   so    bi    bo   in   cs us sy id wa st gu
 2  0 112704 94463500 1912152 23726916    0    0     0 29408 85205 48240  1  0 98  0  0  0
 1  0 112704 94459356 1912152 23726936    0    0     0 29456 85361 46820  1  0 98  0  0  0
 3  0 112704 94458064 1912152 23726952    0    0     0 29160 85251 48506  1  0 98  0  0  0
 1  0 112704 94460992 1912152 23726968    0    0     0 28788 85268 48112  1  0 98  0  0  0
 1  0 112704 94465596 1912152 23726988    0    0     0 28756 85191 48576  1  0 98  0  0  0
 1  1 112704 94456820 1912152 23727016    0    0     0 29540 85150 48431  1  0 98  0  0  0
 2  0 112704 94461800 1912152 23727100    0    0     0 29120 85252 48564  1  0 98  0  0  0
 1  0 112704 94459260 1912152 23727112    0    0     0 29004 85264 48443  1  0 98  0  0  0
 1  0 112704 94466260 1912152 23727132    0    0     0 29100 85015 48310  1  0 98  0  0  0
 2  0 112704 94470168 1912160 23727152    0    0     0 29860 85324 48521  1  0 98  0  0  0
 2  0 112704 94468796 1912160 23727172    0    0     0 29940 85207 48577  1  0 98  0  0  0
 1  0 112704 94471432 1912160 23727188    0    0     0 30160 85167 47630  1  0 98  0  0  0
 1  0 112704 94461100 1912160 23727204    0    0     0 29888 85027 46855  1  0 98  0  0  0
 1  0 112704 94449920 1912160 23727220    0    0     0 30016 84991 46849  1  0 98  0  0  0
 1  0 112704 94451552 1912168 23727236    0    0     0 30516 85152 47633  1  0 98  0  0  0
 1  0 112704 94450164 1912168 23727268    0    0     0 30048 84947 46346  1  0 98  0  0  0
 2  0 112704 94455180 1912168 23727284    0    0     0 29992 84944 46789  1  0 98  0  0  0
 1  0 112704 94457260 1912168 23727300    0    0     0 30184 85099 48064  1  0 98  0  0  0
 3  0 112704 94458460 1912168 23727328    0    0     0 29584 85191 48086  1  0 98  0  0  0
 1  0 112704 94454644 1912168 23727348    0    0     0 30208 85006 48514  1  0 98  0  0  0
 1  0 112704 94448920 1912168 23727368    0    0     0 29700 85236 48994  1  0 98  0  0  0
procs -----------memory---------- ---swap-- -----io---- -system-- -------cpu-------
 r  b   swpd   free   buff  cache   si   so    bi    bo   in   cs us sy id wa st gu
 1  0 112704 94460864 1912168 23727388    0    0     0 29644 85081 48378  1  0 98  0  0  0
 1  0 112704 94463440 1912168 23727404    0    0     0 29596 85184 48336  1  0 98  0  0  0
 1  0 112704 94465136 1912168 23727428    0    0     0 29676 85168 48071  1  0 98  0  0  0
 1  0 112704 94465344 1912176 23727444    0    0     0 29412 85120 48190  1  0 98  0  0  0
 1  0 112704 94452344 1912188 23727464    0    0     0 29480 85203 48504  1  0 98  0  0  0
 1  0 112704 94452468 1912188 23727480    0    0     0 29152 85330 48709  1  0 98  0  0  0
 1  0 112704 94450984 1912188 23727500    0    0     0 28984 85144 47502  1  0 98  0  0  0
 1  0 112704 94454460 1912188 23727516    0    0     0 29796 85175 47029  1  0 98  0  0  0
 1  0 112704 94449892 1912188 23727532    0    0     0 29672 85157 48184  1  0 98  0  0  0
 1  0 112704 94447384 1912196 23727556    0    0     0 29320 85006 47011  1  0 98  0  0  0
 2  0 112704 94447228 1912196 23727572    0    0     0 29464 85032 47032  1  0 98  0  0  0
 1  0 112704 94457828 1912200 23727592    0    0     0 29236 85043 46762  1  0 98  0  0  0
 1  0 112704 94454592 1912200 23727616    0    0     0 29064 85018 47908  1  0 98  0  0  0
 3  0 112704 94450284 1912200 23727632    0    0     0 29952 85168 47250  1  0 98  0  0  0
 1  0 112704 94451764 1912200 23727652    0    0     0 30036 85005 47879  1  0 98  0  0  0
 1  0 112704 94461844 1912200 23727672    0    0     0 30660 85107 47882  1  0 98  0  0  0
 1  0 112704 94455120 1912200 23727692    0    0     0 30696 85078 46994  1  0 98  0  0  0
 1  0 112704 94458880 1912200 23727708    0    0     0 31072 85144 47792  1  0 98  0  0  0
 1  0 112704 94454824 1912200 23727724    0    0     0 30788 85050 47705  1  0 98  0  0  0
 1  0 112704 94457988 1912200 23727748    0    0     0 31172 85260 48545  1  0 98  0  0  0
 1  0 112704 94453308 1912200 23727764    0    0     0 31288 85182 48429  1  0 98  0  0  0
procs -----------memory---------- ---swap-- -----io---- -system-- -------cpu-------
 r  b   swpd   free   buff  cache   si   so    bi    bo   in   cs us sy id wa st gu
 1  0 112704 94449536 1912200 23727784    0    0     0 31228 85481 49102  1  0 98  0  0  0
 1  0 112704 94444548 1912200 23727800    0    0     0 31252 85132 48857  1  0 98  0  0  0
 1  0 112704 94440496 1912200 23727816    0    0     0 31212 85241 48873  1  0 98  0  0  0
 1  0 112704 94451124 1912200 23727832    0    0     0 31468 85224 48445  1  0 98  0  0  0
 1  0 112704 94451920 1912200 23727852    0    0     0 31288 85309 48789  1  0 98  0  0  0
 2  0 112704 94450444 1912200 23727872    0    0     0 31524 85238 48682  1  0 98  0  0  0
 1  0 112704 94448864 1912200 23727888    0    0     0 31792 85349 48844  1  0 98  0  0  0
 1  0 112704 94446840 1912200 23727908    0    0     0 31520 85415 48834  1  0 98  0  0  0
 3  0 112704 94447944 1912204 23727924    0    0     0 31444 85397 48681  1  0 98  0  0  0
 1  0 112704 94448544 1912204 23727952    0    0     0 31400 85173 48631  1  0 98  0  0  0
 1  0 112704 94446208 1912204 23727972    0    0     0 31064 85288 48479  1  0 98  0  0  0
 1  0 112704 94442864 1912204 23727992    0    0     0 30464 85172 48511  1  0 98  0  0  0
 1  0 112704 94450128 1912204 23728012    0    0     0 30600 85381 48913  1  0 98  0  0  0
 1  0 112704 94451580 1912212 23728024    0    0     0 30192 85147 48506  1  0 98  0  0  0
 1  0 112704 94443496 1912212 23728052    0    0     0 30692 85273 48699  1  0 98  0  0  0
 1  0 112704 94448128 1912212 23728072    0    0     0 30908 85227 48725  1  0 98  0  0  0
 1  0 112704 94438716 1912212 23728092    0    0     0 30472 85270 48586  1  0 98  0  0  0
 1  0 112704 94449784 1912212 23728108    0    0     0 30608 85146 48453  1  0 98  0  0  0
 1  0 112704 94447128 1912212 23728124    0    0     0 31356 85199 48415  1  0 98  0  0  0
 1  0 112704 94452096 1912212 23728148    0    0     0 31004 85292 48460  1  0 98  0  0  0
 1  0 112704 94447728 1912212 23728168    0    0     0 30620 85172 48638  1  0 98  0  0  0
procs -----------memory---------- ---swap-- -----io---- -system-- -------cpu-------
 r  b   swpd   free   buff  cache   si   so    bi    bo   in   cs us sy id wa st gu
 2  0 112704 94455480 1912212 23728184    0    0     0 30708 85286 48732  1  0 98  0  0  0
 1  0 112704 94453832 1912212 23728200    0    0     0 30616 85088 48458  1  0 98  0  0  0
 1  0 112704 94448636 1912212 23728216    0    0     0 31056 85196 48429  1  0 98  0  0  0
 3  0 112704 94443016 1912212 23728304    0    0     0 30404 85205 48613  1  0 98  0  0  0
 1  0 112704 94450792 1912212 23728324    0    0     0 30548 85124 48531  1  0 98  0  0  0
 1  0 112704 94444436 1912212 23728340    0    0     0 30488 85221 48781  1  0 98  0  0  0
 1  0 112704 94448288 1912212 23728360    0    0     0 30484 85319 48638  1  0 98  0  0  0
 2  0 112704 94449808 1912212 23728376    0    0     0 30628 85247 48655  1  0 98  0  0  0
 2  0 112704 94446280 1912212 23728404    0    0     0 30312 85252 48404  1  0 98  0  0  0
 1  0 112704 94453084 1912212 23728424    0    0     0 30476 85172 48582  1  0 98  0  0  0
 1  0 112704 94456868 1912212 23728440    0    0     0 30384 85187 48599  1  0 98  0  0  0
 1  0 112704 94458712 1912212 23728456    0    0     0 30496 85262 48543  1  0 98  0  0  0
 1  0 112704 94457964 1912212 23728472    0    0     0 30288 85236 48676  1  0 98  0  0  0
 1  0 112704 94448964 1912212 23728496    0    0     0 30216 85183 48566  1  0 98  0  0  0
 1  0 112704 94462052 1912216 23728512    0    0     0 30464 85329 48801  1  0 98  0  0  0
 1  0 112704 94461040 1912216 23728528    0    0     0 29900 85192 49055  1  0 98  0  0  0
 2  0 112704 94464524 1912216 23728544    0    0     0 30192 85418 49095  1  0 98  0  0  0
 2  0 112704 94457192 1912216 23728564    0    0     0 30144 85256 48681  1  0 98  0  0  0
 1  0 112704 94470224 1912216 23728588    0    0     0 29684 85142 48503  1  0 98  0  0  0
 3  0 112704 94468336 1912216 23728604    0    0     0 29852 85234 48420  1  0 98  0  0  0
 1  0 112704 94467568 1912216 23728624    0    0     0 29792 85192 48567  1  0 98  0  0  0
procs -----------memory---------- ---swap-- -----io---- -system-- -------cpu-------
 r  b   swpd   free   buff  cache   si   so    bi    bo   in   cs us sy id wa st gu
 1  0 112704 94466928 1912216 23728644    0    0     0 29756 85176 48517  1  0 98  0  0  0
 1  0 112704 94462400 1912220 23728660    0    0     0 29816 85227 48416  1  0 98  0  0  0
 1  0 112704 94459784 1912220 23728684    0    0     0 29792 85151 48430  1  0 98  0  0  0
 1  0 112704 94452548 1912220 23728704    0    0     0 30088 85229 48706  1  0 98  0  0  0
 1  0 112704 94449764 1912220 23728724    0    0     0 30168 85201 48531  1  0 98  0  0  0
 1  0 112704 94464684 1912220 23728748    0    0     0 30188 85206 48721  1  0 98  0  0  0
 1  0 112704 94464100 1912220 23728764    0    0     0 30444 85349 49014  1  0 98  0  0  0
 1  0 112704 94466492 1912220 23728784    0    0     0 30424 85182 48493  1  0 98  0  0  0
 1  0 112704 94472220 1912220 23728800    0    0     0 30356 85085 48376  1  0 98  0  0  0
 1  0 112704 94473820 1912220 23728820    0    0     0 30484 85134 48147  1  0 98  0  0  0
 1  0 112704 94466660 1912220 23728836    0    0     0 30492 85063 48133  1  0 98  0  0  0
 2  0 112704 94477264 1912220 23728856    0    0     0 30436 85311 48332  1  0 98  0  0  0
 1  0 112704 94479308 1912220 23728872    0    0     0 30348 85236 48483  1  0 98  0  0  0
 1  0 112704 94473416 1912220 23728888    0    0     0 30596 85174 48237  1  0 98  0  0  0
 3  0 112704 94469196 1912220 23728912    0    0     0 30104 85052 48330  1  0 98  0  0  0
 1  0 112704 94482520 1912220 23728928    0    0     0 30104 84990 48193  1  0 98  0  0  0
 1  0 112704 94476332 1912220 23728948    0    0     0 30464 84969 48474  1  0 98  0  0  0
 1  0 112704 94477548 1912220 23728964    0    0     0 29788 84976 47921  1  0 98  0  0  0
 1  0 112704 94476208 1912220 23728984    0    0     0 29912 85037 48233  1  0 98  0  0  0
 1  0 112704 94476948 1912220 23729004    0    0     0 29988 84995 48106  1  0 98  0  0  0
 1  0 112704 94479924 1912220 23729020    0    0     0 29932 85107 47908  1  0 98  0  0  0
procs -----------memory---------- ---swap-- -----io---- -system-- -------cpu-------
 r  b   swpd   free   buff  cache   si   so    bi    bo   in   cs us sy id wa st gu
 1  0 112704 94479344 1912224 23729036    0    0     0 30028 84961 48237  1  0 98  0  0  0
 1  0 112704 94473988 1912224 23729064    0    0     0 29960 85133 48233  1  0 98  0  0  0
 1  0 112704 94474964 1912224 23729084    0    0     0 30056 85064 48329  1  0 98  0  0  0
 1  0 112704 94477596 1912224 23729104    0    0     0 29628 84965 48246  1  0 98  0  0  0
 2  0 112704 94474992 1912224 23729120    0    0     0 30280 85042 48734  1  0 98  0  0  0
 1  0 112704 94467744 1912228 23729136    0    0     0 30072 85127 48713  1  0 98  0  0  0
 1  0 112704 94466072 1912228 23729156    0    0     0 30876 85266 49079  1  0 98  0  0  0
 1  0 112704 94466396 1912232 23729172    0    0     0 31388 85534 49231  1  0 98  0  0  0
 1  0 112704 94464620 1912232 23729196    0    0     0 30956 85381 49062  1  0 98  0  0  0
 3  0 112704 94471112 1912232 23729212    0    0     0 30812 85452 49278  1  0 98  0  0  0
 1  0 112704 94469196 1912232 23729240    0    0     0 31076 85410 48833  1  0 98  0  0  0
 1  0 112704 94479520 1912232 23729256    0    0     0 30636 85398 49016  1  0 98  0  0  0
 1  0 112704 94484088 1912232 23729272    0    0     0 30680 85318 48696  1  0 98  0  0  0
 1  0 112704 94475944 1912232 23729292    0    0     0 30920 85428 49184  1  0 98  0  0  0
 2  0 112704 94479540 1912232 23729320    0    0     0 30756 85266 48700  1  0 98  0  0  0
 1  0 112704 94480828 1912236 23729340    0    0     0 30856 85330 48375  1  0 98  0  0  0
 1  0 112704 94479004 1912236 23729364    0    0     0 30828 85251 48812  1  0 98  0  0  0
 1  0 112704 94478200 1912236 23729384    0    0     0 30748 85396 48512  1  0 98  0  0  0
 1  0 112704 94478328 1912236 23729404    0    0     0 31420 85418 49332  1  0 98  0  0  0
 1  0 112704 94485544 1912236 23729428    0    0     0 31188 85381 48978  1  0 98  0  0  0
 1  0 112704 94487704 1912240 23729444    0    0     0 30944 85192 48298  1  0 98  0  0  0
procs -----------memory---------- ---swap-- -----io---- -system-- -------cpu-------
 r  b   swpd   free   buff  cache   si   so    bi    bo   in   cs us sy id wa st gu
 2  0 112704 94498724 1912240 23729552    0    0     0 30888 85335 48273  1  0 98  0  0  0
 1  0 112704 94497544 1912244 23729568    0    0     0 30900 85079 47167  1  0 98  0  0  0
 1  0 112704 94495432 1912244 23729584    0    0     0 31048 85047 46917  1  0 98  0  0  0
 1  0 112704 94493884 1912244 23729608    0    0     0 30968 84971 47441  1  0 98  0  0  0
 3  0 112704 94500456 1912352 23729616    0    0     0 32048 85206 48241  1  0 98  0  0  0
 1  0 112704 94502852 1912352 23729636    0    0     0 30976 85083 47439  1  0 98  0  0  0
 1  0 112704 94501140 1912352 23729652    0    0     0 30804 84953 46897  1  0 98  0  0  0
 2  0 112704 94498420 1912352 23729676    0    0     0 30996 85036 46868  1  0 98  0  0  0
 1  0 112704 94499596 1912352 23729700    0    0     0 30656 85174 47114  1  0 98  0  0  0
 1  0 112704 94494592 1912356 23729712    0    0     0 30608 84963 48114  1  0 98  0  0  0
 1  0 112704 94496132 1912356 23729732    0    0     0 30580 85213 48172  1  0 98  0  0  0
 1  0 112704 94494508 1912356 23729752    0    0     0 30684 85177 47929  1  0 98  0  0  0
 1  0 112704 94495092 1912356 23729772    0    0     0 31072 85252 47323  1  0 98  0  0  0
 1  0 112704 94492256 1912356 23729792    0    0     0 31128 85050 47060  1  0 98  0  0  0
 1  0 112704 94485684 1912360 23729804    0    0     0 31340 85092 48031  1  0 98  0  0  0
 1  0 112704 94484760 1912360 23729824    0    0     0 31296 85074 48198  1  0 98  0  0  0
 2  0 112704 94482296 1912360 23729844    0    0     0 31516 85226 47845  1  0 98  0  0  0
 1  0 112704 94481720 1912360 23729864    0    0     0 31304 85229 49477  1  0 98  0  0  0
 1  0 112704 94481116 1912360 23729888    0    0     0 31316 85237 48614  1  0 98  0  0  0
 1  0 112704 94474316 1912364 23729900    0    0     0 31344 85292 48626  1  0 98  0  0  0
 3  0 112704 94472872 1912364 23729920    0    0     0 31352 85264 48866  1  0 98  0  0  0
procs -----------memory---------- ---swap-- -----io---- -system-- -------cpu-------
 r  b   swpd   free   buff  cache   si   so    bi    bo   in   cs us sy id wa st gu
 1  0 112704 94480604 1912364 23729936    0    0     0 31616 85443 48846  1  0 98  0  0  0
 1  0 112704 94486732 1912364 23729956    0    0     0 31280 85230 48834  1  0 98  0  0  0
 1  0 112704 94481752 1912364 23729976    0    0     0 31324 85187 47890  1  0 98  0  0  0
 1  0 112704 94479772 1912364 23729996    0    0     0 31340 85196 48305  1  0 98  0  0  0
 1  0 112704 94480592 1912364 23730012    0    0     0 31160 85048 47914  1  0 98  0  0  0
 1  0 112704 94481624 1912364 23730032    0    0     0 31012 85048 47681  1  0 98  0  0  0
 1  0 112704 94476048 1912364 23730048    0    0     0 31044 85139 47648  1  0 98  0  0  0
 1  0 112704 94466832 1912364 23730080    0    0     0 30852 84990 47803  1  0 98  0  0  0
 2  0 112704 94475592 1912364 23730100    0    0     0 30784 85175 47416  1  0 98  0  0  0
 1  0 112704 94468308 1912364 23730116    0    0     0 30964 85081 47992  1  0 98  0  0  0
 1  0 112704 94478640 1912364 23730140    0    0     0 30924 85173 47069  1  0 98  0  0  0
 2  0 112704 94486412 1912364 23730160    0    0     0 30860 85114 47501  1  0 98  0  0  0
 1  0 112704 94486852 1912364 23730180    0    0     0 30396 84956 47189  1  0 98  0  0  0
 1  0 112704 94478928 1912364 23730200    0    0     0 30652 85028 47438  1  0 98  0  0  0
 1  0 112704 94479668 1912364 23730220    0    0     0 30956 85206 47006  1  0 98  0  0  0
 3  0 112704 94474584 1912364 23730236    0    0     0 30712 84995 46852  1  0 98  0  0  0
 1  0 112704 94486988 1912364 23730252    0    0     0 30488 85099 46933  1  0 98  0  0  0
 1  0 112704 94482240 1912364 23730272    0    0     0 31168 85016 46927  1  0 98  0  0  0
 1  0 112704 94480080 1912368 23730292    0    0     0 31252 85053 48142  1  0 98  0  0  0
 1  0 112704 94473568 1912368 23730304    0    0     0 31380 85143 48387  1  0 98  0  0  0
 1  0 112704 94481164 1912368 23730320    0    0     0 31160 85034 48319  1  0 98  0  0  0
procs -----------memory---------- ---swap-- -----io---- -system-- -------cpu-------
 r  b   swpd   free   buff  cache   si   so    bi    bo   in   cs us sy id wa st gu
 1  0 112704 94478412 1912368 23730344    0    0     0 31492 85080 48253  1  0 98  0  0  0
 1  0 112704 94476792 1912368 23730360    0    0     0 31340 85306 48537  1  0 98  0  0  0
 1  0 112704 94474856 1912368 23730384    0    0     0 31256 85027 48036  1  0 98  0  0  0
 1  0 112704 94476600 1912376 23730400    0    0     0 31564 85138 48413  1  0 98  0  0  0
 1  0 112704 94474528 1912376 23730416    0    0     0 31904 85249 48410  1  0 98  0  0  0
 2  0 112704 94471628 1912376 23730440    0    0     0 31592 85119 48627  1  0 98  0  0  0
 1  0 112704 94475940 1912376 23730456    0    0     0 31792 85175 48949  1  0 98  0  0  0
 1  0 112704 94479272 1912376 23730476    0    0     0 31488 85160 48470  1  0 98  0  0  0
 1  0 112704 94476756 1912376 23730492    0    0     0 31348 84998 48053  1  0 98  0  0  0
 1  0 112704 94485660 1912376 23730516    0    0     0 31624 85230 48106  1  0 98  0  0  0
 3  0 112704 94485140 1912376 23730532    0    0     0 31248 84962 47942  1  0 98  0  0  0
 1  0 112704 94487544 1912376 23730556    0    0     0 31172 85144 48322  1  0 98  0  0  0
 1  0 112704 94485204 1912384 23730572    0    0     0 31340 85188 48855  1  0 98  0  0  0
 1  0 112704 94487964 1912384 23730592    0    0     0 30972 85087 48788  1  0 98  0  0  0
 1  0 112704 94484872 1912384 23730612    0    0     0 30996 85082 48251  1  0 98  0  0  0
 1  0 112704 94483560 1912384 23730624    0    0     0 31060 85145 48065  1  0 98  0  0  0
 1  0 112704 94484412 1912388 23730640    0    0     0 31288 85076 48305  1  0 98  0  0  0
 1  0 112704 94481784 1912396 23730660    0    0     0 31104 85165 48628  1  0 98  0  0  0
 1  0 112704 94479916 1912396 23730744    0    0     0 31236 85207 48560  1  0 98  0  0  0
 1  0 112704 94482232 1912396 23730764    0    0     0 31564 85067 48396  1  0 98  0  0  0
 1  0 112704 94485580 1912396 23730780    0    0     0 30880 85149 48155  1  0 98  0  0  0
procs -----------memory---------- ---swap-- -----io---- -system-- -------cpu-------
 r  b   swpd   free   buff  cache   si   so    bi    bo   in   cs us sy id wa st gu
 2  0 112704 94483056 1912396 23730804    0    0     0 31396 85186 48281  1  0 98  0  0  0
 1  0 112704 94479680 1912396 23730828    0    0     0 31160 85107 48178  1  0 98  0  0  0
 1  0 112704 94478140 1912396 23730848    0    0     0 30840 85070 48255  1  0 98  0  0  0
 1  0 112704 94480520 1912396 23730868    0    0     0 31056 85121 48284  1  0 98  0  0  0
 2  0 112704 94483716 1912396 23730884    0    0     0 31408 85313 48572  1  0 98  0  0  0
 3  0 112704 94483304 1912396 23730900    0    0     0 32364 85098 48604  1  0 98  0  0  0
 1  0 112704 94476976 1912400 23730924    0    0     0 31924 85038 48295  1  0 98  0  0  0
 1  0 112704 94475812 1912400 23730948    0    0     0 32120 85196 48526  1  0 98  0  0  0
 1  0 112704 94480360 1912400 23730960    0    0     0 32296 85137 49076  1  0 98  0  0  0
 1  0 112704 94479184 1912400 23730980    0    0     0 32176 85118 48668  1  0 98  0  0  0
 1  0 112704 94470160 1912400 23731000    0    0     0 32764 85165 49124  1  0 98  0  0  0
 1  0 112704 94471864 1912400 23731016    0    0     0 32024 85066 48269  1  0 98  0  0  0
 2  0 112704 94474368 1912400 23731032    0    0     0 32116 85211 48208  1  0 98  0  0  0
 1  0 112704 94473300 1912400 23731052    0    0     0 32104 85183 48467  1  0 98  0  0  0
 1  0 112704 94471308 1912400 23731072    0    0     0 31956 85091 48998  1  0 98  0  0  0
 1  0 112704 94477332 1912400 23731088    0    0     0 32204 85459 49481  1  0 98  0  0  0
 2  0 112704 94473172 1912400 23731108    0    0     0 31808 85390 49563  1  0 98  0  0  0
 1  0 112704 94475348 1912400 23731128    0    0     0 31828 85348 49627  1  0 98  0  0  0
 1  0 112704 94474128 1912400 23731152    0    0     0 31928 85283 49386  1  0 98  0  0  0
 1  0 112704 94469224 1912400 23731172    0    0     0 32176 85295 49185  1  0 98  0  0  0
 1  0 112704 94463844 1912408 23731188    0    0     0 32636 85398 49500  1  0 98  0  0  0
procs -----------memory---------- ---swap-- -----io---- -system-- -------cpu-------
 r  b   swpd   free   buff  cache   si   so    bi    bo   in   cs us sy id wa st gu
 4  0 112704 94464796 1912412 23731208    0    0     0 32940 85101 48637  1  0 98  0  0  0
 1  0 112704 94470368 1912412 23731228    0    0     0 32724 84998 48841  1  0 98  0  0  0
 1  0 112704 94467648 1912412 23731252    0    0     0 33072 85231 48883  1  0 98  0  0  0
 1  0 112704 94465752 1912412 23731268    0    0     0 32848 85280 48809  1  0 98  0  0  0
 2  0 112704 94468796 1912416 23731276    0    0     0 32712 85445 49448  1  0 98  0  0  0
 1  0 112704 94462632 1912416 23731300    0    0     0 32844 85408 49517  1  0 98  0  0  0
 2  0 112704 94464964 1912416 23731324    0    0     0 32684 85372 49401  1  0 98  0  0  0
 1  0 112704 94469792 1912416 23731344    0    0     0 32960 85539 49228  1  0 98  0  0  0
 1  0 112704 94467592 1912416 23731356    0    0     0 32884 85558 48997  1  0 98  0  0  0
 1  0 112704 94468564 1912424 23731364    0    0     0 32480 85325 49157  1  0 98  0  0  0
 2  0 112704 94466152 1912424 23731388    0    0     0 32808 85560 48875  1  0 98  0  0  0
 1  0 112704 94466468 1912424 23731412    0    0     0 32628 85488 49265  1  0 98  0  0  0
 2  0 112704 94475836 1912424 23731432    0    0     0 32352 85486 48823  1  0 98  0  0  0
 1  0 112704 94475260 1912424 23731448    0    0     0 32968 85445 48969  1  0 98  0  0  0
 2  0 112704 94474184 1912424 23731468    0    0     0 33044 85470 49042  1  0 98  0  0  0
 1  0 112704 94461352 1912428 23731500    0    0     0 33260 85493 49344  1  0 98  0  0  0
 3  0 112704 94470580 1912428 23731516    0    0     0 32756 85374 49422  1  0 98  0  0  0
 1  0 112704 94466540 1912428 23731536    0    0     0 32680 85336 49505  1  0 98  0  0  0
 1  0 112704 94460608 1912428 23731552    0    0     0 33088 85545 49693  1  0 98  0  0  0
 1  0 112704 94455924 1912436 23731560    0    0     0 32904 85546 49067  1  0 98  0  0  0
 1  0 112704 94456200 1912436 23731588    0    0     0 32880 85425 48998  1  0 98  0  0  0
procs -----------memory---------- ---swap-- -----io---- -system-- -------cpu-------
 r  b   swpd   free   buff  cache   si   so    bi    bo   in   cs us sy id wa st gu
 1  0 112704 94448264 1912436 23731612    0    0     0 32740 85428 48825  1  0 98  0  0  0
 1  0 112704 94449480 1912436 23731624    0    0     0 32948 85489 49117  1  0 98  0  0  0
 1  0 112704 94441972 1912436 23731640    0    0     0 32708 85456 49396  1  0 98  0  0  0
 1  0 112704 94441836 1912436 23731660    0    0     0 32612 85410 49104  1  0 98  0  0  0
 1  0 112704 94439896 1912436 23731680    0    0     0 32860 85338 49289  1  0 98  0  0  0
 2  0 112704 94441904 1912436 23731696    0    0     0 32996 85382 49568  1  0 98  0  0  0
 1  0 112704 94448768 1912436 23731720    0    0     0 33132 85520 49146  1  0 98  0  0  0
 1  0 112704 94444676 1912436 23731736    0    0     0 33080 85430 49052  1  0 98  0  0  0
 1  0 112704 94450144 1912436 23731756    0    0     0 33384 85597 49020  1  0 98  0  0  0
 1  0 112704 94447760 1912436 23731776    0    0     0 33492 85500 49065  1  0 98  0  0  0
 2  0 112704 94447812 1912436 23731792    0    0     0 33132 85622 49653  1  0 98  0  0  0
 2  0 112704 94452212 1912440 23731808    0    0     0 32988 85448 49167  1  0 98  0  0  0
 1  0 112704 94454640 1912440 23731832    0    0     0 32960 85547 49095  1  0 98  0  0  0
 2  0 112704 94462336 1912444 23731852    0    0     0 33088 85417 49226  1  0 98  0  0  0
 1  0 112704 94463568 1912444 23731876    0    0     0 33104 85626 49316  1  0 98  0  0  0
 1  0 112704 94462832 1912444 23731960    0    0     0 32916 85360 49293  1  0 98  0  0  0
 1  0 112704 94459956 1912444 23731984    0    0     0 33216 85501 49000  1  0 98  0  0  0
 1  0 112704 94458360 1912444 23732000    0    0     0 32804 85395 48911  1  0 98  0  0  0
 1  0 112704 94458904 1912452 23732004    0    0     0 33152 85564 49104  1  0 98  0  0  0
 1  0 112704 94456788 1912452 23732032    0    0     0 33112 85521 48920  1  0 98  0  0  0
 1  0 112704 94455920 1912452 23732048    0    0     0 33148 85474 48651  1  0 98  0  0  0
procs -----------memory---------- ---swap-- -----io---- -system-- -------cpu-------
 r  b   swpd   free   buff  cache   si   so    bi    bo   in   cs us sy id wa st gu
 2  0 112704 94451776 1912460 23732060    0    0     0 33220 85471 49337  1  0 98  0  0  0
 1  0 112704 94447768 1912460 23732088    0    0     0 32928 85515 49196  1  0 98  0  0  0
 1  0 112704 94444424 1912464 23732100    0    0     0 32972 85467 49186  1  0 98  0  0  0
 1  0 112704 94444300 1912464 23732124    0    0     0 32856 85549 48830  1  0 98  0  0  0
 1  0 112704 94443240 1912464 23732148    0    0     0 32840 85438 48851  1  0 98  0  0  0
 2  0 112704 94441956 1912464 23732164    0    0     0 33020 85461 49026  1  0 98  0  0  0
 3  0 112704 94444772 1912464 23732188    0    0     0 32976 85444 49045  1  0 98  0  0  0
 2  0 112704 94447688 1912472 23732200    0    0     0 33112 85520 49046  1  0 98  0  0  0
 1  0 112704 94442940 1912472 23732228    0    0     0 32948 85340 48955  1  0 98  0  0  0
 1  0 112704 94446008 1912472 23732248    0    0     0 33476 85640 49467  1  0 98  0  0  0
 1  0 112704 94443340 1912472 23732272    0    0     0 33220 85403 49232  1  0 98  0  0  0
 1  0 112704 94449228 1912472 23732288    0    0     0 32864 85522 49032  1  0 98  0  0  0
 1  0 112704 94452964 1912476 23732300    0    0     0 33168 85524 49241  1  0 98  0  0  0
 1  0 112704 94452532 1912476 23732328    0    0     0 32708 85550 49559  1  0 98  0  0  0
 2  0 112704 94452676 1912476 23732340    0    0     0 33008 85548 49352  1  0 98  0  0  0
 1  0 112704 94459632 1912484 23732348    0    0     0 32852 85493 49240  1  0 98  0  0  0
 2  0 112704 94457088 1912484 23732376    0    0     0 32856 85391 49299  1  0 98  0  0  0
 2  0 112704 94464408 1912488 23732396    0    0     0 32636 85577 49301  1  0 98  0  0  0
