timestamp,adaptive_hash_pages_added,adaptive_hash_pages_removed,adaptive_hash_rows_added,adaptive_hash_rows_deleted_no_hash_entry,adaptive_hash_rows_removed,adaptive_hash_rows_updated,adaptive_hash_searches,adaptive_hash_searches_btree,buffer_data_reads,buffer_data_written,buffer_flush_adaptive,buffer_flush_adaptive_avg_pass,buffer_flush_adaptive_avg_time_est,buffer_flush_adaptive_avg_time_slot,buffer_flush_adaptive_avg_time_thread,buffer_flush_adaptive_pages,buffer_flush_adaptive_total_pages,buffer_flush_avg_page_rate,buffer_flush_avg_pass,buffer_flush_avg_time,buffer_flush_background,buffer_flush_background_pages,buffer_flush_background_total_pages,buffer_flush_batches,buffer_flush_batch_num_scan,buffer_flush_batch_pages,buffer_flush_batch_scanned,buffer_flush_batch_scanned_per_call,buffer_flush_batch_total_pages,buffer_flush_lsn_avg_rate,buffer_flush_neighbor,buffer_flush_neighbor_pages,buffer_flush_neighbor_total_pages,buffer_flush_n_to_flush_by_age,buffer_flush_n_to_flush_by_dirty_page,buffer_flush_n_to_flush_requested,buffer_flush_pct_for_dirty,buffer_flush_pct_for_lsn,buffer_flush_sync,buffer_flush_sync_pages,buffer_flush_sync_total_pages,buffer_flush_sync_waits,buffer_LRU_batches_evict,buffer_LRU_batches_flush,buffer_LRU_batch_evict_pages,buffer_LRU_batch_evict_total_pages,buffer_LRU_batch_flush_avg_pass,buffer_LRU_batch_flush_avg_time_est,buffer_LRU_batch_flush_avg_time_slot,buffer_LRU_batch_flush_avg_time_thread,buffer_LRU_batch_flush_pages,buffer_LRU_batch_flush_total_pages,buffer_LRU_batch_num_scan,buffer_LRU_batch_scanned,buffer_LRU_batch_scanned_per_call,buffer_LRU_get_free_loops,buffer_LRU_get_free_search,buffer_LRU_get_free_waits,buffer_LRU_search_num_scan,buffer_LRU_search_scanned,buffer_LRU_search_scanned_per_call,buffer_LRU_single_flush_failure_count,buffer_LRU_single_flush_num_scan,buffer_LRU_single_flush_scanned,buffer_LRU_single_flush_scanned_per_call,buffer_LRU_unzip_search_num_scan,buffer_LRU_unzip_search_scanned,buffer_LRU_unzip_search_scanned_per_call,buffer_pages0_read,buffer_pages_created,buffer_pages_read,buffer_pages_written,buffer_page_read_blob,buffer_page_read_fsp_hdr,buffer_page_read_ibuf_bitmap,buffer_page_read_ibuf_free_list,buffer_page_read_index_ibuf_leaf,buffer_page_read_index_ibuf_non_leaf,buffer_page_read_index_inode,buffer_page_read_index_leaf,buffer_page_read_index_non_leaf,buffer_page_read_other,buffer_page_read_rseg_array,buffer_page_read_system_page,buffer_page_read_trx_system,buffer_page_read_undo_log,buffer_page_read_xdes,buffer_page_read_zblob,buffer_page_read_zblob2,buffer_page_written_blob,buffer_page_written_fsp_hdr,buffer_page_written_ibuf_bitmap,buffer_page_written_ibuf_free_list,buffer_page_written_index_ibuf_leaf,buffer_page_written_index_ibuf_non_leaf,buffer_page_written_index_inode,buffer_page_written_index_leaf,buffer_page_written_index_non_leaf,buffer_page_written_on_log_no_waits,buffer_page_written_on_log_waits,buffer_page_written_on_log_wait_loops,buffer_page_written_other,buffer_page_written_rseg_array,buffer_page_written_system_page,buffer_page_written_trx_system,buffer_page_written_undo_log,buffer_page_written_xdes,buffer_page_written_zblob,buffer_page_written_zblob2,buffer_pool_bytes_data,buffer_pool_bytes_dirty,buffer_pool_pages_data,buffer_pool_pages_dirty,buffer_pool_pages_flushed,buffer_pool_pages_free,buffer_pool_pages_lru_flushed,buffer_pool_pages_misc,buffer_pool_pages_total,buffer_pool_reads,buffer_pool_read_ahead,buffer_pool_read_ahead_evicted,buffer_pool_read_requests,buffer_pool_size,buffer_pool_wait_free,buffer_pool_write_requests,compression_pad_decrements,compression_pad_increments,compress_pages_compressed,compress_pages_decompressed,cpu_n,cpu_stime_abs,cpu_stime_pct,cpu_utime_abs,cpu_utime_pct,dblwr_async_requests,dblwr_flush_requests,dblwr_flush_wait_events,dblwr_sync_requests,ddl_background_drop_tables,ddl_log_file_alter_table,ddl_online_create_index,ddl_pending_alter_table,ddl_sort_file_alter_table,dml_deletes,dml_inserts,dml_reads,dml_system_deletes,dml_system_inserts,dml_system_reads,dml_system_updates,dml_updates,file_num_open_files,ibuf_merges,ibuf_merges_delete,ibuf_merges_delete_mark,ibuf_merges_discard_delete,ibuf_merges_discard_delete_mark,ibuf_merges_discard_insert,ibuf_merges_insert,ibuf_size,icp_attempts,icp_match,icp_no_match,icp_out_of_range,index_page_discards,index_page_merge_attempts,index_page_merge_successful,index_page_reorg_attempts,index_page_reorg_successful,index_page_splits,innodb_activity_count,innodb_background_drop_table_usec,innodb_dblwr_pages_written,innodb_dblwr_writes,innodb_dict_lru_count,innodb_dict_lru_usec,innodb_ibuf_merge_usec,innodb_master_active_loops,innodb_master_idle_loops,innodb_master_purge_usec,innodb_master_thread_sleeps,innodb_mem_validate_usec,innodb_page_size,innodb_rwlock_sx_os_waits,innodb_rwlock_sx_spin_rounds,innodb_rwlock_sx_spin_waits,innodb_rwlock_s_os_waits,innodb_rwlock_s_spin_rounds,innodb_rwlock_s_spin_waits,innodb_rwlock_x_os_waits,innodb_rwlock_x_spin_rounds,innodb_rwlock_x_spin_waits,lock_deadlocks,lock_deadlock_false_positives,lock_deadlock_rounds,lock_rec_grant_attempts,lock_rec_locks,lock_rec_lock_created,lock_rec_lock_removed,lock_rec_lock_requests,lock_rec_lock_waits,lock_rec_release_attempts,lock_row_lock_current_waits,lock_row_lock_time,lock_row_lock_time_avg,lock_row_lock_time_max,lock_row_lock_waits,lock_schedule_refreshes,lock_table_locks,lock_table_lock_created,lock_table_lock_removed,lock_table_lock_waits,lock_threads_waiting,lock_timeouts,log_checkpoints,log_concurrency_margin,log_flusher_no_waits,log_flusher_waits,log_flusher_wait_loops,log_flush_avg_time,log_flush_lsn_avg_rate,log_flush_max_time,log_flush_notifier_no_waits,log_flush_notifier_waits,log_flush_notifier_wait_loops,log_flush_total_time,log_free_space,log_full_block_writes,log_lsn_archived,log_lsn_buf_dirty_pages_added,log_lsn_buf_pool_oldest_approx,log_lsn_buf_pool_oldest_lwm,log_lsn_checkpoint_age,log_lsn_current,log_lsn_last_checkpoint,log_lsn_last_flush,log_max_modified_age_async,log_max_modified_age_sync,log_next_file,log_on_buffer_space_no_waits,log_on_buffer_space_waits,log_on_buffer_space_wait_loops,log_on_file_space_no_waits,log_on_file_space_waits,log_on_file_space_wait_loops,log_on_flush_no_waits,log_on_flush_waits,log_on_flush_wait_loops,log_on_recent_closed_wait_loops,log_on_recent_written_wait_loops,log_on_write_no_waits,log_on_write_waits,log_on_write_wait_loops,log_padded,log_partial_block_writes,log_waits,log_writer_no_waits,log_writer_on_archiver_waits,log_writer_on_file_space_waits,log_writer_on_tracker_waits,log_writer_waits,log_writer_wait_loops,log_writes,log_write_notifier_no_waits,log_write_notifier_waits,log_write_notifier_wait_loops,log_write_requests,log_write_to_file_requests_interval,metadata_table_handles_closed,metadata_table_handles_opened,metadata_table_reference_count,module_cpu,module_dblwr,module_page_track,os_data_fsyncs,os_data_reads,os_data_writes,os_log_bytes_written,os_log_fsyncs,os_log_pending_fsyncs,os_log_pending_writes,os_pending_reads,os_pending_writes,page_track_checkpoint_partial_flush_request,page_track_full_block_writes,page_track_partial_block_writes,page_track_resets,purge_del_mark_records,purge_dml_delay_usec,purge_invoked,purge_resume_count,purge_stop_count,purge_truncate_history_count,purge_truncate_history_usec,purge_undo_log_pages,purge_upd_exist_or_extern_records,sampled_pages_read,sampled_pages_skipped,trx_active_transactions,trx_allocations,trx_commits_insert_update,trx_nl_ro_commits,trx_on_log_no_waits,trx_on_log_waits,trx_on_log_wait_loops,trx_rollbacks,trx_rollbacks_savepoint,trx_rollback_active,trx_ro_commits,trx_rseg_current_size,trx_rseg_history_len,trx_rw_commits,trx_undo_slots_cached,trx_undo_slots_used,undo_truncate_count,undo_truncate_done_logging_count,undo_truncate_start_logging_count,undo_truncate_usec
1787232581.843,0,0,0,0,0,0,0,2789005262,1392183808,2224150081024,0,0,0,0,0,0,0,0,0,0,0,0,0,0,0,0,0,0,0,0,0,0,0,0,0,0,0,0,0,0,0,0,0,0,0,0,0,0,0,0,0,0,0,0,0,0,0,0,0,0,0,0,0,0,0,0,0,0,7,3156521,85031,96239911,0,0,0,0,0,0,0,0,0,0,0,0,0,0,0,0,0,0,0,0,0,0,0,0,0,0,0,0,0,0,0,0,0,0,0,0,0,51730366464,32722534400,3157371,1997225,96149362,1036421,0,512,4194304,84841,0,0,13112502778,68719476736,0,2194597878,0,0,0,0,0,0,0,0,0,0,0,0,0,0,0,0,0,0,76483507,276238295,0,468,1204,7863,623,152969123,35,0,0,0,0,0,0,0,1,0,0,0,0,0,0,0,0,0,0,93087238,0,96154390,784267,0,0,0,0,0,0,0,0,16384,0,0,0,0,0,0,0,0,0,0,0,8369,320,0,0,0,0,0,232394969,0,354,1,14,320,8369,0,0,0,0,0,0,0,0,0,0,0,0,0,0,0,0,0,0,0,0,0,0,0,0,0,0,0,0,0,0,0,0,0,0,0,0,0,0,0,0,0,0,0,0,0,0,0,0,0,0,0,0,0,0,829290886,0,0,0,1651357591,0,0,0,0,0,0,0,122239788,738038,926167367,524379510272,109411890,0,0,0,0,0,0,0,0,0,0,0,0,0,0,0,0,0,0,0,0,0,0,0,0,0,0,0,0,0,0,0,1073096,0,0,0,0,0,0,0
1787232586.525,0,0,0,0,0,0,0,2789116225,1392183808,2224378548224,0,0,0,0,0,0,0,0,0,0,0,0,0,0,0,0,0,0,0,0,0,0,0,0,0,0,0,0,0,0,0,0,0,0,0,0,0,0,0,0,0,0,0,0,0,0,0,0,0,0,0,0,0,0,0,0,0,0,7,3156521,85031,96253533,0,0,0,0,0,0,0,0,0,0,0,0,0,0,0,0,0,0,0,0,0,0,0,0,0,0,0,0,0,0,0,0,0,0,0,0,0,51730366464,32528973824,3157371,1985411,96169362,1036421,0,512,4194304,84841,0,0,13113132622,68719476736,0,2194775461,0,0,0,0,0,0,0,0,0,0,0,0,0,0,0,0,0,0,76483507,276238295,0,468,1204,7863,623,152969123,35,0,0,0,0,0,0,0,1,0,0,0,0,0,0,0,0,0,0,93087238,0,96168012,784376,0,0,0,0,0,0,0,0,16384,0,0,0,0,0,0,0,0,0,0,0,8370,320,0,0,0,0,0,232394969,0,354,1,14,320,8370,0,0,0,0,0,0,0,0,0,0,0,0,0,0,0,0,0,0,0,0,0,0,0,0,0,0,0,0,0,0,0,0,0,0,0,0,0,0,0,0,0,0,0,0,0,0,0,0,0,0,0,0,0,0,829293774,0,0,0,1651436043,0,0,0,0,0,0,0,122243448,738038,926183987,524383752704,109413355,0,0,0,0,0,0,0,0,0,0,0,0,0,0,0,0,0,0,0,0,0,0,0,0,0,0,0,0,0,0,0,1043550,0,0,0,0,0,0,0
1787232587.797,0,0,0,0,0,0,0,2789299070,1392183808,2224550224384,0,0,0,0,0,0,0,0,0,0,0,0,0,0,0,0,0,0,0,0,0,0,0,0,0,0,0,0,0,0,0,0,0,0,0,0,0,0,0,0,0,0,0,0,0,0,0,0,0,0,0,0,0,0,0,0,0,0,7,3156521,85031,96263533,0,0,0,0,0,0,0,0,0,0,0,0,0,0,0,0,0,0,0,0,0,0,0,0,0,0,0,0,0,0,0,0,0,0,0,0,0,51730366464,32415154176,3157371,1978464,96179362,1036421,0,512,4194304,84841,0,0,13114172773,68719476736,0,2195065933,0,0,0,0,0,0,0,0,0,0,0,0,0,0,0,0,0,0,76483507,276238295,0,468,1204,7863,623,152969123,35,0,0,0,0,0,0,0,1,0,0,0,0,0,0,0,0,0,0,93087238,0,96178012,784456,0,0,0,0,0,0,0,0,16384,0,0,0,0,0,0,0,0,0,0,0,8371,320,0,0,0,0,0,232394969,0,354,1,14,320,8371,0,0,0,0,0,0,0,0,0,0,0,0,0,0,0,0,0,0,0,0,0,0,0,0,0,0,0,0,0,0,0,0,0,0,0,0,0,0,0,0,0,0,0,0,0,0,0,0,0,0,0,0,0,0,829296655,0,0,0,1651563831,0,0,0,0,0,0,0,122246229,738038,926196947,524389944320,109414538,0,0,0,0,0,0,0,0,0,0,0,0,0,0,0,0,0,0,0,0,0,0,0,0,0,0,0,0,0,0,0,996296,0,0,0,0,0,0,0
1787232588.881,0,0,0,0,0,0,0,2789463974,1392183808,2224729774080,0,0,0,0,0,0,0,0,0,0,0,0,0,0,0,0,0,0,0,0,0,0,0,0,0,0,0,0,0,0,0,0,0,0,0,0,0,0,0,0,0,0,0,0,0,0,0,0,0,0,0,0,0,0,0,0,0,0,7,3156521,85031,96274045,0,0,0,0,0,0,0,0,0,0,0,0,0,0,0,0,0,0,0,0,0,0,0,0,0,0,0,0,0,0,0,0,0,0,0,0,0,51730366464,32285786112,3157371,1970568,96189362,1036421,0,512,4194304,84841,0,0,13115094665,68719476736,0,2195313391,0,0,0,0,0,0,0,0,0,0,0,0,0,0,0,0,0,0,76483507,276238295,0,468,1204,7863,623,152969123,35,0,0,0,0,0,0,0,1,0,0,0,0,0,0,0,0,0,0,93087238,0,96188524,784540,0,0,0,0,0,0,0,0,16384,0,0,0,0,0,0,0,0,0,0,0,8372,320,0,0,0,0,0,232394969,0,354,1,14,320,8372,0,0,0,0,0,0,0,0,0,0,0,0,0,0,0,0,0,0,0,0,0,0,0,0,0,0,0,0,0,0,0,0,0,0,0,0,0,0,0,0,0,0,0,0,0,0,0,0,0,0,0,0,0,0,829300529,0,0,0,1651674595,0,0,0,0,0,0,0,122249427,738038,926211424,524395412992,109416057,0,0,0,0,0,0,0,0,0,0,0,0,0,0,0,0,0,0,0,0,0,0,0,0,0,0,0,0,0,0,0,958334,0,0,0,0,0,0,0
1787232589.954,0,0,0,0,0,0,0,2789716747,1392183808,2224951927296,0,0,0,0,0,0,0,0,0,0,0,0,0,0,0,0,0,0,0,0,0,0,0,0,0,0,0,0,0,0,0,0,0,0,0,0,0,0,0,0,0,0,0,0,0,0,0,0,0,0,0,0,0,0,0,0,0,0,7,3156521,85031,96286929,0,0,0,0,0,0,0,0,0,0,0,0,0,0,0,0,0,0,0,0,0,0,0,0,0,0,0,0,0,0,0,0,0,0,0,0,0,51730366464,32125108224,3157371,1960761,96199362,1036421,0,512,4194304,84841,0,0,13116461204,68719476736,0,2195645300,0,0,0,0,0,0,0,0,0,0,0,0,0,0,0,0,0,0,76483507,276238295,0,468,1204,7863,623,152969123,35,0,0,0,0,0,0,0,1,0,0,0,0,0,0,0,0,0,0,93087238,0,96201536,784644,0,0,0,0,0,0,0,0,16384,0,0,0,0,0,0,0,0,0,0,0,8373,320,0,0,0,0,0,232394969,0,354,1,14,320,8373,0,0,0,0,0,0,0,0,0,0,0,0,0,0,0,0,0,0,0,0,0,0,0,0,0,0,0,0,0,0,0,0,0,0,0,0,0,0,0,0,0,0,0,0,0,0,0,0,0,0,0,0,0,0,829303764,0,0,0,1651825038,0,0,0,0,0,0,0,122253056,738038,926227763,524402350592,109417602,0,0,0,0,0,0,0,0,0,0,0,0,0,0,0,0,0,0,0,0,0,0,0,0,0,0,0,0,0,0,0,919496,0,0,0,0,0,0,0
1787232591.023,0,0,0,0,0,0,0,2789981528,1392183808,2225163561984,0,0,0,0,0,0,0,0,0,0,0,0,0,0,0,0,0,0,0,0,0,0,0,0,0,0,0,0,0,0,0,0,0,0,0,0,0,0,0,0,0,0,0,0,0,0,0,0,0,0,0,0,0,0,0,0,0,0,7,3156521,85031,96299332,0,0,0,0,0,0,0,0,0,0,0,0,0,0,0,0,0,0,0,0,0,0,0,0,0,0,0,0,0,0,0,0,0,0,0,0,0,51730366464,31968280576,3157371,1951189,96209362,1036421,0,512,4194304,84841,0,0,13117890034,68719476736,0,2195988316,0,0,0,0,0,0,0,0,0,0,0,0,0,0,0,0,0,0,76483507,276238295,0,468,1204,7863,623,152969123,35,0,0,0,0,0,0,0,1,0,0,0,0,0,0,0,0,0,0,93087238,0,96213780,784743,0,0,0,0,0,0,0,0,16384,0,0,0,0,0,0,0,0,0,0,0,8374,320,0,0,0,0,0,232394969,0,354,1,14,320,8374,0,0,0,0,0,0,0,0,0,0,0,0,0,0,0,0,0,0,0,0,0,0,0,0,0,0,0,0,0,0,0,0,0,0,0,0,0,0,0,0,0,0,0,0,0,0,0,0,0,0,0,0,0,0,829306903,0,0,0,1651980583,0,0,0,0,0,0,0,122256533,738038,926243373,524409510400,109419087,0,0,0,0,0,0,0,0,0,0,0,0,0,0,0,0,0,0,0,0,0,0,0,0,0,0,0,0,0,0,0,881096,0,0,0,0,0,0,0
1787232592.093,0,0,0,0,0,0,0,2790236062,1392183808,2225381695488,0,0,0,0,0,0,0,0,0,0,0,0,0,0,0,0,0,0,0,0,0,0,0,0,0,0,0,0,0,0,0,0,0,0,0,0,0,0,0,0,0,0,0,0,0,0,0,0,0,0,0,0,0,0,0,0,0,0,7,3156521,85031,96311929,0,0,0,0,0,0,0,0,0,0,0,0,0,0,0,0,0,0,0,0,0,0,0,0,0,0,0,0,0,0,0,0,0,0,0,0,0,51730366464,31820644352,3157371,1942178,96219362,1036421,0,512,4194304,84841,0,0,13119369017,68719476736,0,2196419241,0,0,0,0,0,0,0,0,0,0,0,0,0,0,0,0,0,0,76483507,276238295,0,468,1204,7863,623,152969123,35,0,0,0,0,0,0,0,1,0,0,0,0,0,0,0,0,0,0,93087238,0,96226408,784844,0,0,0,0,0,0,0,0,16384,0,0,0,0,0,0,0,0,0,0,0,8375,320,0,0,0,0,0,232394969,0,354,1,14,320,8375,0,0,0,0,0,0,0,0,0,0,0,0,0,0,0,0,0,0,0,0,0,0,0,0,0,0,0,0,0,0,0,0,0,0,0,0,0,0,0,0,0,0,0,0,0,0,0,0,0,0,0,0,0,0,829310531,0,0,0,1652170036,0,0,0,0,0,0,0,122260137,738038,926259727,524418270208,109420673,0,0,0,0,0,0,0,0,0,0,0,0,0,0,0,0,0,0,0,0,0,0,0,0,0,0,0,0,0,0,0,804296,0,0,0,0,0,0,0
1787232593.164,0,0,0,0,0,0,0,2790501298,1392183808,2225578869760,0,0,0,0,0,0,0,0,0,0,0,0,0,0,0,0,0,0,0,0,0,0,0,0,0,0,0,0,0,0,0,0,0,0,0,0,0,0,0,0,0,0,0,0,0,0,0,0,0,0,0,0,0,0,0,0,0,0,7,3156521,85031,96323533,0,0,0,0,0,0,0,0,0,0,0,0,0,0,0,0,0,0,0,0,0,0,0,0,0,0,0,0,0,0,0,0,0,0,0,0,0,51730366464,31672565760,3157371,1933140,96239362,1036421,0,512,4194304,84841,0,0,13120798647,68719476736,0,2196761877,0,0,0,0,0,0,0,0,0,0,0,0,0,0,0,0,0,0,76483507,276238295,0,468,1204,7863,623,152969123,35,0,0,0,0,0,0,0,1,0,0,0,0,0,0,0,0,0,0,93087238,0,96238012,784936,0,0,0,0,0,0,0,0,16384,0,0,0,0,0,0,0,0,0,0,0,8376,320,0,0,0,0,0,232394969,0,354,1,14,320,8376,0,0,0,0,0,0,0,0,0,0,0,0,0,0,0,0,0,0,0,0,0,0,0,0,0,0,0,0,0,0,0,0,0,0,0,0,0,0,0,0,0,0,0,0,0,0,0,0,0,0,0,0,0,0,829313641,0,0,0,1652325826,0,0,0,0,0,0,0,122263541,738038,926274404,524425212416,109422217,0,0,0,0,0,0,0,0,0,0,0,0,0,0,0,0,0,0,0,0,0,0,0,0,0,0,0,0,0,0,0,765896,0,0,0,0,0,0,0
1787232594.234,0,0,0,0,0,0,0,2790757950,1392183808,2225753937408,0,0,0,0,0,0,0,0,0,0,0,0,0,0,0,0,0,0,0,0,0,0,0,0,0,0,0,0,0,0,0,0,0,0,0,0,0,0,0,0,0,0,0,0,0,0,0,0,0,0,0,0,0,0,0,0,0,0,7,3156521,85031,96333533,0,0,0,0,0,0,0,0,0,0,0,0,0,0,0,0,0,0,0,0,0,0,0,0,0,0,0,0,0,0,0,0,0,0,0,0,0,51730366464,31567970304,3157371,1926756,96249362,1036421,0,512,4194304,84841,0,0,13122287036,68719476736,0,2197193302,0,0,0,0,0,0,0,0,0,0,0,0,0,0,0,0,0,0,76483507,276238295,0,468,1204,7863,623,152969123,35,0,0,0,0,0,0,0,1,0,0,0,0,0,0,0,0,0,0,93087238,0,96248012,785016,0,0,0,0,0,0,0,0,16384,0,0,0,0,0,0,0,0,0,0,0,8377,320,0,0,0,0,0,232394969,0,354,1,14,320,8377,0,0,0,0,0,0,0,0,0,0,0,0,0,0,0,0,0,0,0,0,0,0,0,0,0,0,0,0,0,0,0,0,0,0,0,0,0,0,0,0,0,0,0,0,0,0,0,0,0,0,0,0,0,0,829317401,0,0,0,1652516173,0,0,0,0,0,0,0,122266747,738038,926288243,524434199552,109423818,0,0,0,0,0,0,0,0,0,0,0,0,0,0,0,0,0,0,0,0,0,0,0,0,0,0,0,0,0,0,0,689096,0,0,0,0,0,0,0
1787232595.303,0,0,0,0,0,0,0,2791021620,1392183808,2225927249920,0,0,0,0,0,0,0,0,0,0,0,0,0,0,0,0,0,0,0,0,0,0,0,0,0,0,0,0,0,0,0,0,0,0,0,0,0,0,0,0,0,0,0,0,0,0,0,0,0,0,0,0,0,0,0,0,0,0,7,3156521,85031,96343533,0,0,0,0,0,0,0,0,0,0,0,0,0,0,0,0,0,0,0,0,0,0,0,0,0,0,0,0,0,0,0,0,0,0,0,0,0,51730366464,31448530944,3157371,1919465,96259362,1036421,0,512,4194304,84841,0,0,13123744194,68719476736,0,2197567356,0,0,0,0,0,0,0,0,0,0,0,0,0,0,0,0,0,0,76483507,276238295,0,468,1204,7863,623,152969123,35,0,0,0,0,0,0,0,1,0,0,0,0,0,0,0,0,0,0,93087238,0,96258012,785096,0,0,0,0,0,0,0,0,16384,0,0,0,0,0,0,0,0,0,0,0,8379,320,0,0,0,0,0,232394969,0,354,1,14,320,8379,0,0,0,0,0,0,0,0,0,0,0,0,0,0,0,0,0,0,0,0,0,0,0,0,0,0,0,0,0,0,0,0,0,0,0,0,0,0,0,0,0,0,0,0,0,0,0,0,0,0,0,0,0,0,829320702,0,0,0,1652684808,0,0,0,0,0,0,0,122269964,738038,926301619,524441529856,109425399,0,0,0,0,0,0,0,0,0,0,0,0,0,0,0,0,0,0,0,0,0,0,0,0,0,0,0,0,0,0,0,637255,0,0,0,0,0,0,0
1787232596.371,0,0,0,0,0,0,0,2791278071,1392183808,2226101484544,0,0,0,0,0,0,0,0,0,0,0,0,0,0,0,0,0,0,0,0,0,0,0,0,0,0,0,0,0,0,0,0,0,0,0,0,0,0,0,0,0,0,0,0,0,0,0,0,0,0,0,0,0,0,0,0,0,0,7,3156521,85031,96353533,0,0,0,0,0,0,0,0,0,0,0,0,0,0,0,0,0,0,0,0,0,0,0,0,0,0,0,0,0,0,0,0,0,0,0,0,0,51730366464,31340838912,3157371,1912893,96269362,1036421,0,512,4194304,84841,0,0,13125196585,68719476736,0,2197965179,0,0,0,0,0,0,0,0,0,0,0,0,0,0,0,0,0,0,76483507,276238295,0,468,1204,7863,623,152969123,35,0,0,0,0,0,0,0,1,0,0,0,0,0,0,0,0,0,0,93087238,0,96268012,785176,0,0,0,0,0,0,0,0,16384,0,0,0,0,0,0,0,0,0,0,0,8380,320,0,0,0,0,0,232394969,0,354,1,14,320,8380,0,0,0,0,0,0,0,0,0,0,0,0,0,0,0,0,0,0,0,0,0,0,0,0,0,0,0,0,0,0,0,0,0,0,0,0,0,0,0,0,0,0,0,0,0,0,0,0,0,0,0,0,0,0,829324220,0,0,0,1652861626,0,0,0,0,0,0,0,122273158,738038,926315213,524449742848,109426993,0,0,0,0,0,0,0,0,0,0,0,0,0,0,0,0,0,0,0,0,0,0,0,0,0,0,0,0,0,0,0,573896,0,0,0,0,0,0,0
1787232597.441,0,0,0,0,0,0,0,2791540376,1392183808,2226276124160,0,0,0,0,0,0,0,0,0,0,0,0,0,0,0,0,0,0,0,0,0,0,0,0,0,0,0,0,0,0,0,0,0,0,0,0,0,0,0,0,0,0,0,0,0,0,0,0,0,0,0,0,0,0,0,0,0,0,7,3156521,85031,96363533,0,0,0,0,0,0,0,0,0,0,0,0,0,0,0,0,0,0,0,0,0,0,0,0,0,0,0,0,0,0,0,0,0,0,0,0,0,51730366464,31235833856,3157371,1906484,96279362,1036421,0,512,4194304,84841,0,0,13126697547,68719476736,0,2198386545,0,0,0,0,0,0,0,0,0,0,0,0,0,0,0,0,0,0,76483507,276238295,0,468,1204,7863,623,152969123,35,0,0,0,0,0,0,0,1,0,0,0,0,0,0,0,0,0,0,93087238,0,96278012,785256,0,0,0,0,0,0,0,0,16384,0,0,0,0,0,0,0,0,0,0,0,8381,320,0,0,0,0,0,232394969,0,354,1,14,320,8381,0,0,0,0,0,0,0,0,0,0,0,0,0,0,0,0,0,0,0,0,0,0,0,0,0,0,0,0,0,0,0,0,0,0,0,0,0,0,0,0,0,0,0,0,0,0,0,0,0,0,0,0,0,0,829327724,0,0,0,1653049500,0,0,0,0,0,0,0,122276322,738038,926328798,524458299392,109428560,0,0,0,0,0,0,0,0,0,0,0,0,0,0,0,0,0,0,0,0,0,0,0,0,0,0,0,0,0,0,0,502312,0,0,0,0,0,0,0
1787232598.509,0,0,0,0,0,0,0,2791818197,1392183808,2226449431040,0,0,0,0,0,0,0,0,0,0,0,0,0,0,0,0,0,0,0,0,0,0,0,0,0,0,0,0,0,0,0,0,0,0,0,0,0,0,0,0,0,0,0,0,0,0,0,0,0,0,0,0,0,0,0,0,0,0,7,3156521,85031,96373533,0,0,0,0,0,0,0,0,0,0,0,0,0,0,0,0,0,0,0,0,0,0,0,0,0,0,0,0,0,0,0,0,0,0,0,0,0,51730366464,31116460032,3157371,1899198,96289362,1036421,0,512,4194304,84841,0,0,13128200915,68719476736,0,2198751574,0,0,0,0,0,0,0,0,0,0,0,0,0,0,0,0,0,0,76483507,276238295,0,468,1204,7863,623,152969123,35,0,0,0,0,0,0,0,1,0,0,0,0,0,0,0,0,0,0,93087238,0,96288012,785336,0,0,0,0,0,0,0,0,16384,0,0,0,0,0,0,0,0,0,0,0,8382,320,0,0,0,0,0,232394969,0,354,1,14,320,8382,0,0,0,0,0,0,0,0,0,0,0,0,0,0,0,0,0,0,0,0,0,0,0,0,0,0,0,0,0,0,0,0,0,0,0,0,0,0,0,0,0,0,0,0,0,0,0,0,0,0,0,0,0,0,829330947,0,0,0,1653216185,0,0,0,0,0,0,0,122279432,738038,926342094,524465592832,109430070,0,0,0,0,0,0,0,0,0,0,0,0,0,0,0,0,0,0,0,0,0,0,0,0,0,0,0,0,0,0,0,458696,0,0,0,0,0,0,0
1787232599.577,0,0,0,0,0,0,0,2792087746,1392183808,2226624852992,0,0,0,0,0,0,0,0,0,0,0,0,0,0,0,0,0,0,0,0,0,0,0,0,0,0,0,0,0,0,0,0,0,0,0,0,0,0,0,0,0,0,0,0,0,0,0,0,0,0,0,0,0,0,0,0,0,0,7,3156521,85031,96383533,0,0,0,0,0,0,0,0,0,0,0,0,0,0,0,0,0,0,0,0,0,0,0,0,0,0,0,0,0,0,0,0,0,0,0,0,0,51730366464,31013879808,3157371,1892937,96299362,1036421,0,512,4194304,84841,0,0,13129751894,68719476736,0,2199192462,0,0,0,0,0,0,0,0,0,0,0,0,0,0,0,0,0,0,76483507,276238295,0,468,1204,7863,623,152969123,35,0,0,0,0,0,0,0,1,0,0,0,0,0,0,0,0,0,0,93087238,0,96298012,785416,0,0,0,0,0,0,0,0,16384,0,0,0,0,0,0,0,0,0,0,0,8383,320,0,0,0,0,0,232394969,0,354,1,14,320,8383,0,0,0,0,0,0,0,0,0,0,0,0,0,0,0,0,0,0,0,0,0,0,0,0,0,0,0,0,0,0,0,0,0,0,0,0,0,0,0,0,0,0,0,0,0,0,0,0,0,0,0,0,0,0,829334666,0,0,0,1653412494,0,0,0,0,0,0,0,122282688,738038,926355888,524474835456,109431726,0,0,0,0,0,0,0,0,0,0,0,0,0,0,0,0,0,0,0,0,0,0,0,0,0,0,0,0,0,0,0,381896,0,0,0,0,0,0,0
1787232600.645,0,0,0,0,0,0,0,2792368609,1392183808,2226798316032,0,0,0,0,0,0,0,0,0,0,0,0,0,0,0,0,0,0,0,0,0,0,0,0,0,0,0,0,0,0,0,0,0,0,0,0,0,0,0,0,0,0,0,0,0,0,0,0,0,0,0,0,0,0,0,0,0,0,7,3156521,85031,96393533,0,0,0,0,0,0,0,0,0,0,0,0,0,0,0,0,0,0,0,0,0,0,0,0,0,0,0,0,0,0,0,0,0,0,0,0,0,51730366464,30889656320,3157371,1885355,96309362,1036421,0,512,4194304,84841,0,0,13131257954,68719476736,0,2199547640,0,0,0,0,0,0,0,0,0,0,0,0,0,0,0,0,0,0,76483507,276238295,0,468,1204,7863,623,152969123,35,0,0,0,0,0,0,0,1,0,0,0,0,0,0,0,0,0,0,93087238,0,96308012,785496,0,0,0,0,0,0,0,0,16384,0,0,0,0,0,0,0,0,0,0,0,8384,320,0,0,0,0,0,232394969,0,354,1,14,320,8384,0,0,0,0,0,0,0,0,0,0,0,0,0,0,0,0,0,0,0,0,0,0,0,0,0,0,0,0,0,0,0,0,0,0,0,0,0,0,0,0,0,0,0,0,0,0,0,0,0,0,0,0,0,0,829338031,0,0,0,1653575534,0,0,0,0,0,0,0,122285895,738038,926369332,524482264064,109433318,0,0,0,0,0,0,0,0,0,0,0,0,0,0,0,0,0,0,0,0,0,0,0,0,0,0,0,0,0,0,0,343496,0,0,0,0,0,0,0
1787232601.714,0,0,0,0,0,0,0,2792637634,1392183808,2226973499904,0,0,0,0,0,0,0,0,0,0,0,0,0,0,0,0,0,0,0,0,0,0,0,0,0,0,0,0,0,0,0,0,0,0,0,0,0,0,0,0,0,0,0,0,0,0,0,0,0,0,0,0,0,0,0,0,0,0,7,3156521,85031,96403533,0,0,0,0,0,0,0,0,0,0,0,0,0,0,0,0,0,0,0,0,0,0,0,0,0,0,0,0,0,0,0,0,0,0,0,0,0,51730366464,30781489152,3157371,1878753,96319362,1036421,0,512,4194304,84841,0,0,13132806887,68719476736,0,2199989819,0,0,0,0,0,0,0,0,0,0,0,0,0,0,0,0,0,0,76483507,276238295,0,468,1204,7863,623,152969123,35,0,0,0,0,0,0,0,1,0,0,0,0,0,0,0,0,0,0,93087238,0,96318012,785576,0,0,0,0,0,0,0,0,16384,0,0,0,0,0,0,0,0,0,0,0,8385,320,0,0,0,0,0,232394969,0,354,1,14,320,8385,0,0,0,0,0,0,0,0,0,0,0,0,0,0,0,0,0,0,0,0,0,0,0,0,0,0,0,0,0,0,0,0,0,0,0,0,0,0,0,0,0,0,0,0,0,0,0,0,0,0,0,0,0,0,829341738,0,0,0,1653771582,0,0,0,0,0,0,0,122289096,738038,926383120,524491323904,109434925,0,0,0,0,0,0,0,0,0,0,0,0,0,0,0,0,0,0,0,0,0,0,0,0,0,0,0,0,0,0,0,266696,0,0,0,0,0,0,0
1787232602.783,0,0,0,0,0,0,0,2792922393,1392183808,2227146820096,0,0,0,0,0,0,0,0,0,0,0,0,0,0,0,0,0,0,0,0,0,0,0,0,0,0,0,0,0,0,0,0,0,0,0,0,0,0,0,0,0,0,0,0,0,0,0,0,0,0,0,0,0,0,0,0,0,0,7,3156521,85031,96413533,0,0,0,0,0,0,0,0,0,0,0,0,0,0,0,0,0,0,0,0,0,0,0,0,0,0,0,0,0,0,0,0,0,0,0,0,0,51730366464,30653218816,3157371,1870924,96329362,1036421,0,512,4194304,84841,0,0,13134333795,68719476736,0,2200350258,0,0,0,0,0,0,0,0,0,0,0,0,0,0,0,0,0,0,76483507,276238295,0,468,1204,7863,623,152969123,35,0,0,0,0,0,0,0,1,0,0,0,0,0,0,0,0,0,0,93087238,0,96328012,785656,0,0,0,0,0,0,0,0,16384,0,0,0,0,0,0,0,0,0,0,0,8386,320,0,0,0,0,0,232394969,0,354,1,14,320,8386,0,0,0,0,0,0,0,0,0,0,0,0,0,0,0,0,0,0,0,0,0,0,0,0,0,0,0,0,0,0,0,0,0,0,0,0,0,0,0,0,0,0,0,0,0,0,0,0,0,0,0,0,0,0,829344931,0,0,0,1653936071,0,0,0,0,0,0,0,122292227,738038,926396391,524498609664,109436462,0,0,0,0,0,0,0,0,0,0,0,0,0,0,0,0,0,0,0,0,0,0,0,0,0,0,0,0,0,0,0,228296,0,0,0,0,0,0,0
1787232603.852,0,0,0,0,0,0,0,2793194912,1392183808,2227322100224,0,0,0,0,0,0,0,0,0,0,0,0,0,0,0,0,0,0,0,0,0,0,0,0,0,0,0,0,0,0,0,0,0,0,0,0,0,0,0,0,0,0,0,0,0,0,0,0,0,0,0,0,0,0,0,0,0,0,7,3156521,85031,96423533,0,0,0,0,0,0,0,0,0,0,0,0,0,0,0,0,0,0,0,0,0,0,0,0,0,0,0,0,0,0,0,0,0,0,0,0,0,51730366464,30538661888,3157371,1863932,96339362,1036421,0,512,4194304,84841,0,0,13135896983,68719476736,0,2200792462,0,0,0,0,0,0,0,0,0,0,0,0,0,0,0,0,0,0,76483507,276238295,0,468,1204,7863,623,152969123,35,0,0,0,0,0,0,0,1,0,0,0,0,0,0,0,0,0,0,93087238,0,96338012,785736,0,0,0,0,0,0,0,0,16384,0,0,0,0,0,0,0,0,0,0,0,8387,320,0,0,0,0,0,232394969,0,354,1,14,320,8387,0,0,0,0,0,0,0,0,0,0,0,0,0,0,0,0,0,0,0,0,0,0,0,0,0,0,0,0,0,0,0,0,0,0,0,0,0,0,0,0,0,0,0,0,0,0,0,0,0,0,0,0,0,0,829348589,0,0,0,1654133761,0,0,0,0,0,0,0,122295467,738038,926410127,524507712512,109438106,0,0,0,0,0,0,0,0,0,0,0,0,0,0,0,0,0,0,0,0,0,0,0,0,0,0,0,0,0,0,0,151496,0,0,0,0,0,0,0
1787232604.919,0,0,0,0,0,0,0,2793464602,1392183808,2227533135360,0,0,0,0,0,0,0,0,0,0,0,0,0,0,0,0,0,0,0,0,0,0,0,0,0,0,0,0,0,0,0,0,0,0,0,0,0,0,0,0,0,0,0,0,0,0,0,0,0,0,0,0,0,0,0,0,0,0,7,3156521,85031,96435679,0,0,0,0,0,0,0,0,0,0,0,0,0,0,0,0,0,0,0,0,0,0,0,0,0,0,0,0,0,0,0,0,0,0,0,0,0,51730366464,30388682752,3157371,1854778,96349362,1036421,0,512,4194304,84841,0,0,13137449654,68719476736,0,2201234175,0,0,0,0,0,0,0,0,0,0,0,0,0,0,0,0,0,0,76483507,276238295,0,468,1204,7863,623,152969123,35,0,0,0,0,0,0,0,1,0,0,0,0,0,0,0,0,0,0,93087238,0,96350158,785833,0,0,0,0,0,0,0,0,16384,0,0,0,0,0,0,0,0,0,0,0,8388,320,0,0,0,0,0,232394969,0,354,1,14,320,8388,0,0,0,0,0,0,0,0,0,0,0,0,0,0,0,0,0,0,0,0,0,0,0,0,0,0,0,0,0,0,0,0,0,0,0,0,0,0,0,0,0,0,0,0,0,0,0,0,0,0,0,0,0,0,829352364,0,0,0,1654330276,0,0,0,0,0,0,0,122299074,738038,926426205,524516831744,109439756,0,0,0,0,0,0,0,0,0,0,0,0,0,0,0,0,0,0,0,0,0,0,0,0,0,0,0,0,0,0,0,74696,0,0,0,0,0,0,0
1787232605.988,0,0,0,0,0,0,0,2793744148,1392183808,2227745986560,0,0,0,0,0,0,0,0,0,0,0,0,0,0,0,0,0,0,0,0,0,0,0,0,0,0,0,0,0,0,0,0,0,0,0,0,0,0,0,0,0,0,0,0,0,0,0,0,0,0,0,0,0,0,0,0,0,0,7,3156521,85031,96448057,0,0,0,0,0,0,0,0,0,0,0,0,0,0,0,0,0,0,0,0,0,0,0,0,0,0,0,0,0,0,0,0,0,0,0,0,0,51730366464,30217781248,3157371,1844347,96359362,1036421,0,512,4194304,84841,0,0,13138950389,68719476736,0,2201588066,0,0,0,0,0,0,0,0,0,0,0,0,0,0,0,0,0,0,76483507,276238295,0,468,1204,7863,623,152969123,35,0,0,0,0,0,0,0,1,0,0,0,0,0,0,0,0,0,0,93087238,0,96362530,785933,0,0,0,0,0,0,0,0,16384,0,0,0,0,0,0,0,0,0,0,0,8389,320,0,0,0,0,0,232394969,0,354,1,14,320,8389,0,0,0,0,0,0,0,0,0,0,0,0,0,0,0,0,0,0,0,0,0,0,0,0,0,0,0,0,0,0,0,0,0,0,0,0,0,0,0,0,0,0,0,0,0,0,0,0,0,0,0,0,0,0,829355476,0,0,0,1654492606,0,0,0,0,0,0,0,122302629,738038,926441844,524523910144,109441316,0,0,0,0,0,0,0,0,0,0,0,0,0,0,0,0,0,0,0,0,0,0,0,0,0,0,0,0,0,0,0,36296,0,0,0,0,0,0,0
1787232607.057,0,0,0,0,0,0,0,2793777792,1392183808,2228016376320,0,0,0,0,0,0,0,0,0,0,0,0,0,0,0,0,0,0,0,0,0,0,0,0,0,0,0,0,0,0,0,0,0,0,0,0,0,0,0,0,0,0,0,0,0,0,0,0,0,0,0,0,0,0,0,0,0,0,7,3156521,85031,96464229,0,0,0,0,0,0,0,0,0,0,0,0,0,0,0,0,0,0,0,0,0,0,0,0,0,0,0,0,0,0,0,0,0,0,0,0,0,51730366464,29967826944,3157371,1829091,96369362,1036421,0,512,4194304,84841,0,0,13139212447,68719476736,0,2201709195,0,0,0,0,0,0,0,0,0,0,0,0,0,0,0,0,0,0,76483507,276238295,0,468,1204,7863,623,152969123,35,0,0,0,0,0,0,0,1,0,0,0,0,0,0,0,0,0,0,93087239,0,96378569,786063,0,0,0,0,0,0,0,0,16384,0,0,0,0,0,0,0,0,0,0,0,8390,320,0,0,0,0,0,232394969,0,354,1,14,320,8390,0,0,0,0,0,0,0,0,0,0,0,0,0,0,0,0,0,0,0,0,0,0,0,0,0,0,0,0,0,0,0,0,0,0,0,0,0,0,0,0,0,0,0,0,0,0,0,0,0,0,0,0,0,0,829356333,0,0,0,1654543866,0,0,0,0,0,0,0,122305238,738038,926459164,524526489600,109441584,0,0,0,0,0,0,0,0,0,0,0,0,0,0,0,0,0,0,0,0,0,0,0,0,0,0,0,0,0,0,0,0,0,0,0,0,0,0,0
1787232608.126,0,0,0,0,0,0,0,2793777792,1392183808,2228024732672,0,0,0,0,0,0,0,0,0,0,0,0,0,0,0,0,0,0,0,0,0,0,0,0,0,0,0,0,0,0,0,0,0,0,0,0,0,0,0,0,0,0,0,0,0,0,0,0,0,0,0,0,0,0,0,0,0,0,7,3156521,85031,96464999,0,0,0,0,0,0,0,0,0,0,0,0,0,0,0,0,0,0,0,0,0,0,0,0,0,0,0,0,0,0,0,0,0,0,0,0,0,51730366464,29955211264,3157371,1828321,96380828,1036421,0,512,4194304,84841,0,0,13139212447,68719476736,0,2201709195,0,0,0,0,0,0,0,0,0,0,0,0,0,0,0,0,0,0,76483507,276238295,0,468,1204,7863,623,152969123,35,0,0,0,0,0,0,0,1,0,0,0,0,0,0,0,0,0,0,93087239,0,96379478,786068,0,0,0,0,0,0,0,0,16384,0,0,0,0,0,0,0,0,0,0,0,8391,320,0,0,0,0,0,232394969,0,354,1,14,320,8391,0,0,0,0,0,0,0,0,0,0,0,0,0,0,0,0,0,0,0,0,0,0,0,0,0,0,0,0,0,0,0,0,0,0,0,0,0,0,0,0,0,0,0,0,0,0,0,0,0,0,0,0,0,0,829356333,0,0,0,1654543866,0,0,0,0,0,0,0,122305386,738038,926459662,524526489600,109441586,0,0,0,0,0,0,0,0,0,0,0,0,0,0,0,0,0,0,0,0,0,0,0,0,0,0,0,0,0,0,0,0,0,0,0,0,0,0,0
1787232609.193,0,0,0,0,0,0,0,2793777792,1392183808,2228188572672,0,0,0,0,0,0,0,0,0,0,0,0,0,0,0,0,0,0,0,0,0,0,0,0,0,0,0,0,0,0,0,0,0,0,0,0,0,0,0,0,0,0,0,0,0,0,0,0,0,0,0,0,0,0,0,0,0,0,7,3156521,85031,96474999,0,0,0,0,0,0,0,0,0,0,0,0,0,0,0,0,0,0,0,0,0,0,0,0,0,0,0,0,0,0,0,0,0,0,0,0,0,51730366464,29791371264,3157371,1818321,96390828,1036421,0,512,4194304,84841,0,0,13139212447,68719476736,0,2201709195,0,0,0,0,0,0,0,0,0,0,0,0,0,0,0,0,0,0,76483507,276238295,0,468,1204,7863,623,152969123,35,0,0,0,0,0,0,0,1,0,0,0,0,0,0,0,0,0,0,93087239,0,96389478,786148,0,0,0,0,0,0,0,0,16384,0,0,0,0,0,0,0,0,0,0,0,8392,320,0,0,0,0,0,232394969,0,354,1,14,320,8392,0,0,0,0,0,0,0,0,0,0,0,0,0,0,0,0,0,0,0,0,0,0,0,0,0,0,0,0,0,0,0,0,0,0,0,0,0,0,0,0,0,0,0,0,0,0,0,0,0,0,0,0,0,0,829356333,0,0,0,1654543866,0,0,0,0,0,0,0,122306983,738038,926469742,524526489600,109441586,0,0,0,0,0,0,0,0,0,0,0,0,0,0,0,0,0,0,0,0,0,0,0,0,0,0,0,0,0,0,0,0,0,0,0,0,0,0,0
1787232610.261,0,0,0,0,0,0,0,2793777792,1392183808,2228352413184,0,0,0,0,0,0,0,0,0,0,0,0,0,0,0,0,0,0,0,0,0,0,0,0,0,0,0,0,0,0,0,0,0,0,0,0,0,0,0,0,0,0,0,0,0,0,0,0,0,0,0,0,0,0,0,0,0,0,7,3156521,85031,96484999,0,0,0,0,0,0,0,0,0,0,0,0,0,0,0,0,0,0,0,0,0,0,0,0,0,0,0,0,0,0,0,0,0,0,0,0,0,51730366464,29627531264,3157371,1808321,96400828,1036421,0,512,4194304,84841,0,0,13139212447,68719476736,0,2201709195,0,0,0,0,0,0,0,0,0,0,0,0,0,0,0,0,0,0,76483507,276238295,0,468,1204,7863,623,152969123,35,0,0,0,0,0,0,0,1,0,0,0,0,0,0,0,0,0,0,93087239,0,96399478,786228,0,0,0,0,0,0,0,0,16384,0,0,0,0,0,0,0,0,0,0,0,8393,320,0,0,0,0,0,232394969,0,354,1,14,320,8393,0,0,0,0,0,0,0,0,0,0,0,0,0,0,0,0,0,0,0,0,0,0,0,0,0,0,0,0,0,0,0,0,0,0,0,0,0,0,0,0,0,0,0,0,0,0,0,0,0,0,0,0,0,0,829356333,0,0,0,1654543866,0,0,0,0,0,0,0,122308583,738038,926479823,524526489600,109441588,0,0,0,0,0,0,0,0,0,0,0,0,0,0,0,0,0,0,0,0,0,0,0,0,0,0,0,0,0,0,0,0,0,0,0,0,0,0,0
1787232611.328,0,0,0,0,0,0,0,2793777792,1392183808,2228516253696,0,0,0,0,0,0,0,0,0,0,0,0,0,0,0,0,0,0,0,0,0,0,0,0,0,0,0,0,0,0,0,0,0,0,0,0,0,0,0,0,0,0,0,0,0,0,0,0,0,0,0,0,0,0,0,0,0,0,7,3156521,85031,96494999,0,0,0,0,0,0,0,0,0,0,0,0,0,0,0,0,0,0,0,0,0,0,0,0,0,0,0,0,0,0,0,0,0,0,0,0,0,51730366464,29463691264,3157371,1798321,96410828,1036421,0,512,4194304,84841,0,0,13139212447,68719476736,0,2201709195,0,0,0,0,0,0,0,0,0,0,0,0,0,0,0,0,0,0,76483507,276238295,0,468,1204,7863,623,152969123,35,0,0,0,0,0,0,0,1,0,0,0,0,0,0,0,0,0,0,93087239,0,96409478,786308,0,0,0,0,0,0,0,0,16384,0,0,0,0,0,0,0,0,0,0,0,8395,320,0,0,0,0,0,232394969,0,354,1,14,320,8395,0,0,0,0,0,0,0,0,0,0,0,0,0,0,0,0,0,0,0,0,0,0,0,0,0,0,0,0,0,0,0,0,0,0,0,0,0,0,0,0,0,0,0,0,0,0,0,0,0,0,0,0,0,0,829356333,0,0,0,1654543866,0,0,0,0,0,0,0,122310217,738038,926489904,524526489600,109441590,0,0,0,0,0,0,0,0,0,0,0,0,0,0,0,0,0,0,0,0,0,0,0,0,0,0,0,0,0,0,0,0,0,0,0,0,0,0,0
1787232612.397,0,0,0,0,0,0,0,2793777792,1392183808,2228680094208,0,0,0,0,0,0,0,0,0,0,0,0,0,0,0,0,0,0,0,0,0,0,0,0,0,0,0,0,0,0,0,0,0,0,0,0,0,0,0,0,0,0,0,0,0,0,0,0,0,0,0,0,0,0,0,0,0,0,7,3156521,85031,96504999,0,0,0,0,0,0,0,0,0,0,0,0,0,0,0,0,0,0,0,0,0,0,0,0,0,0,0,0,0,0,0,0,0,0,0,0,0,51730366464,29299851264,3157371,1788321,96420828,1036421,0,512,4194304,84841,0,0,13139212447,68719476736,0,2201709195,0,0,0,0,0,0,0,0,0,0,0,0,0,0,0,0,0,0,76483507,276238295,0,468,1204,7863,623,152969123,35,0,0,0,0,0,0,0,1,0,0,0,0,0,0,0,0,0,0,93087239,0,96419478,786388,0,0,0,0,0,0,0,0,16384,0,0,0,0,0,0,0,0,0,0,0,8396,320,0,0,0,0,0,232394969,0,354,1,14,320,8396,0,0,0,0,0,0,0,0,0,0,0,0,0,0,0,0,0,0,0,0,0,0,0,0,0,0,0,0,0,0,0,0,0,0,0,0,0,0,0,0,0,0,0,0,0,0,0,0,0,0,0,0,0,0,829356333,0,0,0,1654543866,0,0,0,0,0,0,0,122311814,738038,926499985,524526489600,109441592,0,0,0,0,0,0,0,0,0,0,0,0,0,0,0,0,0,0,0,0,0,0,0,0,0,0,0,0,0,0,0,0,0,0,0,0,0,0,0
1787232613.465,0,0,0,0,0,0,0,2793777792,1392183808,2228843934720,0,0,0,0,0,0,0,0,0,0,0,0,0,0,0,0,0,0,0,0,0,0,0,0,0,0,0,0,0,0,0,0,0,0,0,0,0,0,0,0,0,0,0,0,0,0,0,0,0,0,0,0,0,0,0,0,0,0,7,3156521,85031,96514999,0,0,0,0,0,0,0,0,0,0,0,0,0,0,0,0,0,0,0,0,0,0,0,0,0,0,0,0,0,0,0,0,0,0,0,0,0,51730366464,29136011264,3157371,1778321,96430828,1036421,0,512,4194304,84841,0,0,13139212447,68719476736,0,2201709195,0,0,0,0,0,0,0,0,0,0,0,0,0,0,0,0,0,0,76483507,276238295,0,468,1204,7863,623,152969123,35,0,0,0,0,0,0,0,1,0,0,0,0,0,0,0,0,0,0,93087239,0,96429478,786468,0,0,0,0,0,0,0,0,16384,0,0,0,0,0,0,0,0,0,0,0,8397,320,0,0,0,0,0,232394969,0,354,1,14,320,8397,0,0,0,0,0,0,0,0,0,0,0,0,0,0,0,0,0,0,0,0,0,0,0,0,0,0,0,0,0,0,0,0,0,0,0,0,0,0,0,0,0,0,0,0,0,0,0,0,0,0,0,0,0,0,829356333,0,0,0,1654543866,0,0,0,0,0,0,0,122313411,738038,926510066,524526489600,109441594,0,0,0,0,0,0,0,0,0,0,0,0,0,0,0,0,0,0,0,0,0,0,0,0,0,0,0,0,0,0,0,0,0,0,0,0,0,0,0
1787232614.533,0,0,0,0,0,0,0,2793777792,1392183808,2229007775232,0,0,0,0,0,0,0,0,0,0,0,0,0,0,0,0,0,0,0,0,0,0,0,0,0,0,0,0,0,0,0,0,0,0,0,0,0,0,0,0,0,0,0,0,0,0,0,0,0,0,0,0,0,0,0,0,0,0,7,3156521,85031,96524999,0,0,0,0,0,0,0,0,0,0,0,0,0,0,0,0,0,0,0,0,0,0,0,0,0,0,0,0,0,0,0,0,0,0,0,0,0,51730366464,28972171264,3157371,1768321,96440828,1036421,0,512,4194304,84841,0,0,13139212447,68719476736,0,2201709195,0,0,0,0,0,0,0,0,0,0,0,0,0,0,0,0,0,0,76483507,276238295,0,468,1204,7863,623,152969123,35,0,0,0,0,0,0,0,1,0,0,0,0,0,0,0,0,0,0,93087239,0,96439478,786548,0,0,0,0,0,0,0,0,16384,0,0,0,0,0,0,0,0,0,0,0,8398,320,0,0,0,0,0,232394969,0,354,1,14,320,8398,0,0,0,0,0,0,0,0,0,0,0,0,0,0,0,0,0,0,0,0,0,0,0,0,0,0,0,0,0,0,0,0,0,0,0,0,0,0,0,0,0,0,0,0,0,0,0,0,0,0,0,0,0,0,829356333,0,0,0,1654543866,0,0,0,0,0,0,0,122315023,738038,926520147,524526489600,109441596,0,0,0,0,0,0,0,0,0,0,0,0,0,0,0,0,0,0,0,0,0,0,0,0,0,0,0,0,0,0,0,0,0,0,0,0,0,0,0
1787232615.601,0,0,0,0,0,0,0,2793777792,1392183808,2229171615744,0,0,0,0,0,0,0,0,0,0,0,0,0,0,0,0,0,0,0,0,0,0,0,0,0,0,0,0,0,0,0,0,0,0,0,0,0,0,0,0,0,0,0,0,0,0,0,0,0,0,0,0,0,0,0,0,0,0,7,3156521,85031,96534999,0,0,0,0,0,0,0,0,0,0,0,0,0,0,0,0,0,0,0,0,0,0,0,0,0,0,0,0,0,0,0,0,0,0,0,0,0,51730366464,28808331264,3157371,1758321,96450828,1036421,0,512,4194304,84841,0,0,13139212447,68719476736,0,2201709195,0,0,0,0,0,0,0,0,0,0,0,0,0,0,0,0,0,0,76483507,276238295,0,468,1204,7863,623,152969123,35,0,0,0,0,0,0,0,1,0,0,0,0,0,0,0,0,0,0,93087239,0,96449478,786628,0,0,0,0,0,0,0,0,16384,0,0,0,0,0,0,0,0,0,0,0,8399,320,0,0,0,0,0,232394969,0,354,1,14,320,8399,0,0,0,0,0,0,0,0,0,0,0,0,0,0,0,0,0,0,0,0,0,0,0,0,0,0,0,0,0,0,0,0,0,0,0,0,0,0,0,0,0,0,0,0,0,0,0,0,0,0,0,0,0,0,829356333,0,0,0,1654543866,0,0,0,0,0,0,0,122316625,738038,926530228,524526489600,109441598,0,0,0,0,0,0,0,0,0,0,0,0,0,0,0,0,0,0,0,0,0,0,0,0,0,0,0,0,0,0,0,0,0,0,0,0,0,0,0
1787232616.670,0,0,0,0,0,0,0,2793777792,1392183808,2229335456256,0,0,0,0,0,0,0,0,0,0,0,0,0,0,0,0,0,0,0,0,0,0,0,0,0,0,0,0,0,0,0,0,0,0,0,0,0,0,0,0,0,0,0,0,0,0,0,0,0,0,0,0,0,0,0,0,0,0,7,3156521,85031,96544999,0,0,0,0,0,0,0,0,0,0,0,0,0,0,0,0,0,0,0,0,0,0,0,0,0,0,0,0,0,0,0,0,0,0,0,0,0,51730366464,28644491264,3157371,1748321,96460828,1036421,0,512,4194304,84841,0,0,13139212447,68719476736,0,2201709195,0,0,0,0,0,0,0,0,0,0,0,0,0,0,0,0,0,0,76483507,276238295,0,468,1204,7863,623,152969123,35,0,0,0,0,0,0,0,1,0,0,0,0,0,0,0,0,0,0,93087239,0,96459478,786708,0,0,0,0,0,0,0,0,16384,0,0,0,0,0,0,0,0,0,0,0,8400,320,0,0,0,0,0,232394969,0,354,1,14,320,8400,0,0,0,0,0,0,0,0,0,0,0,0,0,0,0,0,0,0,0,0,0,0,0,0,0,0,0,0,0,0,0,0,0,0,0,0,0,0,0,0,0,0,0,0,0,0,0,0,0,0,0,0,0,0,829356333,0,0,0,1654543866,0,0,0,0,0,0,0,122318248,738038,926540309,524526489600,109441600,0,0,0,0,0,0,0,0,0,0,0,0,0,0,0,0,0,0,0,0,0,0,0,0,0,0,0,0,0,0,0,0,0,0,0,0,0,0,0
1787232617.738,0,0,0,0,0,0,0,2793777792,1392183808,2229499297280,0,0,0,0,0,0,0,0,0,0,0,0,0,0,0,0,0,0,0,0,0,0,0,0,0,0,0,0,0,0,0,0,0,0,0,0,0,0,0,0,0,0,0,0,0,0,0,0,0,0,0,0,0,0,0,0,0,0,7,3156521,85031,96554999,0,0,0,0,0,0,0,0,0,0,0,0,0,0,0,0,0,0,0,0,0,0,0,0,0,0,0,0,0,0,0,0,0,0,0,0,0,51730366464,28480651264,3157371,1738321,96470828,1036421,0,512,4194304,84841,0,0,13139212447,68719476736,0,2201709195,0,0,0,0,0,0,0,0,0,0,0,0,0,0,0,0,0,0,76483507,276238295,0,468,1204,7863,623,152969123,35,0,0,0,0,0,0,0,1,0,0,0,0,0,0,0,0,0,0,93087239,0,96469478,786788,0,0,0,0,0,0,0,0,16384,0,0,0,0,0,0,0,0,0,0,0,8401,320,0,0,0,0,0,232394969,0,354,1,14,320,8401,0,0,0,0,0,0,0,0,0,0,0,0,0,0,0,0,0,0,0,0,0,0,0,0,0,0,0,0,0,0,0,0,0,0,0,0,0,0,0,0,0,0,0,0,0,0,0,0,0,0,0,0,0,0,829356333,0,0,0,1654543866,0,0,0,0,0,0,0,122319846,738038,926550391,524526489600,109441604,0,0,0,0,0,0,0,0,0,0,0,0,0,0,0,0,0,0,0,0,0,0,0,0,0,0,0,0,0,0,0,0,0,0,0,0,0,0,0
1787232618.806,0,0,0,0,0,0,0,2793777792,1392183808,2229663137792,0,0,0,0,0,0,0,0,0,0,0,0,0,0,0,0,0,0,0,0,0,0,0,0,0,0,0,0,0,0,0,0,0,0,0,0,0,0,0,0,0,0,0,0,0,0,0,0,0,0,0,0,0,0,0,0,0,0,7,3156521,85031,96564999,0,0,0,0,0,0,0,0,0,0,0,0,0,0,0,0,0,0,0,0,0,0,0,0,0,0,0,0,0,0,0,0,0,0,0,0,0,51730366464,28316811264,3157371,1728321,96480828,1036421,0,512,4194304,84841,0,0,13139212447,68719476736,0,2201709195,0,0,0,0,0,0,0,0,0,0,0,0,0,0,0,0,0,0,76483507,276238295,0,468,1204,7863,623,152969123,35,0,0,0,0,0,0,0,1,0,0,0,0,0,0,0,0,0,0,93087239,0,96479478,786868,0,0,0,0,0,0,0,0,16384,0,0,0,0,0,0,0,0,0,0,0,8402,320,0,0,0,0,0,232394969,0,354,1,14,320,8402,0,0,0,0,0,0,0,0,0,0,0,0,0,0,0,0,0,0,0,0,0,0,0,0,0,0,0,0,0,0,0,0,0,0,0,0,0,0,0,0,0,0,0,0,0,0,0,0,0,0,0,0,0,0,829356333,0,0,0,1654543866,0,0,0,0,0,0,0,122321444,738038,926560472,524526489600,109441606,0,0,0,0,0,0,0,0,0,0,0,0,0,0,0,0,0,0,0,0,0,0,0,0,0,0,0,0,0,0,0,0,0,0,0,0,0,0,0
1787232619.874,0,0,0,0,0,0,0,2793777792,1392183808,2229835366912,0,0,0,0,0,0,0,0,0,0,0,0,0,0,0,0,0,0,0,0,0,0,0,0,0,0,0,0,0,0,0,0,0,0,0,0,0,0,0,0,0,0,0,0,0,0,0,0,0,0,0,0,0,0,0,0,0,0,7,3156521,85031,96575483,0,0,0,0,0,0,0,0,0,0,0,0,0,0,0,0,0,0,0,0,0,0,0,0,0,0,0,0,0,0,0,0,0,0,0,0,0,51730366464,28145205248,3157371,1717848,96490828,1036421,0,512,4194304,84841,0,0,13139212447,68719476736,0,2201709195,0,0,0,0,0,0,0,0,0,0,0,0,0,0,0,0,0,0,76483507,276238295,0,468,1204,7863,623,152969123,35,0,0,0,0,0,0,0,1,0,0,0,0,0,0,0,0,0,0,93087239,0,96489990,786952,0,0,0,0,0,0,0,0,16384,0,0,0,0,0,0,0,0,0,0,0,8403,320,0,0,0,0,0,232394969,0,354,1,14,320,8403,0,0,0,0,0,0,0,0,0,0,0,0,0,0,0,0,0,0,0,0,0,0,0,0,0,0,0,0,0,0,0,0,0,0,0,0,0,0,0,0,0,0,0,0,0,0,0,0,0,0,0,0,0,0,829356333,0,0,0,1654543866,0,0,0,0,0,0,0,122323126,738038,926571070,524526489600,109441608,0,0,0,0,0,0,0,0,0,0,0,0,0,0,0,0,0,0,0,0,0,0,0,0,0,0,0,0,0,0,0,0,0,0,0,0,0,0,0
1787232620.942,0,0,0,0,0,0,0,2793777792,1392183808,2230040167424,0,0,0,0,0,0,0,0,0,0,0,0,0,0,0,0,0,0,0,0,0,0,0,0,0,0,0,0,0,0,0,0,0,0,0,0,0,0,0,0,0,0,0,0,0,0,0,0,0,0,0,0,0,0,0,0,0,0,7,3156521,85031,96588011,0,0,0,0,0,0,0,0,0,0,0,0,0,0,0,0,0,0,0,0,0,0,0,0,0,0,0,0,0,0,0,0,0,0,0,0,0,51730366464,27939782656,3157371,1705309,96500828,1036421,0,512,4194304,84841,0,0,13139212447,68719476736,0,2201709195,0,0,0,0,0,0,0,0,0,0,0,0,0,0,0,0,0,0,76483507,276238295,0,468,1204,7863,623,152969123,35,0,0,0,0,0,0,0,1,0,0,0,0,0,0,0,0,0,0,93087239,0,96502490,787052,0,0,0,0,0,0,0,0,16384,0,0,0,0,0,0,0,0,0,0,0,8404,320,0,0,0,0,0,232394969,0,354,1,14,320,8404,0,0,0,0,0,0,0,0,0,0,0,0,0,0,0,0,0,0,0,0,0,0,0,0,0,0,0,0,0,0,0,0,0,0,0,0,0,0,0,0,0,0,0,0,0,0,0,0,0,0,0,0,0,0,829356333,0,0,0,1654543866,0,0,0,0,0,0,0,122325141,738038,926583671,524526489600,109441610,0,0,0,0,0,0,0,0,0,0,0,0,0,0,0,0,0,0,0,0,0,0,0,0,0,0,0,0,0,0,0,0,0,0,0,0,0,0,0
1787232622.010,0,0,0,0,0,0,0,2793777792,1392183808,2230244754944,0,0,0,0,0,0,0,0,0,0,0,0,0,0,0,0,0,0,0,0,0,0,0,0,0,0,0,0,0,0,0,0,0,0,0,0,0,0,0,0,0,0,0,0,0,0,0,0,0,0,0,0,0,0,0,0,0,0,7,3156521,85031,96600383,0,0,0,0,0,0,0,0,0,0,0,0,0,0,0,0,0,0,0,0,0,0,0,0,0,0,0,0,0,0,0,0,0,0,0,0,0,51730366464,27737079808,3157371,1692937,96510828,1036421,0,512,4194304,84841,0,0,13139212447,68719476736,0,2201709195,0,0,0,0,0,0,0,0,0,0,0,0,0,0,0,0,0,0,76483507,276238295,0,468,1204,7863,623,152969123,35,0,0,0,0,0,0,0,1,0,0,0,0,0,0,0,0,0,0,93087239,0,96514862,787152,0,0,0,0,0,0,0,0,16384,0,0,0,0,0,0,0,0,0,0,0,8405,320,0,0,0,0,0,232394969,0,354,1,14,320,8405,0,0,0,0,0,0,0,0,0,0,0,0,0,0,0,0,0,0,0,0,0,0,0,0,0,0,0,0,0,0,0,0,0,0,0,0,0,0,0,0,0,0,0,0,0,0,0,0,0,0,0,0,0,0,829356333,0,0,0,1654543866,0,0,0,0,0,0,0,122327145,738038,926596266,524526489600,109441612,0,0,0,0,0,0,0,0,0,0,0,0,0,0,0,0,0,0,0,0,0,0,0,0,0,0,0,0,0,0,0,0,0,0,0,0,0,0,0
1787232623.078,0,0,0,0,0,0,0,2793777792,1392183808,2230446819328,0,0,0,0,0,0,0,0,0,0,0,0,0,0,0,0,0,0,0,0,0,0,0,0,0,0,0,0,0,0,0,0,0,0,0,0,0,0,0,0,0,0,0,0,0,0,0,0,0,0,0,0,0,0,0,0,0,0,7,3156521,85031,96612790,0,0,0,0,0,0,0,0,0,0,0,0,0,0,0,0,0,0,0,0,0,0,0,0,0,0,0,0,0,0,0,0,0,0,0,0,0,51730366464,27533803520,3157371,1680530,96520828,1036421,0,512,4194304,84841,0,0,13139212447,68719476736,0,2201709195,0,0,0,0,0,0,0,0,0,0,0,0,0,0,0,0,0,0,76483507,276238295,0,468,1204,7863,623,152969123,35,0,0,0,0,0,0,0,1,0,0,0,0,0,0,0,0,0,0,93087239,0,96527234,787250,0,0,0,0,0,0,0,0,16384,0,0,0,0,0,0,0,0,0,0,0,8406,320,0,0,0,0,0,232394969,0,354,1,14,320,8406,0,0,0,0,0,0,0,0,0,0,0,0,0,0,0,0,0,0,0,0,0,0,0,0,0,0,0,0,0,0,0,0,0,0,0,0,0,0,0,0,0,0,0,0,0,0,0,0,0,0,0,0,0,0,829356333,0,0,0,1654543866,0,0,0,0,0,0,0,122329132,738038,926608699,524526489600,109441614,0,0,0,0,0,0,0,0,0,0,0,0,0,0,0,0,0,0,0,0,0,0,0,0,0,0,0,0,0,0,0,0,0,0,0,0,0,0,0
1787232624.145,0,0,0,0,0,0,0,2793777792,1392183808,2230646180352,0,0,0,0,0,0,0,0,0,0,0,0,0,0,0,0,0,0,0,0,0,0,0,0,0,0,0,0,0,0,0,0,0,0,0,0,0,0,0,0,0,0,0,0,0,0,0,0,0,0,0,0,0,0,0,0,0,0,7,3156521,85031,96624999,0,0,0,0,0,0,0,0,0,0,0,0,0,0,0,0,0,0,0,0,0,0,0,0,0,0,0,0,0,0,0,0,0,0,0,0,0,51730366464,27333771264,3157371,1668321,96540828,1036421,0,512,4194304,84841,0,0,13139212447,68719476736,0,2201709195,0,0,0,0,0,0,0,0,0,0,0,0,0,0,0,0,0,0,76483507,276238295,0,468,1204,7863,623,152969123,35,0,0,0,0,0,0,0,1,0,0,0,0,0,0,0,0,0,0,93087239,0,96539478,787348,0,0,0,0,0,0,0,0,16384,0,0,0,0,0,0,0,0,0,0,0,8407,320,0,0,0,0,0,232394969,0,354,1,14,320,8407,0,0,0,0,0,0,0,0,0,0,0,0,0,0,0,0,0,0,0,0,0,0,0,0,0,0,0,0,0,0,0,0,0,0,0,0,0,0,0,0,0,0,0,0,0,0,0,0,0,0,0,0,0,0,829356333,0,0,0,1654543866,0,0,0,0,0,0,0,122331091,738038,926620957,524526489600,109441616,0,0,0,0,0,0,0,0,0,0,0,0,0,0,0,0,0,0,0,0,0,0,0,0,0,0,0,0,0,0,0,0,0,0,0,0,0,0,0
1787232625.214,0,0,0,0,0,0,0,2793777792,1392183808,2230810020864,0,0,0,0,0,0,0,0,0,0,0,0,0,0,0,0,0,0,0,0,0,0,0,0,0,0,0,0,0,0,0,0,0,0,0,0,0,0,0,0,0,0,0,0,0,0,0,0,0,0,0,0,0,0,0,0,0,0,7,3156521,85031,96634999,0,0,0,0,0,0,0,0,0,0,0,0,0,0,0,0,0,0,0,0,0,0,0,0,0,0,0,0,0,0,0,0,0,0,0,0,0,51730366464,27169931264,3157371,1658321,96550828,1036421,0,512,4194304,84841,0,0,13139212447,68719476736,0,2201709195,0,0,0,0,0,0,0,0,0,0,0,0,0,0,0,0,0,0,76483507,276238295,0,468,1204,7863,623,152969123,35,0,0,0,0,0,0,0,1,0,0,0,0,0,0,0,0,0,0,93087239,0,96549478,787428,0,0,0,0,0,0,0,0,16384,0,0,0,0,0,0,0,0,0,0,0,8408,320,0,0,0,0,0,232394969,0,354,1,14,320,8408,0,0,0,0,0,0,0,0,0,0,0,0,0,0,0,0,0,0,0,0,0,0,0,0,0,0,0,0,0,0,0,0,0,0,0,0,0,0,0,0,0,0,0,0,0,0,0,0,0,0,0,0,0,0,829356333,0,0,0,1654543866,0,0,0,0,0,0,0,122332701,738038,926631038,524526489600,109441618,0,0,0,0,0,0,0,0,0,0,0,0,0,0,0,0,0,0,0,0,0,0,0,0,0,0,0,0,0,0,0,0,0,0,0,0,0,0,0
1787232626.283,0,0,0,0,0,0,0,2793777792,1392183808,2230973861376,0,0,0,0,0,0,0,0,0,0,0,0,0,0,0,0,0,0,0,0,0,0,0,0,0,0,0,0,0,0,0,0,0,0,0,0,0,0,0,0,0,0,0,0,0,0,0,0,0,0,0,0,0,0,0,0,0,0,7,3156521,85031,96644999,0,0,0,0,0,0,0,0,0,0,0,0,0,0,0,0,0,0,0,0,0,0,0,0,0,0,0,0,0,0,0,0,0,0,0,0,0,51730366464,27006091264,3157371,1648321,96560828,1036421,0,512,4194304,84841,0,0,13139212447,68719476736,0,2201709195,0,0,0,0,0,0,0,0,0,0,0,0,0,0,0,0,0,0,76483507,276238295,0,468,1204,7863,623,152969123,35,0,0,0,0,0,0,0,1,0,0,0,0,0,0,0,0,0,0,93087239,0,96559478,787508,0,0,0,0,0,0,0,0,16384,0,0,0,0,0,0,0,0,0,0,0,8410,320,0,0,0,0,0,232394969,0,354,1,14,320,8410,0,0,0,0,0,0,0,0,0,0,0,0,0,0,0,0,0,0,0,0,0,0,0,0,0,0,0,0,0,0,0,0,0,0,0,0,0,0,0,0,0,0,0,0,0,0,0,0,0,0,0,0,0,0,829356333,0,0,0,1654543866,0,0,0,0,0,0,0,122334312,738038,926641119,524526489600,109441620,0,0,0,0,0,0,0,0,0,0,0,0,0,0,0,0,0,0,0,0,0,0,0,0,0,0,0,0,0,0,0,0,0,0,0,0,0,0,0
1787232627.351,0,0,0,0,0,0,0,2793777792,1392183808,2231137701888,0,0,0,0,0,0,0,0,0,0,0,0,0,0,0,0,0,0,0,0,0,0,0,0,0,0,0,0,0,0,0,0,0,0,0,0,0,0,0,0,0,0,0,0,0,0,0,0,0,0,0,0,0,0,0,0,0,0,7,3156521,85031,96654999,0,0,0,0,0,0,0,0,0,0,0,0,0,0,0,0,0,0,0,0,0,0,0,0,0,0,0,0,0,0,0,0,0,0,0,0,0,51730366464,26842251264,3157371,1638321,96570828,1036421,0,512,4194304,84841,0,0,13139212447,68719476736,0,2201709195,0,0,0,0,0,0,0,0,0,0,0,0,0,0,0,0,0,0,76483507,276238295,0,468,1204,7863,623,152969123,35,0,0,0,0,0,0,0,1,0,0,0,0,0,0,0,0,0,0,93087239,0,96569478,787588,0,0,0,0,0,0,0,0,16384,0,0,0,0,0,0,0,0,0,0,0,8411,320,0,0,0,0,0,232394969,0,354,1,14,320,8411,0,0,0,0,0,0,0,0,0,0,0,0,0,0,0,0,0,0,0,0,0,0,0,0,0,0,0,0,0,0,0,0,0,0,0,0,0,0,0,0,0,0,0,0,0,0,0,0,0,0,0,0,0,0,829356333,0,0,0,1654543866,0,0,0,0,0,0,0,122335932,738038,926651200,524526489600,109441622,0,0,0,0,0,0,0,0,0,0,0,0,0,0,0,0,0,0,0,0,0,0,0,0,0,0,0,0,0,0,0,0,0,0,0,0,0,0,0
1787232628.419,0,0,0,0,0,0,0,2793777792,1392183808,2231301542400,0,0,0,0,0,0,0,0,0,0,0,0,0,0,0,0,0,0,0,0,0,0,0,0,0,0,0,0,0,0,0,0,0,0,0,0,0,0,0,0,0,0,0,0,0,0,0,0,0,0,0,0,0,0,0,0,0,0,7,3156521,85031,96664999,0,0,0,0,0,0,0,0,0,0,0,0,0,0,0,0,0,0,0,0,0,0,0,0,0,0,0,0,0,0,0,0,0,0,0,0,0,51730366464,26678411264,3157371,1628321,96580828,1036421,0,512,4194304,84841,0,0,13139212447,68719476736,0,2201709195,0,0,0,0,0,0,0,0,0,0,0,0,0,0,0,0,0,0,76483507,276238295,0,468,1204,7863,623,152969123,35,0,0,0,0,0,0,0,1,0,0,0,0,0,0,0,0,0,0,93087239,0,96579478,787668,0,0,0,0,0,0,0,0,16384,0,0,0,0,0,0,0,0,0,0,0,8412,320,0,0,0,0,0,232394969,0,354,1,14,320,8412,0,0,0,0,0,0,0,0,0,0,0,0,0,0,0,0,0,0,0,0,0,0,0,0,0,0,0,0,0,0,0,0,0,0,0,0,0,0,0,0,0,0,0,0,0,0,0,0,0,0,0,0,0,0,829356333,0,0,0,1654543866,0,0,0,0,0,0,0,122337533,738038,926661281,524526489600,109441624,0,0,0,0,0,0,0,0,0,0,0,0,0,0,0,0,0,0,0,0,0,0,0,0,0,0,0,0,0,0,0,0,0,0,0,0,0,0,0
1787232629.488,0,0,0,0,0,0,0,2793777792,1392183808,2231465382912,0,0,0,0,0,0,0,0,0,0,0,0,0,0,0,0,0,0,0,0,0,0,0,0,0,0,0,0,0,0,0,0,0,0,0,0,0,0,0,0,0,0,0,0,0,0,0,0,0,0,0,0,0,0,0,0,0,0,7,3156521,85031,96674999,0,0,0,0,0,0,0,0,0,0,0,0,0,0,0,0,0,0,0,0,0,0,0,0,0,0,0,0,0,0,0,0,0,0,0,0,0,51730366464,26514571264,3157371,1618321,96590828,1036421,0,512,4194304,84841,0,0,13139212447,68719476736,0,2201709195,0,0,0,0,0,0,0,0,0,0,0,0,0,0,0,0,0,0,76483507,276238295,0,468,1204,7863,623,152969123,35,0,0,0,0,0,0,0,1,0,0,0,0,0,0,0,0,0,0,93087239,0,96589478,787748,0,0,0,0,0,0,0,0,16384,0,0,0,0,0,0,0,0,0,0,0,8413,320,0,0,0,0,0,232394969,0,354,1,14,320,8413,0,0,0,0,0,0,0,0,0,0,0,0,0,0,0,0,0,0,0,0,0,0,0,0,0,0,0,0,0,0,0,0,0,0,0,0,0,0,0,0,0,0,0,0,0,0,0,0,0,0,0,0,0,0,829356333,0,0,0,1654543866,0,0,0,0,0,0,0,122339128,738038,926671362,524526489600,109441626,0,0,0,0,0,0,0,0,0,0,0,0,0,0,0,0,0,0,0,0,0,0,0,0,0,0,0,0,0,0,0,0,0,0,0,0,0,0,0
1787232630.556,0,0,0,0,0,0,0,2793777792,1392183808,2231629223424,0,0,0,0,0,0,0,0,0,0,0,0,0,0,0,0,0,0,0,0,0,0,0,0,0,0,0,0,0,0,0,0,0,0,0,0,0,0,0,0,0,0,0,0,0,0,0,0,0,0,0,0,0,0,0,0,0,0,7,3156521,85031,96684999,0,0,0,0,0,0,0,0,0,0,0,0,0,0,0,0,0,0,0,0,0,0,0,0,0,0,0,0,0,0,0,0,0,0,0,0,0,51730366464,26350731264,3157371,1608321,96600828,1036421,0,512,4194304,84841,0,0,13139212447,68719476736,0,2201709195,0,0,0,0,0,0,0,0,0,0,0,0,0,0,0,0,0,0,76483507,276238295,0,468,1204,7863,623,152969123,35,0,0,0,0,0,0,0,1,0,0,0,0,0,0,0,0,0,0,93087239,0,96599478,787828,0,0,0,0,0,0,0,0,16384,0,0,0,0,0,0,0,0,0,0,0,8414,320,0,0,0,0,0,232394969,0,354,1,14,320,8414,0,0,0,0,0,0,0,0,0,0,0,0,0,0,0,0,0,0,0,0,0,0,0,0,0,0,0,0,0,0,0,0,0,0,0,0,0,0,0,0,0,0,0,0,0,0,0,0,0,0,0,0,0,0,829356333,0,0,0,1654543866,0,0,0,0,0,0,0,122340730,738038,926681443,524526489600,109441628,0,0,0,0,0,0,0,0,0,0,0,0,0,0,0,0,0,0,0,0,0,0,0,0,0,0,0,0,0,0,0,0,0,0,0,0,0,0,0
1787232631.625,0,0,0,0,0,0,0,2793777792,1392183808,2231793063936,0,0,0,0,0,0,0,0,0,0,0,0,0,0,0,0,0,0,0,0,0,0,0,0,0,0,0,0,0,0,0,0,0,0,0,0,0,0,0,0,0,0,0,0,0,0,0,0,0,0,0,0,0,0,0,0,0,0,7,3156521,85031,96694999,0,0,0,0,0,0,0,0,0,0,0,0,0,0,0,0,0,0,0,0,0,0,0,0,0,0,0,0,0,0,0,0,0,0,0,0,0,51730366464,26186891264,3157371,1598321,96610828,1036421,0,512,4194304,84841,0,0,13139212447,68719476736,0,2201709195,0,0,0,0,0,0,0,0,0,0,0,0,0,0,0,0,0,0,76483507,276238295,0,468,1204,7863,623,152969123,35,0,0,0,0,0,0,0,1,0,0,0,0,0,0,0,0,0,0,93087239,0,96609478,787908,0,0,0,0,0,0,0,0,16384,0,0,0,0,0,0,0,0,0,0,0,8415,320,0,0,0,0,0,232394969,0,354,1,14,320,8415,0,0,0,0,0,0,0,0,0,0,0,0,0,0,0,0,0,0,0,0,0,0,0,0,0,0,0,0,0,0,0,0,0,0,0,0,0,0,0,0,0,0,0,0,0,0,0,0,0,0,0,0,0,0,829356333,0,0,0,1654543866,0,0,0,0,0,0,0,122342371,738038,926691524,524526489600,109441630,0,0,0,0,0,0,0,0,0,0,0,0,0,0,0,0,0,0,0,0,0,0,0,0,0,0,0,0,0,0,0,0,0,0,0,0,0,0,0
