procs -----------memory---------- ---swap-- -----io---- -system-- -------cpu-------
 r  b   swpd   free   buff  cache   si   so    bi    bo   in   cs us sy id wa st gu
 5  0 112448 152495136 2052644 33041156    0    1 29394 27709 12611    5  3  1 96  1  0  0
82  1 112448 152463660 2052648 33041236    0    0     0   520 82221 15479 96  1  3  0  0  0
111  0 112448 152389636 2052648 33041252    0    0     0     8 124302 16138 98  1  1  0  0  0
102  0 112448 152385428 2052648 33041272    0    0     0     0 82456 15003 99  0  0  0  0  0
129  0 112448 152370548 2052648 33041292    0    0     0     0 121918 14340 98  0  1  0  0  0
122  0 112448 152355156 2052648 33041308    0    0     0     0 84912 15471 99  1  1  0  0  0
61  0 112448 152340396 2052652 33041328    0    0     0    16 92105 9357 96  0  4  0  0  0
69  7 112448 151859792 2052652 33041348    0    0 238784 10180 352560 807732 44 18 37  1  0  0
56  1 112448 151824768 2052652 33041372    0    0 479680 184336 272814 1492758 46 27 25  2  0  0
53 13 112448 151788644 2052652 33041388    0    0 500928 115416 271864 1490560 46 28 25  2  0  0
53 12 112448 151782148 2052652 33041404    0    0 487328 138220 269691 1486399 45 28 25  2  0  0
44 16 112448 151766972 2052652 33041428    0    0 484448 161416 271996 1476223 45 28 25  2  0  0
 3  0 112448 151767792 2052652 33041448    0    0 455840 290744 264090 1317007 40 24 34  2  0  0
26 23 112448 151761124 2052652 33041464    0    0 476688 283560 260780 1317819 40 24 33  2  0  0
51  4 112448 151758428 2052652 33041480    0    0 490048 295200 265727 1305212 40 24 34  3  0  0
 6  2 112448 151755864 2052652 33041496    0    0 471488 258732 264632 1354343 41 25 31  2  0  0
95 14 112448 151746984 2052652 33041516    0    0 486560 297468 266657 1329440 41 24 32  3  0  0
 7  2 112448 151744000 2052652 33041540    0    0 486192 297228 266322 1340316 42 25 31  3  0  0
27 10 112448 151740100 2052652 33041560    0    0 492384 303356 266606 1326757 41 24 32  3  0  0
48  9 112448 151733632 2052652 33041572    0    0 504016 306552 272116 1339287 41 25 31  3  0  0
115 12 112448 151735000 2052652 33041580    0    0 477952 305044 267436 1342132 41 25 31  2  0  0
procs -----------memory---------- ---swap-- -----io---- -system-- -------cpu-------
 r  b   swpd   free   buff  cache   si   so    bi    bo   in   cs us sy id wa st gu
60  4 112448 151731100 2052656 33041616    0    0 473376 297304 272434 1345955 41 25 32  2  0  0
83 12 112448 151733800 2052656 33041632    0    0 470160 311488 266398 1331326 41 25 31  2  0  0
82  5 112448 151728084 2052656 33041652    0    0 465360 292080 268469 1336046 41 25 31  2  0  0
57  5 112448 151723180 2052656 33041676    0    0 477248 300168 273714 1343137 41 25 32  2  0  0
99  4 112448 151726756 2052656 33041684    0    0 466528 291296 272516 1345781 41 25 31  2  0  0
66  3 112448 151730744 2052660 33041712    0    0 473328 289952 270382 1335891 41 25 31  2  0  0
91 22 112448 151733424 2052660 33041728    0    0 482896 301212 268095 1316402 42 24 32  3  0  0
35  8 112448 151721688 2052660 33041744    0    0 474256 291596 270868 1337752 42 25 31  2  0  0
64  8 112448 151718172 2052660 33041760    0    0 465376 294352 269720 1334743 42 25 31  2  0  0
47  1 112448 151708332 2052660 33041784    0    0 493616 307132 274977 1326316 42 24 32  3  0  0
 4  0 112448 151706564 2052668 33041808    0    0 456832 290680 267523 1339112 41 25 31  2  0  0
28  3 112448 151717600 2052668 33041824    0    0 470080 296592 268698 1320263 41 25 32  2  0  0
 9  1 112448 151717292 2052668 33041840    0    0 470384 294644 275793 1338612 41 25 32  2  0  0
76 12 112448 151718552 2052668 33041868    0    0 464864 294664 268637 1324953 41 25 32  2  0  0
49  3 112448 151718656 2052668 33041884    0    0 477888 296544 271173 1327521 42 24 31  2  0  0
43 10 112448 151719936 2052668 33041900    0    0 480896 292104 279746 1341645 41 25 31  2  0  0
33  0 112448 151719684 2052668 33041920    0    0 458128 291264 268806 1318833 41 25 32  2  0  0
49  7 112448 151720176 2052668 33041948    0    0 478080 294332 275923 1325210 42 24 31  2  0  0
104  1 112448 151718700 2052668 33041968    0    0 482704 290736 271758 1331004 42 25 31  2  0  0
 4  0 112448 151710840 2052668 33041988    0    0 467856 290112 278298 1342124 42 26 30  2  0  0
50  9 112448 151719208 2052668 33042008    0    0 473168 287788 274057 1334770 42 25 31  2  0  0
procs -----------memory---------- ---swap-- -----io---- -system-- -------cpu-------
 r  b   swpd   free   buff  cache   si   so    bi    bo   in   cs us sy id wa st gu
 5  0 112448 151714644 2052668 33042028    0    0 472000 297136 274914 1316937 42 25 31  2  0  0
85 13 112448 151707648 2052668 33042048    0    0 464464 291576 270493 1331416 42 25 31  2  0  0
86  5 112448 151713816 2052668 33042136    0    0 476880 286516 278136 1339912 42 26 30  2  0  0
59  4 112448 151716292 2052668 33042152    0    0 473024 297732 272670 1320815 42 25 31  2  0  0
62 12 112448 151713776 2052668 33042172    0    0 484448 298796 275533 1327972 41 25 31  2  0  0
58  2 112448 151716080 2052672 33042188    0    0 475872 286700 278679 1347277 42 26 30  2  0  0
 6  1 112448 151720692 2052672 33042220    0    0 491648 303108 273631 1315569 42 24 31  3  0  0
42  4 112448 151713808 2052672 33042236    0    0 476384 296860 273080 1321974 42 25 30  2  0  0
121  9 112448 151716028 2052672 33042244    0    0 468912 290488 273827 1321551 42 25 31  2  0  0
61  6 112448 151715292 2052672 33042264    0    0 486416 298740 281151 1339470 42 25 30  3  0  0
10  0 112448 151717548 2052676 33042288    0    0 472496 308944 275273 1330556 42 25 30  2  0  0
40 15 112448 151718752 2052676 33042308    0    0 482400 288976 276599 1339562 42 25 30  2  0  0
44  0 112448 151721840 2052676 33042316    0    0 503104 322676 277227 1313965 43 24 30  3  0  0
96 15 112448 151723424 2052676 33042336    0    0 482112 302900 273658 1307927 41 25 31  2  0  0
46  7 112448 151724220 2052676 33042364    0    0 480816 295964 275777 1326517 42 25 30  2  0  0
28  3 112448 151732308 2052680 33042376    0    0 486448 292604 275323 1330607 42 25 31  2  0  0
63  7 112448 151735072 2052680 33042404    0    0 490432 298868 276617 1326566 42 25 30  2  0  0
109 11 112448 151725548 2052680 33042420    0    0 466752 290120 277946 1342645 43 25 30  2  0  0
58 10 112448 151721488 2052680 33042432    0    0 482752 299360 276883 1322492 42 25 31  2  0  0
67  5 112448 151718092 2052680 33042460    0    0 482368 289416 275601 1329760 42 25 30  2  0  0
65  4 112448 151716508 2052680 33042472    0    0 463616 300324 272070 1311428 41 25 31  2  0  0
procs -----------memory---------- ---swap-- -----io---- -system-- -------cpu-------
 r  b   swpd   free   buff  cache   si   so    bi    bo   in   cs us sy id wa st gu
48  6 112448 151712628 2052680 33042488    0    0 479744 282716 290800 1349454 42 26 30  2  0  0
49  8 112448 151713392 2052680 33042512    0    0 470944 298588 276053 1315011 42 25 31  2  0  0
120  7 112448 151712300 2052680 33042528    0    0 460480 280072 273607 1336032 42 26 30  2  0  0
96  8 112448 151708984 2052680 33042552    0    0 478560 308044 272915 1311374 42 25 31  2  0  0
32  1 112448 151711188 2052684 33042572    0    0 482784 286540 275756 1337295 42 26 30  3  0  0
68 10 112448 151705000 2052684 33042588    0    0 473808 289048 285800 1351224 42 26 30  2  0  0
43  5 112448 151711868 2052684 33042604    0    0 481712 294336 275851 1323446 42 25 30  2  0  0
29  3 112448 151712912 2052684 33042636    0    0 470064 292324 273126 1329623 42 25 31  2  0  0
41 14 112448 151712204 2052684 33042652    0    0 463312 288420 275068 1332390 41 26 30  2  0  0
86 11 112448 151712368 2052684 33042672    0    0 487696 297092 280083 1317251 42 26 30  2  0  0
 6  2 112448 151714072 2052684 33042688    0    0 473728 296908 277882 1337099 42 25 30  2  0  0
17  4 112448 151721844 2052684 33042708    0    0 471248 294104 276648 1326570 42 25 31  2  0  0
61  8 112448 151718168 2052684 33042724    0    0 472784 291176 275459 1331577 42 26 30  2  0  0
63 19 112448 151717064 2052684 33042748    0    0 464848 292908 275265 1325776 42 26 30  2  0  0
71 10 112448 151718152 2052684 33042756    0    0 476256 290008 275928 1326793 42 25 30  2  0  0
34  0 112448 151715028 2052684 33042792    0    0 491680 296184 279924 1337442 43 24 30  2  0  0
62  3 112448 151711460 2052684 33042812    0    0 461184 291432 273469 1332608 42 26 30  2  0  0
97  7 112448 151699992 2052684 33042828    0    0 474208 289880 276782 1334802 42 25 31  2  0  0
46  2 112448 151704376 2052684 33042848    0    0 480096 292128 275732 1331540 42 25 30  2  0  0
82  3 112448 151710984 2052688 33042860    0    0 494336 299856 278225 1328886 42 25 30  3  0  0
27  2 112448 151719472 2052688 33042892    0    0 459552 303800 274594 1329504 42 26 30  2  0  0
procs -----------memory---------- ---swap-- -----io---- -system-- -------cpu-------
 r  b   swpd   free   buff  cache   si   so    bi    bo   in   cs us sy id wa st gu
17  0 112448 151710428 2052688 33042912    0    0 484928 315324 273121 1311905 42 24 31  3  0  0
 4  0 112448 151714300 2052688 33042932    0    0 480144 293492 279320 1338849 42 26 30  2  0  0
49  1 112448 151709544 2052688 33042944    0    0 468912 293604 275232 1322722 42 25 31  2  0  0
102 11 112448 151716504 2052692 33042960    0    0 489600 298680 277237 1328264 42 25 31  3  0  0
65 11 112448 151706308 2052692 33042980    0    0 490640 302376 275362 1324136 42 25 30  2  0  0
87 11 112448 151711628 2052692 33043000    0    0 475344 288252 276662 1335718 42 26 30  2  0  0
32  0 112448 151714188 2052692 33043020    0    0 482912 299408 275515 1325241 42 25 31  2  0  0
50  1 112448 151709624 2052692 33043036    0    0 493040 290768 278238 1330805 42 26 30  3  0  0
48  8 112448 151706240 2052696 33043052    0    0 482224 305588 274417 1317090 42 24 31  2  0  0
30  2 112448 151704740 2052696 33043080    0    0 490768 289708 284811 1348493 43 25 30  2  0  0
112 14 112448 151702540 2052696 33043100    0    0 480784 303820 273989 1318623 42 25 31  2  0  0
103  9 112448 151695192 2052696 33043116    0    0 468400 284164 281248 1345226 42 26 30  2  0  0
55  9 112448 151696172 2052696 33043136    0    0 475488 297336 283436 1347974 43 25 30  2  0  0
61  4 112448 151698804 2052696 33043156    0    0 466112 296616 274089 1316171 41 25 31  2  0  0
57  0 112448 151698100 2052696 33043184    0    0 467216 285360 277169 1332537 42 26 30  2  0  0
77  7 112448 151692716 2052696 33043200    0    0 476272 285792 275143 1324725 43 25 31  2  0  0
49  1 112448 151693592 2052696 33043220    0    0 475984 289672 274867 1325265 42 25 31  2  0  0
69  4 112448 151692536 2052696 33043228    0    0 483664 299632 274994 1313059 41 25 31  3  0  0
123  7 112448 151695680 2052696 33043256    0    0 470848 286324 275862 1319092 42 25 31  2  0  0
44  1 112448 151691132 2052696 33043280    0    0 473456 292848 274957 1325349 42 25 31  2  0  0
58  1 112448 151682528 2052696 33043364    0    0 492208 298464 277380 1312649 42 24 31  3  0  0
procs -----------memory---------- ---swap-- -----io---- -system-- -------cpu-------
 r  b   swpd   free   buff  cache   si   so    bi    bo   in   cs us sy id wa st gu
 4  0 112448 151683004 2052696 33043384    0    0 479568 300324 275280 1318484 43 25 30  2  0  0
 4  1 112448 151688228 2052696 33043396    0    0 475984 289044 277726 1328097 43 25 30  2  0  0
41  9 112448 151688860 2052696 33043404    0    0 467312 286136 273959 1329687 42 26 30  2  0  0
62  0 112448 151694548 2052696 33043428    0    0 476800 294712 275068 1321395 42 25 31  2  0  0
54  3 112448 151694360 2052696 33043456    0    0 470992 292692 273176 1321530 42 25 31  2  0  0
51  1 112448 151688308 2052696 33043464    0    0 477248 294228 272714 1308571 42 25 31  2  0  0
33  3 112448 151685156 2052696 33043480    0    0 476800 290188 277043 1322489 42 25 30  2  0  0
31  9 112448 151681544 2052696 33043504    0    0 485472 293664 277469 1319412 42 25 30  2  0  0
38  1 112448 151679576 2052696 33043528    0    0 466832 294880 275219 1316970 41 25 31  2  0  0
100 29 112448 151677896 2052696 33043556    0    0 485872 311248 277339 1314435 42 24 31  3  0  0
60  4 112448 151678416 2052696 33043572    0    0 489120 306944 275643 1321878 42 25 30  3  0  0
57  9 112448 151674540 2052696 33043588    0    0 464944 297988 273126 1308455 42 25 31  2  0  0
50  4 112448 151672504 2052696 33043608    0    0 467232 276324 281717 1350450 43 26 29  2  0  0
23 18 112448 151679848 2052700 33043632    0    0 486992 297460 279408 1323984 42 25 31  2  0  0
48  5 112448 151674976 2052700 33043652    0    0 469600 300400 275072 1320015 42 25 31  2  0  0
52  1 112448 151669832 2052700 33043668    0    0 488944 287360 280636 1337419 42 25 30  2  0  0
33  1 112448 151673876 2052700 33043684    0    0 463728 291404 277344 1331594 42 26 31  2  0  0
100 12 112448 151676728 2052700 33043708    0    0 468144 295428 277634 1319538 42 24 32  2  0  0
51  6 112448 151679284 2052704 33043720    0    0 474528 285576 273861 1329225 42 25 30  2  0  0
67 10 112448 151676256 2052704 33043732    0    0 483648 294704 275851 1316109 42 25 31  2  0  0
78  6 112448 151680340 2052704 33043756    0    0 474656 289896 276442 1326283 42 25 30  2  0  0
procs -----------memory---------- ---swap-- -----io---- -system-- -------cpu-------
 r  b   swpd   free   buff  cache   si   so    bi    bo   in   cs us sy id wa st gu
 5  0 112448 151680344 2052704 33043764    0    0 468416 296684 278526 1325490 42 25 31  2  0  0
37  3 112448 151681636 2052704 33043788    0    0 464208 286936 274721 1323933 41 26 31  2  0  0
77  0 112448 151676452 2052704 33043812    0    0 490992 298424 277904 1313268 42 25 31  2  0  0
41  1 112448 151676360 2052704 33043828    0    0 465264 283356 273829 1318406 42 25 31  2  0  0
56 12 112448 151676456 2052704 33043856    0    0 477296 292620 275553 1314822 41 25 32  2  0  0
66  4 112448 151684212 2052704 33043868    0    0 467440 287660 272714 1321032 41 25 31  2  0  0
82 11 112448 151684956 2052704 33043888    0    0 479168 294288 274573 1312530 42 25 31  2  0  0
35  4 112448 151679692 2052704 33043904    0    0 482336 293400 274625 1314077 42 25 31  2  0  0
108  6 112448 151684368 2052704 33043932    0    0 499072 299012 276107 1305033 42 24 31  2  0  0
101  2 112448 151687188 2052704 33043948    0    0 472432 295844 271819 1306012 42 24 31  2  0  0
36 13 112448 151694400 2052704 33043980    0    0 476624 296848 272509 1307377 41 25 31  2  0  0
12  1 112448 151693316 2052704 33043996    0    0 466272 287628 273513 1314409 42 26 31  2  0  0
33  6 112448 151690140 2052704 33044008    0    0 496864 295476 279028 1315572 42 25 31  3  0  0
80  8 112448 151686516 2052704 33044028    0    0 481808 299832 274359 1299614 41 25 32  2  0  0
82  6 112448 151677340 2052704 33044048    0    0 478928 293480 279638 1317049 42 24 31  2  0  0
 4  0 112448 151677356 2052704 33044064    0    0 474080 294028 275345 1316465 41 25 31  2  0  0
44  4 112448 151676392 2052704 33044084    0    0 472864 287804 282974 1329235 41 25 31  2  0  0
91  8 112448 151674856 2052704 33044100    0    0 465968 289100 275842 1315273 42 25 31  2  0  0
105 15 112448 151668320 2052704 33044124    0    0 485472 331176 273913 1289524 41 24 32  3  0  0
113  5 112448 151669344 2052704 33044132    0    0 493008 292864 278052 1323764 42 26 30  2  0  0
111  9 112448 151672372 2052704 33044160    0    0 474304 295060 275065 1314797 41 25 31  2  0  0
procs -----------memory---------- ---swap-- -----io---- -system-- -------cpu-------
 r  b   swpd   free   buff  cache   si   so    bi    bo   in   cs us sy id wa st gu
53  2 112448 151672312 2052704 33044172    0    0 476768 293476 274760 1312894 41 25 31  2  0  0
 4  0 112448 151666724 2052708 33044188    0    0 474608 287884 276371 1326309 41 26 31  2  0  0
31  3 112448 151657816 2052708 33044220    0    0 496160 300732 279681 1317634 42 24 31  3  0  0
22  6 112448 151658248 2052708 33044244    0    0 465904 288272 273299 1321085 41 25 31  2  0  0
102  5 112448 151658924 2052708 33044260    0    0 477264 293652 277485 1312132 41 25 31  2  0  0
42  6 112448 151655260 2052708 33044268    0    0 468816 293280 273752 1312855 42 25 31  2  0  0
 4  0 112448 151651992 2052708 33044288    0    0 489696 291168 281116 1328366 42 25 31  3  0  0
71 12 112448 151656104 2052708 33044304    0    0 482016 296932 273114 1302968 42 25 31  2  0  0
100  4 112448 151659124 2052708 33044324    0    0 473152 288960 277855 1325146 42 25 31  2  0  0
51 15 112448 151657444 2052708 33044344    0    0 480064 292608 273968 1316990 42 25 31  2  0  0
28 10 112448 151656080 2052708 33044364    0    0 483472 295148 280448 1325477 42 25 31  2  0  0
79  6 112448 151657984 2052708 33044388    0    0 463168 291600 272345 1318562 42 24 32  2  0  0
79 10 112448 151659344 2052708 33044408    0    0 466512 290340 273032 1313978 41 25 31  2  0  0
58  4 112448 151655428 2052708 33044436    0    0 468640 288764 274763 1322369 41 26 31  2  0  0
59 12 112448 151654964 2052708 33044452    0    0 487568 295120 278779 1314587 42 25 31  2  0  0
50  0 112448 151657832 2052708 33044476    0    0 471744 292156 275051 1317672 41 25 31  2  0  0
37  6 112448 151655808 2052712 33044492    0    0 476848 290680 273331 1311037 42 24 32  2  0  0
27  8 112448 151653496 2052712 33044588    0    0 467680 286988 273437 1320363 41 26 31  2  0  0
45 11 112448 151654000 2052712 33044608    0    0 471600 292236 273351 1301165 41 25 32  2  0  0
87  9 112448 151649164 2052712 33044624    0    0 480048 293588 274659 1301609 41 25 32  2  0  0
73  2 112448 151648844 2052712 33044648    0    0 480448 289836 273940 1306483 41 24 32  2  0  0
procs -----------memory---------- ---swap-- -----io---- -system-- -------cpu-------
 r  b   swpd   free   buff  cache   si   so    bi    bo   in   cs us sy id wa st gu
 7  3 112448 151647784 2052724 33044652    0    0 474864 295488 274804 1311205 42 25 31  2  0  0
78  5 112448 151647240 2052724 33044684    0    0 495184 296236 275397 1304919 42 24 31  3  0  0
80  5 112448 151645196 2052724 33044716    0    0 464544 289492 273282 1314520 42 25 31  2  0  0
49  7 112448 151641428 2052724 33044736    0    0 479504 297720 273135 1303096 42 24 32  2  0  0
52 29 112448 151637580 2052724 33044744    0    0 475712 292784 273817 1312805 42 25 31  2  0  0
45  8 112448 151641380 2052724 33044764    0    0 489776 298936 275403 1299565 42 24 32  2  0  0
31  0 112448 151633884 2052724 33044776    0    0 480576 325964 274777 1312020 42 24 31  3  0  0
76 14 112448 151638776 2052724 33044800    0    0 471008 294288 274016 1299390 41 24 32  2  0  0
27  0 112448 151630840 2052724 33044816    0    0 468096 284572 275028 1317777 41 26 30  2  0  0
43 12 112448 151627500 2052724 33044836    0    0 482608 290748 279090 1314699 42 24 31  2  0  0
62 15 112448 151626352 2052724 33044856    0    0 461680 294248 272778 1311222 42 25 32  2  0  0
68  2 112448 151625580 2052724 33044884    0    0 465216 289216 282273 1322134 42 25 31  2  0  0
61  2 112448 151622704 2052724 33044904    0    0 474528 292316 277520 1311707 41 25 32  2  0  0
49  4 112448 151623832 2052724 33044924    0    0 467968 284760 272585 1316895 42 25 31  2  0  0
76  4 112448 151620860 2052724 33044940    0    0 478400 294900 273766 1305895 42 24 32  2  0  0
96 17 112448 151622052 2052724 33044956    0    0 465568 280648 273685 1325159 42 25 31  2  0  0
62  6 112448 151620636 2052724 33044980    0    0 481808 295848 282442 1321158 42 25 31  2  0  0
94 12 112448 151624456 2052724 33045000    0    0 469296 291136 272567 1312469 42 25 31  2  0  0
61  3 112448 151620744 2052724 33045020    0    0 484752 292548 274618 1308776 42 24 32  2  0  0
 5  0 112448 151627920 2052724 33045036    0    0 468016 285320 274429 1316102 41 25 31  2  0  0
 4  0 112448 151633096 2052724 33045052    0    0 467136 285524 276927 1316927 42 25 31  2  0  0
procs -----------memory---------- ---swap-- -----io---- -system-- -------cpu-------
 r  b   swpd   free   buff  cache   si   so    bi    bo   in   cs us sy id wa st gu
 4  4 112448 151630064 2052724 33045076    0    0 465024 292660 270820 1304659 41 24 32  2  0  0
33  8 112448 151632956 2052724 33045088    0    0 485152 295300 274591 1303223 41 24 32  2  0  0
27 11 112448 151634380 2052724 33045108    0    0 478704 292680 274711 1315816 41 25 32  2  0  0
36  1 112448 151633768 2052724 33045120    0    0 490080 293984 279125 1320337 41 25 31  2  0  0
27  0 112448 151634836 2052728 33045140    0    0 471424 291216 271506 1309204 41 25 32  2  0  0
36  5 112448 151631992 2052728 33045168    0    0 484000 299812 272640 1295451 41 24 32  2  0  0
36  1 112448 151637140 2052728 33045196    0    0 473872 286000 272733 1316702 42 24 31  2  0  0
23  3 112448 151634192 2052728 33045216    0    0 480896 293516 277855 1313578 41 25 31  2  0  0
101 19 112448 151629392 2052728 33045236    0    0 470224 291948 271605 1309345 41 25 31  2  0  0
78  0 112448 151635200 2052728 33045260    0    0 476304 292376 278177 1317449 42 25 32  2  0  0
40 16 112448 151629552 2052736 33045284    0    0 477200 295392 283576 1311576 41 25 32  2  0  0
 3  0 112448 151626752 2052736 33045300    0    0 484416 301804 279385 1311525 42 24 32  2  0  0
73 22 112448 151623644 2052736 33045316    0    0 469408 288256 272092 1307480 41 25 32  2  0  0
 4  0 112448 151619660 2052736 33045340    0    0 493888 299580 273797 1295074 42 24 32  3  0  0
48 11 112448 151617580 2052736 33045352    0    0 482224 295212 273974 1309294 42 25 31  2  0  0
54  5 112448 151620132 2052740 33045368    0    0 467600 293464 273991 1304123 41 25 32  2  0  0
 4  1 112448 151616908 2052740 33045388    0    0 473568 323140 272416 1310838 41 25 31  3  0  0
26  0 112448 151620020 2052740 33045420    0    0 481664 292216 280336 1313553 42 24 31  2  0  0
75 10 112448 151631476 2052740 33045432    0    0 464816 290380 272664 1315750 41 25 31  2  0  0
122  6 112448 151633064 2052740 33045452    0    0 481200 291332 278189 1319814 42 25 31  2  0  0
56  2 112448 151638928 2052740 33045464    0    0 465600 291596 272115 1309061 41 25 31  2  0  0
procs -----------memory---------- ---swap-- -----io---- -system-- -------cpu-------
 r  b   swpd   free   buff  cache   si   so    bi    bo   in   cs us sy id wa st gu
 3  1 112448 151639608 2052740 33045484    0    0 482864 290184 276552 1320891 42 24 32  2  0  0
47 13 112448 151643116 2052740 33045504    0    0 485216 297984 273408 1306376 41 25 32  2  0  0
47  6 112448 151645688 2052740 33045524    0    0 474672 295508 275977 1312889 41 24 32  2  0  0
 3  1 112448 151648252 2052740 33045540    0    0 480112 292752 276232 1313362 42 25 31  2  0  0
100 15 112448 151637332 2052748 33045560    0    0 481152 293392 274382 1306991 41 25 32  2  0  0
30  1 112448 151639020 2052748 33045580    0    0 468416 288484 273695 1313965 42 25 31  2  0  0
75  0 112448 151631364 2052748 33045588    0    0 469616 292012 272119 1306102 41 25 32  2  0  0
48 17 112448 151628876 2052748 33045608    0    0 466384 285344 274347 1314006 42 25 31  2  0  0
47  1 112448 151624988 2052748 33045628    0    0 481712 297924 276638 1313291 42 24 32  2  0  0
61  4 112448 151627568 2052752 33045652    0    0 456464 286856 271253 1296689 41 25 32  2  0  0
55  1 112448 151629404 2052752 33045672    0    0 465456 284668 271378 1311007 41 25 31  2  0  0
63  7 112448 151629320 2052752 33045696    0    0 462736 283244 272304 1310042 42 25 31  2  0  0
56 11 112448 151624192 2052752 33045716    0    0 480176 293076 273325 1300242 41 24 32  2  0  0
61  2 112448 151628180 2052752 33045736    0    0 458000 284172 272664 1308581 41 25 31  2  0  0
105  5 112448 151624108 2052752 33045816    0    0 493040 295120 277471 1307736 42 24 31  3  0  0
98 12 112448 151623688 2052752 33045832    0    0 469904 284352 270926 1307141 41 25 32  2  0  0
30 11 112448 151623460 2052752 33045856    0    0 480688 293980 274845 1294915 41 25 32  2  0  0
 4  0 112448 151619076 2052752 33045876    0    0 471472 292632 278014 1312587 41 25 32  2  0  0
87  2 112448 151614660 2052752 33045896    0    0 492480 298188 274400 1306808 42 24 31  2  0  0
23  6 112448 151606664 2052756 33045912    0    0 491936 296324 283981 1321664 41 25 31  3  0  0
74  4 112448 151603172 2052756 33045936    0    0 484720 303412 274564 1296559 42 24 32  2  0  0
procs -----------memory---------- ---swap-- -----io---- -system-- -------cpu-------
 r  b   swpd   free   buff  cache   si   so    bi    bo   in   cs us sy id wa st gu
80  2 112448 151605580 2052756 33045944    0    0 493136 299880 275172 1299748 42 24 31  3  0  0
103  6 112448 151603600 2052756 33045988    0    0 483088 297468 274870 1299671 41 26 31  2  0  0
59 15 112448 151603260 2052756 33046000    0    0 481152 296572 274813 1301734 41 24 32  2  0  0
74  5 112448 151595496 2052760 33046016    0    0 478176 290340 273200 1303610 42 25 31  2  0  0
 6  0 112448 151597656 2052760 33046040    0    0 478176 313872 281597 1311570 42 24 32  2  0  0
45  6 112448 151598304 2052760 33046060    0    0 480144 308916 276392 1301056 41 24 32  3  0  0
45  7 112448 151595268 2052760 33046084    0    0 461856 292844 277290 1306170 40 25 32  2  0  0
56  5 112448 151598860 2052760 33046100    0    0 479824 292840 279477 1317914 42 24 32  2  0  0
59  7 112448 151593780 2052760 33046108    0    0 475552 288532 273364 1308441 42 25 31  2  0  0
106 14 112448 151593960 2052760 33046124    0    0 493920 295484 273925 1290754 41 24 32  3  0  0
79  8 112448 151593284 2052760 33046160    0    0 475920 288436 272892 1301765 41 25 31  2  0  0
104 11 112448 151593968 2052760 33046172    0    0 483040 295936 273150 1296897 41 25 32  2  0  0
 4  0 112448 151597136 2052760 33046188    0    0 461600 284592 270551 1314160 41 25 32  2  0  0
54  9 112448 151596188 2052764 33046196    0    0 494736 301096 278516 1298607 41 24 32  2  0  0
 7  1 112448 151602644 2052764 33046224    0    0 481696 293100 273223 1297954 41 25 31  2  0  0
36 16 112448 151598560 2052764 33046252    0    0 475136 292528 275588 1307187 41 24 32  2  0  0
88 16 112448 151596120 2052764 33046264    0    0 466096 290764 272952 1311009 42 24 31  2  0  0
62  2 112448 151595100 2052764 33046280    0    0 474144 284764 271949 1310147 41 25 31  2  0  0
63 12 112448 151601024 2052764 33046304    0    0 474992 298176 271448 1297577 41 25 32  2  0  0
92 11 112448 151600912 2052764 33046320    0    0 479104 291132 273345 1296340 41 24 32  2  0  0
 3  0 112448 151602528 2052764 33046352    0    0 463840 292352 270798 1306875 41 25 32  2  0  0
procs -----------memory---------- ---swap-- -----io---- -system-- -------cpu-------
 r  b   swpd   free   buff  cache   si   so    bi    bo   in   cs us sy id wa st gu
57  3 112448 151598108 2052764 33046368    0    0 487152 287936 281165 1323224 42 25 31  2  0  0
53  4 112448 151599644 2052764 33046388    0    0 480416 293872 273190 1306148 41 25 31  2  0  0
59 21 112448 151603408 2052764 33046412    0    0 472064 294156 276795 1305411 41 25 32  2  0  0
76  4 112448 151603852 2052764 33046424    0    0 480896 288728 274891 1310666 42 25 31  2  0  0
84 21 112448 151605888 2052764 33046440    0    0 470608 291768 275445 1299123 41 25 32  2  0  0
20  0 112448 151602508 2052764 33046460    0    0 478528 287056 272455 1301237 42 24 31  2  0  0
64  1 112448 151599700 2052764 33046488    0    0 478880 292088 275096 1298887 41 25 32  2  0  0
40  5 112448 151605076 2052764 33046508    0    0 479696 298096 273001 1300062 42 24 32  2  0  0
115  3 112448 151609820 2052764 33046520    0    0 467312 282572 278690 1323062 42 25 31  2  0  0
79  1 112448 151601348 2052764 33046540    0    0 470624 291308 272356 1309279 41 25 32  2  0  0
118  5 112448 151602968 2052764 33046560    0    0 482528 293804 280889 1308985 42 24 32  2  0  0
19  0 112448 151602712 2052764 33046588    0    0 461952 296384 271766 1299380 41 25 32  2  0  0
65  1 112448 151609652 2052764 33046604    0    0 476848 287408 275809 1306811 41 25 32  2  0  0
43  8 112448 151613100 2052772 33046616    0    0 457684 298036 273333 1314754 42 25 31  2  0  0
87 15 112448 151612456 2052772 33046640    0    0 472976 306276 275316 1305732 41 25 32  2  0  0
35  4 112448 151615404 2052772 33046660    0    0 478720 292540 273160 1307431 41 25 32  2  0  0
74 11 112448 151621520 2052772 33046684    0    0 478400 295408 280426 1319252 41 25 32  2  0  0
29  1 112448 151629592 2052776 33046700    0    0 477872 294484 273193 1302802 41 24 32  2  0  0
42  1 112448 151626784 2052776 33046720    0    0 489152 299052 274808 1294697 42 24 32  2  0  0
45  4 112448 151624892 2052776 33046736    0    0 479712 291268 271647 1298582 42 24 32  2  0  0
61  3 112448 151621680 2052776 33046756    0    0 491312 291732 274478 1302368 41 25 32  2  0  0
procs -----------memory---------- ---swap-- -----io---- -system-- -------cpu-------
 r  b   swpd   free   buff  cache   si   so    bi    bo   in   cs us sy id wa st gu
37  2 112448 151618980 2052776 33046776    0    0 475824 290768 271423 1294476 41 25 32  2  0  0
36  2 112448 151622084 2052776 33046800    0    0 505856 296548 274162 1291555 42 24 32  3  0  0
60 11 112448 151614028 2052776 33046828    0    0 480448 296240 273713 1300065 41 24 32  2  0  0
24 20 112448 151598900 2052776 33046892    0    0 479184 295620 271833 1293996 41 25 31  2  0  0
 4  0 112448 151596592 2052776 33046876    0    0 484800 297584 274462 1290774 41 25 32  2  0  0
53  3 112448 151596836 2052776 33046892    0    0 484912 293052 275453 1297168 41 24 32  2  0  0
69  1 112448 151596468 2052776 33046912    0    0 478656 291328 272472 1296515 41 25 32  2  0  0
63 17 112448 151604072 2052776 33046928    0    0 483072 297456 272100 1298473 41 24 32  3  0  0
72  2 112448 151602448 2052776 33046948    0    0 462976 280512 272211 1312330 42 25 31  2  0  0
66  9 112448 151600672 2052780 33046960    0    0 482208 295076 274864 1306791 41 24 32  2  0  0
26  0 112448 151597196 2052780 33046992    0    0 464640 285648 272917 1300101 41 25 32  2  0  0
58  1 112448 151606076 2052780 33047104    0    0 471312 284400 277027 1304714 41 25 31  2  0  0
73  4 112448 151607748 2052780 33047124    0    0 459744 287776 273918 1316859 41 25 31  2  0  0
45  1 112448 151601548 2052780 33047144    0    0 476304 290236 276424 1309483 41 24 32  2  0  0
41  3 112448 151599952 2052780 33047164    0    0 457504 289132 270321 1299722 41 25 32  2  0  0
98  8 112448 151602072 2052780 33047180    0    0 472480 289964 273648 1301377 41 25 31  2  0  0
54  3 112448 151607732 2052780 33047212    0    0 474256 289532 273704 1302440 41 25 32  2  0  0
30  4 112448 151602124 2052780 33047220    0    0 472064 290840 277932 1304430 42 24 32  2  0  0
23  3 112448 151609004 2052780 33047236    0    0 479024 289728 277228 1309784 42 25 31  2  0  0
81  3 112448 151620820 2052780 33047252    0    0 485104 296480 279495 1298584 41 25 32  2  0  0
52 13 112448 151621012 2052780 33047284    0    0 476800 293944 272416 1301529 41 24 31  3  0  0
procs -----------memory---------- ---swap-- -----io---- -system-- -------cpu-------
 r  b   swpd   free   buff  cache   si   so    bi    bo   in   cs us sy id wa st gu
84  3 112448 151622080 2052780 33047308    0    0 485056 293648 273883 1307218 41 25 31  3  0  0
93  3 112448 151621492 2052780 33047320    0    0 478176 287212 272216 1310006 42 25 31  3  0  0
 6  3 112448 151623928 2052780 33047344    0    0 472320 296028 272961 1293993 41 24 32  2  0  0
 5  1 112448 151627552 2052784 33047360    0    0 468432 289104 271401 1308416 41 25 32  2  0  0
51  3 112448 151620460 2052784 33047376    0    0 462864 291636 278713 1312657 41 24 33  2  0  0
19  0 112448 151623812 2052784 33047400    0    0 462384 289252 270827 1305950 41 25 32  2  0  0
53 15 112448 151619660 2052784 33047416    0    0 466080 279608 274721 1319488 42 25 31  2  0  0
83  4 112448 151618936 2052784 33047444    0    0 487712 294276 274896 1308118 41 25 31  3  0  0
85  7 112448 151616336 2052788 33047456    0    0 488016 294924 278225 1311936 41 25 31  2  0  0
70  3 112448 151614432 2052788 33047488    0    0 472752 294528 271448 1300862 41 25 32  2  0  0
37  3 112448 151612144 2052788 33047512    0    0 471152 291852 271571 1304507 41 25 32  2  0  0
 6  0 112448 151611152 2052788 33047528    0    0 473328 292272 273122 1302687 42 25 31  2  0  0
40  2 112448 151613048 2052788 33047544    0    0 483488 294556 277215 1311921 41 25 32  2  0  0
15 23 112448 151612616 2052788 33047572    0    0 482512 292824 274450 1308307 42 25 31  2  0  0
56  3 112448 151616024 2052788 33047580    0    0 475984 298888 272591 1294986 41 24 32  2  0  0
 7  3 112448 151613848 2052788 33047608    0    0 471648 292088 273154 1302540 41 25 32  2  0  0
44  8 112448 151614356 2052788 33047616    0    0 475120 287892 278982 1321239 41 25 32  2  0  0
43  5 112448 151616864 2052788 33047636    0    0 473824 292624 270731 1309344 41 25 32  2  0  0
73  0 112448 151624956 2052788 33047660    0    0 477424 291704 279468 1319787 42 24 32  2  0  0
75  0 112448 151627552 2052788 33047668    0    0 476880 291908 274145 1310143 41 26 31  2  0  0
 8  0 112448 151624580 2052788 33047692    0    0 474816 294160 277004 1305799 42 25 31  2  0  0
procs -----------memory---------- ---swap-- -----io---- -system-- -------cpu-------
 r  b   swpd   free   buff  cache   si   so    bi    bo   in   cs us sy id wa st gu
45 10 112448 151626596 2052788 33047708    0    0 470224 291648 272195 1303777 41 25 32  2  0  0
65  2 112448 151624352 2052788 33047732    0    0 463072 283892 272268 1314847 41 25 32  2  0  0
51  5 112448 151620916 2052788 33047760    0    0 464704 291916 271997 1302701 41 25 32  2  0  0
87  7 112448 151620328 2052788 33047776    0    0 479168 290944 274019 1296711 40 25 32  2  0  0
118 14 112448 151610820 2052788 33047796    0    0 464272 292280 272512 1297321 41 24 32  2  0  0
59  2 112448 151615160 2052788 33047816    0    0 461904 285260 278457 1314598 42 26 31  2  0  0
54  8 112448 151616904 2052788 33047836    0    0 458816 289872 271475 1308514 42 25 31  2  0  0
22  7 112448 151611976 2052788 33047844    0    0 480672 284048 272236 1315140 42 24 32  2  0  0
88  1 112448 151611560 2052788 33047876    0    0 446992 290456 270842 1306708 41 25 32  2  0  0
65  1 112448 151609388 2052788 33047892    0    0 484848 287100 281950 1323395 42 24 31  2  0  0
73  5 112448 151600276 2052788 33047916    0    0 452464 288004 271212 1304040 41 25 32  2  0  0
51  2 112448 151606112 2052788 33047928    0    0 479792 303712 276515 1309061 41 25 32  2  0  0
81 16 112448 151607592 2052792 33047952    0    0 460016 309676 271713 1296896 41 25 32  2  0  0
75 13 112448 151604696 2052792 33047968    0    0 472528 276716 277140 1318380 42 25 31  2  0  0
94  3 112448 151610712 2052792 33047992    0    0 484880 295004 274393 1302320 41 24 32  2  0  0
74 11 112448 151608016 2052792 33048008    0    0 477040 288472 273768 1307000 41 25 31  2  0  0
 4  0 112448 151605356 2052792 33048028    0    0 479040 292116 272700 1297655 42 24 32  2  0  0
62  3 112448 151616252 2052792 33048036    0    0 460560 287632 271084 1304415 42 23 32  2  0  0
45  9 112448 151614016 2052792 33048068    0    0 469808 294080 271098 1302778 42 24 32  2  0  0
31  2 112448 151611640 2052792 33048076    0    0 477616 290536 272231 1301525 41 24 32  2  0  0
48 30 112448 151613128 2052792 33048104    0    0 475744 295132 272602 1292577 41 25 32  2  0  0
procs -----------memory---------- ---swap-- -----io---- -system-- -------cpu-------
 r  b   swpd   free   buff  cache   si   so    bi    bo   in   cs us sy id wa st gu
 3  0 112448 151609224 2052792 33048124    0    0 469120 282752 273776 1314855 42 25 31  2  0  0
52 17 112448 151602452 2052792 33048132    0    0 494512 302076 272924 1283748 41 24 33  3  0  0
76  2 112448 151603668 2052792 33048160    0    0 491024 287272 274407 1304543 42 25 31  2  0  0
45 10 112448 151598372 2052792 33048176    0    0 489136 301168 273335 1294317 41 24 32  2  0  0
107  7 112448 151595620 2052792 33048196    0    0 471024 293644 272934 1312837 41 25 31  2  0  0
76 12 112448 151595968 2052792 33048220    0    0 471552 288748 271275 1308374 42 24 32  2  0  0
 5  4 112448 151595048 2052792 33048240    0    0 466928 297056 270742 1298615 41 24 33  2  0  0
41  4 112448 151593624 2052792 33048264    0    0 483104 293352 272912 1298157 41 25 32  2  0  0
93 10 112448 151597136 2052792 33048344    0    0 479232 290608 274120 1313761 42 25 31  2  0  0
77  3 112448 151600388 2052792 33048360    0    0 467344 290736 272321 1298158 41 25 32  2  0  0
49  6 112448 151595384 2052792 33048384    0    0 477568 294740 272781 1298152 41 25 32  2  0  0
57  2 112448 151592204 2052792 33048400    0    0 483856 287636 273842 1308749 42 24 31  2  0  0
53  4 112448 151592872 2052792 33048416    0    0 482944 298556 271441 1301304 41 24 32  2  0  0
58  1 112448 151584044 2052792 33048436    0    0 468736 290964 271273 1300168 41 25 32  2  0  0
88  1 112448 151590104 2052792 33048448    0    0 465408 290996 272368 1308976 41 24 32  2  0  0
45  1 112448 151593688 2052792 33048492    0    0 483856 292844 282308 1311856 41 25 32  2  0  0
25  1 112448 151595752 2052796 33048504    0    0 474624 293464 276615 1307770 41 25 32  2  0  0
115 14 112448 151601396 2052796 33048528    0    0 478432 288920 271252 1304667 41 25 32  2  0  0
60  1 112448 151600208 2052796 33048544    0    0 488544 302552 277787 1301615 42 24 32  3  0  0
67  2 112448 151596584 2052796 33048572    0    0 466000 286084 272139 1319412 42 24 32  2  0  0
81 14 112448 151603916 2052796 33048580    0    0 477872 297928 274526 1295194 41 24 32  2  0  0
procs -----------memory---------- ---swap-- -----io---- -system-- -------cpu-------
 r  b   swpd   free   buff  cache   si   so    bi    bo   in   cs us sy id wa st gu
57  3 112448 151601348 2052796 33048604    0    0 478528 302764 273665 1305466 41 25 31  3  0  0
49  4 112448 151600708 2052796 33048624    0    0 493360 317916 274026 1276708 41 23 32  3  0  0
91 13 112448 151599088 2052796 33048640    0    0 477232 289300 272452 1304347 41 25 32  2  0  0
59  9 112448 151596748 2052796 33048668    0    0 465712 292748 272336 1302861 41 24 33  2  0  0
97  1 112448 151594416 2052796 33048692    0    0 474160 289916 271530 1307934 41 25 32  2  0  0
21  0 112448 151593148 2052796 33048700    0    0 473648 288676 273212 1312932 41 25 31  2  0  0
 3  1 112448 151593524 2052796 33048720    0    0 477680 299720 271612 1294185 41 24 32  2  0  0
48 12 112448 151587796 2052796 33048732    0    0 474880 288104 272624 1305106 41 25 32  2  0  0
53  1 112448 151586992 2052796 33048756    0    0 460688 286716 272836 1319929 42 25 31  2  0  0
77  6 112448 151583036 2052796 33048768    0    0 474416 291848 273472 1310505 41 25 31  2  0  0
28 15 112448 151579180 2052800 33048780    0    0 466432 286784 272046 1319450 41 25 31  2  0  0
88  6 112448 151577376 2052800 33048804    0    0 470352 300876 271489 1296806 41 24 32  2  0  0
45  0 112448 151577264 2052800 33048832    0    0 477456 284668 272798 1316768 41 26 31  2  0  0
111  3 112448 151581340 2052800 33048852    0    0 471248 290352 272563 1306528 41 25 32  2  0  0
 5  0 112448 151580052 2052800 33048872    0    0 470336 293568 275168 1302186 41 25 32  2  0  0
100  5 112448 151576604 2052800 33048888    0    0 476128 289688 274672 1315941 41 24 32  2  0  0
60  7 112448 151578656 2052804 33048904    0    0 477792 293120 272800 1301274 41 24 32  2  0  0
 5  0 112448 151575904 2052804 33048928    0    0 483760 299308 273869 1297752 41 25 32  2  0  0
 2  0 112448 151576808 2052804 33048944    0    0 478144 289432 270922 1304335 42 24 32  2  0  0
23  2 112448 151583036 2052804 33048964    0    0 487152 294356 277118 1313605 42 25 31  2  0  0
86  2 112448 151586976 2052804 33048976    0    0 463872 290952 272776 1298400 41 24 32  2  0  0
procs -----------memory---------- ---swap-- -----io---- -system-- -------cpu-------
 r  b   swpd   free   buff  cache   si   so    bi    bo   in   cs us sy id wa st gu
 4  0 112448 151587620 2052804 33049004    0    0 482464 296764 275365 1308219 41 25 32  2  0  0
54  1 112448 151581840 2052804 33049024    0    0 471168 284508 272444 1317475 42 26 31  2  0  0
72  2 112448 151573376 2052804 33049032    0    0 480848 295724 272197 1304810 41 24 32  2  0  0
 6  0 112448 151578140 2052804 33049048    0    0 460880 287196 272023 1311492 41 26 31  2  0  0
69  7 112448 151580948 2052804 33049064    0    0 475520 294740 274000 1307093 41 25 32  2  0  0
67  2 112448 151581488 2052808 33049088    0    0 472432 289488 275419 1314571 41 25 32  2  0  0
90  5 112448 151575636 2052808 33049112    0    0 476752 298804 273760 1293491 41 25 32  2  0  0
69 12 112448 151577820 2052808 33049128    0    0 464640 288316 270720 1295538 41 25 32  2  0  0
38  3 112448 151573744 2052808 33049152    0    0 470336 286048 272171 1310127 41 25 32  2  0  0
63 11 112448 151573136 2052808 33049172    0    0 482176 294308 276890 1301499 41 24 32  2  0  0
53 10 112448 151577376 2052808 33049184    0    0 482992 311676 273666 1302640 41 25 31  2  0  0
48  2 112448 151573796 2052808 33049208    0    0 476016 308888 273033 1304507 41 25 32  2  0  0
44  4 112448 151573472 2052808 33049228    0    0 486928 293764 273508 1303343 42 24 31  2  0  0
85  7 112448 151573516 2052808 33049256    0    0 483760 296224 272215 1287553 41 24 32  2  0  0
76  4 112448 151573156 2052808 33049272    0    0 474352 299520 270227 1292510 41 24 32  2  0  0
96  6 112448 151569184 2052808 33049296    0    0 479456 285920 276269 1317265 41 25 31  2  0  0
75 14 112448 151571380 2052808 33049320    0    0 465264 289468 271858 1306082 41 25 32  2  0  0
109  6 112448 151573208 2052808 33049340    0    0 473024 290612 272559 1305888 41 25 32  2  0  0
79  2 112448 151570868 2052808 33049352    0    0 456512 287100 269969 1301835 41 24 32  2  0  0
 3  2 112448 151570364 2052808 33049376    0    0 463888 282460 272569 1311027 41 24 32  2  0  0
 7  2 112448 151569504 2052808 33049388    0    0 464496 293724 272727 1301971 41 25 32  2  0  0
procs -----------memory---------- ---swap-- -----io---- -system-- -------cpu-------
 r  b   swpd   free   buff  cache   si   so    bi    bo   in   cs us sy id wa st gu
28  6 112448 151570860 2052808 33049412    0    0 478320 284324 276623 1314232 42 25 31  2  0  0
81  8 112448 151572808 2052808 33049428    0    0 497568 305984 277781 1295603 42 24 32  3  0  0
83 18 112448 151572100 2052808 33049444    0    0 476000 294356 272913 1298385 41 24 32  2  0  0
62  1 112448 151570068 2052808 33049460    0    0 499808 296488 273938 1295418 42 24 32  3  0  0
59  5 112448 151574228 2052816 33049540    0    0 470352 291300 272443 1300794 41 25 31  2  0  0
27  0 112448 151568876 2052816 33049576    0    0 468736 293960 271906 1296083 41 25 32  2  0  0
98  0 112448 151567088 2052816 33049588    0    0 474288 285996 272601 1305337 42 24 31  2  0  0
84 19 112448 151560292 2052816 33049604    0    0 473968 295772 272904 1300006 41 24 33  2  0  0
25  6 112448 151558360 2052816 33049624    0    0 474336 287236 274381 1311611 41 25 32  2  0  0
79  4 112448 151563816 2052820 33049644    0    0 459152 281616 274128 1318328 41 25 32  2  0  0
47  2 112448 151563312 2052820 33049664    0    0 474848 298772 270543 1295615 41 24 33  2  0  0
40  3 112448 151558504 2052820 33049680    0    0 468848 281744 277890 1317003 41 25 32  2  0  0
30  6 112448 151559836 2052820 33049696    0    0 472048 296452 272201 1299786 41 25 32  2  0  0
44 10 112448 151561608 2052820 33049724    0    0 477248 289232 279268 1310720 42 25 31  2  0  0
101 27 112448 151558920 2052824 33049744    0    0 473104 298276 275750 1299748 41 24 32  2  0  0
44  1 112448 151557068 2052824 33049756    0    0 478144 286832 273511 1306111 42 24 31  2  0  0
74  3 112448 151562868 2052824 33049776    0    0 476880 291892 277701 1319549 42 24 32  2  0  0
85  7 112448 151563804 2052828 33049796    0    0 461732 303008 270656 1305759 41 25 31  2  0  0
87  7 112448 151566240 2052828 33049832    0    0 481712 308708 271993 1290598 41 25 31  3  0  0
32  0 112448 151566436 2052828 33049848    0    0 473760 285796 273219 1305596 41 25 32  2  0  0
61  4 112448 151565532 2052828 33049868    0    0 479632 294668 272316 1298636 41 24 32  2  0  0
procs -----------memory---------- ---swap-- -----io---- -system-- -------cpu-------
 r  b   swpd   free   buff  cache   si   so    bi    bo   in   cs us sy id wa st gu
 2  4 112448 151564000 2052828 33049884    0    0 458992 288276 270748 1306534 41 25 32  2  0  0
 5  0 112448 151566500 2052828 33049896    0    0 470912 292132 273339 1303326 41 24 32  2  0  0
58  3 112448 151568096 2052828 33049936    0    0 459584 281828 270956 1307869 41 25 32  2  0  0
79  3 112448 151573252 2052832 33049948    0    0 475440 285296 271837 1301459 41 25 32  2  0  0
94  3 112448 151569932 2052832 33049976    0    0 465536 286720 271054 1305350 41 25 32  2  0  0
54  9 112448 151573840 2052832 33049984    0    0 484752 296388 274371 1297525 41 25 31  2  0  0
61  4 112448 151570912 2052832 33050020    0    0 485056 299912 270642 1287842 41 24 32  3  0  0
68 17 112448 151569776 2052832 33050036    0    0 478848 291408 271701 1294104 42 25 32  2  0  0
74  3 112448 151574988 2052832 33050048    0    0 469824 284900 272893 1316542 42 25 31  2  0  0
56  6 112448 151577664 2052832 33050076    0    0 486560 292940 271894 1296692 42 24 32  3  0  0
85  2 112448 151577332 2052832 33050088    0    0 461760 290064 269931 1296142 41 25 32  2  0  0
38  2 112448 151576756 2052832 33050104    0    0 489232 301260 276401 1287041 41 24 32  2  0  0
38  9 112448 151577160 2052832 33050128    0    0 475936 293340 272209 1303455 42 24 32  3  0  0
90  3 112448 151567488 2052832 33050152    0    0 476752 288748 274098 1302203 41 25 31  2  0  0
54  6 112448 151566688 2052832 33050168    0    0 476848 291740 273957 1306292 42 25 31  2  0  0
88  1 112448 151578524 2052832 33050184    0    0 475136 294012 271325 1297219 41 25 32  2  0  0
20  2 112448 151573004 2052832 33050204    0    0 473040 287572 271846 1304568 41 25 32  2  0  0
39  1 112448 151571380 2052832 33050220    0    0 476320 296580 274428 1310708 41 24 32  2  0  0
93  0 112448 151570980 2052836 33050228    0    0 465280 288200 272824 1309643 42 25 31  2  0  0
63  4 112448 151567140 2052836 33050260    0    0 465200 285868 271147 1309714 41 26 31  2  0  0
51  1 112448 151567372 2052836 33050280    0    0 481904 293888 272960 1306606 41 25 31  2  0  0
procs -----------memory---------- ---swap-- -----io---- -system-- -------cpu-------
 r  b   swpd   free   buff  cache   si   so    bi    bo   in   cs us sy id wa st gu
69  7 112448 151556132 2052836 33050296    0    0 468800 292224 270370 1299989 41 25 32  2  0  0
105 14 112448 151554608 2052836 33050308    0    0 468720 293640 269241 1298258 40 25 33  2  0  0
53  2 112448 151554984 2052836 33050344    0    0 480880 292708 275643 1304091 42 25 31  2  0  0
60  4 112448 151554952 2052844 33050360    0    0 470064 290188 273149 1313045 42 25 31  2  0  0
75  0 112448 151558048 2052844 33050380    0    0 474784 287272 273457 1311339 42 24 32  2  0  0
57  4 112448 151558444 2052844 33050400    0    0 457648 285276 270860 1306729 41 25 32  2  0  0
30  2 112448 151561404 2052844 33050416    0    0 471952 310728 271473 1295996 41 24 32  3  0  0
66  1 112448 151558332 2052844 33050444    0    0 472992 305228 270514 1301901 41 25 32  2  0  0
33  0 112448 151567088 2052848 33050460    0    0 472224 288120 276848 1315738 42 25 31  2  0  0
81  3 112448 151550936 2052848 33050472    0    0 473072 292872 270591 1299206 41 25 32  2  0  0
24  6 112448 151551924 2052848 33050540    0    0 477008 295104 271807 1292877 42 24 32  2  0  0
35  4 112448 151557368 2052848 33050552    0    0 467424 288648 271678 1308647 41 25 32  2  0  0
108 22 112448 151559700 2052848 33050580    0    0 478592 289908 288598 1319296 42 24 32  2  0  0
48 12 112448 151556988 2052852 33050588    0    0 476976 292064 272277 1300504 42 24 32  2  0  0
110  4 112448 151558572 2052852 33050620    0    0 499904 302112 279204 1293970 41 24 32  3  0  0
45 13 112448 151564736 2052852 33050640    0    0 471728 293392 274430 1306642 41 25 32  2  0  0
69  3 112448 151561500 2052852 33050652    0    0 467456 290208 275460 1302783 41 25 32  2  0  0
48  5 112448 151558804 2052852 33050672    0    0 469824 290608 272716 1306148 42 25 31  2  0  0
34  3 112448 151555764 2052856 33050684    0    0 484272 291692 273392 1292510 41 25 32  2  0  0
39 10 112448 151560632 2052856 33050716    0    0 486160 306548 272087 1280830 41 24 33  3  0  0
 6  1 112448 151557148 2052856 33050732    0    0 478768 294428 281631 1313656 41 24 33  2  0  0
procs -----------memory---------- ---swap-- -----io---- -system-- -------cpu-------
 r  b   swpd   free   buff  cache   si   so    bi    bo   in   cs us sy id wa st gu
69  1 112448 151563340 2052856 33050748    0    0 481984 288496 275698 1300560 41 25 31  2  0  0
66  4 112448 151566360 2052856 33050764    0    0 477520 290100 274170 1299330 42 25 31  2  0  0
44  4 112448 151566920 2052868 33050844    0    0 472864 292172 272405 1304479 42 24 32  2  0  0
53  2 112448 151568508 2052868 33050884    0    0 475584 291204 272385 1295618 41 24 32  2  0  0
84 17 112448 151570664 2052868 33050892    0    0 492800 301440 271263 1283404 41 23 33  3  0  0
 3  0 112448 151564668 2052868 33050916    0    0 469808 295100 276650 1297543 41 25 32  2  0  0
47  7 112448 151563152 2052868 33050920    0    0 500880 302928 274244 1301990 42 24 32  3  0  0
87 13 112448 151564532 2052872 33050948    0    0 467824 293088 270685 1295962 41 24 32  2  0  0
29  5 112448 151562272 2052872 33050968    0    0 472896 293632 274372 1298871 42 25 31  2  0  0
32  4 112448 151563876 2052872 33050984    0    0 471104 296240 271925 1301407 41 25 32  2  0  0
76  7 112448 151569520 2052872 33051000    0    0 467792 286676 273030 1307614 41 25 32  2  0  0
85  0 112448 151573296 2052872 33051016    0    0 463360 286736 273441 1303739 41 25 32  2  0  0
43  1 112448 151576000 2052872 33051052    0    0 475488 296704 272084 1291571 41 24 33  2  0  0
103 10 112448 151576692 2052872 33051068    0    0 464256 286940 275447 1305912 41 25 32  2  0  0
70  6 112448 151575544 2052872 33051076    0    0 469264 292308 272097 1303009 41 24 33  2  0  0
 6  3 112448 151575836 2052872 33051092    0    0 482080 308992 276725 1310057 41 25 32  2  0  0
35  1 112448 151575636 2052872 33051120    0    0 483216 315228 273740 1295204 41 24 32  2  0  0
61  6 112448 151576836 2052880 33051136    0    0 482944 291756 281685 1310407 41 24 33  2  0  0
64  2 112448 151574592 2052880 33051168    0    0 488640 302384 275832 1294395 41 25 32  3  0  0
124  7 112448 151571244 2052880 33051184    0    0 474704 284264 271974 1311625 41 25 32  2  0  0
37  2 112448 151564956 2052880 33051200    0    0 485168 298368 276477 1296964 42 24 32  2  0  0
procs -----------memory---------- ---swap-- -----io---- -system-- -------cpu-------
 r  b   swpd   free   buff  cache   si   so    bi    bo   in   cs us sy id wa st gu
 6  1 112448 151565856 2052880 33051220    0    0 469264 292368 274033 1298473 41 25 31  2  0  0
113 18 112448 151560648 2052884 33051236    0    0 475312 291316 273171 1297875 41 24 32  2  0  0
63  4 112448 151562788 2052884 33051256    0    0 465744 283140 273515 1311938 41 26 31  2  0  0
 4  0 112448 151565680 2052884 33051272    0    0 489424 294336 275871 1288037 41 24 32  2  0  0
105  3 112448 151560580 2052884 33051292    0    0 491344 295868 274253 1287986 41 25 32  2  0  0
120 11 112448 151557640 2052884 33051308    0    0 474832 302136 277445 1293302 40 25 33  2  0  0
83  8 112448 151556524 2052884 33051340    0    0 470448 287688 273734 1299178 41 25 32  2  0  0
93  3 112448 151556644 2052884 33051352    0    0 475824 278788 276351 1316359 42 25 31  2  0  0
79 15 112448 151560936 2052884 33051380    0    0 467872 299360 272001 1297027 41 24 32  2  0  0
60  4 112448 151562480 2052884 33051400    0    0 477616 288548 273565 1306393 41 24 32  2  0  0
20  0 112448 151569824 2052884 33051412    0    0 474816 300104 272912 1290832 41 24 32  2  0  0
29  8 112448 151575688 2052892 33051424    0    0 488128 287400 281927 1318603 41 25 31  2  0  0
98  7 112448 151579756 2052892 33051460    0    0 467696 293400 272650 1291440 41 25 32  2  0  0
23  0 112448 151578636 2052892 33051480    0    0 470240 284272 272677 1304830 41 24 32  2  0  0
85 13 112448 151586920 2052892 33051492    0    0 470256 292972 271360 1286580 41 24 33  2  0  0
112  7 112448 151587940 2052892 33051512    0    0 478096 292472 277852 1304405 42 24 32  2  0  0
80  5 112448 151589224 2052896 33051532    0    0 468976 295600 272816 1300350 41 25 32  2  0  0
 4  0 112448 151590744 2052896 33051552    0    0 475488 286140 277265 1318821 42 25 31  2  0  0
77  1 112448 151595452 2052896 33051568    0    0 472288 290060 272336 1306335 41 25 32  2  0  0
88  2 112448 151596656 2052896 33051580    0    0 465808 283556 272678 1307235 41 25 32  2  0  0
53  0 112448 151594820 2052896 33051596    0    0 473888 293568 273455 1297608 41 24 32  2  0  0
procs -----------memory---------- ---swap-- -----io---- -system-- -------cpu-------
 r  b   swpd   free   buff  cache   si   so    bi    bo   in   cs us sy id wa st gu
43  4 112448 151597864 2052896 33051620    0    0 485232 293920 273148 1299990 41 25 32  2  0  0
55  1 112448 151597884 2052896 33051636    0    0 476112 293172 272476 1296630 41 24 32  2  0  0
105  4 112448 151596396 2052896 33051656    0    0 455088 287532 273182 1296781 41 25 32  2  0  0
16  0 112448 151600424 2052896 33051692    0    0 466736 284924 273963 1309075 42 26 31  2  0  0
 4  1 112448 151597900 2052896 33051700    0    0 479280 311592 277774 1294181 40 25 32  2  0  0
38  7 112448 151592648 2052900 33051724    0    0 472016 307632 275201 1299901 42 25 31  2  0  0
44  8 112448 151595208 2052900 33051748    0    0 457872 281812 271593 1302701 41 25 32  2  0  0
40  0 112448 151592228 2052900 33051756    0    0 484240 295584 278099 1299497 41 25 32  2  0  0
50  9 112448 151594180 2052900 33051788    0    0 472080 286236 273911 1298704 41 25 32  2  0  0
112  0 112448 151590040 2052900 33051796    0    0 488240 294764 274005 1292002 41 24 32  2  0  0
71  1 112448 151590132 2052900 33051824    0    0 447024 284628 270121 1296552 41 26 31  2  0  0
63 13 112448 151590064 2052900 33051852    0    0 483456 288588 276371 1307681 42 24 31  2  0  0
 5  1 112448 151596592 2052900 33051868    0    0 466144 289048 271538 1299542 41 25 32  2  0  0
54  9 112448 151598728 2052900 33051880    0    0 477744 292288 272456 1293962 42 24 32  2  0  0
47  8 112448 151604120 2052900 33051904    0    0 465808 291916 272900 1283572 41 24 32  2  0  0
41  6 112448 151604848 2052900 33051916    0    0 485776 285516 282034 1322159 42 25 31  3  0  0
93  3 112448 151607640 2052900 33051932    0    0 479184 294164 272923 1291961 40 26 32  2  0  0
43 15 112448 151613212 2052900 33051952    0    0 468112 288472 275295 1305552 42 24 32  2  0  0
68  6 112448 151613044 2052900 33051976    0    0 463584 291616 272291 1292336 41 25 32  2  0  0
51  7 112448 151605324 2052900 33051992    0    0 476800 284364 276048 1303077 42 24 32  2  0  0
59 11 112448 151606616 2052900 33052076    0    0 469104 290772 272386 1292265 40 25 32  2  0  0
procs -----------memory---------- ---swap-- -----io---- -system-- -------cpu-------
 r  b   swpd   free   buff  cache   si   so    bi    bo   in   cs us sy id wa st gu
26  1 112448 151598396 2052904 33052108    0    0 479680 292060 273505 1290247 41 25 32  2  0  0
61  4 112448 151594544 2052904 33052128    0    0 465328 285760 272968 1304439 41 25 31  2  0  0
 5  2 112448 151590688 2052904 33052148    0    0 474128 291060 274513 1300000 41 24 32  2  0  0
61  6 112448 151586784 2052904 33052156    0    0 468528 283408 271013 1301731 41 25 32  2  0  0
61  2 112448 151585928 2052904 33052180    0    0 473888 289208 276985 1295660 41 24 33  2  0  0
 5  3 112448 151581948 2052904 33052200    0    0 471520 297808 273090 1283554 41 24 32  2  0  0
 4  0 112448 151590916 2052904 33052224    0    0 472240 282104 276031 1299939 41 25 32  2  0  0
31  0 112448 151588832 2052904 33052232    0    0 470704 284160 274137 1304123 41 25 32  2  0  0
35  2 112448 151591140 2052904 33052264    0    0 477968 293744 272692 1288060 40 25 32  3  0  0
72  4 112448 151583168 2052904 33052280    0    0 469824 288512 271816 1300652 41 25 32  2  0  0
72 18 112448 151578940 2052912 33052296    0    0 479776 291812 272747 1287994 41 24 32  3  0  0
72  5 112448 151576292 2052912 33052324    0    0 482000 297352 269173 1281318 40 24 33  3  0  0
92  2 112448 151581084 2052912 33052332    0    0 459552 279160 271714 1303735 41 24 32  2  0  0
96  9 112448 151582300 2052912 33052344    0    0 493152 299528 274465 1289160 41 24 32  2  0  0
38  0 112448 151582228 2052916 33052368    0    0 473812 305444 272151 1288117 41 24 32  3  0  0
14  8 112448 151580004 2052916 33052392    0    0 491248 311976 280688 1294715 41 24 33  3  0  0
44  2 112448 151576104 2052916 33052428    0    0 495632 296108 274366 1292059 42 24 32  3  0  0
61  7 112448 151574288 2052916 33052444    0    0 492032 303100 273046 1279916 41 24 33  3  0  0
44  1 112448 151572240 2052916 33052464    0    0 497696 294824 275112 1290170 41 25 31  3  0  0
42  3 112448 151568424 2052916 33052480    0    0 499056 300912 276473 1293765 42 24 32  3  0  0
44 17 112448 151578088 2052916 33052500    0    0 488768 298856 272248 1298181 41 24 32  3  0  0
procs -----------memory---------- ---swap-- -----io---- -system-- -------cpu-------
 r  b   swpd   free   buff  cache   si   so    bi    bo   in   cs us sy id wa st gu
15  0 112448 151581872 2052916 33052532    0    0 474128 291664 273708 1301192 41 25 32  2  0  0
101  7 112448 151584888 2052916 33052552    0    0 476144 292404 272386 1299905 41 25 32  2  0  0
83  9 112448 151587916 2052916 33052568    0    0 482912 294968 271061 1284279 41 24 32  2  0  0
53 14 112448 151585916 2052916 33052588    0    0 492464 292476 273895 1295011 41 24 32  3  0  0
83  5 112448 151588664 2052916 33052612    0    0 474960 292348 273852 1296137 42 24 32  2  0  0
54  3 112448 151590152 2052916 33052632    0    0 462384 283864 272052 1301911 41 25 32  2  0  0
38  1 112448 151596288 2052916 33052652    0    0 466720 294632 271528 1288891 41 24 33  2  0  0
101  8 112448 151591372 2052916 33052668    0    0 491568 285184 281463 1315735 41 25 31  2  0  0
44  2 112448 151588212 2052916 33052684    0    0 473984 289548 273569 1309645 41 25 31  2  0  0
51  5 112448 151587276 2052916 33052704    0    0 481056 294048 276880 1299218 42 24 32  2  0  0
58  3 112448 151587512 2052916 33052724    0    0 460528 285800 275189 1303740 41 25 32  2  0  0
 8  3 112448 151582992 2052916 33052744    0    0 478288 291068 276576 1308548 41 24 32  2  0  0
70  2 112448 151586300 2052916 33052760    0    0 486752 297500 274245 1289390 40 25 32  2  0  0
54  4 112448 151588548 2052916 33052772    0    0 482576 292544 284169 1317248 41 25 31  2  0  0
62  2 112448 151587600 2052916 33052788    0    0 462032 292988 271941 1297181 41 25 32  2  0  0
42  5 112448 151583472 2052916 33052816    0    0 481360 287812 273629 1297129 41 25 32  2  0  0
100  6 112448 151580136 2052916 33052832    0    0 470688 293908 273479 1306372 41 25 31  2  0  0
 3  3 112448 151578372 2052916 33052856    0    0 473824 290696 273750 1296810 42 24 32  2  0  0
55 15 112448 151573284 2052916 33052872    0    0 487664 295280 274413 1300213 42 24 31  3  0  0
 4  0 112448 151569476 2052920 33052880    0    0 462032 288776 270883 1300419 41 25 32  2  0  0
82  1 112448 151573332 2052920 33052908    0    0 483984 290828 274608 1300518 42 25 31  2  0  0
procs -----------memory---------- ---swap-- -----io---- -system-- -------cpu-------
 r  b   swpd   free   buff  cache   si   so    bi    bo   in   cs us sy id wa st gu
30  1 112448 151567904 2052920 33052924    0    0 483680 293476 276605 1297057 41 24 32  3  0  0
63 17 112448 151568328 2052920 33052952    0    0 473312 294584 276498 1295149 41 25 32  2  0  0
40  5 112448 151565264 2052920 33052972    0    0 467664 286976 273170 1306325 41 25 32  2  0  0
92 17 112448 151564624 2052920 33052988    0    0 480192 293188 279289 1309668 42 24 32  2  0  0
108  8 112448 151565300 2052920 33053000    0    0 481392 288124 273198 1317040 42 25 31  2  0  0
32  1 112448 151568040 2052920 33053024    0    0 479520 297380 279498 1301378 41 25 32  2  0  0
 5  0 112448 151566372 2052920 33053044    0    0 460224 283656 270279 1309430 41 25 31  2  0  0
51  8 112448 151562864 2052920 33053052    0    0 470464 297172 271061 1291019 41 25 32  2  0  0
 4  5 112448 151565640 2052920 33053072    0    0 474304 288688 273940 1306639 41 25 31  2  0  0
 3  0 112448 151561760 2052920 33053100    0    0 484240 298824 272931 1283879 41 24 32  2  0  0
57  5 112448 151562184 2052920 33053124    0    0 475632 289456 274794 1303644 41 25 32  2  0  0
69  5 112448 151558256 2052920 33053140    0    0 466576 288728 270407 1296916 42 24 32  2  0  0
59 11 112448 151562244 2052920 33053164    0    0 479248 289960 273742 1299877 41 25 31  3  0  0
18  1 112448 151562504 2052920 33053192    0    0 485680 292724 277354 1308190 41 25 32  3  0  0
57  1 112448 151569720 2052924 33053196    0    0 479472 303984 274137 1294621 41 24 32  3  0  0
57  7 112448 151573916 2052924 33053232    0    0 475184 288024 279324 1320363 42 25 31  3  0  0
 5  1 112448 151574576 2052924 33053252    0    0 490640 293196 278788 1308473 41 25 30  3  0  0
47  2 112448 151572340 2052924 33053356    0    0 477888 292552 273662 1295299 42 24 32  2  0  0
59  2 112448 151584492 2052924 33053376    0    0 466768 288112 273663 1294967 41 25 32  2  0  0
84  4 112448 151588032 2052924 33053396    0    0 481248 290048 275398 1302818 42 25 31  2  0  0
66  9 112448 151587004 2052924 33053416    0    0 492656 295704 277579 1300959 42 25 31  2  0  0
procs -----------memory---------- ---swap-- -----io---- -system-- -------cpu-------
 r  b   swpd   free   buff  cache   si   so    bi    bo   in   cs us sy id wa st gu
70  9 112448 151581444 2052924 33053440    0    0 470352 293528 274268 1307948 41 25 31  2  0  0
39  6 112448 151577848 2052924 33053456    0    0 482096 299220 272603 1283644 41 24 33  3  0  0
50 16 112448 151577644 2052924 33053476    0    0 478640 288360 274490 1304337 42 25 31  2  0  0
102  1 112448 151572364 2052924 33053492    0    0 480336 292192 271442 1290345 41 24 32  2  0  0
63  5 112448 151568104 2052928 33053504    0    0 472608 296704 275882 1299614 41 25 32  2  0  0
47  5 112448 151567352 2052928 33053536    0    0 487472 301668 276154 1295661 41 24 32  3  0  0
29  2 112448 151570688 2052928 33053552    0    0 469872 284224 272023 1305403 41 25 32  2  0  0
26  2 112448 151569532 2052928 33053568    0    0 470112 291888 272460 1297077 41 25 31  2  0  0
65 16 112448 151574040 2052928 33053584    0    0 474320 289500 273682 1300634 41 25 31  2  0  0
39  8 112448 151575132 2052932 33053608    0    0 466768 290244 271338 1297269 41 24 32  3  0  0
79 30 112448 151566564 2052932 33053632    0    0 452000 286268 278660 1315595 41 25 32  2  0  0
19  5 112448 151575188 2052932 33053652    0    0 477632 283948 278682 1317626 41 25 31  2  0  0
35  3 112448 151578760 2052932 33053668    0    0 483408 330692 271270 1283990 40 25 32  3  0  0
49  5 112448 151575944 2052932 33053688    0    0 471840 295144 276112 1304279 41 25 32  2  0  0
49  2 112448 151584868 2052932 33053704    0    0 483872 291732 273424 1294697 41 25 31  3  0  0
82  2 112448 151587948 2052932 33053728    0    0 484880 290416 274003 1298424 42 24 32  2  0  0
49  0 112448 151581524 2052932 33053736    0    0 487632 297788 279882 1306282 42 24 32  3  0  0
50  6 112448 151579368 2052932 33053752    0    0 482016 296592 278614 1303335 41 25 32  3  0  0
39  7 112448 151578032 2052932 33053768    0    0 466096 285160 272034 1312241 41 25 31  2  0  0
61  6 112448 151570100 2052932 33053792    0    0 484144 293512 274320 1298935 42 25 31  2  0  0
72  7 112448 151575804 2052932 33053824    0    0 478208 296860 270890 1297790 41 25 32  3  0  0
procs -----------memory---------- ---swap-- -----io---- -system-- -------cpu-------
 r  b   swpd   free   buff  cache   si   so    bi    bo   in   cs us sy id wa st gu
48  5 112448 151579144 2052932 33053840    0    0 470480 291404 275735 1301929 42 24 32  2  0  0
74 10 112448 151575520 2052932 33053860    0    0 478576 289528 271435 1300041 41 25 32  2  0  0
80  4 112448 151581092 2052932 33053876    0    0 474352 292504 272034 1286136 41 25 32  2  0  0
 6  1 112448 151577564 2052932 33053896    0    0 476240 294148 272554 1295581 41 24 32  2  0  0
37 15 112448 151578964 2052932 33053908    0    0 476832 289720 275832 1309645 41 25 31  2  0  0
22  0 112448 151587584 2052932 33053936    0    0 464048 293192 270174 1297325 41 24 33  2  0  0
92  5 112448 151587332 2052932 33053952    0    0 489728 287156 274326 1307829 42 24 32  3  0  0
72 10 112448 151582228 2052932 33053976    0    0 487440 302764 271704 1284822 40 24 33  2  0  0
23  6 112448 151582312 2052932 33054000    0    0 468928 285920 277465 1319264 41 24 32  2  0  0
 5  1 112448 151585576 2052932 33054024    0    0 458176 292528 271479 1295425 41 25 31  2  0  0
55 14 112448 151583204 2052932 33054044    0    0 483536 290968 278967 1308663 41 24 32  2  0  0
55  3 112448 151583984 2052932 33054060    0    0 467424 291556 272684 1303311 41 25 32  2  0  0
53  1 112448 151581976 2052932 33054080    0    0 474016 288504 277014 1312033 42 24 32  2  0  0
31 11 112448 151582156 2052932 33054092    0    0 476096 296256 272844 1300491 41 25 32  2  0  0
75  1 112448 151586912 2052932 33054116    0    0 476288 288332 274265 1303525 42 24 32  2  0  0
33  6 112448 151582652 2052932 33054132    0    0 469024 291792 270998 1300174 41 24 32  2  0  0
12  0 112448 151577868 2052932 33054140    0    0 478416 292000 273131 1296219 42 25 31  2  0  0
47  5 112448 151577700 2052932 33054164    0    0 471616 291080 271897 1303845 41 25 32  2  0  0
72  8 112448 151572692 2052936 33054184    0    0 472736 288744 273953 1312774 42 24 32  2  0  0
 7  0 112448 151577812 2052936 33054208    0    0 455936 285152 273295 1309382 41 25 32  2  0  0
105 12 112448 151576536 2052936 33054224    0    0 464752 288236 270060 1300258 41 25 32  2  0  0
procs -----------memory---------- ---swap-- -----io---- -system-- -------cpu-------
 r  b   swpd   free   buff  cache   si   so    bi    bo   in   cs us sy id wa st gu
34  1 112448 151575000 2052940 33054236    0    0 476400 305132 272994 1293169 41 25 32  3  0  0
33  1 112448 151575416 2052940 33054272    0    0 474816 304668 273292 1310152 41 25 31  2  0  0
 4  0 112448 151575948 2052940 33054292    0    0 474576 300796 273550 1294329 40 24 33  2  0  0
16  2 112448 151578144 2052940 33054304    0    0 485984 288704 274336 1311808 41 25 31  3  0  0
29  1 112448 151584272 2052940 33054328    0    0 471744 293760 276226 1296505 40 24 33  2  0  0
60 23 112448 151586444 2052940 33054352    0    0 476208 289980 270606 1292822 41 25 32  2  0  0
113 16 112448 151588532 2052940 33054368    0    0 465632 295264 275741 1298431 42 24 32  2  0  0
15  2 112448 151583876 2052940 33054380    0    0 470688 282508 273487 1306485 42 25 31  2  0  0
72 12 112448 151582760 2052940 33054408    0    0 482720 291092 279986 1309902 42 25 31  2  0  0
53  3 112448 151587224 2052940 33054428    0    0 477088 297768 273925 1308638 41 25 32  2  0  0
61  5 112448 151588108 2052940 33054448    0    0 465200 289132 277912 1306657 41 25 32  2  0  0
75  4 112448 151593364 2052940 33054468    0    0 470992 291480 272625 1297828 42 24 32  2  0  0
43  7 112448 151591596 2052940 33054488    0    0 460368 287388 272598 1303330 41 25 32  2  0  0
53  1 112448 151587956 2052940 33054504    0    0 498224 297404 278659 1308271 41 25 31  3  0  0
60  2 112448 151591324 2052940 33054596    0    0 457008 282680 271367 1303972 41 24 32  2  0  0
76 17 112448 151593616 2052940 33054620    0    0 482736 297056 273801 1284742 41 24 32  2  0  0
74  7 112448 151588904 2052948 33054644    0    0 469120 284380 271536 1309591 41 25 32  2  0  0
53  1 112448 151593764 2052948 33054660    0    0 480976 293256 274714 1296447 42 24 32  2  0  0
49  2 112448 151593196 2052948 33054676    0    0 473760 292292 271559 1303281 41 25 31  2  0  0
33  3 112448 151600024 2052948 33054696    0    0 479792 290812 273649 1302061 42 24 32  2  0  0
80  5 112448 151608224 2052948 33054712    0    0 467776 292740 277662 1314514 41 25 31  2  0  0
procs -----------memory---------- ---swap-- -----io---- -system-- -------cpu-------
 r  b   swpd   free   buff  cache   si   so    bi    bo   in   cs us sy id wa st gu
 6  1 112448 151605480 2052952 33054740    0    0 470752 300064 274262 1297930 41 24 32  2  0  0
80 13 112448 151606104 2052952 33054748    0    0 477536 290200 273941 1303638 41 25 32  2  0  0
36  0 112448 151607220 2052952 33054764    0    0 467456 290236 273195 1301623 41 25 32  2  0  0
70  6 112448 151603396 2052952 33054796    0    0 469488 292904 271413 1302967 41 24 32  2  0  0
 6  0 112448 151606188 2052952 33054812    0    0 470160 292508 272254 1302120 41 25 32  2  0  0
80 16 112448 151599612 2052960 33054820    0    0 474608 287724 276507 1306223 41 25 32  2  0  0
49 15 112448 151598868 2052960 33054848    0    0 478896 295124 275731 1296338 41 24 32  2  0  0
105 25 112448 151597836 2052960 33054868    0    0 471568 286776 272864 1313087 42 25 31  2  0  0
92  1 112448 151598308 2052960 33054892    0    0 483328 295984 286139 1305182 41 25 32  3  0  0
90  2 112448 151593124 2052960 33054908    0    0 477408 289460 272573 1304165 41 24 32  2  0  0
63  4 112448 151597552 2052960 33054924    0    0 468864 331912 271754 1294398 41 24 32  3  0  0
90 12 112448 151598024 2052960 33054944    0    0 483264 288780 272518 1306890 41 25 31  3  0  0
68  3 112448 151597244 2052960 33054972    0    0 477024 293892 274241 1304303 41 23 33  2  0  0
77  4 112448 151590828 2052960 33054996    0    0 487152 293340 275238 1302980 42 25 31  2  0  0
39  6 112448 151591760 2052960 33055012    0    0 491024 299964 279593 1296614 41 25 32  2  0  0
64  0 112448 151593260 2052964 33055024    0    0 473440 291696 273266 1308082 41 25 32  2  0  0
55  2 112448 151596684 2052964 33055052    0    0 486800 302380 278603 1288894 41 24 32  2  0  0
26  7 112448 151598104 2052964 33055068    0    0 482208 291656 273589 1299555 41 26 31  2  0  0
49  1 112448 151596220 2052964 33055092    0    0 485472 297328 276523 1300073 41 24 32  3  0  0
 7  2 112448 151595404 2052964 33055100    0    0 474576 296820 272616 1298442 41 24 32  3  0  0
76  4 112448 151596556 2052972 33055120    0    0 483856 288356 280359 1314775 42 24 31  2  0  0
procs -----------memory---------- ---swap-- -----io---- -system-- -------cpu-------
 r  b   swpd   free   buff  cache   si   so    bi    bo   in   cs us sy id wa st gu
55  3 112448 151596872 2052972 33055156    0    0 482800 300364 273651 1300095 41 25 31  3  0  0
77  7 112448 151600088 2052972 33055164    0    0 487664 297428 276694 1301862 41 24 32  3  0  0
88  5 112448 151599204 2052972 33055192    0    0 470000 289428 272233 1296822 41 25 32  2  0  0
44  9 112448 151598936 2052972 33055208    0    0 475552 298056 271466 1291970 41 24 32  2  0  0
53  1 112448 151594864 2052972 33055216    0    0 470256 284744 270954 1302080 41 25 32  2  0  0
97  5 112448 151597288 2052972 33055232    0    0 496976 298008 272051 1281671 41 24 33  3  0  0
44  0 112448 151595680 2052972 33055264    0    0 482864 299364 272513 1284250 41 24 32  2  0  0
84 15 112448 151599612 2052972 33055280    0    0 474000 291300 272851 1294750 40 25 32  3  0  0
87  4 112448 151596228 2052972 33055292    0    0 470912 292348 271966 1295154 41 24 32  2  0  0
 4  0 112448 151593588 2052972 33055324    0    0 491696 298240 271957 1291450 41 24 32  3  0  0
 5  1 112448 151589684 2052972 33055344    0    0 479200 299580 272697 1291724 42 24 32  3  0  0
68  1 112448 151590760 2052972 33055368    0    0 493072 289200 279026 1310923 42 25 31  2  0  0
19  5 112448 151589852 2052972 33055376    0    0 489184 299640 271963 1297465 41 24 32  3  0  0
40 18 112448 151595572 2052972 33055408    0    0 474208 301208 269343 1279935 41 24 33  3  0  0
81  4 112448 151596616 2052972 33055424    0    0 479888 285852 273516 1305152 41 25 31  3  0  0
39  3 112448 151596512 2052972 33055444    0    0 482288 289428 277436 1304593 41 25 31  2  0  0
56  4 112448 151597960 2052972 33055464    0    0 475328 296060 272674 1296987 40 25 32  3  0  0
62  5 112448 151600532 2052972 33055488    0    0 472672 295556 276655 1307963 41 25 31  3  0  0
41  6 112448 151608924 2052972 33055512    0    0 477584 289792 271549 1296094 41 24 32  2  0  0
38  0 112448 151603316 2052984 33055512    0    0 474068 318460 269699 1293196 41 25 32  3  0  0
47  0 112448 151600448 2052984 33055552    0    0 475248 299508 273099 1295450 41 25 32  2  0  0
procs -----------memory---------- ---swap-- -----io---- -system-- -------cpu-------
 r  b   swpd   free   buff  cache   si   so    bi    bo   in   cs us sy id wa st gu
58  2 112448 151598168 2052984 33055564    0    0 471136 281032 273225 1300159 41 26 31  2  0  0
31  2 112448 151603764 2052984 33055576    0    0 482688 298076 274911 1299911 41 24 32  3  0  0
57  4 112448 151604824 2052984 33055596    0    0 471600 289436 274692 1304990 41 24 32  2  0  0
 7  2 112448 151609716 2052984 33055620    0    0 482432 292832 279668 1303353 41 25 32  2  0  0
52 26 112448 151608340 2052984 33055636    0    0 466672 285212 271223 1299724 41 25 32  2  0  0
 5  0 112448 151608512 2052984 33055660    0    0 470976 297000 275090 1285858 41 25 32  2  0  0
86  4 112448 151606308 2052984 33055680    0    0 479456 288300 272140 1298495 42 24 31  2  0  0
59  2 112448 151603296 2052984 33055700    0    0 486848 293996 279166 1311856 42 25 31  2  0  0
78  1 112448 151600428 2052984 33055724    0    0 470848 295044 271876 1294278 41 24 32  2  0  0
29  5 112448 151595740 2052984 33055752    0    0 469968 282220 273029 1306683 41 25 31  2  0  0
107 20 112448 151594604 2052984 33055772    0    0 472368 293092 273006 1293857 41 24 32  2  0  0
101  5 112448 151593384 2052984 33055848    0    0 483920 288248 274019 1307051 42 24 31  3  0  0
83  6 112448 151590484 2052984 33055868    0    0 473456 292688 276415 1304524 41 25 31  2  0  0
26  0 112448 151585596 2052988 33055884    0    0 467744 296064 272392 1283620 41 25 32  2  0  0
 5  1 112448 151588636 2052988 33055920    0    0 470352 289716 276763 1308390 41 24 32  2  0  0
52  7 112448 151579468 2052988 33055932    0    0 465136 282088 271969 1305905 41 25 31  2  0  0
47  4 112448 151579820 2052988 33055944    0    0 483888 289096 279015 1315000 41 24 32  2  0  0
93 11 112448 151573120 2052988 33055960    0    0 456096 289388 272833 1298700 41 25 32  2  0  0
77 11 112448 151571280 2052992 33055980    0    0 485632 289344 274773 1300436 41 25 32  3  0  0
 3  1 112448 151574016 2052992 33056004    0    0 477904 294720 277186 1302322 41 24 32  2  0  0
23  3 112448 151572108 2052992 33056020    0    0 468496 283796 271231 1301981 41 25 32  2  0  0
procs -----------memory---------- ---swap-- -----io---- -system-- -------cpu-------
 r  b   swpd   free   buff  cache   si   so    bi    bo   in   cs us sy id wa st gu
72  6 112448 151577756 2052992 33056048    0    0 479632 292628 273272 1287090 41 24 33  2  0  0
 4  1 112448 151573024 2052992 33056064    0    0 475664 288792 271461 1298595 41 25 32  2  0  0
90  8 112448 151576180 2052996 33056084    0    0 470016 288020 272307 1299391 41 25 32  2  0  0
89  4 112448 151571304 2052996 33056108    0    0 469024 288032 272384 1303415 41 25 32  2  0  0
31  3 112448 151579140 2052996 33056132    0    0 480912 303644 274190 1286745 41 24 33  3  0  0
91  8 112448 151576644 2052996 33056148    0    0 470768 290512 276626 1307925 41 25 31  2  0  0
93  8 112448 151573476 2052996 33056160    0    0 470544 288116 274011 1306786 41 25 32  2  0  0
51  1 112448 151572616 2053000 33056180    0    0 466944 289996 274643 1308865 41 25 32  2  0  0
96  2 112448 151572832 2053000 33056204    0    0 478320 321636 274839 1294661 42 25 31  3  0  0
112  2 112448 151566200 2053000 33056224    0    0 470384 288852 273787 1299986 41 24 32  2  0  0
31  3 112448 151572176 2053000 33056240    0    0 465712 287028 272836 1299339 41 25 32  2  0  0
59  5 112448 151574164 2053000 33056256    0    0 469856 292052 271671 1288564 40 25 33  2  0  0
55  1 112448 151566872 2053000 33056288    0    0 484960 296864 271487 1282795 41 25 32  2  0  0
71  3 112448 151563040 2053000 33056304    0    0 460432 288372 274913 1305820 41 25 32  2  0  0
78  2 112448 151563472 2053000 33056316    0    0 473744 290772 274770 1299517 41 25 32  2  0  0
70  4 112448 151562972 2053000 33056336    0    0 455520 281764 271087 1307939 41 25 32  2  0  0
69  2 112448 151560972 2053000 33056356    0    0 473024 289380 273979 1309526 41 25 32  2  0  0
40  9 112448 151562668 2053000 33056376    0    0 472176 293196 274699 1306140 41 25 32  2  0  0
67  1 112448 151567972 2053000 33056392    0    0 470816 287420 272500 1310740 41 25 31  2  0  0
90  2 112448 151567816 2053000 33056412    0    0 472560 289696 282484 1315270 41 25 32  2  0  0
43  0 112448 151573200 2053000 33056432    0    0 480080 294688 272486 1300554 41 24 32  2  0  0
procs -----------memory---------- ---swap-- -----io---- -system-- -------cpu-------
 r  b   swpd   free   buff  cache   si   so    bi    bo   in   cs us sy id wa st gu
33  5 112448 151572992 2053000 33056452    0    0 478672 297536 275486 1301164 41 25 32  3  0  0
11  1 112448 151576696 2053004 33056472    0    0 476624 293656 274083 1306218 41 25 32  2  0  0
60  2 112448 151579708 2053004 33056492    0    0 466976 286232 276446 1308817 42 25 31  2  0  0
48  1 112448 151578348 2053004 33056516    0    0 468368 292932 275826 1309128 41 25 31  2  0  0
 2  0 112448 151578448 2053004 33056544    0    0 472016 294488 273821 1297203 40 25 32  2  0  0
22  3 112448 151580524 2053004 33056560    0    0 490144 294492 275657 1302918 42 24 32  2  0  0
40  2 112448 151587600 2053008 33056576    0    0 469200 285268 273760 1309913 42 24 32  2  0  0
55  2 112448 151581676 2053008 33056604    0    0 491744 300480 276219 1298398 41 25 32  3  0  0
 4  2 112448 151584244 2053008 33056616    0    0 458960 290616 270502 1303413 41 24 32  2  0  0
51  1 112448 151587808 2053008 33056632    0    0 478512 293736 276735 1301112 41 25 32  2  0  0
 6  1 112448 151591148 2053008 33056656    0    0 463184 283924 271658 1303699 41 25 32  2  0  0
78  2 112448 151587932 2053008 33056664    0    0 478240 290604 275777 1306439 41 25 32  2  0  0
72  1 112448 151583300 2053008 33056692    0    0 482864 298352 272313 1298878 42 24 32  2  0  0
53  1 112448 151586716 2053008 33056716    0    0 483120 292700 281782 1308093 41 24 32  2  0  0
30  1 112448 151589736 2053008 33056724    0    0 478240 293996 271601 1300814 41 24 32  3  0  0
79 11 112448 151593560 2053008 33056756    0    0 470256 286868 274011 1310604 42 25 32  2  0  0
62  7 112448 151596664 2053008 33056768    0    0 476624 292076 274214 1292341 41 24 32  2  0  0
53  6 112448 151600660 2053008 33056792    0    0 496752 320844 271270 1282619 41 24 33  3  0  0
71 10 112448 151597080 2053008 33056808    0    0 481936 310824 272979 1296993 42 25 31  3  0  0
67  7 112448 151597728 2053008 33056832    0    0 473296 286340 273975 1313437 42 25 31  2  0  0
 2  1 112448 151595220 2053008 33056860    0    0 467456 291560 276163 1305190 42 24 32  2  0  0
procs -----------memory---------- ---swap-- -----io---- -system-- -------cpu-------
 r  b   swpd   free   buff  cache   si   so    bi    bo   in   cs us sy id wa st gu
95  8 112448 151598580 2053008 33056876    0    0 485872 292564 273338 1294310 42 24 32  2  0  0
 5  1 112448 151593520 2053008 33056888    0    0 477600 291256 276765 1304958 41 25 32  2  0  0
81  9 112448 151593052 2053008 33056904    0    0 474784 294408 275291 1298523 41 24 32  2  0  0
87  2 112448 151594708 2053008 33056936    0    0 482304 289344 272293 1303623 41 24 32  2  0  0
50  4 112448 151596988 2053008 33056948    0    0 473184 293604 271016 1297795 40 25 32  2  0  0
29  9 112448 151595900 2053008 33056960    0    0 468816 287260 272788 1307931 42 24 32  2  0  0
101  6 112448 151595552 2053008 33056984    0    0 468592 288852 270379 1303338 42 24 31  2  0  0
42  8 112448 151588504 2053008 33057068    0    0 460848 286752 270101 1306947 41 25 32  2  0  0
124  5 112448 151587416 2053008 33057084    0    0 471040 294752 275733 1304924 41 25 32  2  0  0
16  0 112448 151593004 2053008 33057100    0    0 460320 291368 270004 1294647 41 24 32  2  0  0
46  9 112448 151591308 2053008 33057120    0    0 475232 283080 276714 1313916 42 25 31  2  0  0
41  2 112448 151589356 2053012 33057144    0    0 460144 291848 269541 1283578 41 24 32  2  0  0
26 15 112448 151586336 2053012 33057168    0    0 459872 289624 272850 1292964 41 25 32  2  0  0
31 11 112448 151582976 2053012 33057192    0    0 472672 286632 274052 1299011 41 25 32  2  0  0
43  5 112448 151590216 2053012 33057216    0    0 475536 290104 274890 1306499 42 25 31  2  0  0
60  0 112448 151584040 2053012 33057224    0    0 467680 287732 272164 1297012 41 24 32  2  0  0
54  1 112448 151580404 2053012 33057248    0    0 479088 292672 273154 1309170 41 25 31  2  0  0
43 13 112448 151579164 2053012 33057272    0    0 471152 288928 271711 1303038 41 25 32  2  0  0
57 11 112448 151581256 2053012 33057292    0    0 473712 299740 270265 1285324 41 25 32  2  0  0
33  0 112448 151583528 2053012 33057308    0    0 484000 286072 283060 1322677 42 25 31  2  0  0
82  5 112448 151583300 2053012 33057316    0    0 480592 297368 273315 1296870 41 25 32  3  0  0
procs -----------memory---------- ---swap-- -----io---- -system-- -------cpu-------
 r  b   swpd   free   buff  cache   si   so    bi    bo   in   cs us sy id wa st gu
76  1 112448 151586492 2053016 33057348    0    0 471216 289888 272845 1295039 41 25 32  2  0  0
 2  1 112448 151581136 2053016 33057372    0    0 488624 303512 275682 1297229 42 24 31  3  0  0
61  1 112448 151577060 2053016 33057380    0    0 473072 283848 279268 1319590 41 25 31  2  0  0
85  6 112448 151570900 2053016 33057400    0    0 488576 299112 274174 1300978 41 24 32  3  0  0
57  1 112448 151568376 2053016 33057420    0    0 468896 290816 275886 1305519 41 24 32  2  0  0
57  7 112448 151568592 2053020 33057440    0    0 474272 300992 271246 1287791 41 24 33  2  0  0
78 13 112448 151569576 2053020 33057468    0    0 483072 306964 270947 1294461 41 24 32  3  0  0
36  3 112448 151573156 2053020 33057492    0    0 480080 309836 271603 1288206 41 25 32  3  0  0
 4  1 112448 151573020 2053020 33057500    0    0 482960 293264 276330 1295884 41 24 32  2  0  0
75  7 112448 151571300 2053020 33057520    0    0 475888 297724 271862 1295109 41 24 32  2  0  0
46 12 112448 151572676 2053020 33057544    0    0 478464 291400 271878 1291110 41 25 32  2  0  0
29  3 112448 151575600 2053020 33057572    0    0 479088 294276 272649 1294544 41 25 32  2  0  0
 5  0 112448 151569528 2053020 33057592    0    0 472464 295952 271976 1293063 41 24 32  2  0  0
104  6 112448 151569612 2053020 33057600    0    0 469440 283992 272956 1303775 42 24 31  2  0  0
31  1 112448 151570396 2053020 33057624    0    0 469568 289740 272369 1298171 41 24 32  2  0  0
20  1 112448 151568360 2053024 33057644    0    0 471792 290800 272968 1295412 41 25 32  2  0  0
33 17 112448 151568316 2053024 33057668    0    0 474992 295612 273921 1291024 41 25 32  2  0  0
64  0 112448 151570676 2053024 33057688    0    0 473520 288852 271503 1291046 41 24 33  2  0  0
73  7 112448 151570348 2053024 33057700    0    0 477120 291952 272228 1290628 41 24 32  2  0  0
89  2 112448 151571272 2053024 33057716    0    0 462720 289128 272246 1299968 40 26 32  2  0  0
67  9 112448 151579188 2053024 33057736    0    0 472752 287396 275375 1304194 42 24 32  2  0  0
procs -----------memory---------- ---swap-- -----io---- -system-- -------cpu-------
 r  b   swpd   free   buff  cache   si   so    bi    bo   in   cs us sy id wa st gu
20  8 112448 151578044 2053024 33057756    0    0 474816 290496 273182 1300563 41 24 32  2  0  0
54  1 112448 151577012 2053024 33057776    0    0 469216 293528 272211 1290360 41 25 32  2  0  0
94  9 112448 151584124 2053024 33057796    0    0 482160 291836 276053 1306120 41 25 31  2  0  0
77  4 112448 151581788 2053024 33057816    0    0 475584 293012 278955 1303270 41 24 33  2  0  0
88  4 112448 151579188 2053024 33057832    0    0 466448 288492 274060 1309100 41 25 32  2  0  0
57  7 112448 151576912 2053024 33057852    0    0 471904 294820 271056 1304932 41 25 32  2  0  0
45  0 112448 151578128 2053024 33057872    0    0 483328 290396 275897 1294233 41 24 33  2  0  0
84 13 112448 151581552 2053024 33057888    0    0 477344 291804 276152 1309374 42 25 31  2  0  0
64  9 112448 151578968 2053024 33057908    0    0 480528 297116 279349 1296283 41 25 31  2  0  0
80  7 112448 151579384 2053028 33057932    0    0 466992 286860 273082 1305608 42 24 32  2  0  0
56  8 112448 151583020 2053028 33057964    0    0 465920 292976 274404 1299330 41 25 32  2  0  0
59  0 112448 151586528 2053028 33057980    0    0 471584 286048 273176 1305677 41 25 32  2  0  0
60  3 112448 151584992 2053028 33057996    0    0 484192 293748 274352 1302219 41 24 32  2  0  0
47  6 112448 151578316 2053028 33058028    0    0 476384 288076 273260 1300173 41 25 32  2  0  0
28 10 112448 151581620 2053032 33058032    0    0 475124 328780 274970 1274584 40 24 33  3  0  0
25  3 112448 151579408 2053032 33058076    0    0 475440 292624 277134 1306992 41 25 32  2  0  0
106  9 112448 151580828 2053032 33058084    0    0 483408 290588 273332 1299783 41 24 32  2  0  0
73  6 112448 151578164 2053032 33058104    0    0 469088 295976 272365 1301357 41 25 32  2  0  0
18  2 112448 151578632 2053032 33058124    0    0 469472 293340 272007 1298031 41 24 32  2  0  0
59  1 112448 151575076 2053036 33058152    0    0 477792 289604 276390 1309537 41 25 32  2  0  0
63 22 112448 151573988 2053036 33058172    0    0 484160 301484 272960 1290570 41 24 32  2  0  0
procs -----------memory---------- ---swap-- -----io---- -system-- -------cpu-------
 r  b   swpd   free   buff  cache   si   so    bi    bo   in   cs us sy id wa st gu
99  5 112448 151571336 2053036 33058188    0    0 487072 297328 274365 1290479 41 24 32  2  0  0
65  1 112448 151575788 2053036 33058204    0    0 496624 293040 275104 1298990 42 24 31  3  0  0
104  1 112448 151578260 2053036 33058236    0    0 481296 296324 274402 1301959 41 25 32  2  0  0
 4  1 112448 151583104 2053040 33058248    0    0 478496 294704 273913 1292317 41 25 32  2  0  0
42  4 112448 151584020 2053040 33058272    0    0 483440 290084 274845 1298416 42 24 31  2  0  0
36  5 112448 151593644 2053040 33058348    0    0 478800 290388 273997 1294941 41 24 32  2  0  0
60  7 112448 151594072 2053040 33058368    0    0 484432 298716 272525 1283945 41 24 32  2  0  0
60  1 112448 151595240 2053040 33058388    0    0 475936 284816 272968 1299508 41 24 32  2  0  0
 4  0 112448 151591668 2053044 33058400    0    0 465280 289836 273044 1298065 41 24 32  2  0  0
93  5 112448 151597856 2053044 33058424    0    0 471888 292812 271598 1289780 40 25 33  2  0  0
42  6 112448 151595948 2053044 33058452    0    0 489936 290820 277067 1297001 42 25 31  3  0  0
24  4 112448 151592180 2053044 33058472    0    0 486880 292512 275149 1303538 42 24 31  2  0  0
110 19 112448 151592012 2053044 33058484    0    0 481792 306524 276483 1290653 41 24 33  3  0  0
87  0 112448 151594244 2053048 33058496    0    0 482160 285376 273121 1308053 41 25 32  2  0  0
93  8 112448 151594516 2053048 33058524    0    0 482864 301116 277159 1294786 41 25 32  2  0  0
113  9 112448 151599784 2053048 33058544    0    0 472816 291044 274247 1310018 41 25 31  2  0  0
83  3 112448 151597164 2053048 33058568    0    0 480656 298736 272265 1292784 42 24 32  2  0  0
65  1 112448 151594120 2053048 33058588    0    0 466816 281324 273544 1314418 42 25 31  2  0  0
54  2 112448 151598296 2053060 33058596    0    0 468016 298200 275926 1302973 42 24 32  2  0  0
115  6 112448 151594484 2053060 33058636    0    0 470816 285448 273814 1309377 41 25 32  2  0  0
83  2 112448 151593420 2053060 33058660    0    0 467760 287008 272731 1305023 41 25 32  2  0  0
procs -----------memory---------- ---swap-- -----io---- -system-- -------cpu-------
 r  b   swpd   free   buff  cache   si   so    bi    bo   in   cs us sy id wa st gu
50  1 112448 151595652 2053060 33058676    0    0 460064 282448 273003 1315457 41 25 31  2  0  0
45  0 112448 151592536 2053060 33058684    0    0 472080 290988 281461 1324533 41 25 32  2  0  0
49 20 112448 151586888 2053064 33058700    0    0 474000 299688 272774 1288780 40 25 32  2  0  0
57  2 112448 151584852 2053064 33058736    0    0 476992 289776 279018 1318529 41 25 31  2  0  0
11  2 112448 151591952 2053064 33058744    0    0 471200 287636 275027 1304211 41 25 32  2  0  0
91  3 112448 151589492 2053064 33058768    0    0 475664 287976 272674 1303263 41 25 32  2  0  0
79 24 112448 151585516 2053064 33058788    0    0 470368 294764 272543 1292400 41 25 33  2  0  0
90 21 112448 151584228 2053068 33058800    0    0 487808 292432 279916 1319648 41 25 32  3  0  0
73  5 112448 151584016 2053068 33058824    0    0 471952 295060 274918 1307785 42 24 31  2  0  0
40  7 112448 151582476 2053068 33058840    0    0 473232 285916 280408 1318406 42 25 31  2  0  0
104  1 112448 151580660 2053068 33058864    0    0 473712 298316 278738 1305584 41 24 32  2  0  0
62  4 112448 151585648 2053068 33058880    0    0 475136 283796 274796 1323715 42 25 31  2  0  0
 5  2 112448 151580872 2053072 33058900    0    0 469008 296820 276807 1301350 41 24 33  2  0  0
20  2 112448 151581108 2053072 33058912    0    0 475376 284404 272755 1310339 41 25 31  2  0  0
63  3 112448 151578956 2053072 33058932    0    0 474784 292512 276437 1308827 41 25 31  2  0  0
64  5 112448 151573308 2053072 33058952    0    0 482272 295860 276292 1292742 41 24 32  2  0  0
84  8 112448 151576108 2053072 33058972    0    0 488800 293024 274555 1296585 41 24 32  2  0  0
26  5 112448 151573708 2053072 33058988    0    0 470128 294112 273365 1299432 41 25 32  2  0  0
40  8 112448 151575232 2053072 33059012    0    0 480432 292600 275526 1302744 42 25 31  2  0  0
25  2 112448 151577756 2053072 33059040    0    0 472528 292612 276931 1303310 41 25 32  2  0  0
69 28 112448 151582992 2053072 33059056    0    0 466848 293592 273704 1296128 42 25 32  2  0  0
procs -----------memory---------- ---swap-- -----io---- -system-- -------cpu-------
 r  b   swpd   free   buff  cache   si   so    bi    bo   in   cs us sy id wa st gu
62  3 112448 151583616 2053072 33059076    0    0 480272 289100 273294 1298844 41 25 32  2  0  0
30 20 112448 151588004 2053072 33059092    0    0 470368 285732 277993 1313282 42 25 31  2  0  0
61  2 112448 151589876 2053072 33059124    0    0 460272 295640 272920 1290023 41 25 32  2  0  0
48  3 112448 151591992 2053072 33059144    0    0 467184 280760 275249 1313060 41 26 31  2  0  0
50 14 112448 151589696 2053072 33059156    0    0 467008 293160 273716 1298959 41 25 32  2  0  0
119  4 112448 151592556 2053072 33059176    0    0 474352 285152 275451 1306967 41 25 31  2  0  0
38  7 112448 151597224 2053076 33059188    0    0 465856 300468 273728 1287798 41 25 32  2  0  0
 6  0 112448 151590988 2053076 33059216    0    0 471264 284316 277458 1314508 42 24 32  2  0  0
36  0 112448 151590848 2053076 33059240    0    0 466880 288404 272298 1304289 41 25 32  2  0  0
52 15 112448 151599856 2053076 33059260    0    0 472672 288456 273696 1300761 41 25 32  2  0  0
12  9 112448 151592928 2053076 33059276    0    0 488896 298096 275116 1292511 41 25 32  2  0  0
50  8 112448 151597236 2053076 33059292    0    0 470064 291980 270875 1290140 41 25 32  2  0  0
56  1 112448 151597208 2053076 33059312    0    0 476464 326552 275440 1300096 41 25 32  3  0  0
41  6 112448 151593472 2053076 33059344    0    0 468480 282052 271711 1307948 41 25 32  2  0  0
66  6 112448 151599388 2053076 33059360    0    0 494544 304656 275496 1292443 41 24 32  3  0  0
 4  0 112448 151598932 2053076 33059384    0    0 478208 291552 274685 1301076 41 25 32  2  0  0
 5  4 112448 151593016 2053076 33059400    0    0 467520 288824 273333 1288641 41 24 32  2  0  0
 6  0 112448 151594088 2053076 33059420    0    0 475040 295624 279851 1305336 41 25 31  2  0  0
50  3 112448 151584984 2053076 33059436    0    0 486208 296108 280002 1298854 41 25 32  2  0  0
92  5 112448 151586240 2053076 33059456    0    0 466608 283280 276775 1316148 42 25 31  2  0  0
81  1 112448 151584724 2053076 33059468    0    0 478768 295708 283190 1308533 42 24 32  2  0  0
procs -----------memory---------- ---swap-- -----io---- -system-- -------cpu-------
 r  b   swpd   free   buff  cache   si   so    bi    bo   in   cs us sy id wa st gu
54 26 112448 151584172 2053076 33059488    0    0 463536 286300 276024 1304691 41 25 32  2  0  0
48  6 112448 151576220 2053076 33059584    0    0 478128 291472 276032 1303514 41 25 31  2  0  0
64  6 112448 151571248 2053076 33059604    0    0 472064 285464 276937 1311417 42 25 31  2  0  0
61  3 112448 151562876 2053076 33059628    0    0 487008 297004 274443 1296494 41 25 32  3  0  0
53  6 112448 151554564 2053076 33059648    0    0 458944 297048 272923 1291617 40 25 32  2  0  0
 6  1 112448 151555800 2053076 33059668    0    0 492400 292260 278738 1308018 41 25 31  3  0  0
72  5 112448 151554280 2053076 33059692    0    0 484384 294488 273451 1292469 41 24 32  2  0  0
98  7 112448 151552424 2053076 33059708    0    0 470304 287636 280168 1315507 41 25 32  2  0  0
35  2 112448 151550248 2053076 33059724    0    0 507248 309424 273897 1271874 41 23 33  3  0  0
 5  1 112448 151554268 2053076 33059752    0    0 492976 299380 273875 1299940 41 24 32  3  0  0
15  0 112448 151545036 2053080 33059760    0    0 477008 302104 273713 1292482 41 25 32  2  0  0
98  2 112448 151543920 2053080 33059792    0    0 479264 283708 275091 1316086 41 25 31  3  0  0
51  2 112448 151546420 2053080 33059800    0    0 477552 303748 275199 1285097 41 24 33  2  0  0
20  0 112448 151541896 2053080 33059820    0    0 476528 293096 273095 1296331 41 24 33  2  0  0
 4  1 112448 151553880 2053080 33059848    0    0 467856 296540 275707 1299701 41 25 31  2  0  0
85 15 112448 151554136 2053084 33059868    0    0 476640 281544 276400 1312252 41 25 31  2  0  0
44 12 112448 151561840 2053084 33059892    0    0 475024 293076 274517 1286481 41 24 33  2  0  0
30  1 112448 151559128 2053084 33059908    0    0 471696 295352 276236 1299787 41 25 32  2  0  0
 7  0 112448 151559084 2053084 33059924    0    0 477728 293740 275813 1299292 41 25 32  2  0  0
71 21 112448 151554332 2053084 33059944    0    0 479872 296208 276793 1294750 41 24 33  2  0  0
48  4 112448 151548420 2053088 33059956    0    0 469696 285456 274306 1313725 42 24 32  2  0  0
procs -----------memory---------- ---swap-- -----io---- -system-- -------cpu-------
 r  b   swpd   free   buff  cache   si   so    bi    bo   in   cs us sy id wa st gu
100  6 112448 151544784 2053088 33059984    0    0 487392 327692 273968 1281272 41 24 32  3  0  0
34  2 112448 151541920 2053088 33059992    0    0 475568 300652 274262 1285794 41 24 32  2  0  0
76  1 112448 151536236 2053088 33060020    0    0 490832 289388 274156 1299421 41 24 32  2  0  0
