procs -----------memory---------- ---swap-- -----io---- -system-- -------cpu-------
 r  b   swpd   free   buff  cache   si   so    bi    bo   in   cs us sy id wa st gu
 4  0 136800 143480620 1917832 33536340    4    6 29783 31876 19270    6  4  1 95  1  0  0
12  4 136800 143450904 1917832 33536420    0    0 166656 327016 113788 164199 15  2 80  3  0  0
14  4 136800 143436812 1917832 33536452    0    0 517408 148108 155635 446419 12  4 77  7  0  0
 6  3 136800 143437460 1917832 33536468    0    0 495040 243076 168583 455282 13  4 77  7  0  0
16  3 136800 143436896 1917832 33536484    0    0 488064 254984 169887 454665 12  4 77  7  0  0
15  5 136800 143417264 1917832 33536508    0    0 490576 249096 172395 449810 12  4 77  7  0  0
14  4 136800 143415180 1917832 33536524    0    0 490688 246356 168801 452074 12  4 77  7  0  0
17  2 136800 143405408 1917836 33536548    0    0 488880 248464 168912 452806 12  4 77  7  0  0
 8  7 136800 143408180 1917836 33536548    0    0 489696 258820 169976 454426 12  4 77  7  0  0
12  8 136800 143404052 1917836 33536584    0    0 490224 254796 169532 451907 12  4 77  7  0  0
12  7 136800 143397060 1917836 33536600    0    0 483040 270584 170176 453152 12  4 77  7  0  0
16  6 136800 143390452 1917836 33536620    0    0 492048 264504 169451 455368 12  4 77  7  0  0
 7 11 136800 143385704 1917840 33536640    0    0 496560 254552 170110 458504 12  4 77  7  0  0
10  8 136800 143381020 1917840 33536656    0    0 490720 255528 169322 452189 13  3 77  7  0  0
17  4 136800 143384936 1917840 33536672    0    0 488592 264244 170135 452813 12  4 77  7  0  0
 8  1 136800 143391608 1917840 33536692    0    0 486944 265072 168659 449602 12  4 77  7  0  0
14  5 136800 143390800 1917840 33536716    0    0 491056 257692 170063 454900 12  4 77  7  0  0
12  6 136800 143384628 1917840 33536732    0    0 491328 259772 170019 457835 12  4 77  7  0  0
11  9 136800 143385092 1917840 33536748    0    0 486992 272616 169136 448330 12  4 77  7  0  0
16  2 136800 143376528 1917840 33536764    0    0 494192 265192 169814 456018 12  4 77  7  0  0
16  5 136800 143379564 1917840 33536788    0    0 495584 264168 170952 459368 12  4 77  7  0  0
procs -----------memory---------- ---swap-- -----io---- -system-- -------cpu-------
 r  b   swpd   free   buff  cache   si   so    bi    bo   in   cs us sy id wa st gu
18  3 136800 143379096 1917840 33536808    0    0 495808 270228 171243 459743 12  4 77  7  0  0
13  6 136800 143382636 1917840 33536824    0    0 490240 286372 170400 456924 12  4 77  7  0  0
17  3 136800 143380836 1917840 33536840    0    0 492400 280272 169847 453957 12  4 77  7  0  0
14  4 136800 143385372 1917840 33536872    0    0 489024 300316 170450 457950 12  4 77  7  0  0
16  2 136800 143384540 1917840 33536884    0    0 492752 292756 171494 460386 13  4 77  7  0  0
18  3 136800 143388548 1917848 33536904    0    0 487088 298536 171641 455876 12  4 77  7  0  0
17  2 136800 143386316 1917848 33536920    0    0 490944 300176 173171 460263 12  4 77  7  0  0
15  4 136800 143386140 1917848 33536936    0    0 490768 308928 172539 456006 12  4 77  7  0  0
13  7 136800 143383940 1917848 33536956    0    0 494960 292176 171682 460534 12  4 77  7  0  0
13  5 136800 143394268 1917848 33536976    0    0 483696 306240 170896 453205 12  4 77  7  0  0
14  6 136800 143399524 1917848 33536996    0    0 477568 334652 171208 448546 12  4 77  7  0  0
11  7 136800 143399736 1917848 33537020    0    0 469728 341312 170553 442724 12  4 78  7  0  0
17  3 136800 143400888 1917848 33537108    0    0 467504 337360 169894 440245 12  4 78  7  0  0
10  9 136800 143402716 1917848 33537132    0    0 470784 331560 170059 441543 12  4 77  7  0  0
13  4 136800 143406372 1917848 33537152    0    0 468944 337560 170749 440949 12  4 77  7  0  0
13  5 136800 143401424 1917848 33537164    0    0 461392 333132 169152 435862 12  4 78  7  0  0
11  7 136800 143408896 1917848 33537184    0    0 470320 329604 169755 441171 12  4 77  7  0  0
13  5 136800 143408872 1917848 33537204    0    0 471504 331140 169564 441895 12  4 77  7  0  0
12  6 136800 143409724 1917848 33537224    0    0 474864 330804 171607 445737 12  4 78  7  0  0
12  6 136800 143400716 1917848 33537244    0    0 472096 331556 170697 442655 12  4 78  7  0  0
10  8 136800 143403552 1917848 33537260    0    0 473648 342148 172239 447793 12  4 78  7  0  0
procs -----------memory---------- ---swap-- -----io---- -system-- -------cpu-------
 r  b   swpd   free   buff  cache   si   so    bi    bo   in   cs us sy id wa st gu
14  4 136800 143398244 1917852 33537284    0    0 474512 339880 171026 446553 12  4 78  7  0  0
17  3 136800 143395752 1917852 33537300    0    0 473520 342452 171366 446082 12  4 77  7  0  0
14  7 136800 143394036 1917852 33537320    0    0 474688 337384 170334 445739 12  4 78  7  0  0
15  4 136800 143397420 1917852 33537332    0    0 471120 335036 168891 440159 12  4 78  7  0  0
11  8 136800 143400252 1917852 33537356    0    0 470064 332460 169059 437977 12  4 77  7  0  0
14  5 136800 143403348 1917856 33537380    0    0 470720 333228 169501 440811 12  4 77  7  0  0
16  3 136800 143402636 1917856 33537400    0    0 469104 334284 169479 436033 12  4 78  7  0  0
10  8 136800 143409040 1917856 33537416    0    0 471984 336392 170261 438861 12  4 78  7  0  0
15  5 136800 143404020 1917856 33537432    0    0 470112 329180 169071 440355 12  4 78  7  0  0
12  6 136800 143416700 1917856 33537456    0    0 469424 335004 169760 436349 12  4 78  7  0  0
14  6 136800 143414432 1917860 33537472    0    0 464544 351128 170019 441217 12  4 78  7  0  0
14  4 136800 143410956 1917860 33537492    0    0 466320 348476 169858 441363 12  4 78  7  0  0
14  3 136800 143404972 1917860 33537504    0    0 469488 358472 172045 443210 12  4 78  7  0  0
15  4 136800 143406740 1917860 33537524    0    0 472080 352984 172122 443900 12  4 77  7  0  0
 9  9 136800 143399640 1917860 33537552    0    0 469968 344644 169997 440333 12  4 77  7  0  0
10  8 136800 143395876 1917864 33537568    0    0 465792 346520 170099 438294 12  4 77  7  0  0
11  8 136800 143395272 1917864 33537588    0    0 472096 352888 170728 444072 12  4 78  7  0  0
15  5 136800 143402240 1917864 33537608    0    0 475408 339876 170661 442857 12  4 78  7  0  0
14  6 136800 143405852 1917864 33537628    0    0 474096 347448 171117 443141 12  4 78  7  0  0
 9  9 136800 143405416 1917864 33537644    0    0 469840 353064 170091 438686 12  4 78  7  0  0
12  8 136800 143406156 1917864 33537660    0    0 469168 342556 169202 436005 12  4 78  7  0  0
procs -----------memory---------- ---swap-- -----io---- -system-- -------cpu-------
 r  b   swpd   free   buff  cache   si   so    bi    bo   in   cs us sy id wa st gu
13  5 136800 143399164 1917864 33537680    0    0 466656 344348 170082 438792 12  4 78  7  0  0
15  5 136800 143396124 1917864 33537708    0    0 471184 346484 170422 439721 12  4 77  7  0  0
13  5 136800 143402572 1917864 33537728    0    0 471504 339868 170293 441919 12  4 78  7  0  0
15  4 136800 143401764 1917864 33537748    0    0 467984 347036 169631 438821 12  4 78  7  0  0
15  5 136800 143403464 1917864 33537772    0    0 471776 345892 170189 443418 12  4 78  7  0  0
11  8 136800 143403192 1917864 33537792    0    0 471264 342928 169831 435571 12  4 78  7  0  0
16  3 136800 143408228 1917864 33537808    0    0 467216 346392 169760 435869 12  4 78  7  0  0
14  5 136800 143415164 1917864 33537824    0    0 462912 355256 170197 437610 12  4 78  7  0  0
13  5 136800 143416448 1917864 33537836    0    0 470640 345148 170268 443018 12  4 77  7  0  0
17  3 136800 143411740 1917864 33537856    0    0 467792 352848 170615 438635 12  4 78  7  0  0
 9 10 136800 143409964 1917864 33537880    0    0 468128 354140 170661 445762 12  4 77  7  0  0
19  3 136800 143410380 1917864 33537900    0    0 468544 341712 169981 439520 12  4 78  7  0  0
13  6 136800 143406872 1917864 33537916    0    0 468480 342396 169980 436307 12  4 78  7  0  0
16  3 136800 143405560 1917864 33537932    0    0 466288 351920 170080 437431 12  4 78  7  0  0
20  1 136800 143401260 1917868 33537952    0    0 469088 344828 170705 440760 12  4 78  7  0  0
12  8 136800 143403296 1917868 33537976    0    0 469552 346564 169980 437890 12  4 78  7  0  0
12  6 136800 143400416 1917868 33537992    0    0 464512 357412 170050 441370 12  4 78  7  0  0
14  5 136800 143398032 1917868 33538008    0    0 471456 353016 170414 443263 12  4 77  7  0  0
 9  9 136800 143403256 1917868 33538024    0    0 471248 348928 170813 439849 12  4 77  7  0  0
12  6 136800 143398028 1917868 33538048    0    0 475936 353296 172742 444081 12  4 78  7  0  0
16  7 136800 143397404 1917868 33538072    0    0 472448 361140 170863 437662 12  4 78  7  0  0
procs -----------memory---------- ---swap-- -----io---- -system-- -------cpu-------
 r  b   swpd   free   buff  cache   si   so    bi    bo   in   cs us sy id wa st gu
16  3 136800 143390776 1917868 33538088    0    0 468800 358468 170217 435508 12  4 78  7  0  0
13  5 136800 143391844 1917868 33538104    0    0 473328 363556 170774 438488 12  4 78  7  0  0
13  5 136800 143386588 1917868 33538124    0    0 468656 356520 171196 437747 12  4 77  7  0  0
14  5 136800 143376648 1917868 33538144    0    0 472272 359980 170828 437793 12  4 78  7  0  0
15  4 136800 143376156 1917868 33538160    0    0 475536 357036 171227 441326 12  4 77  7  0  0
13  8 136800 143373812 1917868 33538176    0    0 474416 359284 170602 439217 12  4 78  7  0  0
13  5 136800 143379920 1917868 33538200    0    0 475264 358164 170361 438763 12  4 78  7  0  0
12  6 136800 143365208 1917868 33538220    0    0 472944 356292 171086 440806 12  4 77  7  0  0
11  8 136800 143375400 1917868 33538244    0    0 471968 360348 170394 437760 12  4 77  7  0  0
 9 10 136800 143372564 1917868 33538328    0    0 470480 362688 171233 440984 12  4 78  7  0  0
11  6 136800 143380616 1917868 33538344    0    0 474064 357388 171230 440870 12  4 77  7  0  0
11  6 136800 143378732 1917868 33538364    0    0 473344 355064 171127 441411 12  4 77  7  0  0
12  6 136800 143370136 1917868 33538388    0    0 471328 356576 171577 439298 12  4 78  7  0  0
12  7 136800 143362112 1917872 33538404    0    0 470496 359948 170817 441818 12  4 77  7  0  0
15  3 136800 143361660 1917872 33538428    0    0 469344 356744 170295 439003 12  4 78  7  0  0
13  5 136800 143359296 1917872 33538448    0    0 470720 354760 170681 440864 12  4 78  7  0  0
11  7 136800 143360816 1917872 33538464    0    0 470368 357716 171088 442924 12  4 77  7  0  0
15  5 136800 143365164 1917872 33538484    0    0 467568 358016 170306 441596 12  4 77  7  0  0
15  4 136800 143372232 1917876 33538500    0    0 465040 359492 170497 435491 12  4 78  7  0  0
15  4 136800 143375312 1917876 33538524    0    0 469632 341272 169056 436931 12  4 78  7  0  0
14  8 136800 143379396 1917876 33538544    0    0 469136 358932 170529 434615 12  4 78  7  0  0
procs -----------memory---------- ---swap-- -----io---- -system-- -------cpu-------
 r  b   swpd   free   buff  cache   si   so    bi    bo   in   cs us sy id wa st gu
12  6 136800 143377792 1917876 33538564    0    0 467552 359552 170641 437433 12  4 78  7  0  0
15  3 136800 143378204 1917876 33538580    0    0 470768 360816 171157 437760 12  4 77  7  0  0
15  4 136800 143369668 1917880 33538596    0    0 472592 361040 170972 437029 12  4 78  7  0  0
14  6 136800 143369784 1917880 33538620    0    0 472592 358056 170543 438613 12  4 77  7  0  0
15  4 136800 143371540 1917880 33538636    0    0 470288 360112 170757 436831 12  4 77  7  0  0
11  7 136800 143369112 1917880 33538660    0    0 475456 345440 170552 438039 12  4 77  7  0  0
11  7 136800 143371740 1917880 33538676    0    0 471504 357736 169878 436782 12  4 78  7  0  0
15  3 136800 143371296 1917880 33538696    0    0 473264 362868 170596 436620 12  4 77  7  0  0
12  7 136800 143370576 1917880 33538712    0    0 468768 359432 170626 438249 12  4 78  7  0  0
13  6 136800 143373772 1917880 33538728    0    0 472352 353268 170258 438540 12  4 78  7  0  0
15  5 136800 143370780 1917880 33538748    0    0 471488 358116 170523 435639 12  4 78  7  0  0
12  7 136800 143378940 1917880 33538764    0    0 468528 359180 170717 436880 12  4 77  7  0  0
17  4 136800 143373504 1917884 33538780    0    0 465536 357984 169982 437384 12  4 78  7  0  0
15  6 136800 143373096 1917884 33538804    0    0 471776 361684 171335 440265 12  4 78  7  0  0
 5  2 136800 143382060 1917884 33538824    0    0 467600 356876 171143 438192 12  4 78  7  0  0
15  4 136800 143386684 1917884 33538848    0    0 469600 355172 170583 438547 12  4 78  7  0  0
12  6 136800 143383340 1917884 33538868    0    0 471680 359296 171300 438844 12  4 78  7  0  0
16  2 136800 143385788 1917888 33538884    0    0 467648 360296 171041 440533 12  4 78  7  0  0
12  7 136800 143388560 1917888 33538904    0    0 473936 354488 171264 441084 12  4 77  7  0  0
14  4 136800 143388440 1917888 33538920    0    0 468592 360152 170286 436375 12  4 78  7  0  0
13  8 136800 143382852 1917888 33538944    4    0 468180 359712 171333 439751 12  4 77  7  0  0
procs -----------memory---------- ---swap-- -----io---- -system-- -------cpu-------
 r  b   swpd   free   buff  cache   si   so    bi    bo   in   cs us sy id wa st gu
17  6 136800 143356592 1917892 33539296    0    0 471040 351732 170395 436652 13  4 77  7  0  0
10  9 136800 143257740 1917924 33539964    0    0 467744 357844 170029 436247 13  4 76  7  0  0
12  7 136800 143224580 1917924 33552256    0    0 469392 361316 170810 435118 13  4 76  7  0  0
13  6 136800 143195708 1917924 33552272    0    0 468592 356476 169276 435548 13  4 76  7  0  0
12  7 136800 143074072 1917928 33610960    0    0 470372 469844 169691 435881 13  4 76  7  0  0
11  9 136800 143055108 1917928 33610888    0    0 466464 370360 169993 434255 13  4 76  7  0  0
17  3 136800 143202504 1917936 33542604    0    0 465904 351492 168908 432918 13  4 76  7  0  0
18  3 136800 143249048 1917936 33542300    0    0 469840 355080 169799 435210 12  4 77  7  0  0
15  5 136800 143253612 1917936 33542324    0    0 470048 363840 170271 438115 12  4 77  7  0  0
13  6 136800 143266832 1917936 33542344    0    0 469536 365216 170437 438434 12  4 78  7  0  0
 7  0 136800 143279424 1917936 33542360    0    0 471472 360560 169901 437150 12  4 78  7  0  0
 6  4 136800 143293120 1917936 33542376    0    0 473488 358436 170561 437413 12  4 77  7  0  0
11  7 136800 143303428 1917936 33542396    0    0 468560 362260 170689 437062 12  4 78  7  0  0
14  5 136800 143308088 1917936 33542424    0    0 470176 353088 171043 439322 12  4 78  7  0  0
10  0 136800 143315168 1917936 33542436    0    0 467584 366588 171991 440032 12  4 78  7  0  0
13  7 136800 143321612 1917936 33542452    0    0 471056 361404 171200 442617 12  4 78  7  0  0
10  9 136800 143329096 1917936 33542468    0    0 468464 366952 171644 442004 12  4 77  7  0  0
14  5 136800 143337348 1917936 33542488    0    0 469008 361224 170966 441903 12  4 78  7  0  0
16  3 136800 143334168 1917936 33542512    0    0 472048 366208 171105 443679 12  4 77  7  0  0
 5  0 136800 143343980 1917936 33542528    0    0 466416 363188 169655 440649 12  4 78  7  0  0
18  5 136800 143344112 1917936 33542548    0    0 465360 358396 170230 436870 12  4 78  7  0  0
procs -----------memory---------- ---swap-- -----io---- -system-- -------cpu-------
 r  b   swpd   free   buff  cache   si   so    bi    bo   in   cs us sy id wa st gu
 6  3 136800 143357800 1917940 33542572    0    0 463984 362420 169552 433647 12  4 78  7  0  0
14  8 136800 143359996 1917940 33542584    0    0 466432 365516 170716 437821 12  4 78  7  0  0
 7  3 136800 143368064 1917940 33542604    0    0 468240 364336 171810 442774 12  3 78  7  0  0
15  4 136800 143369548 1917940 33542636    0    0 472064 362016 172948 445774 12  4 77  7  0  0
 6  2 136800 143364128 1917944 33542652    0    0 470480 383492 173015 442755 12  4 78  7  0  0
14  6 136800 143360672 1917944 33542672    0    0 475808 354744 171762 444772 12  4 77  7  0  0
 9 10 136800 143370068 1917944 33542784    0    0 469344 380768 172112 439779 12  4 78  7  0  0
15  3 136800 143372084 1917944 33542800    0    0 474144 369416 172379 445093 12  4 77  7  0  0
 8  1 136800 143367564 1917944 33542824    0    0 469648 368184 171323 444976 12  4 78  7  0  0
13  5 136800 143366160 1917944 33542848    0    0 473808 352064 171381 445281 12  4 77  7  0  0
13  6 136800 143370908 1917944 33542864    0    0 473536 379744 171977 444616 12  4 78  7  0  0
12  7 136800 143361080 1917944 33542884    0    0 476336 365964 172468 444684 12  4 77  7  0  0
17  3 136800 143362744 1917944 33542900    0    0 470768 366684 171085 442075 12  4 77  7  0  0
 6  2 136800 143370300 1917948 33542924    0    0 474048 371036 171599 446055 12  4 77  7  0  0
15  3 136800 143365564 1917948 33542944    0    0 473232 359884 171750 445843 12  4 77  7  0  0
 5  2 136800 143362496 1917948 33542964    0    0 468176 375272 172496 440159 12  4 78  7  0  0
13  7 136800 143366144 1917948 33542984    0    0 471344 352276 171074 442392 12  4 77  7  0  0
18  2 136800 143375792 1917948 33543000    0    0 466992 367292 171103 439911 12  4 78  7  0  0
10  9 136800 143373496 1917948 33543024    0    0 467424 376820 172271 443449 12  4 77  7  0  0
12  3 136800 143374636 1917952 33543036    0    0 473232 361296 171197 443855 12  4 77  7  0  0
11  1 136800 143372388 1917952 33543056    0    0 466960 365100 171785 440568 12  4 78  7  0  0
procs -----------memory---------- ---swap-- -----io---- -system-- -------cpu-------
 r  b   swpd   free   buff  cache   si   so    bi    bo   in   cs us sy id wa st gu
17  5 136800 143381020 1917952 33543076    0    0 471520 362416 172100 443608 12  4 77  7  0  0
 6  0 136800 143377624 1917952 33543096    0    0 469280 363676 171183 442339 12  4 78  7  0  0
12  4 136800 143378144 1917952 33543116    0    0 474368 359640 172715 445723 12  4 77  7  0  0
16  4 136800 143370300 1917956 33543128    0    0 471184 358540 171235 441420 12  4 77  7  0  0
17  4 136800 143366344 1917956 33543148    0    0 469952 367452 170847 442572 12  4 78  7  0  0
 9 10 136800 143358428 1917956 33543168    0    0 470288 379516 172096 443527 12  4 77  7  0  0
17  4 136800 143364676 1917956 33543188    0    0 474640 363816 170951 443785 12  4 77  7  0  0
 7  0 136800 143359688 1917956 33543208    0    0 474496 357344 170646 444529 12  4 77  7  0  0
13  6 136800 143360472 1917960 33543220    0    0 470768 374800 170700 442598 12  4 77  7  0  0
15  8 136800 143364104 1917960 33543240    0    0 471776 348252 170330 445335 12  4 78  7  0  0
12  8 136800 143366948 1917960 33543264    0    0 466288 361084 170786 438789 12  4 78  7  0  0
13  5 136800 143365392 1917960 33543280    0    0 471184 360868 171039 442018 12  4 77  7  0  0
15  5 136800 143363684 1917960 33543300    0    0 470352 363048 171460 446028 12  4 78  7  0  0
17  3 136800 143358016 1917968 33543308    0    0 470896 363468 170975 441708 12  4 78  7  0  0
14  4 136800 143355100 1917968 33543336    0    0 473248 366804 171062 440991 12  4 78  7  0  0
14  7 136800 143355012 1917968 33543352    0    0 472912 362412 171232 441883 12  4 78  7  0  0
14  5 136800 143351636 1917968 33543372    0    0 471952 356784 170768 443148 12  4 77  7  0  0
10  9 136800 143360004 1917968 33543388    0    0 468848 368892 169694 436815 12  4 78  7  0  0
15  5 136800 143360980 1917968 33543412    0    0 471104 360812 170748 443531 12  4 78  7  0  0
15  5 136800 143362548 1917968 33543436    0    0 468592 358748 171149 441214 12  4 78  7  0  0
15  3 136800 143364904 1917972 33543452    0    0 469024 365808 171010 437412 12  4 78  7  0  0
procs -----------memory---------- ---swap-- -----io---- -system-- -------cpu-------
 r  b   swpd   free   buff  cache   si   so    bi    bo   in   cs us sy id wa st gu
12  5 136800 143364500 1917972 33543468    0    0 464432 361608 170644 439669 12  4 78  7  0  0
17  3 136800 143367072 1917972 33543484    0    0 467280 355380 170959 444102 12  4 78  7  0  0
13  5 136800 143366372 1917972 33543508    0    0 470560 360920 171337 443433 12  4 77  7  0  0
18  7 136800 143362696 1917972 33543524    0    0 464304 361688 170887 440532 12  4 78  7  0  0
16  9 136800 143379264 1917984 33543540    0    0 469792 357836 170648 440323 12  4 78  7  0  0
15  6 136800 143374196 1917984 33543556    0    0 467056 358384 170797 442487 12  4 78  7  0  0
15  4 136800 143375712 1917984 33543580    0    0 467056 355716 170451 439007 12  4 78  7  0  0
12  7 136800 143372520 1917984 33543612    0    0 466240 362328 170749 439468 12  4 78  7  0  0
14  7 136800 143375168 1917984 33543628    0    0 469056 360000 170913 440051 12  4 78  7  0  0
 6  0 136800 143372256 1917988 33543640    0    0 467664 357076 170621 443564 12  4 78  7  0  0
14  4 136800 143371304 1917992 33543660    0    0 467760 360468 170702 438927 12  4 78  7  0  0
10  7 136800 143377992 1917992 33543676    0    0 465680 362952 171642 441586 12  4 78  7  0  0
14  5 136800 143370232 1917992 33543700    0    0 467296 361448 172241 443424 12  4 77  7  0  0
11  8 136800 143362784 1917992 33543720    0    0 466992 355532 171295 444364 12  4 78  7  0  0
12  8 136800 143360696 1917996 33543752    0    0 463488 358948 171182 444829 12  4 78  7  0  0
16  3 136800 143361696 1917996 33543768    0    0 467600 359572 171216 441829 12  4 78  7  0  0
14  4 136800 143363904 1917996 33543788    0    0 469696 357832 171544 441971 12  4 78  7  0  0
18  3 136800 143370768 1917996 33543812    0    0 464384 360948 170487 440482 12  4 78  7  0  0
16  5 136800 143367580 1917996 33543828    0    0 466400 365168 170926 439526 12  4 78  7  0  0
16  6 136800 143376756 1917996 33543844    0    0 466768 360508 170177 441153 12  4 78  7  0  0
14  4 136800 143384996 1917996 33543860    0    0 459888 362124 170362 435140 12  4 78  7  0  0
procs -----------memory---------- ---swap-- -----io---- -system-- -------cpu-------
 r  b   swpd   free   buff  cache   si   so    bi    bo   in   cs us sy id wa st gu
15  4 136800 143385212 1917996 33543876    0    0 466304 358128 170294 442390 12  4 78  7  0  0
18  6 136800 143364592 1917996 33543936    0    0 465648 361788 171546 445215 12  4 77  7  0  0
14  4 136800 143376148 1917996 33544372    0    0 466512 360652 171316 438523 13  4 77  7  0  0
13  5 136800 143380000 1918000 33544168    0    0 465600 359516 170423 438369 12  4 77  7  0  0
20  2 136800 143377104 1918004 33544188    0    0 471264 352172 169948 439270 12  4 78  7  0  0
16  4 136800 143378980 1918004 33544208    0    0 468720 361000 170630 437381 12  4 78  7  0  0
15  6 136800 143375328 1918004 33544224    0    0 465728 356240 169357 433935 12  4 78  7  0  0
13  6 136800 143370480 1918004 33544240    0    0 468784 355764 170461 438757 12  4 78  7  0  0
14  4 136800 143365472 1918008 33544256    0    0 471536 359844 170751 439855 12  4 77  7  0  0
12  6 136800 143363348 1918008 33544280    0    0 472048 363512 171799 442226 12  4 78  7  0  0
15  4 136800 143365936 1918008 33544296    0    0 475328 360376 171258 442876 12  4 77  7  0  0
15  5 136800 143365056 1918008 33544320    0    0 470224 358764 169442 438511 12  4 77  7  0  0
14  4 136800 143362756 1918008 33544344    0    0 468000 359668 169448 436983 12  4 78  7  0  0
20  1 136800 143371648 1918008 33544360    0    0 473216 360536 170653 441575 12  4 77  7  0  0
14  4 136800 143373900 1918008 33544376    0    0 470384 359972 169921 437471 12  4 77  7  0  0
13  6 136800 143372188 1918008 33544400    0    0 466576 353888 169788 436116 12  4 78  7  0  0
13  5 136800 143374012 1918012 33544412    0    0 467408 352328 168822 431336 12  4 78  7  0  0
14  6 136800 143370752 1918012 33544440    0    0 470176 354964 170295 436380 12  4 78  7  0  0
15  5 136800 143372828 1918016 33544452    0    0 472512 356124 170100 440178 12  4 77  7  0  0
10  5 136800 143365088 1918016 33544612    0    0 471152 372856 170974 438035 12  4 77  7  0  0
15  4 136800 143356468 1918016 33544504    0    0 471536 350276 169870 440511 12  4 77  7  0  0
procs -----------memory---------- ---swap-- -----io---- -system-- -------cpu-------
 r  b   swpd   free   buff  cache   si   so    bi    bo   in   cs us sy id wa st gu
 8  9 136800 143353952 1918020 33544520    0    0 467888 360648 169953 434400 12  4 78  7  0  0
11  6 136800 143363244 1918020 33544544    0    0 467776 357428 170059 436184 12  4 78  7  0  0
10  9 136800 143364448 1918024 33544556    0    0 471280 362876 169875 438893 12  4 77  7  0  0
11  7 136800 143364052 1918024 33544576    0    0 470592 364444 169754 435721 12  4 78  7  0  0
12  7 136800 143361296 1918024 33544596    0    0 471536 354540 169229 437692 12  4 77  7  0  0
12  7 136800 143369888 1918024 33544616    0    0 468384 355616 168950 434121 12  4 78  7  0  0
15  7 136800 143366268 1918024 33544636    0    0 472784 357060 170258 439093 12  4 77  7  0  0
10  1 136800 143365136 1918024 33544652    0    0 464432 359292 169204 432545 12  4 78  7  0  0
14  3 136800 143362828 1918024 33544676    0    0 468864 362076 169785 438203 12  4 77  7  0  0
12  6 136800 143368008 1918024 33544696    0    0 466464 369456 169222 435164 12  4 78  7  0  0
14  8 136800 143374196 1918024 33544720    0    0 471200 355976 169848 437955 12  4 78  7  0  0
16  5 136800 143365808 1918024 33544732    0    0 474048 359408 169197 436412 12  4 77  7  0  0
12  7 136800 143361976 1918024 33544748    0    0 466000 354404 168943 431202 12  4 78  7  0  0
11  7 136800 143360208 1918024 33544904    0    0 458128 354036 168097 430065 12  4 77  7  0  0
13  6 136800 143359756 1918024 33544788    0    0 466016 357016 169668 434818 12  4 77  7  0  0
13  7 136800 143362660 1918024 33544804    0    0 468256 364052 170882 439820 12  4 77  7  0  0
11  7 136800 143371224 1918024 33544824    0    0 471360 356432 171414 442092 12  4 78  7  0  0
13  7 136800 143366960 1918024 33544840    0    0 471984 365820 171671 443573 12  4 77  7  0  0
15  4 136800 143371420 1918024 33544868    0    0 470512 361996 172367 446644 12  4 77  7  0  0
13  6 136800 143363120 1918024 33544884    0    0 467472 368092 171155 440251 12  4 78  7  0  0
16  3 136800 143362864 1918024 33544900    0    0 471872 361276 172140 444837 12  4 78  7  0  0
procs -----------memory---------- ---swap-- -----io---- -system-- -------cpu-------
 r  b   swpd   free   buff  cache   si   so    bi    bo   in   cs us sy id wa st gu
12  8 136800 143359956 1918024 33544916    0    0 469248 365816 171363 441964 12  4 77  7  0  0
15  3 136800 143368728 1918024 33544940    0    0 471568 366164 172261 442724 12  4 78  7  0  0
13  6 136800 143362612 1918024 33544960    0    0 465360 370524 171330 437823 12  4 78  7  0  0
15  5 136800 143366052 1918024 33544976    0    0 470448 359212 171246 441430 12  4 78  7  0  0
 8 10 136800 143368056 1918024 33544992    0    0 467472 361356 170955 438826 12  4 78  7  0  0
15  4 136800 143363072 1918024 33545032    0    0 466192 365708 171397 437989 12  4 78  7  0  0
15  6 136800 143360536 1918028 33545040    0    0 474848 355456 171034 441543 12  4 78  7  0  0
 9  8 136800 143353560 1918028 33545064    0    0 470480 368368 172064 445363 12  4 77  7  0  0
18  1 136800 143338064 1918028 33545080    0    0 469888 353412 170582 442241 12  4 77  7  0  0
14  4 136800 143324540 1918028 33545092    0    0 472688 360912 171517 442084 13  4 77  7  0  0
13  7 136800 143325456 1918028 33545112    0    0 472448 362544 171180 443754 12  4 78  7  0  0
 9  2 136800 143329952 1918028 33545132    0    0 469424 370980 172267 443167 12  4 77  7  0  0
16  3 136800 143340304 1918028 33545152    0    0 470272 361808 172175 443479 12  4 78  7  0  0
15  4 136800 143340600 1918028 33545168    0    0 471536 363560 171434 443010 12  4 78  7  0  0
11  7 136800 143338412 1918032 33545188    0    0 471952 365644 170982 440019 12  4 78  7  0  0
11  1 136800 143348716 1918032 33545208    0    0 468416 365420 169967 439754 12  4 78  7  0  0
12  8 136800 143355412 1918032 33545232    0    0 471568 359288 171562 441597 12  4 77  7  0  0
14  5 136800 143358620 1918036 33545244    0    0 474464 359016 171807 444044 12  4 78  7  0  0
15  3 136800 143363948 1918036 33545268    0    0 463664 360952 170223 437378 12  4 78  7  0  0
12  7 136800 143356776 1918036 33545280    0    0 468432 366212 170669 440225 12  4 78  7  0  0
11  7 136800 143355332 1918036 33545296    0    0 471936 362608 170989 440079 12  4 77  7  0  0
procs -----------memory---------- ---swap-- -----io---- -system-- -------cpu-------
 r  b   swpd   free   buff  cache   si   so    bi    bo   in   cs us sy id wa st gu
12  6 136800 143359412 1918036 33545384    0    0 463024 373112 170335 435124 12  4 78  7  0  0
11  7 136800 143353716 1918040 33545400    0    0 472864 348352 170590 442040 12  4 77  7  0  0
14  6 136800 143350216 1918040 33545424    0    0 459920 366764 170918 441373 12  4 78  7  0  0
12  7 136800 143353368 1918040 33545444    0    0 470576 355460 171725 442716 12  4 78  7  0  0
12  6 136800 143354528 1918040 33545460    0    0 471488 360604 171046 442187 12  4 78  7  0  0
10  8 136800 143358276 1918040 33545480    0    0 470304 365240 172435 443791 12  4 77  7  0  0
11  7 136800 143352248 1918040 33545500    0    0 470416 356988 172112 436886 12  4 77  7  0  0
 9  9 136800 143354104 1918040 33545516    0    0 470352 364324 171195 436925 12  4 77  7  0  0
15  3 136800 143355068 1918040 33545532    0    0 468560 354892 169560 433679 12  4 78  7  0  0
12  8 136800 143360280 1918040 33545552    0    0 471120 361952 170971 437449 12  4 78  7  0  0
13  5 136800 143358712 1918040 33545572    0    0 471296 361716 170556 439451 12  4 78  7  0  0
 9 10 136800 143352328 1918044 33545592    0    0 473072 360560 170193 437464 12  4 77  7  0  0
13  4 136800 143347728 1918044 33545616    0    0 472400 353164 170557 439292 12  4 78  7  0  0
14  5 136800 143342044 1918044 33545632    0    0 471616 365160 170135 436276 12  4 77  7  0  0
14  4 136800 143345376 1918044 33545648    0    0 466832 355116 169322 435881 12  4 77  7  0  0
12  8 136800 143344696 1918044 33545668    0    0 463888 359124 168975 431333 12  4 77  7  0  0
11  7 136800 143349432 1918048 33545692    0    0 467664 359172 169662 435974 12  4 78  7  0  0
14  4 136800 143348980 1918048 33545708    0    0 474048 352624 170102 438606 12  4 77  7  0  0
11  7 136800 143345616 1918048 33545724    0    0 469712 361460 169964 434470 12  4 78  7  0  0
15  6 136800 143354092 1918048 33545752    0    0 469328 358008 169076 433429 12  4 78  7  0  0
15  4 136800 143348576 1918048 33545768    0    0 471696 364644 170317 436858 12  4 78  7  0  0
procs -----------memory---------- ---swap-- -----io---- -system-- -------cpu-------
 r  b   swpd   free   buff  cache   si   so    bi    bo   in   cs us sy id wa st gu
13  7 136800 143343212 1918052 33545792    0    0 466288 356840 168792 433333 12  4 78  7  0  0
12  7 136800 143348416 1918052 33545812    0    0 470608 360160 168860 435044 12  4 77  7  0  0
12  7 136800 143350272 1918052 33545824    0    0 473216 362140 169996 438691 12  4 77  7  0  0
15  5 136800 143348400 1918052 33545848    0    0 468016 367772 169589 435043 12  4 77  7  0  0
11  6 136800 143351020 1918052 33545864    0    0 471664 357796 169027 436279 12  4 78  7  0  0
16  3 136800 143351916 1918052 33545884    0    0 470880 357132 168722 434430 12  4 78  7  0  0
17  2 136800 143353320 1918052 33545900    0    0 469376 355820 169361 438269 12  4 77  7  0  0
11  8 136800 143343196 1918052 33545924    0    0 474928 360892 169162 437805 12  4 77  7  0  0
11  7 136800 143342740 1918052 33545940    0    0 468592 361684 168342 430792 12  4 78  7  0  0
10  7 136800 143349736 1918052 33545960    0    0 474576 355996 169841 438769 12  4 77  7  0  0
13  6 136800 143343448 1918060 33545968    0    0 471056 361712 170007 437093 12  4 78  7  0  0
15  3 136800 143340784 1918060 33545992    0    0 464832 356988 168554 433985 12  4 78  7  0  0
15  3 136800 143347248 1918060 33546012    0    0 472576 362252 169898 436899 12  4 77  7  0  0
13  6 136800 143346384 1918060 33546032    0    0 472352 356284 170599 439537 12  4 77  7  0  0
16  3 136800 143343236 1918060 33546048    0    0 471360 365796 170350 438476 12  4 77  7  0  0
13  5 136800 143346504 1918068 33546060    0    0 465408 355788 169305 433284 12  4 78  7  0  0
13  5 136800 143348520 1918068 33546088    0    0 465552 359864 169604 433935 12  4 77  7  0  0
 9  9 136800 143350200 1918068 33546108    0    0 470928 360560 170712 436330 12  4 78  7  0  0
10 10 136800 143352196 1918068 33546124    0    0 466048 353856 168915 436218 12  4 78  7  0  0
13  5 136800 143349548 1918068 33546140    0    0 476592 356324 170957 440792 12  4 77  7  0  0
12  7 136800 143351972 1918072 33546160    0    0 473584 362360 170276 436810 12  4 77  7  0  0
procs -----------memory---------- ---swap-- -----io---- -system-- -------cpu-------
 r  b   swpd   free   buff  cache   si   so    bi    bo   in   cs us sy id wa st gu
12  6 136800 143355004 1918072 33546180    0    0 469648 355980 169341 434292 12  4 78  7  0  0
16  3 136800 143357760 1918072 33546204    0    0 473808 360480 170010 439713 12  4 77  7  0  0
10  9 136800 143355896 1918072 33546224    0    0 468160 365464 169650 435875 12  4 78  7  0  0
13  5 136800 143353364 1918072 33546240    0    0 465536 357536 168437 431880 12  4 78  7  0  0
12  7 136800 143360388 1918072 33546264    0    0 469584 356468 169211 434156 12  4 77  7  0  0
13  5 136800 143360296 1918072 33546284    0    0 468192 351100 168691 432647 12  4 78  7  0  0
15  3 136800 143360544 1918072 33546300    0    0 472176 356728 169818 437476 12  4 77  7  0  0
16  2 136800 143359256 1918072 33546312    0    0 470464 359472 169765 436139 12  4 77  7  0  0
13  7 136800 143360484 1918072 33546332    0    0 467584 360152 170136 436968 12  4 78  7  0  0
16  2 136800 143369788 1918072 33546352    0    0 470640 355892 170311 439651 12  4 77  7  0  0
 8 11 136800 143364956 1918072 33546376    0    0 469120 365716 170970 438917 12  4 77  7  0  0
12  8 136800 143360880 1918072 33546392    0    0 469984 354556 170727 436483 12  4 77  7  0  0
10  8 136800 143362468 1918072 33546408    0    0 468032 360476 170956 438138 12  4 78  7  0  0
14  4 136800 143357016 1918072 33546428    0    0 468368 354300 169721 435750 12  4 78  7  0  0
13  5 136800 143353264 1918072 33546444    0    0 468272 367068 170912 436520 12  4 77  7  0  0
11  8 136800 143351148 1918072 33546464    0    0 469072 357160 170256 436909 12  4 78  7  0  0
 8 10 136800 143355616 1918072 33546488    0    0 470096 360156 170335 437427 12  4 77  7  0  0
16  3 136800 143358664 1918072 33546488    0    0 468336 360248 169932 434989 12  4 78  7  0  0
13  4 136800 143363760 1918072 33546572    0    0 464704 361560 169991 436443 12  4 78  7  0  0
13  5 136800 143367284 1918072 33546588    0    0 469520 355400 170331 438075 12  4 77  7  0  0
11  7 136800 143371260 1918072 33546612    0    0 466400 364116 169667 434249 12  4 77  7  0  0
procs -----------memory---------- ---swap-- -----io---- -system-- -------cpu-------
 r  b   swpd   free   buff  cache   si   so    bi    bo   in   cs us sy id wa st gu
12  6 136800 143369052 1918072 33546632    0    0 469312 358360 169415 435659 12  4 77  7  0  0
10  9 136800 143363728 1918072 33546648    0    0 465088 367248 169284 431500 12  4 78  7  0  0
12  7 136800 143361068 1918072 33546660    0    0 473184 354000 169537 437734 12  4 77  7  0  0
15  3 136800 143363908 1918072 33546676    0    0 470112 361968 169894 435798 12  4 77  7  0  0
 9  8 136800 143358424 1918072 33546700    0    0 474064 360928 170405 441119 12  4 77  7  0  0
14  7 136800 143357236 1918072 33546724    0    0 478048 362552 171391 441478 12  4 77  7  0  0
16  3 136800 143367228 1918072 33546740    0    0 470736 368488 169896 435217 12  4 78  7  0  0
 7  2 136800 143370520 1918072 33546760    0    0 469120 361076 169486 434998 12  4 77  7  0  0
15  4 136800 143366316 1918076 33546776    0    0 468560 359120 170154 437191 12  4 77  7  0  0
 9  1 136800 143361664 1918076 33546804    0    0 468752 366020 169372 435564 12  4 77  7  0  0
13  6 136800 143355968 1918076 33546824    0    0 470800 360244 170269 437662 12  4 77  7  0  0
19  1 136800 143350236 1918076 33546840    0    0 472752 360696 170345 439355 12  4 77  7  0  0
14  6 136800 143347440 1918076 33546852    0    0 469808 359800 169688 435437 12  4 77  7  0  0
14  4 136800 143351584 1918080 33546872    0    0 468064 360116 169846 437486 12  4 77  7  0  0
15  5 136800 143355876 1918080 33546904    0    0 468912 370844 169994 436321 12  4 78  7  0  0
12  6 136800 143351668 1918080 33546920    0    0 477120 350348 169664 439100 12  4 78  7  0  0
13  7 136800 143345568 1918080 33546936    0    0 472176 359328 169813 439585 12  4 77  7  0  0
13  7 136800 143349664 1918080 33546956    0    0 470848 360116 169352 436575 12  4 78  7  0  0
13  7 136800 143349288 1918080 33546980    0    0 470816 359708 169536 435647 12  4 78  7  0  0
12  8 136800 143340184 1918080 33547004    0    0 473760 354408 169541 438067 12  4 77  7  0  0
14  6 136800 143340456 1918080 33547020    0    0 471056 361184 170001 437340 12  4 78  7  0  0
procs -----------memory---------- ---swap-- -----io---- -system-- -------cpu-------
 r  b   swpd   free   buff  cache   si   so    bi    bo   in   cs us sy id wa st gu
14  5 136800 143348348 1918080 33547036    0    0 473584 355528 169438 440310 12  4 78  7  0  0
12  5 136800 143347840 1918080 33547056    0    0 471568 359420 169124 435540 12  4 77  7  0  0
11  7 136800 143350772 1918080 33547080    0    0 474096 362804 170394 440039 12  4 77  7  0  0
14  6 136800 143349800 1918080 33547096    0    0 467312 357944 169363 435793 12  4 78  7  0  0
14  6 136800 143350640 1918080 33547116    0    0 469136 355988 170012 439214 12  4 77  7  0  0
11  7 136800 143354476 1918080 33547132    0    0 474480 363408 170797 440244 12  4 77  7  0  0
16  3 136800 143360732 1918080 33547152    0    0 471136 355724 170311 439956 12  4 77  7  0  0
10  8 136800 143364600 1918084 33547168    0    0 469568 356148 169309 437241 12  4 78  7  0  0
12  8 136800 143357636 1918084 33547184    0    0 466064 360764 169100 435454 12  4 78  7  0  0
13  6 136800 143361756 1918084 33547204    0    0 470896 355196 169861 437768 12  4 78  7  0  0
16  4 136800 143361560 1918084 33547224    0    0 467296 356944 169123 435105 12  4 78  7  0  0
13  5 136800 143357048 1918084 33547248    0    0 471648 363356 170194 437098 12  4 77  7  0  0
12  5 136800 143357536 1918084 33547264    0    0 471888 351628 170665 438559 12  4 77  7  0  0
13  7 136800 143355232 1918084 33547280    0    0 470512 362496 171533 438346 12  4 77  7  0  0
17  3 136800 143351260 1918084 33547300    0    0 466352 354132 169852 437194 12  4 78  7  0  0
12  6 136800 143359420 1918084 33547320    0    0 465152 358944 170344 437965 12  4 78  7  0  0
11  7 136800 143359372 1918084 33547336    0    0 468080 358936 170709 436291 12  4 77  7  0  0
15  4 136800 143359632 1918088 33547348    0    0 468736 358080 170290 435650 12  4 78  7  0  0
15  4 136800 143359312 1918088 33547368    0    0 468704 358776 171148 438835 12  4 77  7  0  0
15  6 136800 143363220 1918088 33547392    0    0 463808 359112 169510 433084 12  4 78  7  0  0
12  8 136800 143361644 1918088 33547412    0    0 459488 354592 169057 429880 12  4 78  7  0  0
procs -----------memory---------- ---swap-- -----io---- -system-- -------cpu-------
 r  b   swpd   free   buff  cache   si   so    bi    bo   in   cs us sy id wa st gu
14  4 136800 143363028 1918088 33547432    0    0 462816 354960 170099 432746 12  4 77  7  0  0
16  3 136800 143362980 1918092 33547444    0    0 466176 361416 170289 436548 12  4 78  7  0  0
12  6 136800 143374172 1918092 33547468    0    0 454656 348140 168277 426071 12  4 78  7  0  0
11  9 136800 143365808 1918092 33547488    0    0 456112 355688 169207 425837 12  4 78  7  0  0
14  5 136800 143359848 1918092 33547500    0    0 456848 345620 168485 431203 12  4 78  7  0  0
16  4 136800 143359388 1918092 33547524    0    0 458688 352672 169339 431432 12  4 78  7  0  0
13  7 136800 143359768 1918092 33547540    0    0 456736 358932 168806 428811 12  4 77  7  0  0
 9  8 136800 143356088 1918092 33547564    0    0 459872 351640 168604 431986 12  4 77  7  0  0
12  8 136800 143355200 1918092 33547588    0    0 462544 356632 169336 434433 12  4 78  7  0  0
11  8 136800 143360420 1918092 33547608    0    0 463888 351528 169098 432248 12  4 78  7  0  0
11  8 136800 143356172 1918092 33547624    0    0 462592 356108 168608 431792 12  4 77  7  0  0
15  2 136800 143355784 1918096 33547644    0    0 459136 358332 168078 429386 12  4 78  7  0  0
11  8 136800 143355016 1918096 33547660    0    0 465920 350596 168191 433756 12  4 77  7  0  0
14  6 136800 143358116 1918096 33547680    0    0 465488 358348 171177 437865 12  4 77  7  0  0
13  4 136800 143362064 1918096 33547700    0    0 465360 358516 170387 437142 12  4 77  7  0  0
19  2 136800 143358148 1918096 33547784    0    0 462592 353948 169702 435579 12  4 77  7  0  0
12  6 136800 143362096 1918100 33547804    0    0 460368 358588 169173 433112 12  4 78  7  0  0
11  7 136800 143355016 1918100 33547824    0    0 460432 350416 169181 431802 12  4 78  7  0  0
17  2 136800 143354304 1918100 33547844    0    0 462912 354628 168605 429444 12  4 78  7  0  0
18  1 136800 143353604 1918100 33547868    0    0 464768 353380 168261 428579 12  4 78  7  0  0
13  4 136800 143353464 1918100 33547888    0    0 463648 353564 169176 432843 12  4 77  7  0  0
procs -----------memory---------- ---swap-- -----io---- -system-- -------cpu-------
 r  b   swpd   free   buff  cache   si   so    bi    bo   in   cs us sy id wa st gu
13  6 136800 143351496 1918104 33547896    0    0 465696 358120 169720 431895 12  4 78  7  0  0
15  3 136800 143349452 1918104 33547916    0    0 460944 357032 168138 427925 12  4 78  7  0  0
19  2 136800 143353632 1918104 33547932    0    0 460832 349920 168523 432136 12  4 77  7  0  0
10  9 136800 143353964 1918104 33547960    0    0 462544 348796 167619 427782 12  4 77  7  0  0
16  4 136800 143352852 1918104 33547976    0    0 461760 349796 167933 428640 12  4 78  7  0  0
13  5 136800 143351724 1918104 33547992    0    0 462768 354280 167888 429048 12  4 78  7  0  0
16  6 136800 143356784 1918104 33548012    0    0 465648 358964 169314 433317 12  4 77  7  0  0
14  4 136800 143359616 1918104 33548028    0    0 460192 349552 168057 429245 12  4 78  7  0  0
18  1 136800 143362180 1918104 33548056    0    0 464960 349752 168654 432498 12  4 78  7  0  0
10  7 136800 143352824 1918104 33548068    0    0 461104 359136 168820 431601 12  4 77  7  0  0
 9  8 136800 143354364 1918108 33548080    0    0 460688 354184 168711 429333 12  4 77  7  0  0
17  3 136800 143351876 1918108 33548100    0    0 458336 356284 168583 429409 12  4 77  7  0  0
17  3 136800 143352400 1918108 33548124    0    0 464848 353148 170058 437707 12  4 77  7  0  0
18  2 136800 143352636 1918108 33548144    0    0 455360 343820 166597 424692 11  3 78  7  0  0
19  1 136800 143357816 1918108 33548160    0    0 446432 350796 166127 420127 12  4 78  7  0  0
10  8 136800 143358260 1918116 33548176    0    0 460240 343208 168222 430823 12  4 78  7  0  0
14  5 136800 143352412 1918116 33548200    0    0 465984 355916 168409 433769 12  4 77  7  0  0
15  5 136800 143352196 1918116 33548224    0    0 459744 351072 167687 427748 12  4 78  7  0  0
16  4 136800 143357204 1918116 33548248    0    0 463184 352648 168178 431643 12  4 78  7  0  0
12  6 136800 143363436 1918116 33548264    0    0 461872 354164 167618 432223 12  4 77  7  0  0
14  6 136800 143353756 1918124 33548272    0    0 456160 352892 166911 427822 12  4 78  7  0  0
procs -----------memory---------- ---swap-- -----io---- -system-- -------cpu-------
 r  b   swpd   free   buff  cache   si   so    bi    bo   in   cs us sy id wa st gu
13  5 136800 143352116 1918124 33548304    0    0 465104 352600 168659 430194 12  4 77  7  0  0
16  3 136800 143353348 1918124 33548324    0    0 457904 353228 167558 425618 12  3 78  7  0  0
13  5 136800 143352192 1918124 33548344    0    0 460432 349432 168597 432176 12  4 78  7  0  0
12  7 136800 143360664 1918124 33548364    0    0 462112 347452 168331 431276 12  4 77  7  0  0
14  4 136800 143367252 1918124 33548384    0    0 460304 353708 168123 429673 12  4 77  7  0  0
11  8 136800 143369416 1918124 33548396    0    0 463776 349224 167826 431242 12  4 78  7  0  0
12  8 136800 143363280 1918124 33548416    0    0 459344 353408 167526 428971 12  4 78  7  0  0
14  7 136800 143363076 1918124 33548436    0    0 453008 353996 167064 425283 12  4 78  7  0  0
11  7 136800 143363164 1918124 33548452    0    0 460080 346724 166266 425964 12  4 78  7  0  0
13  5 136800 143359384 1918124 33548472    0    0 458608 353896 167683 428576 12  4 77  7  0  0
13  6 136800 143339872 1918124 33548524    0    0 460608 354228 168569 431510 12  4 77  7  0  0
14 10 136800 143297576 1918124 33548852    0    0 455120 346084 166611 426482 13  4 76  7  0  0
14  7 136800 143284020 1918140 33548872    0    0 458176 346060 167374 428743 13  4 75  7  0  0
14  6 136800 143300276 1918144 33548836    0    0 461040 349472 168000 429722 12  4 77  7  0  0
15  5 136800 143242840 1918168 33548968    0    0 460240 347468 167237 428010 13  4 76  7  0  0
14  5 136800 143238380 1918168 33549108    0    0 456192 350656 168362 428942 13  4 76  7  0  0
13  5 136800 143271560 1918172 33549128    0    0 456308 355280 167368 425284 12  4 77  7  0  0
13  6 136800 143239108 1918172 33549144    0    0 459664 352696 167964 428790 12  4 77  7  0  0
12  8 136800 143229788 1918208 33549312    0    0 453104 344260 166235 422806 13  4 76  7  0  0
10  8 136800 143282824 1918224 33549176    0    0 452116 350864 165850 421273 13  4 76  7  0  0
17  2 136800 143284804 1918224 33548904    0    0 455920 343908 166901 426950 12  4 77  7  0  0
procs -----------memory---------- ---swap-- -----io---- -system-- -------cpu-------
 r  b   swpd   free   buff  cache   si   so    bi    bo   in   cs us sy id wa st gu
16  4 136800 143294060 1918224 33548920    0    0 456784 349576 166187 424178 12  4 78  7  0  0
12  7 136800 143307388 1918224 33548944    0    0 454816 347620 166534 422340 12  4 78  7  0  0
15  3 136800 143313076 1918224 33548964    0    0 461024 345528 167551 431054 12  4 77  7  0  0
12  6 136800 143318772 1918232 33548972    0    0 451984 345328 166226 420475 12  4 77  7  0  0
11  7 136800 143309952 1918232 33549000    0    0 451904 344876 166193 420440 12  4 78  7  0  0
15  7 136800 143312784 1918232 33549020    0    0 457840 344576 166958 427417 12  4 78  7  0  0
15  4 136800 143318896 1918232 33549036    0    0 458256 350736 166660 423524 12  4 77  7  0  0
12  6 136800 143327720 1918232 33549060    0    0 452656 346512 166318 423446 12  4 77  7  0  0
15  4 136800 143323120 1918232 33549084    0    0 456592 347212 166418 423501 12  4 78  7  0  0
14  6 136800 143314340 1918236 33549104    0    0 452608 348348 166673 422206 12  4 77  7  0  0
14  6 136800 143313356 1918236 33549164    0    0 454752 343360 165310 423601 12  4 77  7  0  0
15  3 136800 143322380 1918236 33549180    0    0 458992 342696 167103 429586 12  4 77  7  0  0
18  1 136800 143315220 1918236 33549288    0    0 455040 347956 166427 423608 12  4 77  7  0  0
14  4 136800 143323588 1918236 33549312    0    0 457184 346908 167311 424545 12  4 77  7  0  0
13  8 136800 143324196 1918252 33549316    0    0 454528 351236 166667 423383 12  4 77  7  0  0
15  5 136800 143327544 1918252 33549348    0    0 455248 342928 166197 423405 12  3 78  7  0  0
13  5 136800 143330348 1918252 33549364    0    0 460288 357536 168170 428876 12  4 78  7  0  0
12  7 136800 143337636 1918252 33549384    0    0 459648 342308 167328 427128 12  4 77  7  0  0
12  7 136800 143335876 1918252 33549404    0    0 459616 345720 167750 430551 12  4 78  7  0  0
11  7 136800 143331560 1918260 33549420    0    0 459456 346980 167607 428306 12  4 78  7  0  0
14  8 136800 143331372 1918260 33549440    0    0 457376 348600 167422 426260 12  3 78  7  0  0
procs -----------memory---------- ---swap-- -----io---- -system-- -------cpu-------
 r  b   swpd   free   buff  cache   si   so    bi    bo   in   cs us sy id wa st gu
15  5 136800 143343880 1918260 33549456    0    0 461536 353764 168005 431651 12  4 77  7  0  0
15  5 136800 143343520 1918260 33549476    0    0 459232 349460 167487 428160 12  4 78  7  0  0
13  6 136800 143344476 1918260 33549500    0    0 461168 350948 167982 430542 12  4 77  7  0  0
12  6 136800 143340624 1918264 33549512    0    0 460144 348788 167694 429217 12  4 78  7  0  0
17  4 136800 143348320 1918264 33549532    0    0 459664 350216 168395 429161 12  4 78  7  0  0
17  4 136800 143347600 1918264 33549548    0    0 457904 350644 168834 432160 12  4 78  7  0  0
13  5 136800 143350672 1918264 33549564    0    0 460304 344956 168845 429743 12  4 78  7  0  0
13  5 136800 143346708 1918264 33549592    0    0 459744 353276 168255 430495 12  4 77  7  0  0
15  6 136800 143355048 1918272 33549600    0    0 462512 355144 168405 431865 12  4 78  7  0  0
15  3 136800 143350700 1918272 33549624    0    0 464528 349060 168859 434206 12  4 77  7  0  0
12  6 136800 143351292 1918272 33549644    0    0 455440 356004 167591 425550 12  4 78  7  0  0
10  9 136800 143364624 1918272 33549668    0    0 462016 348044 168229 430549 12  4 77  7  0  0
12  6 136800 143358000 1918272 33549688    0    0 457616 351280 167990 427901 12  4 77  7  0  0
13  5 136800 143351184 1918272 33549704    0    0 460864 355052 168967 429832 12  4 78  7  0  0
14  6 136800 143352816 1918272 33549720    0    0 449808 354844 167678 423988 12  4 78  7  0  0
15  6 136800 143356568 1918272 33549736    0    0 451488 345576 166534 421919 12  4 78  7  0  0
15  4 136800 143359548 1918272 33549760    0    0 454672 348104 167458 426712 12  4 77  7  0  0
13  5 136800 143366416 1918272 33549780    0    0 461680 345136 167627 432039 12  4 77  7  0  0
15  4 136800 143367644 1918272 33549800    0    0 453616 348308 167347 425564 12  4 78  7  0  0
11  7 136800 143365824 1918272 33549824    0    0 458016 357976 167585 427940 12  4 78  7  0  0
16  4 136800 143355688 1918272 33549840    0    0 461840 339976 167112 430651 12  4 77  7  0  0
procs -----------memory---------- ---swap-- -----io---- -system-- -------cpu-------
 r  b   swpd   free   buff  cache   si   so    bi    bo   in   cs us sy id wa st gu
13  5 136800 143351096 1918272 33549860    0    0 456432 350108 166976 424280 12  4 78  7  0  0
14  4 136800 143351092 1918272 33549880    0    0 457040 354180 167994 427858 12  4 78  7  0  0
18  2 136800 143352856 1918276 33549892    0    0 457296 349744 168175 428820 12  4 78  7  0  0
18  2 136800 143347204 1918276 33549916    0    0 460816 347700 168279 429546 12  4 77  7  0  0
15  4 136800 143351816 1918276 33549932    0    0 460000 348764 168713 429807 12  4 78  7  0  0
10  8 136800 143354112 1918276 33549956    0    0 459408 354612 167634 427143 12  4 78  7  0  0
11  6 136800 143352344 1918276 33549976    0    0 458320 348268 170673 428588 12  4 77  7  0  0
13  6 136800 143347032 1918280 33549992    0    0 453152 347044 168524 430709 12  4 78  7  0  0
16  5 136800 143354404 1918280 33550016    0    0 460096 354512 170052 432465 12  4 78  7  0  0
13  5 136800 143357212 1918280 33550036    0    0 452736 352736 168857 427706 12  3 78  7  0  0
12  7 136800 143349396 1918280 33550052    0    0 457040 343212 168427 430224 12  4 77  7  0  0
14  4 136800 143347124 1918280 33550068    0    0 456912 350228 168726 427446 12  4 78  7  0  0
14  5 136800 143349068 1918280 33550088    0    0 453344 353536 168783 428726 12  4 78  7  0  0
12  6 136800 143352116 1918280 33550108    0    0 459616 352004 170160 434709 12  4 77  7  0  0
15  5 136800 143356644 1918280 33550128    0    0 457744 355216 169319 429478 12  4 78  7  0  0
13  6 136800 143348312 1918280 33550144    0    0 457424 356096 169893 435558 12  4 78  7  0  0
18  3 136800 143347924 1918280 33550164    0    0 462576 345976 170518 438644 12  4 77  7  0  0
11  7 136800 143353068 1918280 33550176    0    0 455680 355092 169221 431326 12  4 78  7  0  0
13  7 136800 143354632 1918280 33550192    0    0 457536 360596 169234 431684 12  4 78  7  0  0
11  6 136800 143359784 1918280 33550212    0    0 463472 357892 169433 433010 12  4 78  7  0  0
15  4 136800 143351820 1918280 33550228    0    0 465136 355876 169744 435444 12  4 78  7  0  0
procs -----------memory---------- ---swap-- -----io---- -system-- -------cpu-------
 r  b   swpd   free   buff  cache   si   so    bi    bo   in   cs us sy id wa st gu
16  3 136800 143348020 1918280 33550244    0    0 457984 354324 170557 431175 12  4 78  7  0  0
16  3 136800 143342980 1918284 33550264    0    0 462832 361056 170373 435691 12  4 78  7  0  0
14  5 136800 143345284 1918284 33550288    0    0 464832 348288 170092 440301 12  4 78  7  0  0
16  2 136800 143346060 1918284 33550304    0    0 456928 350480 169072 434673 12  4 78  7  0  0
14  5 136800 143345580 1918284 33550324    0    0 457040 357360 169536 435921 12  4 78  7  0  0
11  7 136800 143353908 1918284 33550340    0    0 460800 358356 170538 436795 12  4 78  7  0  0
17  3 136800 143358636 1918284 33550408    0    0 462688 360240 170682 437374 12  4 77  7  0  0
13  7 136800 143359676 1918284 33550424    0    0 460912 356560 170648 438004 12  4 78  7  0  0
17  4 136800 143352144 1918284 33550452    0    0 459664 355312 170156 435984 12  4 78  7  0  0
 9  9 136800 143349528 1918284 33550536    0    0 460272 359332 171074 439987 12  4 78  7  0  0
12  7 136800 143353844 1918284 33550552    0    0 458512 358828 169856 438939 12  3 78  7  0  0
15  4 136800 143358548 1918288 33550576    0    0 464288 353908 169730 436748 12  4 77  7  0  0
14  6 136800 143355888 1918288 33550596    0    0 464512 362464 170221 441460 12  4 78  7  0  0
12  7 136800 143356548 1918288 33550620    0    0 462592 359332 169731 436899 12  4 78  7  0  0
13  6 136800 143358760 1918288 33550636    0    0 462656 361552 169693 441187 12  4 78  7  0  0
11  8 136800 143353624 1918288 33550656    0    0 462192 358832 169204 437348 12  4 78  7  0  0
13  7 136800 143363464 1918296 33550664    0    0 461888 357532 168976 437339 12  4 78  7  0  0
12  6 136800 143368908 1918296 33550696    0    0 466208 354848 170676 440130 12  4 78  7  0  0
15  4 136800 143369764 1918296 33550712    0    0 460112 355388 169662 437214 12  4 78  7  0  0
16  4 136800 143370824 1918296 33550728    0    0 462896 357900 170142 439744 12  4 78  7  0  0
12  5 136800 143375052 1918296 33550748    0    0 462640 358320 169981 439086 12  4 78  7  0  0
procs -----------memory---------- ---swap-- -----io---- -system-- -------cpu-------
 r  b   swpd   free   buff  cache   si   so    bi    bo   in   cs us sy id wa st gu
14  6 136800 143373416 1918300 33550768    0    0 469152 353452 170578 441301 12  4 77  7  0  0
12  7 136800 143373296 1918300 33550792    0    0 464944 360260 170963 441468 12  4 78  7  0  0
 9 10 136800 143372940 1918300 33550808    0    0 463952 359672 170258 439331 12  4 77  7  0  0
11  9 136800 143374348 1918300 33550824    0    0 462928 353472 170527 441143 12  4 78  7  0  0
13  5 136800 143375136 1918300 33550836    0    0 460144 356244 170379 438692 12  4 78  7  0  0
11  8 136800 143369956 1918304 33550860    0    0 462272 367484 170595 438084 12  4 78  7  0  0
 7 12 136800 143374036 1918304 33550880    0    0 465376 358284 170982 444266 12  4 77  7  0  0
14  4 136800 143371188 1918304 33550896    0    0 468160 356544 171604 444385 12  4 77  7  0  0
15  4 136800 143375856 1918304 33550912    0    0 467600 354968 170660 440295 12  4 78  7  0  0
14  4 136800 143374140 1918304 33550936    0    0 458352 364196 170908 436269 12  4 78  7  0  0
13  8 136800 143368956 1918304 33550956    0    0 464496 359348 170450 442196 12  4 78  7  0  0
15  5 136800 143382396 1918304 33550976    0    0 469392 351652 171416 441515 12  4 78  7  0  0
14  5 136800 143381252 1918304 33550992    0    0 465664 359380 170316 439681 12  4 78  7  0  0
17  3 136800 143382440 1918304 33551004    0    0 467856 363824 170844 439401 12  4 77  7  0  0
17  2 136800 143380116 1918304 33551024    0    0 467856 358216 169857 440235 12  4 77  7  0  0
11  7 136800 143368652 1918316 33551032    0    0 465968 361612 170369 439681 12  4 78  7  0  0
16  4 136800 143375888 1918316 33551068    0    0 464928 363576 169696 436232 12  4 78  7  0  0
10  8 136800 143376644 1918316 33551088    0    0 464176 354384 168687 437365 12  4 77  7  0  0
13  5 136800 143367848 1918316 33551108    0    0 467776 351812 168977 435574 12  4 77  7  0  0
16  4 136800 143364980 1918316 33551124    0    0 462048 357548 168847 432769 12  4 78  7  0  0
14  6 136800 143357756 1918320 33551144    0    0 463152 367452 169446 434188 12  4 78  7  0  0
procs -----------memory---------- ---swap-- -----io---- -system-- -------cpu-------
 r  b   swpd   free   buff  cache   si   so    bi    bo   in   cs us sy id wa st gu
13  6 136800 143359596 1918320 33551168    0    0 466976 351584 168766 436577 12  4 78  7  0  0
17  2 136800 143353064 1918320 33551188    0    0 464816 354652 169066 436585 12  4 78  7  0  0
12  6 136800 143354036 1918320 33551204    0    0 466416 356400 169180 437428 12  4 78  7  0  0
14  5 136800 143355592 1918320 33551224    0    0 470096 361400 169901 440044 12  4 78  7  0  0
13  8 136800 143353480 1918320 33551240    0    0 469232 361184 170545 441457 12  4 77  7  0  0
11  7 136800 143358000 1918320 33551268    0    0 466128 362020 169873 437885 12  4 78  7  0  0
17  2 136800 143352652 1918320 33551292    0    0 466128 356192 170353 438508 12  4 78  7  0  0
17  3 136800 143353900 1918320 33551308    0    0 467088 359020 170466 436517 12  4 77  7  0  0
15  6 136800 143351012 1918320 33551324    0    0 466400 363936 170297 439579 12  4 78  7  0  0
14  7 136800 143351700 1918320 33551340    0    0 463232 363776 169436 433242 12  4 78  7  0  0
13  5 136800 143354852 1918320 33551364    0    0 471312 353304 170291 438083 12  4 77  7  0  0
12  6 136800 143357380 1918320 33551380    0    0 465792 356032 169399 437275 12  4 78  7  0  0
17  4 136800 143356956 1918320 33551396    0    0 454800 365976 168605 430034 12  4 78  7  0  0
14  7 136800 143359064 1918320 33551416    0    0 464688 353548 169214 434861 12  4 77  7  0  0
11  9 136800 143359392 1918328 33551424    0    0 457392 355932 168377 429692 12  4 78  7  0  0
16  5 136800 143358452 1918328 33551460    0    0 456848 348756 167895 429535 12  3 78  7  0  0
17  4 136800 143359468 1918328 33551476    0    0 456384 354320 169065 431069 12  4 77  7  0  0
12  7 136800 143358620 1918328 33551488    0    0 455824 355016 167552 428240 12  3 78  7  0  0
16  3 136800 143353952 1918328 33551508    0    0 453728 350960 168482 431856 12  4 78  7  0  0
15  5 136800 143351364 1918328 33551528    0    0 457216 352180 169219 430032 12  4 78  7  0  0
13  6 136800 143354572 1918328 33551548    0    0 458160 352884 168118 431696 12  4 78  7  0  0
procs -----------memory---------- ---swap-- -----io---- -system-- -------cpu-------
 r  b   swpd   free   buff  cache   si   so    bi    bo   in   cs us sy id wa st gu
16  2 136800 143357324 1918328 33551564    0    0 452048 359196 166884 427240 12  4 78  7  0  0
15  3 136800 143350352 1918328 33551580    0    0 459104 351556 167970 430316 12  4 78  7  0  0
14  5 136800 143352380 1918328 33551604    0    0 459712 350872 167702 431185 12  4 78  7  0  0
14  4 136800 143350004 1918328 33551624    0    0 460416 359692 168435 431800 12  4 78  7  0  0
15  5 136800 143346208 1918328 33551640    0    0 465456 355132 169070 434748 12  4 77  7  0  0
12  6 136800 143345696 1918328 33551656    0    0 462096 354756 169213 434823 12  4 77  7  0  0
18  3 136800 143346732 1918328 33551744    0    0 463808 352760 168637 433007 12  4 78  7  0  0
15  3 136800 143344772 1918328 33551764    0    0 461008 359080 169237 435877 12  4 77  7  0  0
14  6 136800 143349248 1918328 33551780    0    0 463216 355564 168448 435216 12  4 78  7  0  0
12  7 136800 143345176 1918328 33551800    0    0 462128 352608 169032 432566 12  3 78  7  0  0
10  8 136800 143350460 1918328 33551820    0    0 460128 358288 169111 434300 12  3 78  7  0  0
15  4 136800 143345208 1918328 33551848    0    0 465632 361268 169613 437619 12  4 77  7  0  0
13  6 136800 143345440 1918328 33551868    0    0 464448 353440 169701 438834 12  4 78  7  0  0
14  7 136800 143346908 1918328 33551880    0    0 462816 355472 169436 437079 12  4 78  7  0  0
14  6 136800 143353244 1918328 33551896    0    0 460800 353920 169490 432927 12  4 78  7  0  0
11  8 136800 143350388 1918328 33551920    0    0 458080 355292 169092 431975 12  4 77  7  0  0
10  8 136800 143353556 1918328 33551940    0    0 465952 354360 169574 435097 12  4 78  7  0  0
13  6 136800 143349900 1918328 33551960    0    0 469648 353960 169788 439287 12  4 77  7  0  0
14  4 136800 143346984 1918328 33551976    0    0 470880 362616 169714 434858 12  4 77  7  0  0
14  4 136800 143363164 1918328 33551992    0    0 468480 357284 169134 436562 12  4 78  7  0  0
14  7 136800 143366812 1918328 33552016    0    0 469664 358312 170621 438452 12  4 78  7  0  0
procs -----------memory---------- ---swap-- -----io---- -system-- -------cpu-------
 r  b   swpd   free   buff  cache   si   so    bi    bo   in   cs us sy id wa st gu
14  5 136800 143360036 1918328 33552036    0    0 464176 356820 169818 436452 12  4 78  7  0  0
14  8 136800 143363516 1918328 33552052    0    0 464544 363452 170488 436366 12  4 77  7  0  0
16  5 136800 143363268 1918332 33552072    0    0 471264 358472 171287 440686 12  4 78  7  0  0
12  6 136800 143360408 1918332 33552096    0    0 470608 359644 171675 439346 12  4 77  7  0  0
11  7 136800 143354696 1918332 33552120    0    0 466976 359972 171938 442413 12  4 77  7  0  0
19  3 136800 143361796 1918332 33552136    0    0 470768 360980 172181 442502 12  4 77  7  0  0
15  4 136800 143360516 1918332 33552152    0    0 468064 357256 171330 441976 12  4 78  7  0  0
14  7 136800 143354488 1918340 33552160    0    0 468080 360592 170816 440449 12  4 78  7  0  0
14  4 136800 143351296 1918340 33552188    0    0 469840 365720 171522 442151 12  4 78  7  0  0
14  4 136800 143353180 1918340 33552212    0    0 467856 370236 172202 442210 12  4 78  7  0  0
13  6 136800 143352136 1918340 33552228    0    0 475792 355200 172349 445507 12  4 77  7  0  0
14  5 136800 143348720 1918340 33552244    0    0 471088 365104 173068 444957 12  4 77  7  0  0
15  5 136800 143344652 1918340 33552264    0    0 470880 365360 171902 440904 12  4 78  7  0  0
15  5 136800 143344528 1918340 33552280    0    0 472992 360272 172010 442039 12  4 77  7  0  0
12  7 136800 143348200 1918340 33552304    0    0 472624 370040 171942 442941 12  4 78  7  0  0
 9  1 136800 143341440 1918340 33552320    0    0 469296 369652 171573 442053 12  4 78  7  0  0
11  8 136800 143336360 1918340 33552336    0    0 472560 356688 170670 444287 12  4 77  7  0  0
13  7 136800 143334896 1918344 33552352    0    0 465648 362956 170511 439613 12  4 78  7  0  0
 6  2 136800 143334420 1918344 33552376    0    0 467168 369520 171340 441850 12  4 78  7  0  0
11  8 136800 143331592 1918344 33552392    0    0 472736 354272 172296 444996 12  4 77  7  0  0
14  4 136800 143328424 1918344 33552412    0    0 466592 361216 171891 442198 12  4 77  7  0  0
procs -----------memory---------- ---swap-- -----io---- -system-- -------cpu-------
 r  b   swpd   free   buff  cache   si   so    bi    bo   in   cs us sy id wa st gu
 4  1 136800 143334100 1918344 33552432    0    0 468448 358240 171089 443687 12  4 77  7  0  0
17  4 136800 143330484 1918344 33552456    0    0 468176 363548 170910 441294 12  4 78  7  0  0
 7  1 136800 143336844 1918344 33552476    0    0 463712 365136 171843 436608 12  4 78  7  0  0
15  3 136800 143336880 1918344 33552492    0    0 470464 357436 172766 441913 12  4 78  7  0  0
14  6 136800 143339704 1918344 33552516    0    0 468800 365772 172501 442376 12  4 77  7  0  0
 9  9 136800 143343596 1918344 33552532    0    0 466240 369236 174098 437163 12  4 78  7  0  0
12  6 136800 143349568 1918344 33552544    0    0 475968 353772 171965 445876 12  4 78  7  0  0
12  6 136800 143349000 1918344 33552572    0    0 474208 362424 172388 445689 12  4 77  7  0  0
 8  0 136800 143339132 1918344 33552588    0    0 469440 371008 170487 442473 12  4 78  7  0  0
14  4 136800 143335360 1918344 33552612    0    0 474912 364316 172012 441968 12  4 77  7  0  0
16  3 136800 143334932 1918344 33552628    0    0 474528 360836 171275 440308 12  4 77  7  0  0
16  4 136800 143341096 1918348 33552640    0    0 467104 372044 170649 438883 12  4 78  7  0  0
 5  4 136800 143336108 1918348 33552664    0    0 473600 360080 171618 444226 12  4 77  7  0  0
 2  5 136800 143339260 1918348 33552684    0    0 469712 361396 170980 440903 12  4 77  7  0  0
13  5 136800 143334412 1918348 33552704    0    0 470208 361064 170642 442685 12  4 77  7  0  0
17  2 136800 143330544 1918348 33552716    0    0 462544 356276 169423 433836 12  4 78  7  0  0
17  5 136800 143332296 1918352 33552736    0    0 467680 361800 170752 439389 12  4 78  7  0  0
11  8 136800 143338148 1918352 33552756    0    0 466336 376064 171819 438521 12  4 78  7  0  0
10  8 136800 143339532 1918352 33552776    0    0 471184 353180 170477 442839 12  4 77  7  0  0
17  6 136800 143338792 1918352 33552796    0    0 468880 359352 169678 438594 12  4 78  7  0  0
 6  3 136800 143337432 1918352 33552812    0    0 470320 364204 170147 441252 12  4 77  7  0  0
procs -----------memory---------- ---swap-- -----io---- -system-- -------cpu-------
 r  b   swpd   free   buff  cache   si   so    bi    bo   in   cs us sy id wa st gu
15  3 136800 143334560 1918352 33552828    0    0 472128 361804 170551 440143 12  4 77  7  0  0
12  7 136800 143334712 1918352 33552856    0    0 468528 363076 171302 444116 12  4 77  7  0  0
10  8 136800 143328496 1918352 33552868    0    0 468144 366984 170427 441184 12  4 77  7  0  0
16  4 136800 143336484 1918352 33552956    0    0 460288 365692 170492 434533 12  4 78  7  0  0
13  7 136800 143338496 1918352 33552972    0    0 472704 355360 170870 440858 12  4 77  7  0  0
13  5 136800 143340344 1918352 33553000    0    0 472976 363128 171181 442630 12  4 77  7  0  0
12  6 136800 143334068 1918352 33553016    0    0 468464 363680 170898 438799 12  4 77  7  0  0
13  5 136800 143331012 1918352 33553032    0    0 466240 373376 171031 437651 12  4 78  7  0  0
14  4 136800 143329272 1918352 33553052    0    0 474848 354064 171012 443897 12  4 78  7  0  0
 8  2 136800 143320064 1918352 33553072    0    0 470208 374348 170828 440375 12  4 78  7  0  0
11  9 136800 143332852 1918356 33553092    0    0 472944 360864 171632 443619 12  4 77  7  0  0
 9  2 136800 143342548 1918356 33553112    0    0 468416 361256 169972 440374 12  4 78  7  0  0
 7  2 136800 143346044 1918356 33553132    0    0 469696 364216 170885 439586 12  4 78  7  0  0
 3  2 136800 143348532 1918356 33553152    0    0 472416 362500 171292 444965 12  4 77  7  0  0
14  5 136800 143339788 1918356 33553176    0    0 471344 362820 171268 442349 12  4 78  7  0  0
12  0 136800 143337432 1918356 33553196    0    0 469952 362968 170074 440764 12  4 78  7  0  0
 7  3 136800 143340684 1918356 33553212    0    0 478080 371992 172036 448076 12  4 77  7  0  0
11  7 136800 143342840 1918356 33553228    0    0 478080 363068 171886 445968 12  4 77  7  0  0
11  8 136800 143340460 1918356 33553252    0    0 471088 361200 170125 440197 12  4 78  7  0  0
20  3 136800 143348192 1918356 33553276    0    0 473728 364016 171134 446728 12  4 78  7  0  0
11  7 136800 143343964 1918356 33553288    0    0 473760 364800 172121 445961 12  4 77  7  0  0
procs -----------memory---------- ---swap-- -----io---- -system-- -------cpu-------
 r  b   swpd   free   buff  cache   si   so    bi    bo   in   cs us sy id wa st gu
13  6 136800 143337708 1918356 33553304    0    0 467792 364636 170528 438724 12  4 78  7  0  0
12  7 136800 143350036 1918356 33553320    0    0 465840 360768 170074 440002 12  4 78  7  0  0
14  4 136800 143345916 1918356 33553344    0    0 466000 376452 170846 437896 12  4 77  7  0  0
12  6 136800 143341300 1918356 33553364    0    0 468128 351328 169121 435737 12  4 78  7  0  0
 8  6 136800 143345648 1918364 33553376    0    0 464016 362968 169619 435004 12  4 78  7  0  0
15  5 136800 143344992 1918364 33553400    0    0 473200 360992 171038 438194 12  4 77  7  0  0
11  9 136800 143344012 1918364 33553420    0    0 467088 355204 169281 434459 12  4 78  7  0  0
12  7 136800 143343536 1918364 33553436    0    0 472784 355620 169476 436733 12  4 77  7  0  0
17  3 136800 143343144 1918364 33553456    0    0 471984 364912 170640 439687 12  4 78  7  0  0
15  3 136800 143344468 1918368 33553468    0    0 472816 363356 171344 441333 12  4 78  7  0  0
18  4 136800 143349128 1918368 33553492    0    0 470768 360596 171581 442046 12  4 77  7  0  0
16  4 136800 143346932 1918368 33553512    0    0 465248 366136 171006 441791 12  4 78  7  0  0
13  5 136800 143344648 1918368 33553528    0    0 470736 358216 171126 442903 12  4 77  7  0  0
 3  4 136800 143342036 1918368 33553552    0    0 468096 363752 170842 440214 12  4 78  7  0  0
15  7 136800 143341984 1918368 33553568    0    0 468816 362172 171758 440884 12  4 77  7  0  0
 3  2 136800 143343156 1918368 33553588    0    0 469376 361012 171182 441504 12  4 77  7  0  0
13  5 136800 143343964 1918368 33553600    0    0 473776 362788 172919 442947 12  4 77  7  0  0
15  5 136800 143335792 1918368 33553620    0    0 467072 363496 171051 437824 12  4 78  7  0  0
 6  0 136800 143333224 1918368 33553640    0    0 466144 369424 171396 438761 12  4 78  7  0  0
22  0 136800 143331744 1918372 33553660    0    0 468528 359824 171036 439851 12  4 78  7  0  0
 6  1 136800 143334656 1918372 33553684    0    0 468208 357276 170307 437856 12  4 78  7  0  0
procs -----------memory---------- ---swap-- -----io---- -system-- -------cpu-------
 r  b   swpd   free   buff  cache   si   so    bi    bo   in   cs us sy id wa st gu
 7  1 136800 143329748 1918372 33553700    0    0 470176 360736 169999 442326 12  4 78  7  0  0
12  7 136800 143326632 1918372 33553720    0    0 472240 354908 169982 440283 12  4 77  7  0  0
13  7 136800 143329676 1918372 33553744    0    0 469584 374460 170548 438428 12  4 78  7  0  0
13  6 136800 143333636 1918376 33553760    0    0 473648 368280 170996 442534 12  4 78  7  0  0
18  3 136800 143336928 1918376 33553780    0    0 477440 366500 172015 446584 12  4 77  7  0  0
 7  0 136800 143334916 1918376 33553796    0    0 480816 354128 171044 446063 12  4 77  7  0  0
10  1 136800 143337596 1918376 33553816    0    0 470400 371216 170744 439677 12  4 77  7  0  0
17  7 136800 143343428 1918376 33553836    0    0 469120 370912 170962 441152 12  4 78  7  0  0
13  5 136800 143346388 1918380 33553852    0    0 476448 351836 170900 445983 12  4 77  7  0  0
 7  3 136800 143341872 1918380 33553880    0    0 467072 369668 170662 439334 12  4 78  7  0  0
 9  9 136800 143343940 1918380 33553900    0    0 470080 368812 170963 438186 12  4 78  7  0  0
16  1 136800 143344476 1918380 33553916    0    0 475696 352972 170367 442879 12  4 77  7  0  0
13  5 136800 143342540 1918380 33553932    0    0 468768 367668 170170 440730 12  4 78  7  0  0
 7  1 136800 143349448 1918384 33553948    0    0 466352 375444 169894 439532 12  4 78  7  0  0
11  7 136800 143359328 1918384 33553968    0    0 469488 352504 169720 442494 12  4 78  7  0  0
12  6 136800 143360484 1918384 33553984    0    0 468176 362556 169061 436989 12  4 78  7  0  0
 3  3 136800 143353672 1918384 33554008    0    0 467040 374564 169972 438382 12  4 78  7  0  0
14  8 136800 143360092 1918384 33554032    0    0 474064 360100 171039 445796 12  4 77  7  0  0
14  5 136800 143361328 1918384 33554052    0    0 469616 366416 170628 439302 12  4 78  7  0  0
 9  1 136800 143358640 1918384 33554068    0    0 467440 374972 170872 438173 12  4 78  7  0  0
17  5 136800 143356192 1918384 33554092    0    0 474944 354828 171374 445643 12  4 77  7  0  0
procs -----------memory---------- ---swap-- -----io---- -system-- -------cpu-------
 r  b   swpd   free   buff  cache   si   so    bi    bo   in   cs us sy id wa st gu
13  6 136800 143358112 1918384 33554168    0    0 468576 361960 170503 440600 12  4 78  7  0  0
14  5 136800 143363524 1918384 33554184    0    0 470640 364372 170664 439447 12  4 78  7  0  0
 2  1 136800 143369256 1918384 33554204    0    0 467312 370952 170714 439075 12  4 78  7  0  0
17  2 136800 143358384 1918384 33554220    0    0 473136 352956 171396 442827 12  4 77  7  0  0
12  9 136800 143354084 1918384 33554244    0    0 465296 380184 171632 440858 12  4 78  7  0  0
13  6 136800 143367272 1918384 33554260    0    0 473712 354052 170506 442085 12  4 78  7  0  0
11  7 136800 143362676 1918384 33554280    0    0 469920 362464 170800 444126 12  4 77  7  0  0
14  7 136800 143362172 1918384 33554300    0    0 468992 361076 169643 440244 12  4 78  7  0  0
15  5 136800 143364472 1918384 33554316    0    0 471728 374652 170342 441570 12  4 78  7  0  0
14  3 136800 143369604 1918384 33554336    0    0 474896 366436 171026 446324 12  4 77  7  0  0
 8 12 136800 143363796 1918388 33554352    0    0 464192 375272 169922 437666 12  4 78  7  0  0
17  5 136800 143363624 1918388 33554368    0    0 473808 352788 170904 446231 12  4 78  7  0  0
12  7 136800 143361436 1918396 33554384    0    0 469328 365776 170908 444292 12  4 78  7  0  0
14  5 136800 143361948 1918396 33554412    0    0 474016 365124 170802 444170 12  4 77  7  0  0
18  2 136800 143370940 1918396 33554432    0    0 470848 361192 172105 443895 12  4 78  7  0  0
14  5 136800 143365160 1918396 33554456    0    0 475136 367216 173447 445480 12  4 77  7  0  0
18  7 136800 143370068 1918396 33554476    0    0 470496 361400 171066 445321 12  4 78  7  0  0
13  5 136800 143369616 1918396 33554496    0    0 471808 368876 170837 442572 12  4 78  7  0  0
15  5 136800 143367972 1918396 33554516    0    0 467104 363384 170326 439980 12  4 78  7  0  0
19  1 136800 143365108 1918396 33554532    0    0 471312 361496 170409 443094 12  4 78  7  0  0
13  7 136800 143360444 1918396 33554552    0    0 468496 368576 170572 438116 12  4 78  7  0  0
procs -----------memory---------- ---swap-- -----io---- -system-- -------cpu-------
 r  b   swpd   free   buff  cache   si   so    bi    bo   in   cs us sy id wa st gu
13  5 136800 143363736 1918396 33554572    0    0 472096 362096 171312 443077 12  4 78  7  0  0
16  4 136800 143362528 1918396 33554588    0    0 473776 369220 172040 445441 12  4 77  7  0  0
14  5 136800 143368140 1918396 33554608    0    0 470576 363488 171848 443001 12  4 78  7  0  0
 9 10 136800 143364560 1918396 33554632    0    0 468960 364200 170873 441409 12  4 78  7  0  0
13  6 136800 143359912 1918396 33554648    0    0 467504 362312 169321 436877 12  4 78  7  0  0
 9 11 136800 143358780 1918396 33554664    0    0 474512 371536 171335 446807 12  4 77  7  0  0
12  7 136800 143360228 1918396 33554680    0    0 475552 361396 171338 448440 12  4 77  7  0  0
15  5 136800 143353948 1918396 33554704    0    0 472160 361744 170378 441451 12  4 78  7  0  0
17  3 136800 143350912 1918396 33554720    0    0 470512 362072 169987 439939 12  4 78  7  0  0
13  7 136800 143342788 1918396 33554740    0    0 473664 370028 170957 444211 12  4 78  7  0  0
10  8 136800 143351724 1918396 33554756    0    0 474720 362728 171179 444199 12  4 78  7  0  0
10  8 136800 143343628 1918404 33554768    0    0 475456 361116 171286 444951 12  4 78  7  0  0
12  6 136800 143348896 1918404 33554800    0    0 472176 370664 171153 444496 12  4 78  7  0  0
15  4 136800 143354860 1918404 33554816    0    0 476480 367768 171906 445994 12  4 77  7  0  0
10  7 136800 143351096 1918404 33554832    0    0 471328 362876 171550 445198 12  4 77  7  0  0
13  7 136800 143350216 1918404 33554848    0    0 475792 365848 172184 448606 12  4 77  7  0  0
14  7 136800 143350876 1918408 33554860    0    0 469744 360936 170722 441266 12  4 78  7  0  0
18  2 136800 143359888 1918408 33554888    0    0 474624 367916 171750 446119 12  4 78  7  0  0
 9  7 136800 143352964 1918408 33554908    0    0 468368 381724 172958 446163 12  4 78  7  0  0
11  8 136800 143359340 1918408 33554924    0    0 476752 353892 172487 447094 12  4 78  7  0  0
15  3 136800 143357456 1918408 33554940    0    0 472704 366668 171893 445261 12  4 78  7  0  0
procs -----------memory---------- ---swap-- -----io---- -system-- -------cpu-------
 r  b   swpd   free   buff  cache   si   so    bi    bo   in   cs us sy id wa st gu
14  5 136800 143355760 1918412 33554960    0    0 471056 367504 171726 445432 12  4 78  7  0  0
14  8 136800 143356448 1918412 33554984    0    0 472608 363860 171312 443065 12  4 78  7  0  0
14  4 136800 143346828 1918412 33555000    0    0 469520 367336 170280 441345 12  4 77  7  0  0
12  7 136800 143344148 1918412 33555024    0    0 473904 361556 170348 439776 12  4 78  7  0  0
13  5 136800 143345484 1918412 33555040    0    0 473472 364268 171066 444270 12  4 78  7  0  0
 4  1 136800 143347008 1918412 33555060    0    0 473392 361100 170302 441589 12  4 78  7  0  0
17  1 136800 143344656 1918412 33555088    0    0 472144 357344 169610 437444 12  4 77  7  0  0
 2  4 136800 143348968 1918412 33555104    0    0 471264 366572 170067 438159 12  4 78  7  0  0
15  5 136800 143349504 1918412 33555120    0    0 473632 357412 169799 437210 12  4 78  7  0  0
11  8 136800 143349420 1918412 33555132    0    0 472624 362508 169844 438595 12  4 77  7  0  0
18  5 136800 143342236 1918412 33555160    0    0 474464 359124 170361 441765 12  4 78  7  0  0
12  8 136800 143338720 1918412 33555176    0    0 468048 370140 168581 433948 12  4 78  7  0  0
 7  1 136800 143342392 1918412 33555196    0    0 471024 357808 169493 438365 12  4 78  7  0  0
13  6 136800 143348372 1918412 33555216    0    0 474768 348472 169990 440166 12  4 77  7  0  0
16  3 136800 143345880 1918412 33555232    0    0 471552 363204 169851 437481 12  4 78  7  0  0
 6  5 136800 143351224 1918412 33555264    0    0 469424 376020 170999 439166 12  4 78  7  0  0
 6  0 136800 143348348 1918412 33555280    0    0 474592 357776 171867 445179 12  4 77  7  0  0
13  5 136800 143359656 1918412 33555300    0    0 468752 359732 172022 443087 12  4 77  7  0  0
 4  2 136800 143353384 1918412 33555400    0    0 471632 368468 171763 442354 12  4 78  7  0  0
15  4 136800 143356696 1918412 33555428    0    0 472176 360548 171706 443311 12  4 78  7  0  0
 9  9 136800 143355492 1918420 33555436    0    0 469984 368124 172425 443403 12  4 78  7  0  0
procs -----------memory---------- ---swap-- -----io---- -system-- -------cpu-------
 r  b   swpd   free   buff  cache   si   so    bi    bo   in   cs us sy id wa st gu
17  4 136800 143350512 1918420 33555460    0    0 473472 365112 171965 444428 12  4 77  7  0  0
14  5 136800 143352764 1918420 33555480    0    0 463120 375668 171802 444407 12  4 78  7  0  0
 9  9 136800 143348668 1918420 33555500    0    0 474464 358852 172562 449051 12  4 77  7  0  0
11  7 136800 143349080 1918420 33555520    0    0 467808 365860 172152 444592 12  4 78  7  0  0
15  6 136800 143346900 1918432 33555524    0    0 467952 365932 170790 443496 12  4 78  7  0  0
14  4 136800 143348472 1918432 33555552    0    0 464832 371684 171019 440840 12  4 78  7  0  0
15  5 136800 143345828 1918432 33555568    0    0 473856 347004 170370 444363 12  4 77  7  0  0
15  4 136800 143347804 1918432 33555592    0    0 471488 353592 170718 441467 12  4 78  7  0  0
19  3 136800 143345728 1918432 33555612    0    0 471280 361984 170079 437635 12  4 77  7  0  0
17  3 136800 143342592 1918440 33555620    0    0 467536 368028 170650 435026 12  4 78  7  0  0
19  4 136800 143338844 1918440 33555644    0    0 474560 347208 170558 441207 12  4 77  7  0  0
11  6 136800 143338684 1918440 33555668    0    0 470128 373100 170490 433816 12  4 78  7  0  0
12  8 136800 143348908 1918440 33555688    0    0 477232 349076 170292 440343 12  4 77  7  0  0
13  5 136800 143356304 1918440 33555704    0    0 474016 354320 170001 437067 12  4 77  7  0  0
 9  2 136800 143354440 1918440 33555724    0    0 469024 375224 170490 437409 12  4 78  7  0  0
 7  0 136800 143354376 1918440 33555736    0    0 469904 359428 169415 438159 12  4 77  7  0  0
18  2 136800 143349700 1918440 33555768    0    0 473808 365072 171573 443307 12  4 77  7  0  0
 8  1 136800 143354592 1918440 33555788    0    0 472640 356764 170923 442000 12  4 77  7  0  0
18  4 136800 143353400 1918440 33555804    0    0 472160 359344 169969 437285 12  4 78  7  0  0
17  6 136800 143355128 1918448 33555812    0    0 466608 361560 168660 432953 12  4 78  7  0  0
 2  4 136800 143351200 1918448 33555840    0    0 464896 367872 169036 430852 12  4 78  7  0  0
procs -----------memory---------- ---swap-- -----io---- -system-- -------cpu-------
 r  b   swpd   free   buff  cache   si   so    bi    bo   in   cs us sy id wa st gu
10  9 136800 143354640 1918448 33555868    0    0 470416 352008 169944 436927 12  4 77  7  0  0
17  2 136800 143355072 1918448 33555884    0    0 466352 356292 169664 436909 12  4 77  7  0  0
14  6 136800 143354536 1918448 33555900    0    0 468880 355612 169179 435542 12  4 78  7  0  0
18  1 136800 143348824 1918452 33555912    0    0 468672 360360 169445 434602 12  4 77  7  0  0
14  5 136800 143350956 1918452 33555932    0    0 463968 371080 169276 431883 12  4 78  7  0  0
 9  0 136800 143343948 1918452 33555952    0    0 475776 357124 169820 437843 12  4 77  7  0  0
12  7 136800 143348364 1918452 33555976    0    0 464704 366016 168912 432903 12  4 78  7  0  0
14  6 136800 143343908 1918452 33555992    0    0 471296 358368 169492 436360 12  4 77  7  0  0
10  8 136800 143341868 1918452 33556012    0    0 473888 344992 169131 436931 12  4 77  7  0  0
 2  3 136800 143342668 1918452 33556028    0    0 464848 370144 168824 431527 12  4 78  7  0  0
 7  0 136800 143341344 1918452 33556056    0    0 465248 356692 168896 433506 12  4 78  7  0  0
15  5 136800 143341344 1918452 33556072    0    0 474032 347872 169406 437334 12  4 77  7  0  0
15  5 136800 143348372 1918452 33556092    0    0 468128 371316 169695 434882 12  4 78  7  0  0
 6  3 136800 143354004 1918456 33556108    0    0 469888 358384 170701 438122 12  4 78  7  0  0
13  5 136800 143353604 1918456 33556128    0    0 480256 354488 171324 442924 12  4 77  7  0  0
 5  3 136800 143355268 1918456 33556144    0    0 468640 369556 170491 437392 12  4 78  7  0  0
 8 10 136800 143353916 1918456 33556168    0    0 471024 362236 170764 435776 12  4 78  7  0  0
 9  9 136800 143359556 1918456 33556188    0    0 472640 348508 169942 437950 12  4 77  7  0  0
14  6 136800 143347976 1918456 33556204    0    0 471920 357148 169759 436656 12  4 77  7  0  0
 9  9 136800 143343584 1918456 33556220    0    0 467120 369808 169811 435617 12  4 78  7  0  0
 8  1 136800 143345796 1918456 33556236    0    0 473600 355980 170839 441911 12  4 77  7  0  0
procs -----------memory---------- ---swap-- -----io---- -system-- -------cpu-------
 r  b   swpd   free   buff  cache   si   so    bi    bo   in   cs us sy id wa st gu
 2  1 136800 143348108 1918456 33556260    0    0 470800 363200 171028 438479 12  4 78  7  0  0
13  7 136800 143339612 1918460 33556272    0    0 469184 360416 169259 434856 12  4 78  7  0  0
17  4 136800 143341736 1918460 33556296    0    0 474064 361016 170061 436804 12  4 78  7  0  0
 8  0 136800 143340184 1918460 33556316    0    0 471696 354228 168942 433512 12  4 78  7  0  0
19  6 136800 143349200 1918460 33556340    0    0 468080 352840 169792 437376 12  4 78  7  0  0
14  3 136800 143341864 1918460 33556360    0    0 474992 350708 170468 441884 12  4 77  7  0  0
16  6 136800 143347228 1918460 33556376    0    0 462368 373748 169907 433598 12  4 78  7  0  0
14  6 136800 143346832 1918460 33556388    0    0 467264 354652 169345 433418 12  4 78  7  0  0
10  1 136800 143348352 1918460 33556408    0    0 470304 353420 170015 437088 12  4 77  7  0  0
16  3 136800 143349680 1918460 33556432    0    0 463872 362764 169529 434067 12  4 78  7  0  0
14  5 136800 143348556 1918464 33556448    0    0 474608 349668 171063 440785 12  4 77  7  0  0
15  4 136800 143351716 1918464 33556468    0    0 469744 368716 170625 436094 12  4 77  7  0  0
 9  9 136800 143355648 1918464 33556492    0    0 471072 357964 170080 434790 12  4 78  7  0  0
 2  4 136800 143353212 1918464 33556516    0    0 470848 358616 170277 436877 12  4 77  7  0  0
17  6 136800 143354840 1918464 33556532    0    0 468416 360152 169922 435460 12  4 78  7  0  0
12  6 136800 143352532 1918464 33556616    0    0 476176 347928 170737 442526 12  4 77  7  0  0
 9  9 136800 143352164 1918464 33556628    0    0 465552 368028 169876 433835 12  4 78  7  0  0
 9 10 136800 143354536 1918464 33556648    0    0 468400 359112 169957 434065 12  4 78  7  0  0
12  8 136800 143350000 1918464 33556664    0    0 464656 357832 169783 432369 12  4 78  7  0  0
13  7 136800 143344128 1918464 33556684    0    0 471680 352792 169838 437623 12  4 77  7  0  0
13  6 136800 143347276 1918464 33556704    0    0 468608 349524 169746 437111 12  4 77  7  0  0
procs -----------memory---------- ---swap-- -----io---- -system-- -------cpu-------
 r  b   swpd   free   buff  cache   si   so    bi    bo   in   cs us sy id wa st gu
15  6 136800 143349452 1918468 33556724    0    0 461024 373308 170070 431902 12  4 78  7  0  0
14  6 136800 143350520 1918468 33556744    0    0 470224 356280 170520 439445 12  4 78  7  0  0
15  3 136800 143341032 1918468 33556764    0    0 470384 364060 170503 437608 12  4 78  7  0  0
13  6 136800 143346700 1918468 33556776    0    0 470352 355816 169379 437076 12  4 78  7  0  0
13  6 136800 143346596 1918468 33556792    0    0 474880 364696 170574 439962 12  4 77  7  0  0
11  7 136800 143336424 1918468 33556816    0    0 474016 359784 169730 437970 12  4 77  7  0  0
 6  0 136800 143340036 1918468 33556832    0    0 473600 343076 169757 437457 12  4 77  7  0  0
15  6 136800 143341728 1918468 33556852    0    0 463328 369292 170000 433342 12  4 78  7  0  0
18  3 136800 143348436 1918468 33556872    0    0 478000 350388 170015 441710 12  4 77  7  0  0
17  3 136800 143340380 1918468 33556892    0    0 468960 375136 171353 438091 12  4 78  7  0  0
15  5 136800 143337040 1918468 33556916    0    0 476320 365428 171510 442594 12  4 77  7  0  0
12  7 136800 143342776 1918468 33556936    0    0 475648 362888 170088 439493 12  4 77  7  0  0
 6  0 136800 143336124 1918468 33556948    0    0 460352 345016 167315 426798 12  4 78  7  0  0
 6  2 136800 143330372 1918468 33556964    0    0 458784 354208 167923 426828 12  4 78  7  0  0
16  4 136800 143332832 1918468 33556984    0    0 470448 345428 168652 433256 12  4 77  7  0  0
16  5 136800 143333620 1918468 33557008    0    0 460672 361340 168214 426277 12  4 78  7  0  0
 9  0 136800 143330268 1918468 33557024    0    0 469248 357248 170698 437115 12  4 77  7  0  0
13  5 136800 143334204 1918468 33557048    0    0 469360 344900 170568 437444 12  4 77  7  0  0
 6  3 136800 143338196 1918468 33557072    0    0 461680 372920 171199 435118 12  4 78  7  0  0
 7 11 136800 143336504 1918468 33557092    0    0 463280 359176 168984 431759 12  4 78  7  0  0
15  5 136800 143342560 1918468 33557112    0    0 468576 347252 169694 437625 12  4 77  7  0  0
procs -----------memory---------- ---swap-- -----io---- -system-- -------cpu-------
 r  b   swpd   free   buff  cache   si   so    bi    bo   in   cs us sy id wa st gu
14  5 136800 143341012 1918468 33557128    0    0 470736 354760 169916 436773 12  4 77  7  0  0
14  7 136800 143336776 1918468 33557144    0    0 468000 367040 170216 436252 12  4 78  7  0  0
 7  0 136800 143337308 1918468 33557168    0    0 468224 362556 170433 436630 12  4 78  7  0  0
13  4 136800 143333180 1918468 33557184    0    0 469488 352092 170622 439555 12  4 77  7  0  0
16  4 136800 143342340 1918472 33557204    0    0 467504 371660 170680 436093 12  4 78  7  0  0
13  8 136800 143349472 1918472 33557224    0    0 472416 358944 170141 436716 12  4 77  7  0  0
10  8 136800 143347852 1918472 33557248    0    0 472752 360912 169971 437792 12  4 77  7  0  0
 8 10 136800 143353436 1918472 33557264    0    0 475440 358036 170786 440311 12  4 77  7  0  0
13  7 136800 143346536 1918472 33557280    0    0 473776 352084 170433 438056 12  4 77  7  0  0
15  5 136800 143354584 1918476 33557292    0    0 462048 372668 169691 428601 12  4 78  7  0  0
14  6 136800 143353688 1918476 33557316    0    0 468208 352060 168842 433640 12  4 78  7  0  0
15  3 136800 143356328 1918476 33557336    0    0 470864 363904 169609 435659 12  4 77  7  0  0
13  5 136800 143356676 1918476 33557352    0    0 474624 347112 169438 440644 12  4 77  7  0  0
11  7 136800 143353380 1918476 33557368    0    0 464848 373084 169417 431367 12  4 78  7  0  0
 5  2 136800 143345580 1918476 33557388    0    0 469488 346396 168647 433776 12  4 78  7  0  0
13  0 136800 143345612 1918476 33557416    0    0 465408 363120 169259 430822 12  4 78  7  0  0
15  6 136800 143342332 1918476 33557432    0    0 467360 367564 169787 434196 12  4 78  7  0  0
13  6 136800 143336588 1918476 33557444    0    0 471936 361256 170118 436568 12  4 78  7  0  0
15  5 136800 143332672 1918476 33557460    0    0 464880 355336 169188 433397 12  4 78  7  0  0
17  5 136800 143336024 1918484 33557476    0    0 477536 364808 170587 439113 12  4 77  7  0  0
18  3 136800 143337288 1918484 33557504    0    0 471648 361216 170216 438164 12  4 78  7  0  0
procs -----------memory---------- ---swap-- -----io---- -system-- -------cpu-------
 r  b   swpd   free   buff  cache   si   so    bi    bo   in   cs us sy id wa st gu
17  3 136800 143338300 1918484 33557520    0    0 471536 354936 168782 434403 12  4 78  7  0  0
15  6 136800 143345312 1918484 33557536    0    0 472336 366392 171644 436254 12  4 78  7  0  0
14  5 136800 143352404 1918484 33557552    0    0 468720 353172 169750 437319 12  4 77  7  0  0
 3  3 136800 143347208 1918488 33557576    0    0 471728 358720 169711 435960 12  4 78  7  0  0
12  8 136800 143351940 1918488 33557600    0    0 465424 358524 169746 433149 12  4 78  7  0  0
12  7 136800 143356176 1918488 33557620    0    0 469248 346080 168483 434651 12  4 77  7  0  0
16  3 136800 143354264 1918488 33557636    0    0 461536 364112 168736 433748 12  4 78  7  0  0
12  7 136800 143358940 1918488 33557656    0    0 471136 365356 170330 434906 12  4 77  7  0  0
12  7 136800 143350904 1918492 33557676    0    0 468928 358296 170128 434868 12  4 78  7  0  0
13  6 136800 143358976 1918492 33557704    0    0 468448 361592 170413 436963 12  4 77  7  0  0
10  6 136800 143363448 1918492 33557720    0    0 472272 357152 169193 434631 12  4 78  7  0  0
 9  9 136800 143359700 1918492 33557736    0    0 467568 363400 169812 435521 12  4 77  7  0  0
16  3 136800 143361828 1918492 33557828    0    0 469312 354904 169201 435083 12  4 78  7  0  0
 8 11 136800 143357724 1918492 33557844    0    0 466176 364940 168952 433714 12  4 77  7  0  0
14  5 136800 143352620 1918492 33557868    0    0 465968 354552 168958 431724 12  4 78  7  0  0
12  7 136800 143350620 1918492 33557884    0    0 467488 353340 169179 434440 12  4 78  7  0  0
16  3 136800 143351060 1918492 33557904    0    0 469232 358964 169385 434765 12  4 77  7  0  0
15  5 136800 143348232 1918492 33557924    0    0 458976 354600 167567 425384 12  4 77  7  0  0
13  7 136800 143349924 1918496 33557936    0    0 458896 353300 167491 426867 12  4 78  7  0  0
 9  9 136800 143349012 1918496 33557960    0    0 466208 350164 168237 431539 12  4 78  7  0  0
12  5 136800 143349492 1918496 33557980    0    0 456208 338520 165764 422013 12  4 78  7  0  0
procs -----------memory---------- ---swap-- -----io---- -system-- -------cpu-------
 r  b   swpd   free   buff  cache   si   so    bi    bo   in   cs us sy id wa st gu
12  7 136800 143340908 1918496 33557996    0    0 455296 348672 166893 422789 12  4 78  7  0  0
 8  0 136800 143344844 1918496 33558016    0    0 459392 348248 166733 425022 12  4 78  7  0  0
 8 10 136800 143349484 1918500 33558028    0    0 458800 357600 167450 425941 12  4 78  7  0  0
13  7 136800 143347100 1918500 33558052    0    0 464064 347320 168276 431638 12  4 77  7  0  0
16  2 136800 143346996 1918500 33558076    0    0 464400 355840 168424 429723 12  4 78  7  0  0
 8 10 136800 143345056 1918500 33558096    0    0 462896 356432 167346 426585 12  4 78  7  0  0
15  5 136800 143346504 1918500 33558112    0    0 464480 349084 168450 431112 12  4 78  7  0  0
18  3 136800 143356772 1918504 33558124    0    0 468688 349644 168307 435236 12  4 77  7  0  0
16  2 136800 143360152 1918504 33558148    0    0 467632 358764 168965 433912 12  4 77  7  0  0
15  4 136800 143358120 1918504 33558168    0    0 466944 351560 168278 433861 12  4 77  7  0  0
 2  7 136800 143354260 1918504 33558184    0    0 465744 361900 169462 432723 12  4 78  7  0  0
13  6 136800 143354460 1918504 33558204    0    0 467648 350504 168827 435658 12  4 78  7  0  0
14  6 136800 143353580 1918508 33558216    0    0 469904 355264 170152 437007 12  4 78  7  0  0
14  4 136800 143354324 1918508 33558240    0    0 463984 357368 168752 432254 12  4 77  7  0  0
 9  9 136800 143351860 1918508 33558260    0    0 469424 352296 169394 432026 12  4 77  7  0  0
11  8 136800 143352164 1918508 33558280    0    0 467776 353436 169057 433506 12  4 77  7  0  0
10  9 136800 143347168 1918508 33558296    0    0 464720 359380 169329 432377 12  4 77  7  0  0
14  5 136800 143343724 1918508 33558320    0    0 465184 351168 168342 430045 12  4 78  7  0  0
 2  0 136800 143360728 1918508 33558336    0    0 459632 348312 181528 430882 12  4 78  7  0  0
