procs -----------memory---------- ---swap-- -----io---- -system-- -------cpu-------
 r  b   swpd   free   buff  cache   si   so    bi    bo   in   cs us sy id wa st gu
 4  0 136800 142565096 1969680 34269480    4    6 30037 32041 19447    7  4  1 95  1  0  0
12  4 136800 142516004 1969680 34269560    0    0 103664 323920 106804 118155 18  1 79  1  0  0
12  6 136800 142496584 1969680 34269564    0    0 494960 394840 174163 458031 12  4 76  8  0  0
11  7 136800 142503536 1969680 34269572    0    0 511776 178752 169631 463619 13  4 77  7  0  0
10  9 136800 142500044 1969680 34269580    0    0 486432 237072 168680 450016 13  4 77  7  0  0
10  8 136800 142501916 1969680 34269592    0    0 491056 234128 169592 456719 12  4 77  7  0  0
11  8 136800 142506260 1969680 34269604    0    0 492288 242720 170022 453253 12  4 77  7  0  0
12  7 136800 142499284 1969680 34269612    0    0 493904 243948 169910 457513 12  4 77  7  0  0
15  5 136800 142494060 1969680 34269620    0    0 497392 247268 170840 459238 12  4 77  7  0  0
17  3 136800 142501952 1969680 34269632    0    0 494880 252860 170945 458400 12  4 77  7  0  0
10  8 136800 142500480 1969680 34269644    0    0 492880 250432 169895 455033 12  4 77  7  0  0
10  8 136800 142495080 1969684 34269652    0    0 488448 258924 169598 453215 12  4 77  7  0  0
11  7 136800 142494776 1969684 34269664    0    0 496800 253120 170395 457796 12  4 77  7  0  0
15  6 136800 142480904 1969684 34269904    0    0 497136 241296 170519 460788 13  4 76  7  0  0
10 10 136800 142480372 1969684 34269692    0    0 489344 255156 169253 452900 13  4 77  7  0  0
13  6 136800 142478888 1969684 34269704    0    0 493216 254592 170209 457312 12  4 77  7  0  0
17  2 136800 142482540 1969692 34269708    0    0 496848 252276 169906 458696 12  4 77  7  0  0
13  6 136800 142491316 1969692 34269724    0    0 490992 260924 171036 460094 12  4 77  7  0  0
11  7 136800 142489252 1969692 34269732    0    0 495392 245452 169771 458084 12  4 77  7  0  0
15  3 136800 142493144 1969692 34269740    0    0 493264 250732 170386 456405 12  4 77  7  0  0
12  7 136800 142487032 1969692 34269752    0    0 490848 252176 170204 454743 12  4 77  7  0  0
procs -----------memory---------- ---swap-- -----io---- -system-- -------cpu-------
 r  b   swpd   free   buff  cache   si   so    bi    bo   in   cs us sy id wa st gu
12  7 136800 142493124 1969692 34269764    0    0 489760 258376 170862 456960 12  4 77  7  0  0
 8 10 136800 142486084 1969692 34269772    0    0 486928 263460 170286 453760 12  4 77  7  0  0
14  5 136800 142481724 1969692 34269780    0    0 492032 248080 170163 456450 13  4 77  7  0  0
13  5 136800 142481908 1969692 34269788    0    0 489648 257452 170014 456078 12  4 77  7  0  0
15  3 136800 142487352 1969692 34269800    0    0 487344 260192 169443 449621 12  4 77  7  0  0
15  5 136800 142484728 1969692 34269812    0    0 486416 255172 167767 447366 12  4 77  7  0  0
14  4 136800 142480664 1969692 34269820    0    0 480368 270004 167027 441731 12  4 77  7  0  0
 8  1 136800 142478972 1969692 34269832    0    0 489216 267664 168848 448049 12  4 77  7  0  0
15  5 136800 142483772 1969692 34269840    0    0 494000 259112 168343 451809 12  4 77  7  0  0
12  8 136800 142481264 1969692 34269852    0    0 479072 302040 168012 445572 12  4 78  7  0  0
14  5 136800 142489988 1969692 34269868    0    0 478464 315164 168716 444773 12  4 78  7  0  0
14  6 136800 142486740 1969692 34269884    0    0 476768 310612 168130 439104 12  4 78  7  0  0
13  6 136800 142486856 1969692 34269892    0    0 471296 344556 169513 438010 12  4 78  7  0  0
12  6 136800 142490292 1969692 34269904    0    0 467568 338684 168073 433106 12  4 78  7  0  0
13  6 136800 142487276 1969692 34269912    0    0 469696 338652 168588 437197 12  4 77  7  0  0
13  7 136800 142488248 1969692 34269920    0    0 471472 341096 168830 435240 12  4 77  7  0  0
14  6 136800 142492508 1969692 34269932    0    0 473536 341324 169874 439694 12  4 78  7  0  0
13  5 136800 142491944 1969692 34269944    0    0 467456 339228 169796 436078 12  4 78  7  0  0
 9  8 136800 142485556 1969692 34269952    0    0 464880 340168 169882 438424 12  4 78  7  0  0
18  1 136800 142483852 1969692 34269964    0    0 466384 341304 170756 439586 12  4 77  7  0  0
16  5 136800 142482120 1969692 34269972    0    0 467744 336876 170776 442158 12  4 78  7  0  0
procs -----------memory---------- ---swap-- -----io---- -system-- -------cpu-------
 r  b   swpd   free   buff  cache   si   so    bi    bo   in   cs us sy id wa st gu
14  4 136800 142479728 1969692 34269984    0    0 465024 344356 170242 438807 12  4 78  7  0  0
13  7 136800 142478368 1969692 34269992    0    0 469680 342340 171353 447455 12  4 78  7  0  0
16  8 136800 142474300 1969692 34270004    0    0 471456 344488 170644 445785 12  4 78  7  0  0
16  3 136800 142485948 1969692 34270012    0    0 472080 343056 171289 446518 12  4 78  7  0  0
11  8 136800 142490164 1969692 34270024    0    0 469360 347580 171042 448425 12  4 78  7  0  0
 9 10 136800 142497484 1969692 34270040    0    0 472704 344680 170804 445968 12  4 78  7  0  0
13  9 136800 142497592 1969692 34270052    0    0 473024 345500 171552 448528 12  4 78  7  0  0
19  2 136800 142492136 1969692 34270060    0    0 473440 341112 171686 448104 12  4 77  7  0  0
12  6 136800 142489212 1969692 34270068    0    0 474144 349920 172233 447084 12  4 78  7  0  0
15  5 136800 142485368 1969692 34270076    0    0 471712 347224 171683 445950 12  4 78  7  0  0
17  5 136800 142485884 1969692 34270088    0    0 467472 342768 170762 447803 12  4 78  7  0  0
11  7 136800 142487940 1969692 34270104    0    0 468448 346928 170995 445672 12  4 78  7  0  0
19  3 136800 142491724 1969692 34270108    0    0 473248 334988 171193 450047 12  4 78  7  0  0
15  4 136800 142490496 1969692 34270120    0    0 471248 344636 170836 447925 12  4 78  7  0  0
12  8 136800 142493656 1969692 34270192    0    0 474384 347780 174396 449895 12  4 77  7  0  0
13  6 136800 142490940 1969692 34270204    0    0 474016 347048 173262 448140 12  4 78  7  0  0
16  4 136800 142488872 1969692 34270216    0    0 472176 338684 170520 446956 12  4 78  7  0  0
17  8 136800 142487404 1969692 34270224    0    0 472048 347620 170387 446262 12  4 78  7  0  0
11 10 136800 142491248 1969692 34270232    0    0 472560 336668 170463 446178 12  4 78  7  0  0
18  4 136800 142496860 1969692 34270240    0    0 471760 340308 171443 447493 12  4 78  7  0  0
13  5 136800 142496020 1969692 34270252    0    0 475056 335968 170935 444593 12  4 78  7  0  0
procs -----------memory---------- ---swap-- -----io---- -system-- -------cpu-------
 r  b   swpd   free   buff  cache   si   so    bi    bo   in   cs us sy id wa st gu
20  0 136800 142492000 1969692 34270264    0    0 472416 354200 171689 448316 12  4 78  7  0  0
 5  3 136800 142483120 1969692 34270280    0    0 470528 353332 171338 447117 12  4 78  7  0  0
 8 11 136800 142481568 1969692 34270292    0    0 471424 349608 171505 446159 12  4 78  7  0  0
10  8 136800 142478076 1969692 34270300    0    0 465088 350900 170411 442910 12  4 78  7  0  0
10  7 136800 142476332 1969696 34270312    0    0 465824 345356 170808 444717 12  4 77  7  0  0
11  9 136800 142475016 1969696 34270324    0    0 466688 357976 172376 446512 12  4 78  7  0  0
 9  9 136800 142467452 1969696 34270332    0    0 468368 349348 171085 444580 12  4 78  7  0  0
13  5 136800 142469172 1969696 34270340    0    0 466656 344684 171113 443915 12  4 78  7  0  0
15  4 136800 142466688 1969696 34270344    0    0 466128 347956 170234 439638 12  4 78  7  0  0
12  7 136800 142468448 1969696 34270356    0    0 461264 349008 169964 441626 12  4 78  7  0  0
14  4 136800 142465308 1969696 34270368    0    0 468384 353124 170894 442671 12  4 78  7  0  0
21  4 136800 142472876 1969696 34270376    0    0 467168 351388 170616 439927 12  4 78  7  0  0
12  6 136800 142481140 1969696 34270384    0    0 460576 351664 169703 437210 12  4 78  7  0  0
13  5 136800 142478180 1969696 34270392    0    0 462864 343512 169363 436920 12  4 78  7  0  0
14  6 136800 142484836 1969700 34270404    0    0 461856 356628 170349 437610 12  4 78  7  0  0
12  6 136800 142484400 1969700 34270420    0    0 467376 355744 170996 439019 12  4 78  7  0  0
16  2 136800 142476124 1969700 34270432    0    0 473232 345908 170573 443711 12  4 78  7  0  0
13  6 136800 142482004 1969700 34270440    0    0 467152 360588 171397 439706 12  4 78  7  0  0
14  5 136800 142495064 1969700 34270448    0    0 471024 350428 171639 443720 12  4 78  7  0  0
18  3 136800 142496876 1969700 34270456    0    0 467888 358340 171137 440133 12  4 78  7  0  0
11  9 136800 142490080 1969700 34270472    0    0 472112 355276 171034 442597 12  4 78  7  0  0
procs -----------memory---------- ---swap-- -----io---- -system-- -------cpu-------
 r  b   swpd   free   buff  cache   si   so    bi    bo   in   cs us sy id wa st gu
17  3 136800 142497444 1969700 34270460    0    0 466336 354608 171128 442771 12  4 78  7  0  0
11  7 136800 142498664 1969700 34270468    0    0 467808 355032 171135 437624 12  4 78  7  0  0
14  5 136800 142496880 1969700 34270476    0    0 469312 348468 172363 441688 12  4 78  7  0  0
12  6 136800 142498512 1969700 34270488    0    0 466208 359428 172179 440783 12  4 78  7  0  0
16  4 136800 142497724 1969700 34270496    0    0 469264 361440 171899 441329 12  4 78  7  0  0
18  7 136800 142493904 1969700 34270504    0    0 473616 351096 171604 443710 12  4 78  7  0  0
15  5 136800 142495308 1969700 34270512    0    0 468288 360516 170988 442020 12  4 78  7  0  0
 2  3 136800 142497076 1969700 34270524    0    0 470256 358204 171203 441100 12  4 78  7  0  0
10  8 136800 142492424 1969700 34270536    0    0 461936 368524 170461 437344 12  4 78  7  0  0
16  6 136800 142485428 1969704 34270552    0    0 469664 356024 171794 444032 12  4 78  7  0  0
 4  2 136800 142489420 1969704 34270560    0    0 465680 372124 171399 438110 12  4 78  7  0  0
21  3 136800 142492048 1969704 34270568    0    0 467600 353244 171232 439839 12  4 78  7  0  0
10  9 136800 142496412 1969704 34270584    0    0 468768 361640 171340 442511 12  4 78  7  0  0
12  6 136800 142484048 1969704 34270600    0    0 466240 363976 170709 441256 12  4 78  7  0  0
13  9 136800 142488776 1969708 34270612    0    0 466880 355888 169576 436960 12  4 78  7  0  0
 7  0 136800 142482332 1969708 34270620    0    0 465904 364720 170841 438662 12  4 78  7  0  0
13  9 136800 142481716 1969708 34270628    0    0 467968 354784 169830 438523 12  4 78  7  0  0
17  6 136800 142478540 1969708 34270640    0    0 463392 362828 170107 437432 12  4 78  7  0  0
16  3 136800 142477600 1969708 34270652    0    0 462432 350444 168547 437272 12  3 78  7  0  0
13  7 136800 142488148 1969708 34270664    0    0 464160 357908 172418 436328 12  4 78  7  0  0
14  6 136800 142486876 1969708 34270672    0    0 460288 342028 168253 429745 12  4 78  7  0  0
procs -----------memory---------- ---swap-- -----io---- -system-- -------cpu-------
 r  b   swpd   free   buff  cache   si   so    bi    bo   in   cs us sy id wa st gu
 4  2 136800 142484976 1969708 34270680    0    0 461696 359988 169842 436417 12  4 78  7  0  0
16  3 136800 142480804 1969708 34270688    0    0 467312 349436 171066 440184 12  4 78  7  0  0
11  7 136800 142474020 1969708 34270696    0    0 465664 360504 170767 443021 12  4 78  7  0  0
15  4 136800 142470876 1969712 34270704    0    0 468432 366840 171543 447187 12  4 78  7  0  0
19  3 136800 142478608 1969712 34270716    0    0 467344 350112 171096 443924 12  4 78  7  0  0
12  7 136800 142472768 1969712 34270732    0    0 470144 352208 170866 441910 12  4 78  7  0  0
15  4 136800 142474208 1969716 34270740    0    0 470736 348500 170896 440427 12  4 78  7  0  0
13  5 136800 142472876 1969716 34270748    0    0 470832 370236 172421 445355 12  4 78  7  0  0
15  5 136800 142477772 1969716 34270760    0    0 469712 353580 171180 442761 12  4 78  7  0  0
17  3 136800 142475432 1969716 34270772    0    0 469600 339396 169728 439692 12  4 78  7  0  0
15  4 136800 142470208 1969716 34270780    0    0 471744 354288 170605 440393 12  4 78  7  0  0
14  7 136800 142469412 1969716 34270884    0    0 468496 363520 170868 439296 12  4 78  7  0  0
16  3 136800 142472968 1969716 34270892    0    0 471520 357388 170821 443752 12  4 78  7  0  0
15  4 136800 142475544 1969716 34270904    0    0 468640 347808 170197 438921 12  4 78  7  0  0
15  5 136800 142477204 1969716 34270916    0    0 468160 349504 170159 438724 12  4 78  7  0  0
17  6 136800 142486436 1969716 34270932    0    0 466672 350112 170237 437254 12  4 78  6  0  0
18  2 136800 142481784 1969716 34270940    0    0 466144 352292 169579 436000 12  4 78  7  0  0
 7  1 136800 142488396 1969716 34270948    0    0 470448 354052 169938 438239 12  4 78  7  0  0
15  8 136800 142482288 1969716 34270952    0    0 465440 364156 172617 442158 12  4 78  7  0  0
13  6 136800 142474868 1969716 34270968    0    0 473968 363604 172854 449475 12  4 77  7  0  0
17  7 136800 142476860 1969716 34270976    0    0 471056 368524 172268 446667 12  4 78  7  0  0
procs -----------memory---------- ---swap-- -----io---- -system-- -------cpu-------
 r  b   swpd   free   buff  cache   si   so    bi    bo   in   cs us sy id wa st gu
14  6 136800 142475252 1969720 34270980    0    0 465744 362836 172179 447297 12  4 78  7  0  0
21  2 136800 142471100 1969720 34270996    0    0 473488 356548 173066 450942 12  4 77  7  0  0
16  6 136800 142467828 1969720 34271008    0    0 466480 365176 171975 448989 12  4 78  7  0  0
 6  2 136800 142461720 1969720 34271024    0    0 471952 361312 172918 451401 12  4 77  7  0  0
14  4 136800 142455840 1969720 34271036    0    0 468448 355164 171064 446007 12  4 77  7  0  0
14  5 136800 142456388 1969720 34271048    0    0 467856 354744 171493 443240 12  4 78  7  0  0
18  2 136800 142449856 1969720 34271056    0    0 465616 356084 170968 445066 12  4 78  7  0  0
15  4 136800 142462988 1969720 34271064    0    0 471616 352260 171807 447563 12  4 78  7  0  0
16  5 136800 142466064 1969720 34271080    0    0 468640 359376 172178 447944 12  4 78  7  0  0
16  4 136800 142467576 1969720 34271088    0    0 465984 358324 172005 444007 12  4 78  7  0  0
18  6 136800 142466988 1969720 34271096    0    0 464736 360632 171037 443327 12  4 78  7  0  0
13  7 136800 142468088 1969720 34271104    0    0 465472 354180 170636 443714 12  4 77  7  0  0
12  7 136800 142471620 1969720 34271116    0    0 464416 362768 170997 438960 12  4 78  7  0  0
15  5 136800 142466932 1969720 34271132    0    0 470000 357884 171866 442605 12  4 78  7  0  0
 9 10 136800 142456196 1969720 34271136    0    0 469408 359788 171743 446523 12  4 78  7  0  0
12  6 136800 142455760 1969720 34271144    0    0 472496 363576 172544 447392 12  4 78  7  0  0
18  2 136800 142450172 1969720 34271152    0    0 471696 364992 172933 451060 12  4 78  7  0  0
15  5 136800 142456620 1969720 34271160    0    0 472736 364104 173095 449312 12  4 78  7  0  0
 9  0 136800 142446956 1969720 34271176    0    0 472896 365520 173619 455137 12  4 77  7  0  0
14  5 136800 142452156 1969720 34271184    0    0 473264 360360 172824 447942 12  4 78  7  0  0
22  1 136800 142456864 1969724 34271192    0    0 467824 349604 170323 441127 12  4 78  7  0  0
procs -----------memory---------- ---swap-- -----io---- -system-- -------cpu-------
 r  b   swpd   free   buff  cache   si   so    bi    bo   in   cs us sy id wa st gu
14  5 136800 142454564 1969724 34271204    0    0 470688 355688 170857 439292 12  4 78  7  0  0
14  6 136800 142462760 1969724 34271216    0    0 467248 354656 171033 444147 12  4 78  7  0  0
13  8 136800 142461200 1969724 34271228    0    0 470336 353580 170652 441284 12  4 78  7  0  0
 7  2 136800 142466120 1969724 34271240    0    0 467888 365060 170931 439238 12  4 78  7  0  0
 4  2 136800 142463256 1969728 34271244    0    0 467856 350840 169846 438880 12  4 78  7  0  0
16  4 136800 142463140 1969728 34271256    0    0 474416 348136 170443 442561 12  4 78  7  0  0
 2  3 136800 142454528 1969728 34271268    0    0 471440 358144 170278 446088 12  4 78  7  0  0
15  3 136800 142454572 1969728 34271276    0    0 470480 356812 171121 443602 12  4 77  7  0  0
13  5 136800 142457952 1969728 34271288    0    0 469008 361192 169700 443090 12  4 78  7  0  0
15  4 136800 142460096 1969728 34271300    0    0 468336 363440 170764 443999 12  4 78  7  0  0
14  4 136800 142458912 1969728 34271308    0    0 467312 359156 170534 440961 12  4 78  7  0  0
13  6 136800 142458876 1969728 34271316    0    0 472368 357856 171697 447754 12  4 78  7  0  0
16  5 136800 142460108 1969728 34271328    0    0 470208 366964 173103 452119 12  4 77  7  0  0
15  5 136800 142455324 1969728 34271344    0    0 467488 362868 171979 445794 12  4 78  7  0  0
14  6 136800 142461872 1969748 34271356    0    0 470416 362032 171941 446386 12  4 77  7  0  0
 9  1 136800 142459520 1969752 34271368    0    0 466128 365580 171685 443415 12  4 78  7  0  0
14  7 136800 142458144 1969752 34271384    0    0 470144 356320 172293 446927 12  4 78  7  0  0
17  7 136800 142466600 1969752 34271392    0    0 468576 357468 171096 443207 12  4 78  7  0  0
16  5 136800 142472128 1969752 34271404    0    0 467760 360068 171170 444468 12  4 78  7  0  0
14  5 136800 142471084 1969752 34271416    0    0 464096 361180 170373 439853 12  4 78  7  0  0
12  9 136800 142470312 1969752 34271428    0    0 469472 353028 170954 443245 12  4 78  7  0  0
procs -----------memory---------- ---swap-- -----io---- -system-- -------cpu-------
 r  b   swpd   free   buff  cache   si   so    bi    bo   in   cs us sy id wa st gu
14  5 136800 142475636 1969752 34271436    0    0 465504 363028 170823 441646 12  4 77  7  0  0
13  5 136800 142472324 1969752 34271444    0    0 469296 364956 172254 448165 12  4 78  7  0  0
15  3 136800 142469848 1969752 34271456    0    0 468656 359152 172328 447235 12  4 78  7  0  0
16  3 136800 142470872 1969752 34271464    0    0 471936 362852 172458 446610 12  4 78  7  0  0
11  8 136800 142473988 1969756 34271468    0    0 467344 369112 171856 442545 12  4 78  7  0  0
11  7 136800 142472128 1969756 34271484    0    0 472544 361756 172895 451586 12  4 78  7  0  0
15  4 136800 142465332 1969756 34271492    0    0 467936 360052 171226 447019 12  4 78  7  0  0
12  6 136800 142466632 1969756 34271504    0    0 465664 374004 172947 443513 12  4 78  7  0  0
12  8 136800 142464308 1969756 34271576    0    0 474992 350476 171478 450260 12  4 77  7  0  0
10  9 136800 142463104 1969760 34271584    0    0 471040 362120 172074 450783 12  4 78  7  0  0
14  5 136800 142462544 1969760 34271596    0    0 467888 360360 171920 451041 12  4 78  7  0  0
17  3 136800 142467076 1969760 34271604    0    0 474208 363868 172477 453586 12  4 78  7  0  0
12  6 136800 142473616 1969760 34271616    0    0 468672 377108 172431 446024 12  4 78  7  0  0
 7  2 136800 142475420 1969760 34271624    0    0 477360 352012 171636 450345 12  4 77  7  0  0
15  4 136800 142470600 1969764 34271632    0    0 470608 361044 171936 448234 12  4 78  7  0  0
 5  0 136800 142475132 1969764 34271644    0    0 467392 363568 172514 448675 12  4 78  7  0  0
 8  0 136800 142472984 1969764 34271656    0    0 467072 362120 171765 445012 12  4 78  7  0  0
20  1 136800 142473068 1969764 34271664    0    0 469008 369840 172071 447141 12  4 78  7  0  0
13  6 136800 142475672 1969764 34271680    0    0 473168 364568 172454 451747 12  4 77  7  0  0
12  6 136800 142477244 1969764 34271688    0    0 467200 374352 172319 446448 12  4 78  7  0  0
11  7 136800 142477976 1969764 34271696    0    0 465360 370308 171037 446941 12  4 78  7  0  0
procs -----------memory---------- ---swap-- -----io---- -system-- -------cpu-------
 r  b   swpd   free   buff  cache   si   so    bi    bo   in   cs us sy id wa st gu
 6  2 136800 142471996 1969764 34271704    0    0 470192 361444 171726 448052 12  4 78  7  0  0
16  4 136800 142470036 1969764 34271712    0    0 470704 364716 171744 450409 12  4 78  7  0  0
14  6 136800 142460624 1969764 34271736    0    0 466048 349924 170943 447355 12  4 77  7  0  0
12  8 136800 142410676 1969764 34272076    0    0 461072 371676 172548 447123 13  4 77  7  0  0
18  4 136800 142350748 1969764 34272484    0    0 467952 353244 171531 443658 13  4 76  7  0  0
24  2 136800 142420636 1969772 34272200    0    0 462400 355600 170329 444546 13  4 77  7  0  0
12  0 136800 142395104 1969780 34272216    0    0 462864 366512 171307 441934 13  4 77  7  0  0
13  7 136800 142366296 1969824 34272244    0    0 461344 362104 171974 442755 13  5 75  7  0  0
10  8 136800 142420272 1969824 34272112    0    0 461056 366408 171285 440523 13  4 77  7  0  0
13  8 136800 142373840 1969824 34272256    0    0 465552 360420 170863 444685 13  4 76  7  0  0
18  2 136800 142340568 1969824 34272268    0    0 461696 341808 169609 443685 13  5 76  7  0  0
11  7 136800 142387536 1969824 34272268    0    0 457168 362968 169245 438838 13  4 77  7  0  0
13  6 136800 142405624 1969824 34271972    0    0 471824 348264 170456 450390 12  4 77  7  0  0
14  5 136800 142419108 1969824 34271988    0    0 462976 367820 171003 441718 12  4 78  7  0  0
11  7 136800 142422852 1969824 34271996    0    0 467824 354768 170494 444298 12  4 78  7  0  0
 8  1 136800 142426108 1969824 34272004    0    0 468112 359520 170569 442189 12  4 78  7  0  0
14  4 136800 142422792 1969824 34272012    0    0 475840 355444 172282 447636 12  4 78  7  0  0
15  5 136800 142426704 1969824 34272028    0    0 473200 366496 173143 449927 12  4 78  7  0  0
16  3 136800 142431972 1969828 34272036    0    0 471680 374752 172684 446094 12  4 78  7  0  0
10  0 136800 142436716 1969828 34272044    0    0 476560 358756 173365 449951 12  4 77  7  0  0
15  4 136800 142441376 1969828 34272048    0    0 468288 364776 170978 447023 12  4 78  7  0  0
procs -----------memory---------- ---swap-- -----io---- -system-- -------cpu-------
 r  b   swpd   free   buff  cache   si   so    bi    bo   in   cs us sy id wa st gu
 6  3 136800 142446276 1969828 34272060    0    0 469760 366076 172220 445255 12  4 77  7  0  0
16  3 136800 142448768 1969828 34272072    0    0 469216 359228 171581 446808 12  4 78  7  0  0
12  6 136800 142449100 1969828 34272084    0    0 473504 351456 171319 448587 12  4 77  7  0  0
14  4 136800 142445812 1969828 34272092    0    0 467056 371464 172144 444654 12  4 78  7  0  0
15  5 136800 142448684 1969828 34272100    0    0 470288 365380 171232 447385 12  4 78  7  0  0
12  7 136800 142450044 1969828 34272108    0    0 471616 359192 171545 450762 12  4 78  7  0  0
16  4 136800 142450044 1969828 34272120    0    0 467968 373108 171589 446858 12  4 77  7  0  0
14  4 136800 142445144 1969832 34272132    0    0 466544 358368 170941 444412 12  4 78  7  0  0
15  4 136800 142447484 1969832 34272140    0    0 468480 369136 171491 444213 12  4 78  7  0  0
13  6 136800 142447456 1969832 34272148    0    0 470064 365420 172657 448757 12  4 78  7  0  0
15  4 136800 142450552 1969832 34272160    0    0 469280 366988 171808 450190 12  4 78  7  0  0
11  8 136800 142450296 1969832 34272172    0    0 472272 355572 171869 448217 12  4 77  7  0  0
14  5 136800 142452632 1969848 34272172    0    0 462304 365872 172212 439656 12  4 78  7  0  0
 8  4 136800 142448044 1969848 34272192    0    0 470800 349712 172404 446292 12  4 78  7  0  0
13  6 136800 142446308 1969848 34272200    0    0 467616 365432 172578 448407 12  4 78  7  0  0
 9  2 136800 142447868 1969848 34272216    0    0 472112 355632 172552 446889 12  4 78  7  0  0
11  9 136800 142454460 1969848 34272224    0    0 466272 364888 171251 440309 12  4 78  7  0  0
11  7 136800 142447992 1969848 34272236    0    0 468224 364112 171088 442169 12  4 78  7  0  0
 6  5 136800 142446056 1969848 34272244    0    0 469216 358528 171446 442065 12  4 77  7  0  0
16  2 136800 142448120 1969848 34272256    0    0 470320 345736 171299 443524 12  4 78  7  0  0
13  5 136800 142441436 1969848 34272268    0    0 462432 371984 170023 442982 12  4 78  7  0  0
procs -----------memory---------- ---swap-- -----io---- -system-- -------cpu-------
 r  b   swpd   free   buff  cache   si   so    bi    bo   in   cs us sy id wa st gu
13  6 136800 142439860 1969848 34272276    0    0 469888 348464 170552 447048 12  4 78  7  0  0
19  1 136800 142445700 1969848 34272288    0    0 464784 372648 172070 443842 12  4 78  7  0  0
14  4 136800 142445620 1969848 34272296    0    0 469280 347492 170709 445905 12  4 78  7  0  0
 9 10 136800 142439264 1969848 34272304    0    0 466400 377852 172659 446182 12  4 78  7  0  0
13  6 136800 142435160 1969848 34272316    0    0 470000 353780 171571 446690 12  4 77  7  0  0
12  7 136800 142443804 1969848 34272396    0    0 464384 356460 171356 443370 12  4 78  7  0  0
16  1 136800 142448816 1969852 34272404    0    0 462176 374060 172315 442261 12  4 78  7  0  0
10 10 136800 142450424 1969852 34272416    0    0 470448 364976 172548 447098 12  4 77  7  0  0
12  6 136800 142451792 1969852 34272432    0    0 471408 348296 171894 447139 12  4 78  7  0  0
12  6 136800 142454428 1969852 34272440    0    0 464336 363200 171413 441926 12  4 78  7  0  0
10  0 136800 142448820 1969852 34272448    0    0 467360 372772 172564 444784 12  4 78  7  0  0
 8 10 136800 142446908 1969852 34272460    0    0 466864 365560 171973 445143 12  4 78  7  0  0
16  2 136800 142448704 1969852 34272472    0    0 465792 365064 171926 444911 12  4 78  7  0  0
17  1 136800 142450568 1969852 34272476    0    0 466576 357152 171992 446331 12  4 78  7  0  0
13  5 136800 142451164 1969852 34272488    0    0 464064 352536 170714 444178 12  4 78  7  0  0
15  3 136800 142453488 1969852 34272496    0    0 467488 363364 172570 442972 12  4 78  7  0  0
14  4 136800 142457200 1969852 34272508    0    0 464752 361552 170827 441947 12  4 78  7  0  0
17  3 136800 142451176 1969852 34272516    0    0 461088 371060 171391 438915 12  4 78  7  0  0
18  2 136800 142444792 1969852 34272532    0    0 466352 358556 170665 444233 12  4 78  7  0  0
13  9 136800 142443988 1969852 34272540    0    0 464576 360472 173676 443086 12  4 78  7  0  0
13  7 136800 142449108 1969852 34272548    0    0 465664 339160 170618 441750 12  4 78  7  0  0
procs -----------memory---------- ---swap-- -----io---- -system-- -------cpu-------
 r  b   swpd   free   buff  cache   si   so    bi    bo   in   cs us sy id wa st gu
13  7 136800 142443416 1969852 34272556    0    0 460832 355040 170126 435224 12  4 78  7  0  0
13  8 136800 142443000 1969852 34272572    0    0 464496 368040 171516 440117 12  4 78  7  0  0
14  4 136800 142443324 1969852 34272580    0    0 466784 347388 170971 440678 12  4 78  7  0  0
 8 11 136800 142440776 1969852 34272588    0    0 459808 358696 171076 433734 12  4 78  7  0  0
15  3 136800 142447864 1969852 34272596    0    0 471152 351372 171294 441886 12  4 77  7  0  0
13  6 136800 142450888 1969852 34272612    0    0 464128 352972 170469 439634 12  4 78  7  0  0
11  7 136800 142448520 1969852 34272624    0    0 459040 355392 169993 433608 12  4 78  7  0  0
14  5 136800 142442944 1969852 34272640    0    0 470768 358432 170820 439043 12  4 77  7  0  0
12  7 136800 142442176 1969852 34272648    0    0 466144 356180 170050 437652 12  4 78  7  0  0
14  4 136800 142448836 1969852 34272644    0    0 469088 353772 170072 439557 12  4 78  7  0  0
15  5 136800 142446336 1969852 34272652    0    0 467760 355224 170554 440452 12  4 78  7  0  0
11  8 136800 142443700 1969852 34272668    0    0 463872 358948 169784 439892 12  4 78  7  0  0
14  6 136800 142446528 1969852 34272676    0    0 462288 355780 169661 436685 12  4 78  7  0  0
 9 10 136800 142445740 1969852 34272684    0    0 468192 356684 170364 440761 12  4 78  7  0  0
13  6 136800 142442756 1969852 34272692    0    0 463392 356976 170808 436991 12  4 77  7  0  0
13  5 136800 142446832 1969852 34272704    0    0 464576 355444 170449 434934 12  4 78  7  0  0
19  2 136800 142447984 1969852 34272720    0    0 462848 360064 170116 435664 12  4 78  7  0  0
 9  9 136800 142453664 1969852 34272728    0    0 467072 354288 171160 439891 12  4 77  7  0  0
16  4 136800 142449588 1969852 34272736    0    0 467552 355968 170663 437843 12  4 78  7  0  0
18  1 136800 142450256 1969852 34272728    0    0 465248 358288 170645 438392 12  4 78  7  0  0
17  3 136800 142452504 1969852 34272740    0    0 468992 356400 170974 439724 12  4 78  7  0  0
procs -----------memory---------- ---swap-- -----io---- -system-- -------cpu-------
 r  b   swpd   free   buff  cache   si   so    bi    bo   in   cs us sy id wa st gu
13  5 136800 142452108 1969856 34272748    0    0 469920 353100 171512 442270 12  4 77  7  0  0
12  7 136800 142449856 1969856 34272760    0    0 462720 354940 170643 436812 12  4 78  6  0  0
13  5 136800 142448060 1969856 34272772    0    0 469504 356488 171465 439228 12  4 78  7  0  0
12  6 136800 142452964 1969856 34272780    0    0 470288 357520 171440 438875 12  4 78  7  0  0
10  8 136800 142460528 1969856 34272792    0    0 469904 356820 171279 439032 12  4 78  7  0  0
13  7 136800 142463816 1969860 34272800    0    0 467584 370056 171854 440218 12  4 78  7  0  0
10  9 136800 142461672 1969860 34272812    0    0 471408 355960 171361 441143 12  4 77  7  0  0
16  4 136800 142465468 1969860 34272820    0    0 469200 357524 171855 441410 12  4 78  7  0  0
13  6 136800 142458128 1969860 34272828    0    0 467440 357992 171187 440141 12  4 78  7  0  0
12  7 136800 142453216 1969860 34272840    0    0 465584 358516 170941 437815 12  4 78  7  0  0
15  6 136800 142456772 1969864 34272848    0    0 467696 350348 171688 441774 12  4 78  7  0  0
 8 10 136800 142458768 1969864 34272860    0    0 464096 373688 172302 440031 12  4 78  7  0  0
13  5 136800 142454092 1969864 34272872    0    0 467648 348840 171929 439987 12  4 77  7  0  0
15  5 136800 142456300 1969864 34272884    0    0 465776 359572 170889 440965 12  4 78  7  0  0
14  4 136800 142459432 1969864 34272892    0    0 467760 356752 171427 440155 12  4 78  7  0  0
15  5 136800 142454924 1969868 34272896    0    0 465632 359788 170708 437325 12  4 77  7  0  0
15  4 136800 142455000 1969868 34272916    0    0 464432 350620 170431 437075 12  4 78  7  0  0
15  4 136800 142446868 1969868 34272924    0    0 465904 356580 171041 439116 12  4 77  7  0  0
 5  6 136800 142444220 1969868 34272932    0    0 462992 371844 172175 435038 12  4 78  7  0  0
12  7 136800 142449292 1969868 34272944    0    0 475312 345292 171933 445215 12  4 77  7  0  0
 3  3 136800 142444008 1969872 34272952    0    0 468928 358708 171517 440198 12  4 78  7  0  0
procs -----------memory---------- ---swap-- -----io---- -system-- -------cpu-------
 r  b   swpd   free   buff  cache   si   so    bi    bo   in   cs us sy id wa st gu
 9 10 136800 142448948 1969872 34272972    0    0 469472 369780 172791 443975 12  4 78  7  0  0
 6  0 136800 142463436 1969872 34272984    0    0 474512 351440 172020 442635 12  4 77  7  0  0
14  5 136800 142464624 1969872 34273056    0    0 470768 368376 172255 443075 12  4 78  7  0  0
14  5 136800 142461132 1969872 34273064    0    0 480704 348728 172796 449375 12  4 77  7  0  0
19  3 136800 142463788 1969872 34273072    0    0 469712 359616 171113 441984 12  4 78  6  0  0
 6  2 136800 142466932 1969876 34273084    0    0 471472 359748 171544 442374 12  4 78  7  0  0
13  6 136800 142460880 1969876 34273092    0    0 472096 360604 172031 444031 12  4 77  7  0  0
 9  1 136800 142463076 1969876 34273104    0    0 469344 356520 171092 441319 12  4 78  6  0  0
15  3 136800 142459044 1969876 34273112    0    0 471184 375288 172648 439979 12  4 78  7  0  0
16  4 136800 142456560 1969876 34273124    0    0 476352 350444 172154 446924 12  4 77  7  0  0
10  8 136800 142454392 1969880 34273136    0    0 469712 372496 172181 441311 12  4 78  7  0  0
16  3 136800 142456092 1969880 34273144    0    0 472848 364620 173193 445654 12  4 78  7  0  0
14  4 136800 142447192 1969880 34273156    0    0 476400 355144 172243 444298 12  4 77  7  0  0
12  5 136800 142445824 1969880 34273164    0    0 472544 362900 172719 446635 12  4 78  7  0  0
15  5 136800 142448292 1969880 34273172    0    0 475136 350064 172115 445876 12  4 78  7  0  0
11  9 136800 142456472 1969884 34273184    0    0 466592 366152 172650 442095 12  4 78  7  0  0
13  6 136800 142455612 1969884 34273192    0    0 470048 353904 171345 439969 12  4 78  7  0  0
11  8 136800 142448692 1969884 34273204    0    0 466064 371328 172018 438295 12  4 78  7  0  0
 8 10 136800 142446876 1969884 34273212    0    0 469872 357984 172306 442421 12  4 77  7  0  0
17  6 136800 142455940 1969884 34273220    0    0 471360 341660 170410 438981 12  4 78  7  0  0
12  6 136800 142451844 1969884 34273232    0    0 463312 364068 170260 431801 12  4 78  7  0  0
procs -----------memory---------- ---swap-- -----io---- -system-- -------cpu-------
 r  b   swpd   free   buff  cache   si   so    bi    bo   in   cs us sy id wa st gu
13  6 136800 142452480 1969884 34273244    0    0 468992 359748 171646 441275 12  4 78  7  0  0
12  5 136800 142444396 1969884 34273256    0    0 477216 348752 171617 443745 12  4 77  7  0  0
 6  0 136800 142445044 1969884 34273264    0    0 466032 367932 170916 437732 12  4 78  7  0  0
13  7 136800 142452016 1969884 34273272    0    0 469424 357524 171252 439918 12  4 78  7  0  0
11  8 136800 142457668 1969884 34273284    0    0 469632 357636 171483 441290 12  4 77  7  0  0
15  5 136800 142458736 1969884 34273296    0    0 474672 351072 171365 440869 12  4 77  7  0  0
12  7 136800 142455284 1969884 34273312    0    0 463536 366220 171576 434428 12  4 78  7  0  0
10  8 136800 142452912 1969884 34273320    0    0 470016 344776 170229 437793 12  4 77  7  0  0
17  3 136800 142454924 1969884 34273328    0    0 465920 352236 169738 436485 12  4 78  7  0  0
16  4 136800 142453124 1969884 34273336    0    0 464192 355748 170629 436831 12  4 78  7  0  0
13  6 136800 142452560 1969884 34273356    0    0 462576 370488 169725 435114 12  4 78  7  0  0
14  7 136800 142455364 1969884 34273364    0    0 469616 355040 170333 436596 12  4 78  7  0  0
16  5 136800 142455372 1969884 34273372    0    0 470272 364056 170648 435372 12  4 78  7  0  0
13  6 136800 142463960 1969884 34273380    0    0 471024 355880 171665 437827 12  4 78  7  0  0
15  3 136800 142457576 1969888 34273388    0    0 467456 362780 170914 437785 12  4 78  7  0  0
16  5 136800 142464820 1969888 34273400    0    0 468720 359768 170938 441862 12  4 78  7  0  0
14  4 136800 142466536 1969888 34273412    0    0 467984 357528 170699 434490 12  4 78  7  0  0
12  7 136800 142463612 1969888 34273420    0    0 468672 354916 170487 435907 12  4 78  7  0  0
12  6 136800 142460724 1969888 34273428    0    0 473360 353664 170805 440426 12  4 78  7  0  0
13  6 136800 142463416 1969892 34273432    0    0 473488 355252 170445 440023 12  4 78  7  0  0
13  5 136800 142466756 1969892 34273452    0    0 469280 363116 170298 438074 12  4 78  7  0  0
procs -----------memory---------- ---swap-- -----io---- -system-- -------cpu-------
 r  b   swpd   free   buff  cache   si   so    bi    bo   in   cs us sy id wa st gu
15  3 136800 142470608 1969892 34273460    0    0 476400 353024 171883 444040 12  4 77  7  0  0
16  4 136800 142468156 1969892 34273468    0    0 468048 363720 171050 438804 12  4 78  7  0  0
12  6 136800 142465956 1969892 34273476    0    0 469920 352620 170788 439988 12  4 78  7  0  0
18  3 136800 142462732 1969892 34273488    0    0 466112 362032 170449 436948 12  4 78  7  0  0
11  7 136800 142454676 1969892 34273500    0    0 468352 363452 171014 438665 12  4 78  7  0  0
12  6 136800 142461724 1969892 34273512    0    0 472640 352780 171097 439326 12  4 77  7  0  0
16  4 136800 142453284 1969892 34273520    0    0 468032 365300 170275 436219 12  4 78  7  0  0
14  5 136800 142457900 1969892 34273532    0    0 471360 356424 170533 440453 12  4 78  7  0  0
12  6 136800 142460868 1969892 34273544    0    0 471200 362924 170955 437996 12  4 77  7  0  0
11  7 136800 142463228 1969892 34273556    0    0 471728 359804 170842 442139 12  4 78  7  0  0
13  5 136800 142467972 1969892 34273564    0    0 467024 360636 170567 438681 12  4 78  7  0  0
15  6 136800 142463672 1969892 34273572    0    0 466784 364296 171734 439619 12  4 78  7  0  0
17  3 136800 142466640 1969892 34273576    0    0 464944 358160 170611 436602 12  4 78  7  0  0
10  8 136800 142461152 1969892 34273588    0    0 468080 355080 170435 438174 12  4 78  7  0  0
14  5 136800 142459988 1969896 34273600    0    0 467440 357460 169747 440485 12  4 78  7  0  0
16  5 136800 142461648 1969896 34273612    0    0 471616 356988 171024 442724 12  4 78  7  0  0
18  1 136800 142460436 1969896 34273620    0    0 467984 357680 170293 438436 12  4 78  7  0  0
14  6 136800 142461648 1969896 34273632    0    0 470784 362260 171675 439321 12  4 78  7  0  0
11  8 136800 142463456 1969896 34273644    0    0 469296 358572 171260 439515 12  4 78  7  0  0
13  5 136800 142464616 1969900 34273660    0    0 471024 361676 170566 440639 12  4 77  7  0  0
11  8 136800 142470928 1969900 34273736    0    0 474624 351796 171318 443114 12  4 77  7  0  0
procs -----------memory---------- ---swap-- -----io---- -system-- -------cpu-------
 r  b   swpd   free   buff  cache   si   so    bi    bo   in   cs us sy id wa st gu
15  8 136800 142466312 1969900 34273748    0    0 467824 367836 171115 440343 12  4 78  7  0  0
14  6 136800 142464452 1969900 34273760    0    0 472096 361256 170798 439879 12  4 77  7  0  0
15  4 136800 142466836 1969900 34273772    0    0 470096 364936 170711 436852 12  4 78  7  0  0
 9  9 136800 142459176 1969904 34273776    0    0 469552 348820 170227 441213 12  4 78  7  0  0
14  5 136800 142467292 1969904 34273792    0    0 471136 360688 171259 440062 12  4 78  7  0  0
12  6 136800 142463672 1969904 34273800    0    0 468832 364860 171440 440365 12  4 78  7  0  0
14  4 136800 142462152 1969904 34273808    0    0 467392 362560 171383 440646 12  4 77  6  0  0
17  4 136800 142473640 1969904 34273820    0    0 473664 361044 172195 441777 12  4 78  7  0  0
13  7 136800 142472780 1969904 34273824    0    0 470560 370504 171388 440829 12  4 77  7  0  0
15  4 136800 142474780 1969904 34273836    0    0 468656 357188 170598 439245 12  4 78  6  0  0
 7  1 136800 142476036 1969904 34273844    0    0 476336 355228 171328 443019 12  4 78  7  0  0
11  9 136800 142473512 1969904 34273860    0    0 474688 363412 172321 440999 12  4 78  7  0  0
17  3 136800 142472756 1969904 34273868    0    0 466256 360072 170670 440377 12  4 78  7  0  0
10  8 136800 142467884 1969904 34273876    0    0 474784 359100 171872 441733 12  4 77  7  0  0
17  3 136800 142471876 1969904 34273888    0    0 468304 358536 170780 436987 12  4 78  7  0  0
17  4 136800 142471120 1969904 34273900    0    0 467168 360196 170560 436099 12  4 78  7  0  0
11  7 136800 142471380 1969904 34273908    0    0 474384 354624 171753 443039 12  4 77  7  0  0
12  7 136800 142466268 1969904 34273916    0    0 470800 363400 171699 440579 12  4 77  7  0  0
 8 10 136800 142455784 1969904 34273924    0    0 469296 362672 171418 439621 12  4 78  7  0  0
11  7 136800 142459516 1969904 34273936    0    0 471200 361016 171523 441890 12  4 77  7  0  0
12  7 136800 142459584 1969904 34273948    0    0 470320 365876 171695 441117 12  4 77  7  0  0
procs -----------memory---------- ---swap-- -----io---- -system-- -------cpu-------
 r  b   swpd   free   buff  cache   si   so    bi    bo   in   cs us sy id wa st gu
14  4 136800 142452284 1969904 34273960    0    0 467952 358916 172259 441172 12  4 78  7  0  0
15  5 136800 142460560 1969904 34273968    0    0 469712 356352 172341 441744 12  4 78  7  0  0
15  4 136800 142461804 1969908 34273972    0    0 474368 360104 172053 444252 12  4 77  7  0  0
11  7 136800 142474332 1969908 34273988    0    0 476160 365224 172731 451400 12  4 78  7  0  0
10  9 136800 142463040 1969908 34273996    0    0 474816 370488 172848 446630 12  4 78  7  0  0
11  7 136800 142470300 1969908 34274004    0    0 475360 366384 172617 449609 12  4 78  7  0  0
15  6 136800 142464100 1969908 34274012    0    0 469088 377472 173259 443741 12  4 78  7  0  0
15  2 136800 142463896 1969908 34274024    0    0 470928 357344 171860 445543 12  4 78  7  0  0
12  9 136800 142466616 1969908 34274040    0    0 475104 362684 171987 446914 12  4 78  7  0  0
14  7 136800 142466340 1969908 34274052    0    0 465856 367744 170555 435786 12  4 78  7  0  0
14  3 136800 142463396 1969908 34274060    0    0 472080 352928 170433 440191 12  4 78  7  0  0
14  6 136800 142462524 1969908 34274072    0    0 477104 366080 172851 446865 12  4 77  7  0  0
13  6 136800 142466252 1969908 34274080    0    0 473728 370324 171701 445203 12  4 78  7  0  0
15  4 136800 142465916 1969908 34274092    0    0 474624 366004 170872 441723 12  4 78  7  0  0
14  6 136800 142455656 1969908 34274104    0    0 475184 365628 171718 440889 12  4 78  7  0  0
16  3 136800 142456428 1969908 34274116    0    0 476784 356052 171752 442473 12  4 78  7  0  0
12  7 136800 142464880 1969908 34274128    0    0 473008 359264 171345 440344 12  4 78  7  0  0
15  4 136800 142460952 1969908 34274136    0    0 477520 364168 171375 442144 12  4 77  7  0  0
 4  0 136800 142469800 1969908 34274148    0    0 477472 356416 171585 442939 12  4 77  7  0  0
15  5 136800 142471452 1969908 34274164    0    0 476512 372096 171821 444154 12  4 78  7  0  0
12  8 136800 142469852 1969908 34274172    0    0 474448 357188 171007 440416 12  4 78  7  0  0
procs -----------memory---------- ---swap-- -----io---- -system-- -------cpu-------
 r  b   swpd   free   buff  cache   si   so    bi    bo   in   cs us sy id wa st gu
14  5 136800 142471092 1969908 34274176    0    0 468272 360276 170044 437410 12  4 78  7  0  0
11  6 136800 142461504 1969908 34274184    0    0 470832 357788 170272 439712 12  4 78  7  0  0
13  6 136800 142465352 1969908 34274196    0    0 469664 361472 170154 436271 12  4 78  7  0  0
17  4 136800 142469240 1969908 34274208    0    0 468960 358136 169835 436566 12  4 78  7  0  0
14  5 136800 142470552 1969908 34274216    0    0 465920 361468 170053 437002 12  4 78  7  0  0
13  5 136800 142467356 1969908 34274224    0    0 469056 355232 170384 436523 12  4 78  7  0  0
13  6 136800 142472668 1969908 34274236    0    0 467568 357368 170307 439369 12  4 77  7  0  0
11  7 136800 142474776 1969912 34274244    0    0 474080 358260 170960 439565 12  4 78  7  0  0
10  8 136800 142476604 1969912 34274260    0    0 468704 360600 170642 439904 12  4 78  7  0  0
10  8 136800 142473312 1969912 34274268    0    0 472976 354864 171154 443137 12  4 77  7  0  0
13  4 136800 142466048 1969912 34274276    0    0 461392 363728 170135 432425 12  4 78  7  0  0
13  5 136800 142463976 1969912 34274296    0    0 464688 357844 170160 434337 12  4 78  7  0  0
16  4 136800 142465388 1969916 34274308    0    0 472192 353256 170646 437756 12  4 78  7  0  0
17  4 136800 142467812 1969916 34274320    0    0 471920 360680 171059 441466 12  4 78  7  0  0
14  4 136800 142466628 1969916 34274328    0    0 474592 363264 171153 442298 12  4 77  7  0  0
10  8 136800 142470520 1969916 34274340    0    0 470192 370636 171266 440394 12  4 78  7  0  0
13  5 136800 142463476 1969916 34274352    0    0 469664 354796 170938 442152 12  4 78  6  0  0
17  5 136800 142459728 1969916 34274444    0    0 472400 361052 171217 440568 12  4 77  7  0  0
 8  2 136800 142463652 1969916 34274456    0    0 473360 353008 170815 442414 12  4 78  7  0  0
13  7 136800 142460100 1969916 34274464    0    0 471536 363024 171160 441399 12  4 78  7  0  0
17  4 136800 142467636 1969916 34274472    0    0 473872 360808 171227 439793 12  4 77  7  0  0
procs -----------memory---------- ---swap-- -----io---- -system-- -------cpu-------
 r  b   swpd   free   buff  cache   si   so    bi    bo   in   cs us sy id wa st gu
13  6 136800 142471568 1969916 34274480    0    0 471856 363188 170758 440497 12  4 78  7  0  0
12  6 136800 142468428 1969920 34274492    0    0 474224 361368 171195 441782 12  4 77  7  0  0
13  5 136800 142470980 1969920 34274508    0    0 471552 359956 170879 439125 12  4 78  7  0  0
13  6 136800 142463920 1969920 34274520    0    0 472688 358536 170900 438859 12  4 78  7  0  0
14  5 136800 142459760 1969920 34274528    0    0 470992 363476 173193 440567 12  4 77  7  0  0
12  6 136800 142464876 1969920 34274540    0    0 476592 358628 171647 442927 12  4 77  7  0  0
11  7 136800 142462720 1969920 34274548    0    0 475280 368152 171641 440885 12  4 78  7  0  0
13  6 136800 142465440 1969920 34274560    0    0 475952 361976 171628 443898 12  4 78  7  0  0
13  6 136800 142467376 1969920 34274568    0    0 474320 364072 170968 440729 12  4 78  7  0  0
 9  9 136800 142462964 1969920 34274576    0    0 479376 362832 170665 441130 12  4 77  7  0  0
12  6 136800 142460680 1969920 34274588    0    0 474064 359528 169743 439227 12  4 77  7  0  0
17  4 136800 142463444 1969920 34274596    0    0 476384 362468 170730 439849 12  4 77  7  0  0
16  4 136800 142475540 1969920 34274608    0    0 473488 363924 170239 439832 12  4 78  7  0  0
15  4 136800 142468392 1969920 34274624    0    0 468976 361248 170460 436866 12  4 78  7  0  0
16  4 136800 142471960 1969920 34274628    0    0 471856 359716 170668 437538 12  4 78  7  0  0
12  6 136800 142477444 1969920 34274640    0    0 468368 361956 171301 441398 12  4 77  7  0  0
14  9 136800 142472684 1969920 34274648    0    0 471696 358688 171056 439301 12  4 77  7  0  0
14  4 136800 142465200 1969920 34274656    0    0 467072 354496 170131 435023 12  4 77  7  0  0
15  3 136800 142459700 1969920 34274668    0    0 469600 349108 170268 438529 12  4 78  7  0  0
11  8 136800 142464100 1969920 34274676    0    0 467968 362304 170349 436431 12  4 78  7  0  0
16  3 136800 142467512 1969920 34274688    0    0 465888 354172 169788 435649 12  4 78  7  0  0
procs -----------memory---------- ---swap-- -----io---- -system-- -------cpu-------
 r  b   swpd   free   buff  cache   si   so    bi    bo   in   cs us sy id wa st gu
10  7 136800 142462796 1969920 34274696    0    0 465552 358464 169901 434215 12  4 78  7  0  0
 9  0 136800 142466340 1969920 34274712    0    0 466352 360820 170707 439339 12  4 78  7  0  0
14  5 136800 142463728 1969920 34274724    0    0 479552 353184 171931 444682 12  4 77  7  0  0
11  8 136800 142456996 1969920 34274736    0    0 477760 364460 172787 444863 12  4 77  7  0  0
12  6 136800 142454740 1969920 34274744    0    0 474640 360356 172270 444150 12  4 78  7  0  0
15  8 136800 142452784 1969920 34274752    0    0 473456 363528 171371 442553 12  4 78  7  0  0
13  4 136800 142456100 1969920 34274760    0    0 468080 363596 170867 440112 12  4 78  7  0  0
13  5 136800 142452700 1969920 34274772    0    0 469952 365504 171191 440095 12  4 78  7  0  0
13  6 136800 142457448 1969920 34274788    0    0 474528 355740 171863 444350 12  4 77  7  0  0
 7  2 136800 142449448 1969924 34274796    0    0 474960 363644 171465 444428 12  4 77  7  0  0
 1  7 136800 142445960 1969924 34274852    0    0 473568 361232 171402 441223 12  4 77  7  0  0
10  9 136800 142445604 1969924 34274860    0    0 475360 358340 171222 440127 12  4 78  7  0  0
13  6 136800 142442896 1969924 34274876    0    0 472960 363020 171613 442903 12  4 78  7  0  0
12  7 136800 142448980 1969924 34274888    0    0 470960 358628 170712 438645 12  4 77  7  0  0
15  6 136800 142447980 1969924 34274896    0    0 463920 360212 170084 435927 12  4 78  7  0  0
 9  9 136800 142458292 1969924 34274904    0    0 469600 357508 171188 440941 12  4 78  7  0  0
14  6 136800 142459580 1969924 34274912    0    0 472592 363576 170920 438322 12  4 78  7  0  0
15  5 136800 142459132 1969924 34274928    0    0 470112 355748 169506 436745 12  4 78  7  0  0
11  6 136800 142452676 1969924 34274936    0    0 471552 363820 170542 437671 12  4 78  7  0  0
 5  0 136800 142454976 1969924 34274948    0    0 473088 363040 171561 443656 12  4 78  7  0  0
16  4 136800 142452716 1969924 34274956    0    0 473552 347204 170761 441895 12  4 77  7  0  0
procs -----------memory---------- ---swap-- -----io---- -system-- -------cpu-------
 r  b   swpd   free   buff  cache   si   so    bi    bo   in   cs us sy id wa st gu
 9 10 136800 142462216 1969924 34274964    0    0 467008 362320 170501 435186 12  4 77  7  0  0
14  5 136800 142453540 1969924 34274972    0    0 463632 352568 169301 431680 12  4 78  7  0  0
12  7 136800 142456512 1969924 34274988    0    0 466512 350444 169847 437508 12  4 78  7  0  0
10  8 136800 142455100 1969924 34274996    0    0 467344 346696 169663 435631 12  4 77  7  0  0
17  3 136800 142451320 1969924 34275004    0    0 467008 352596 169814 434884 12  4 78  7  0  0
13  5 136800 142448728 1969924 34275012    0    0 460464 368852 170725 432655 12  4 78  7  0  0
13  6 136800 142460008 1969924 34275020    0    0 464832 352664 170496 436235 12  4 77  7  0  0
16  6 136800 142450892 1969924 34275036    0    0 466736 349920 169929 434569 12  4 78  7  0  0
13  5 136800 142449268 1969924 34275044    0    0 465696 369472 170044 435202 12  4 78  7  0  0
14  3 136800 142449712 1969928 34275048    0    0 472192 350640 169414 437661 12  4 77  7  0  0
13  5 136800 142450304 1969928 34275064    0    0 467472 352808 169120 432440 12  4 77  7  0  0
16  2 136800 142453272 1969928 34275076    0    0 468016 355704 169509 437078 12  4 78  7  0  0
15  4 136800 142460368 1969928 34275088    0    0 467312 353956 171073 441423 12  4 77  7  0  0
19  5 136800 142458804 1969928 34275096    0    0 469184 371600 171491 440139 12  4 78  7  0  0
18  4 136800 142455992 1969928 34275172    0    0 477600 344372 171439 444555 12  4 77  7  0  0
11  8 136800 142458892 1969928 34275184    0    0 468864 364868 171311 436912 12  4 78  7  0  0
11  8 136800 142460536 1969928 34275200    0    0 466320 359712 170551 439136 12  4 78  7  0  0
12  6 136800 142464064 1969928 34275212    0    0 470496 363888 170461 438431 12  4 78  7  0  0
11  7 136800 142459572 1969928 34275220    0    0 471872 342332 169208 436989 12  4 78  7  0  0
17  5 136800 142460524 1969928 34275232    0    0 470416 357364 170223 440018 12  4 77  7  0  0
20  0 136800 142460708 1969928 34275240    0    0 469968 369568 169926 436596 12  4 78  7  0  0
procs -----------memory---------- ---swap-- -----io---- -system-- -------cpu-------
 r  b   swpd   free   buff  cache   si   so    bi    bo   in   cs us sy id wa st gu
 3  1 136800 142468008 1969928 34275252    0    0 475632 349184 170038 441778 12  4 77  7  0  0
 7  0 136800 142464616 1969928 34275264    0    0 472480 363620 169859 435532 12  4 78  7  0  0
 7  1 136800 142471940 1969928 34275272    0    0 472528 367920 170852 439037 12  4 78  7  0  0
12  5 136800 142465904 1969928 34275276    0    0 473696 355892 170870 441284 12  4 78  7  0  0
11  9 136800 142464324 1969928 34275292    0    0 476272 355476 170063 440068 12  4 78  7  0  0
 9  9 136800 142463632 1969928 34275304    0    0 472496 358096 170189 440182 12  4 78  7  0  0
 9  0 136800 142454416 1969928 34275316    0    0 468976 370612 170663 438012 12  4 78  7  0  0
 6  1 136800 142450340 1969928 34275324    0    0 475696 358456 170991 441478 12  4 77  7  0  0
15  5 136800 142457864 1969928 34275336    0    0 475296 356788 170439 440709 12  4 78  7  0  0
15  5 136800 142456344 1969928 34275348    0    0 469040 360056 170090 436268 12  4 78  7  0  0
14  4 136800 142453164 1969928 34275356    0    0 468544 356472 169910 438098 12  4 78  7  0  0
 3  1 136800 142448736 1969928 34275368    0    0 464768 368160 169413 430428 12  4 78  7  0  0
 6  0 136800 142446916 1969928 34275376    0    0 468464 353900 170624 436883 12  4 78  7  0  0
14  5 136800 142445864 1969928 34275388    0    0 466544 355104 170074 436439 12  4 77  7  0  0
14  4 136800 142445316 1969928 34275400    0    0 465088 364324 170365 432756 12  4 78  7  0  0
15  4 136800 142438768 1969928 34275408    0    0 465776 349164 169576 437376 12  4 78  7  0  0
16  4 136800 142444632 1969928 34275416    0    0 465136 357960 170024 435525 12  4 78  7  0  0
11  7 136800 142440940 1969928 34275428    0    0 466992 358852 170136 435157 12  4 78  7  0  0
10  1 136800 142441548 1969928 34275440    0    0 468464 361972 170357 435405 12  4 78  7  0  0
 8 10 136800 142440404 1969932 34275448    0    0 470864 352416 170338 438750 12  4 78  7  0  0
14  4 136800 142448076 1969932 34275452    0    0 472608 363504 171126 443982 12  4 77  7  0  0
procs -----------memory---------- ---swap-- -----io---- -system-- -------cpu-------
 r  b   swpd   free   buff  cache   si   so    bi    bo   in   cs us sy id wa st gu
16  3 136800 142450456 1969932 34275456    0    0 470560 373640 171960 444033 12  4 78  7  0  0
 2  2 136800 142447708 1969932 34275468    0    0 474592 359260 172157 446542 12  4 77  7  0  0
15  8 136800 142457700 1969932 34275480    0    0 466000 373300 171523 439619 12  4 78  7  0  0
13  5 136800 142455748 1969932 34275492    0    0 468112 363456 171220 444605 12  4 78  7  0  0
13  4 136800 142455344 1969932 34275500    0    0 469136 363828 172996 446081 12  4 78  7  0  0
11  7 136800 142452420 1969932 34275508    0    0 472672 369496 172479 440938 12  4 77  7  0  0
12  6 136800 142449828 1969932 34275520    0    0 472528 362064 171606 443634 12  4 77  7  0  0
 9  9 136800 142450376 1969932 34275536    0    0 470320 355216 170358 438351 12  4 77  7  0  0
11  7 136800 142448356 1969932 34275544    0    0 470352 365100 172242 441233 12  4 77  7  0  0
10  8 136800 142444412 1969932 34275552    0    0 469408 357268 171129 441221 12  4 78  7  0  0
15  4 136800 142449484 1969932 34275564    0    0 469808 363108 171634 440080 12  4 78  7  0  0
12  6 136800 142458792 1969932 34275584    0    0 472896 351424 171203 441036 12  4 77  7  0  0
15  4 136800 142461976 1969932 34275596    0    0 466960 359244 171736 439444 12  4 78  7  0  0
13  6 136800 142457512 1969936 34275600    0    0 473072 366236 172291 441594 12  4 78  7  0  0
16  7 136800 142462048 1969936 34275612    0    0 470416 355328 170983 438812 12  4 78  7  0  0
15  3 136800 142452664 1969936 34275624    0    0 468976 362380 171012 439265 12  4 78  7  0  0
12  6 136800 142456092 1969936 34275632    0    0 465600 371808 171162 437383 12  4 78  7  0  0
14  7 136800 142463052 1969936 34275644    0    0 475856 353356 171373 443677 12  4 78  7  0  0
15  5 136800 142468624 1969936 34275652    0    0 472944 357816 171412 438346 12  4 78  7  0  0
13  5 136800 142465348 1969936 34275660    0    0 464128 358984 171230 435006 12  4 78  7  0  0
13  4 136800 142466312 1969936 34275672    0    0 457392 362736 170421 438433 12  4 78  7  0  0
procs -----------memory---------- ---swap-- -----io---- -system-- -------cpu-------
 r  b   swpd   free   buff  cache   si   so    bi    bo   in   cs us sy id wa st gu
16  4 136800 142459148 1969936 34275688    0    0 459728 366768 170925 437800 12  4 78  7  0  0
10  8 136800 142470060 1969936 34275696    0    0 468256 349852 172270 443553 12  4 77  7  0  0
11  6 136800 142469872 1969936 34275704    0    0 462560 359828 170815 436515 12  4 78  7  0  0
13  6 136800 142476040 1969936 34275712    0    0 459856 363020 171112 436527 12  4 78  7  0  0
15  6 136800 142473932 1969936 34275720    0    0 463360 359212 170417 440582 12  4 78  7  0  0
 2  2 136800 142477716 1969936 34275736    0    0 464816 360088 171128 442857 12  4 78  7  0  0
 7  1 136800 142466500 1969936 34275748    0    0 462624 362060 170103 442236 12  4 78  7  0  0
 8 10 136800 142470168 1969936 34275756    0    0 464272 359012 171440 441931 12  4 78  7  0  0
 6  0 136800 142468332 1969936 34275764    0    0 458320 365484 170476 439889 12  4 78  7  0  0
 6  2 136800 142468500 1969936 34275780    0    0 469568 362444 171227 444909 12  4 78  7  0  0
13  7 136800 142462052 1969936 34275788    0    0 464448 369948 170708 443669 12  4 78  7  0  0
20  1 136800 142463228 1969936 34275868    0    0 470384 362040 171461 442839 12  4 78  7  0  0
10  8 136800 142465044 1969936 34275876    0    0 459840 363792 170349 439299 12  4 78  7  0  0
13  5 136800 142464020 1969944 34275880    0    0 467152 361688 171471 447081 12  4 77  7  0  0
11  7 136800 142465120 1969944 34275888    0    0 464256 363000 170110 441319 12  4 78  7  0  0
13  6 136800 142470644 1969944 34275900    0    0 471872 360564 171529 447332 12  4 78  7  0  0
 9 10 136800 142468748 1969944 34275916    0    0 456880 365592 169490 436310 12  4 78  7  0  0
16  3 136800 142469928 1969944 34275924    0    0 466048 362080 170772 441140 12  4 78  7  0  0
17  0 136800 142475256 1969944 34275936    0    0 461776 368096 171088 441510 12  4 78  7  0  0
18  3 136800 142470476 1969944 34275948    0    0 474880 345440 171544 446750 12  4 78  7  0  0
14  6 136800 142468940 1969944 34275956    0    0 467312 360492 170525 436028 12  4 78  7  0  0
procs -----------memory---------- ---swap-- -----io---- -system-- -------cpu-------
 r  b   swpd   free   buff  cache   si   so    bi    bo   in   cs us sy id wa st gu
17  4 136800 142466368 1969944 34275972    0    0 468032 356856 170099 439035 12  4 78  7  0  0
12  7 136800 142460544 1969944 34275980    0    0 471024 355628 170801 439915 12  4 78  7  0  0
10  8 136800 142469312 1969944 34275988    0    0 470544 354252 170513 436780 12  4 78  7  0  0
14  5 136800 142463720 1969944 34276000    0    0 464304 360288 169705 435991 12  4 78  7  0  0
12  8 136800 142457532 1969944 34276008    0    0 466592 356428 169643 441451 12  4 78  7  0  0
15  4 136800 142463136 1969944 34276028    0    0 464384 367636 170630 438207 12  4 78  7  0  0
12  6 136800 142465628 1969944 34276040    0    0 473088 359932 171904 443839 12  4 78  7  0  0
 6  1 136800 142463156 1969948 34276044    0    0 469600 358540 171997 444518 12  4 78  7  0  0
14  4 136800 142463580 1969948 34276060    0    0 465824 351148 170358 443821 12  4 78  7  0  0
14  4 136800 142461196 1969948 34276064    0    0 463552 362056 170735 439296 12  4 78  7  0  0
11  8 136800 142460936 1969948 34276076    0    0 464208 364908 171701 440553 12  4 78  7  0  0
13  6 136800 142464004 1969948 34276088    0    0 465616 349764 170536 438375 12  4 78  7  0  0
11  8 136800 142462024 1969948 34276096    0    0 461952 360160 170520 440200 12  4 78  7  0  0
14  5 136800 142467876 1969948 34276108    0    0 460272 353828 169144 435370 12  4 78  7  0  0
13  6 136800 142463064 1969948 34276116    0    0 459840 354928 170474 438549 12  4 78  7  0  0
10  7 136800 142467520 1969948 34276132    0    0 463264 350040 168818 433117 12  4 78  7  0  0
14  5 136800 142467176 1969948 34276140    0    0 463760 362360 168801 434455 12  4 78  7  0  0
 5  0 136800 142469080 1969948 34276152    0    0 463104 350440 169893 438856 12  4 78  7  0  0
12  7 136800 142468892 1969948 34276160    0    0 459776 363444 169628 442476 12  4 78  7  0  0
16  4 136800 142471288 1969948 34276168    0    0 461904 359220 169899 441260 12  4 77  7  0  0
19  4 136800 142475504 1969948 34276180    0    0 460944 353252 169172 434295 12  4 78  7  0  0
procs -----------memory---------- ---swap-- -----io---- -system-- -------cpu-------
 r  b   swpd   free   buff  cache   si   so    bi    bo   in   cs us sy id wa st gu
13  5 136800 142471780 1969948 34276188    0    0 461760 354060 170304 439277 12  4 78  7  0  0
13  6 136800 142472664 1969948 34276200    0    0 463920 350300 170579 438588 12  4 78  7  0  0
13  5 136800 142464308 1969948 34276208    0    0 457568 364888 169395 437205 12  4 78  7  0  0
12  7 136800 142462444 1969948 34276220    0    0 464064 352464 169609 436848 12  4 78  7  0  0
13  5 136800 142457956 1969948 34276228    0    0 462528 353264 170331 437188 12  4 78  7  0  0
11  6 136800 142451840 1969948 34276236    0    0 460304 365260 170985 438074 12  4 78  7  0  0
12  6 136800 142457308 1969948 34276248    0    0 457392 353736 169845 434786 12  4 78  7  0  0
11  9 136800 142459548 1969948 34276256    0    0 460256 355416 169984 437424 12  4 78  7  0  0
11  7 136800 142458856 1969948 34276264    0    0 459920 356644 170329 438715 12  4 78  7  0  0
14  4 136800 142460816 1969948 34276272    0    0 461184 357764 170437 439447 12  4 78  7  0  0
16  3 136800 142456284 1969948 34276288    0    0 458864 361332 169524 435235 12  4 78  7  0  0
12  6 136800 142453840 1969948 34276300    0    0 462624 360124 170020 435667 12  4 78  7  0  0
17  2 136800 142454180 1969948 34276312    0    0 463312 359004 170372 437413 12  4 78  7  0  0
14  9 136800 142457512 1969948 34276324    0    0 462832 358052 170070 441071 12  4 78  7  0  0
18  2 136800 142466496 1969948 34276332    0    0 460288 359348 169240 435410 12  4 78  7  0  0
16  5 136800 142465840 1969948 34276344    0    0 461488 354860 169824 435595 12  4 78  7  0  0
15  5 136800 142461420 1969948 34276356    0    0 459344 355844 169442 438347 12  4 78  7  0  0
14  5 136800 142457960 1969948 34276368    0    0 458944 357924 170169 433556 12  4 78  7  0  0
14  5 136800 142465504 1969948 34276376    0    0 461952 354456 169964 440853 12  4 78  7  0  0
 9  9 136800 142458088 1969948 34276384    0    0 466240 365844 171724 441532 12  4 78  7  0  0
13  5 136800 142458536 1969948 34276400    0    0 462496 360216 170721 440006 12  4 78  7  0  0
procs -----------memory---------- ---swap-- -----io---- -system-- -------cpu-------
 r  b   swpd   free   buff  cache   si   so    bi    bo   in   cs us sy id wa st gu
17  2 136800 142464140 1969948 34276408    0    0 463840 353804 170834 440694 12  4 78  7  0  0
13  5 136800 142462940 1969948 34276416    0    0 465088 361220 170061 437295 12  4 78  7  0  0
14  5 136800 142462520 1969948 34276432    0    0 464720 361184 170617 439751 12  4 78  7  0  0
13  5 136800 142465748 1969948 34276440    0    0 457136 365672 169547 436633 12  4 78  7  0  0
13  5 136800 142463788 1969948 34276456    0    0 466608 354544 170761 442678 12  4 78  7  0  0
14  5 136800 142463012 1969948 34276464    0    0 462032 369784 170999 440440 12  4 78  7  0  0
13  6 136800 142472220 1969948 34276472    0    0 466720 356624 169987 441282 12  4 77  7  0  0
16  4 136800 142466056 1969948 34276480    0    0 458640 361424 170073 439987 12  4 78  7  0  0
12  6 136800 142477096 1969948 34276556    0    0 460816 357104 169969 443403 12  4 78  7  0  0
14  4 136800 142479308 1969948 34276576    0    0 459280 356492 170956 437279 12  4 78  7  0  0
19  3 136800 142477444 1969948 34276584    0    0 461696 359784 170504 437747 12  4 78  7  0  0
16  2 136800 142472520 1969948 34276592    0    0 462640 363344 170451 437994 12  4 78  7  0  0
12  7 136800 142474104 1969948 34276600    0    0 461664 359248 169765 439702 12  4 78  7  0  0
13  6 136800 142478260 1969948 34276608    0    0 467552 355132 170838 440148 12  4 78  7  0  0
 6  0 136800 142471240 1969948 34276628    0    0 460336 366512 171253 437762 12  4 78  7  0  0
14  7 136800 142472532 1969948 34276636    0    0 464288 354912 170478 441380 12  4 78  7  0  0
15  3 136800 142476032 1969948 34276644    0    0 454912 361832 170159 434628 12  4 78  7  0  0
17  2 136800 142475036 1969948 34276652    0    0 459680 354232 169518 436523 12  4 78  7  0  0
14  6 136800 142475184 1969948 34276664    0    0 465808 359348 170904 441341 12  4 78  7  0  0
10  8 136800 142469708 1969948 34276672    0    0 464272 360604 171089 442947 12  4 78  7  0  0
14  6 136800 142464748 1969948 34276684    0    0 463664 363024 170578 441083 12  4 78  7  0  0
procs -----------memory---------- ---swap-- -----io---- -system-- -------cpu-------
 r  b   swpd   free   buff  cache   si   so    bi    bo   in   cs us sy id wa st gu
15  5 136800 142464492 1969948 34276692    0    0 461728 357856 170034 444607 12  4 78  7  0  0
17  3 136800 142460912 1969948 34276704    0    0 464752 358868 170452 440924 12  4 78  7  0  0
14  4 136800 142465608 1969948 34276716    0    0 466976 368060 172209 442806 12  4 78  7  0  0
17  3 136800 142465992 1969948 34276724    0    0 469392 360608 171442 443977 12  4 78  7  0  0
14  6 136800 142464740 1969948 34276736    0    0 460496 362248 169355 439062 12  4 78  7  0  0
14  5 136800 142470680 1969948 34276744    0    0 461024 357516 170002 439525 12  4 78  7  0  0
14  5 136800 142471236 1969948 34276752    0    0 462320 356972 171111 442564 12  4 78  7  0  0
11  6 136800 142469340 1969948 34276772    0    0 466192 357372 171816 444166 12  4 78  7  0  0
14  6 136800 142463084 1969948 34276780    0    0 462896 362760 170571 443104 12  4 78  7  0  0
15  5 136800 142460496 1969948 34276792    0    0 464544 356828 170304 439498 12  4 78  7  0  0
12  6 136800 142471012 1969948 34276800    0    0 465120 361044 170475 444777 12  4 78  7  0  0
15  2 136800 142463416 1969948 34276816    0    0 461136 355028 170790 439837 12  4 78  7  0  0
14  5 136800 142464004 1969948 34276824    0    0 461136 358080 170670 438642 12  4 78  7  0  0
10  8 136800 142462156 1969948 34276832    0    0 464608 360328 170831 438235 12  4 78  7  0  0
18  3 136800 142466168 1969948 34276844    0    0 462032 360076 170699 438699 12  4 78  7  0  0
14  4 136800 142466168 1969948 34276848    0    0 465552 355912 171280 441937 12  4 78  7  0  0
17  5 136800 142463116 1969948 34276860    0    0 463152 360168 170247 437476 12  4 78  7  0  0
14  5 136800 142464216 1969948 34276872    0    0 464096 358520 169648 437263 12  4 78  7  0  0
12  7 136800 142464084 1969948 34276880    0    0 463616 358156 170374 437680 12  4 78  7  0  0
14  5 136800 142460296 1969948 34276892    0    0 462400 356528 172198 442347 12  4 77  7  0  0
11  9 136800 142462836 1969948 34276900    0    0 464896 357544 171093 440854 12  4 78  7  0  0
procs -----------memory---------- ---swap-- -----io---- -system-- -------cpu-------
 r  b   swpd   free   buff  cache   si   so    bi    bo   in   cs us sy id wa st gu
14  4 136800 142462584 1969948 34276916    0    0 460544 360120 171281 438357 12  4 78  7  0  0
12  6 136800 142457504 1969948 34276928    0    0 461552 361116 170087 438875 12  4 78  7  0  0
19  3 136800 142457168 1969948 34276936    0    0 460976 353288 170117 438798 12  4 78  7  0  0
15  6 136800 142458236 1969948 34276948    0    0 465824 360752 171242 444988 12  4 78  7  0  0
15  5 136800 142451736 1969948 34276956    0    0 468816 358556 170858 446035 12  4 78  7  0  0
11  7 136800 142455792 1969948 34276972    0    0 459712 367472 169798 434810 12  4 78  7  0  0
11  7 136800 142452748 1969948 34276980    0    0 463072 355224 170371 441154 12  4 78  7  0  0
14  4 136800 142453580 1969948 34276988    0    0 466928 358812 172080 443140 12  4 78  7  0  0
12  6 136800 142453300 1969948 34277000    0    0 461696 364192 172038 439730 12  4 78  7  0  0
14  5 136800 142448608 1969948 34277012    0    0 463104 359692 171758 442983 12  4 78  7  0  0
14  3 136800 142451684 1969948 34277024    0    0 462336 363244 171192 440846 12  4 78  7  0  0
11  7 136800 142458456 1969948 34277036    0    0 465600 356740 172164 444219 12  4 78  7  0  0
17  5 136800 142464584 1969948 34277044    0    0 462720 361240 171032 440580 12  4 78  7  0  0
12  5 136800 142461896 1969948 34277056    0    0 466496 355380 171808 444850 12  4 78  7  0  0
13  5 136800 142456032 1969948 34277072    0    0 467712 358056 172017 442191 12  4 77  7  0  0
10  9 136800 142466504 1969948 34277080    0    0 465632 366080 171301 442126 12  4 78  7  0  0
15  3 136800 142466104 1969948 34277088    0    0 460912 353312 169282 433920 12  4 78  7  0  0
13  6 136800 142466572 1969948 34277096    0    0 467488 347880 169505 431987 12  4 78  7  0  0
16  4 136800 142463304 1969948 34277104    0    0 466976 351676 169503 436456 12  4 78  7  0  0
13  5 136800 142461052 1969948 34277124    0    0 467872 356348 170052 434245 12  4 78  7  0  0
12  7 136800 142459052 1969948 34277132    0    0 461488 363772 169381 429776 12  4 78  7  0  0
procs -----------memory---------- ---swap-- -----io---- -system-- -------cpu-------
 r  b   swpd   free   buff  cache   si   so    bi    bo   in   cs us sy id wa st gu
16  3 136800 142446836 1969948 34277140    0    0 466560 346448 169444 438296 12  4 77  7  0  0
14  5 136800 142443064 1969948 34277152    0    0 463952 357564 169310 435610 12  4 77  7  0  0
15  3 136800 142442088 1969948 34277164    0    0 467600 348924 169588 434895 12  4 78  7  0  0
17  2 136800 142440856 1969948 34277180    0    0 464848 364540 169419 430989 12  4 78  7  0  0
15  5 136800 142443596 1969948 34277188    0    0 466144 354504 169811 432212 12  4 78  7  0  0
14  4 136800 142452336 1969948 34277264    0    0 463632 353724 169111 431014 12  4 78  7  0  0
12  6 136800 142447964 1969948 34277272    0    0 466880 351008 168601 432471 12  4 78  7  0  0
15  4 136800 142449100 1969948 34277284    0    0 465104 360192 168918 428854 12  4 78  7  0  0
13  5 136800 142455296 1969948 34277296    0    0 468880 355572 169746 437230 12  4 78  7  0  0
14  4 136800 142450888 1969948 34277304    0    0 467184 354488 169821 436185 12  4 78  7  0  0
14  4 136800 142449908 1969948 34277312    0    0 466704 356216 169527 435060 12  4 78  7  0  0
12  7 136800 142443028 1969948 34277324    0    0 465696 356724 169438 434328 12  4 78  7  0  0
17  3 136800 142444772 1969948 34277336    0    0 462736 357260 168526 431233 12  4 78  7  0  0
11  8 136800 142452072 1969948 34277348    0    0 464448 352180 167824 431227 12  4 78  7  0  0
13  6 136800 142447308 1969948 34277356    0    0 464752 351304 167764 430963 12  4 78  7  0  0
11  6 136800 142447228 1969948 34277364    0    0 448864 345356 165581 419552 11  4 78  7  0  0
17  2 136800 142443416 1969948 34277372    0    0 458464 343728 167769 429624 12  4 78  7  0  0
15  5 136800 142447892 1969948 34277380    0    0 460400 348304 168442 430365 12  4 77  7  0  0
16  3 136800 142446936 1969948 34277396    0    0 456000 348888 167552 425269 12  4 78  7  0  0
16  4 136800 142449324 1969948 34277408    0    0 464832 352604 168658 430086 12  4 78  7  0  0
16  4 136800 142451356 1969948 34277420    0    0 458800 356812 169401 432047 12  4 78  7  0  0
procs -----------memory---------- ---swap-- -----io---- -system-- -------cpu-------
 r  b   swpd   free   buff  cache   si   so    bi    bo   in   cs us sy id wa st gu
18  2 136800 142451136 1969948 34277428    0    0 460944 355716 168898 431663 12  4 78  7  0  0
11  7 136800 142450980 1969948 34277444    0    0 459632 356456 168771 434516 12  4 77  7  0  0
11  7 136800 142448504 1969948 34277456    0    0 460576 353480 169602 435059 12  4 77  7  0  0
12  6 136800 142443632 1969948 34277464    0    0 459744 356156 169492 432979 12  4 78  7  0  0
15  4 136800 142441376 1969948 34277468    0    0 456784 349092 168459 429684 12  4 78  7  0  0
11  8 136800 142438516 1969948 34277476    0    0 454288 359956 169058 429854 12  4 78  7  0  0
12  7 136800 142449716 1969948 34277488    0    0 450752 354404 168929 429367 12  4 78  7  0  0
11  7 136800 142446724 1969948 34277496    0    0 454368 350472 168448 429100 12  4 78  7  0  0
13  6 136800 142445440 1969948 34277508    0    0 452096 340632 166737 424913 12  4 77  7  0  0
16  5 136800 142451644 1969948 34277524    0    0 452240 351428 166843 423868 12  4 78  7  0  0
 7  0 136800 142449048 1969952 34277528    0    0 457616 341488 167730 425826 12  4 77  7  0  0
10 10 136800 142451704 1969952 34277544    0    0 454960 363524 168793 428499 12  4 78  7  0  0
14  5 136800 142444044 1969952 34277552    0    0 466096 348080 169604 435820 12  4 78  7  0  0
17  5 136800 142445680 1969952 34277568    0    0 462416 353076 168671 431577 12  4 78  7  0  0
14  5 136800 142451240 1969952 34277576    0    0 461360 352220 168432 431874 12  4 78  7  0  0
12  7 136800 142443536 1969952 34277588    0    0 463856 348824 168279 430348 12  4 78  7  0  0
14  4 136800 142446084 1969952 34277596    0    0 462752 355628 168449 429679 12  4 78  7  0  0
11  7 136800 142448420 1969952 34277612    0    0 465248 362332 169555 434925 12  4 78  7  0  0
11  6 136800 142446424 1969952 34277624    0    0 470352 353444 168828 430655 12  4 78  7  0  0
11  9 136800 142446404 1969952 34277632    0    0 466832 354852 168274 432291 12  4 78  7  0  0
15  3 136800 142453576 1969952 34277644    0    0 466112 363880 169826 437576 12  4 78  7  0  0
procs -----------memory---------- ---swap-- -----io---- -system-- -------cpu-------
 r  b   swpd   free   buff  cache   si   so    bi    bo   in   cs us sy id wa st gu
16  2 136800 142447892 1969952 34277648    0    0 462512 358148 169189 436523 12  4 78  7  0  0
15  4 136800 142450472 1969952 34277656    0    0 462288 354396 168802 433868 12  4 78  7  0  0
 8 10 136800 142452372 1969952 34277668    0    0 466720 357084 168855 436018 12  4 78  7  0  0
12  6 136800 142451608 1969952 34277676    0    0 466704 358624 169092 436785 12  4 78  7  0  0
15  4 136800 142450372 1969952 34277688    0    0 470512 361332 170449 442507 12  4 77  7  0  0
16  3 136800 142454184 1969956 34277692    0    0 464736 360168 168676 434301 12  4 77  7  0  0
 9  2 136800 142454024 1969956 34277708    0    0 465056 370536 170747 436368 12  4 78  7  0  0
16  3 136800 142449548 1969956 34277720    0    0 465584 350708 169189 436671 12  4 78  7  0  0
13  5 136800 142454636 1969956 34277728    0    0 459152 357100 168325 430223 12  4 78  7  0  0
17  1 136800 142453032 1969956 34277740    0    0 468608 356744 169963 436870 12  4 78  7  0  0
13  6 136800 142448700 1969960 34277744    0    0 467024 359000 169858 435286 12  4 78  7  0  0
17  3 136800 142450040 1969960 34277756    0    0 467408 359180 169864 434065 12  3 78  7  0  0
 6  2 136800 142449504 1969960 34277768    0    0 466240 360520 169373 432004 12  4 77  7  0  0
14  6 136800 142441656 1969960 34277784    0    0 470864 348836 169756 433790 12  4 77  7  0  0
18  4 136800 142444548 1969960 34277792    0    0 460768 349476 168093 427337 12  4 78  7  0  0
13  6 136800 142455812 1969960 34277804    0    0 461600 352280 169260 432377 12  4 78  7  0  0
13  7 136800 142431956 1969960 34277816    0    0 463408 352940 168936 435567 12  4 77  7  0  0
 3  0 136800 142425776 1969960 34277848    0    0 460256 367348 169546 432668 12  4 77  7  0  0
12  7 136800 142423152 1969960 34277832    0    0 473472 343872 169751 438159 12  4 77  7  0  0
14  4 136800 142430568 1969960 34277848    0    0 463312 358796 168362 429154 12  4 78  7  0  0
19  1 136800 142430740 1969964 34277852    0    0 467184 355656 168347 430466 12  4 78  7  0  0
procs -----------memory---------- ---swap-- -----io---- -system-- -------cpu-------
 r  b   swpd   free   buff  cache   si   so    bi    bo   in   cs us sy id wa st gu
 8  1 136800 142433912 1969964 34277868    0    0 464208 360032 168939 432272 12  4 78  7  0  0
14  4 136800 142435640 1969964 34277876    0    0 466064 355544 169238 434918 12  4 78  7  0  0
12  7 136800 142439496 1969964 34277976    0    0 463552 359080 169087 433011 12  4 78  7  0  0
14  5 136800 142440876 1969964 34277988    0    0 464912 358120 170172 439019 12  4 78  7  0  0
15  4 136800 142435108 1969964 34277996    0    0 467024 356264 170477 440271 12  4 78  7  0  0
12  5 136800 142434472 1969964 34278004    0    0 467728 357836 171034 440244 12  4 77  7  0  0
14  5 136800 142433328 1969964 34278016    0    0 459792 363748 170008 435357 12  4 77  7  0  0
16  7 136800 142438140 1969964 34278028    0    0 468144 360344 170705 438661 12  4 78  7  0  0
13  5 136800 142438504 1969964 34278036    0    0 465568 368616 170335 437016 12  4 78  7  0  0
14  5 136800 142440512 1969964 34278044    0    0 470128 359268 170720 439795 12  4 78  7  0  0
11  8 136800 142438328 1969964 34278052    0    0 461456 363196 169787 435890 12  4 78  7  0  0
16  4 136800 142438572 1969964 34278060    0    0 463536 357176 169685 437075 12  4 78  7  0  0
14  5 136800 142446956 1969964 34278080    0    0 464224 361776 169470 437865 12  4 78  7  0  0
14  4 136800 142443752 1969964 34278088    0    0 464432 360004 169773 435785 12  4 78  7  0  0
13  5 136800 142442360 1969964 34278092    0    0 463856 363028 169734 438336 12  4 78  7  0  0
16  6 136800 142438472 1969964 34278100    0    0 465040 359940 170540 438320 12  4 78  7  0  0
16  6 136800 142448092 1969964 34278112    0    0 465136 357268 169969 438352 12  4 78  7  0  0
10  7 136800 142449144 1969964 34278124    0    0 460352 360420 170052 435880 12  4 78  7  0  0
12  6 136800 142446408 1969964 34278132    0    0 461584 362852 169758 435493 12  4 78  7  0  0
 3  3 136800 142443896 1969964 34278140    0    0 468272 355984 170650 440223 12  4 78  7  0  0
 9  9 136800 142439060 1969964 34278148    0    0 468320 363984 171265 439779 12  4 78  7  0  0
procs -----------memory---------- ---swap-- -----io---- -system-- -------cpu-------
 r  b   swpd   free   buff  cache   si   so    bi    bo   in   cs us sy id wa st gu
13  5 136800 142434000 1969964 34278160    0    0 465024 359696 170873 438096 12  4 78  7  0  0
12  7 136800 142438200 1969964 34278176    0    0 462624 357116 171062 440403 12  4 78  7  0  0
15  3 136800 142439060 1969964 34278184    0    0 465136 366784 172377 438794 12  4 78  7  0  0
12  5 136800 142432052 1969964 34278200    0    0 471424 356156 171188 441036 12  4 77  7  0  0
 3  3 136800 142436972 1969964 34278212    0    0 466480 360964 170575 436994 12  4 78  7  0  0
16  3 136800 142434844 1969964 34278220    0    0 463120 361120 170188 433505 12  4 78  7  0  0
14  6 136800 142424120 1969964 34278232    0    0 464576 356744 170603 435749 12  4 77  7  0  0
 4  2 136800 142419660 1969964 34278240    0    0 465216 361252 171449 438257 12  4 78  7  0  0
12  8 136800 142418468 1969964 34278248    0    0 465168 373008 172225 439488 12  4 78  7  0  0
16  4 136800 142420960 1969964 34278256    0    0 475472 347220 170227 441549 12  4 77  7  0  0
15  6 136800 142425540 1969964 34278268    0    0 466704 360796 169237 432538 12  4 78  7  0  0
12  6 136800 142429096 1969964 34278280    0    0 468976 352180 169905 436050 12  4 78  7  0  0
11  8 136800 142437280 1969964 34278292    0    0 463200 369612 169975 433980 12  4 78  7  0  0
11  7 136800 142445712 1969964 34278304    0    0 471504 349824 169414 436981 12  4 77  7  0  0
13  6 136800 142438632 1969964 34278316    0    0 467232 364036 169193 433928 12  4 78  7  0  0
14  5 136800 142439032 1969964 34278324    0    0 469168 360380 169843 433766 12  4 78  7  0  0
 7  3 136800 142441220 1969964 34278332    0    0 471872 359700 171343 439938 12  4 77  7  0  0
13  5 136800 142438552 1969964 34278344    0    0 472256 351860 170265 444672 12  4 77  7  0  0
 7  1 136800 142432472 1969964 34278352    0    0 465376 373744 170946 440785 12  4 78  7  0  0
17  2 136800 142435632 1969964 34278368    0    0 466000 365860 170428 439569 12  4 78  7  0  0
17  3 136800 142429828 1969964 34278376    0    0 466896 358912 170344 440145 12  4 78  7  0  0
procs -----------memory---------- ---swap-- -----io---- -system-- -------cpu-------
 r  b   swpd   free   buff  cache   si   so    bi    bo   in   cs us sy id wa st gu
 6  1 136800 142425960 1969964 34278384    0    0 468352 356236 171574 442525 12  4 77  7  0  0
15  5 136800 142434484 1969964 34278396    0    0 464192 367300 170814 437183 12  4 78  7  0  0
16  3 136800 142436204 1969964 34278404    0    0 470960 348576 170920 442173 12  4 78  7  0  0
14  6 136800 142435796 1969964 34278416    0    0 465440 361288 170250 439148 12  4 78  7  0  0
15  6 136800 142435644 1969964 34278424    0    0 465152 358964 170519 436606 12  4 78  7  0  0
16  3 136800 142448652 1969964 34278432    0    0 462384 360996 170813 437821 12  4 78  7  0  0
16  5 136800 142437144 1969964 34278440    0    0 464288 358308 170036 435821 12  4 78  7  0  0
11  7 136800 142445560 1969964 34278452    0    0 462448 374376 171107 434996 12  4 78  7  0  0
 7  2 136800 142447112 1969964 34278464    0    0 465856 362280 170497 435877 12  4 77  7  0  0
12  6 136800 142453040 1969964 34278472    0    0 468016 344676 169495 438295 12  4 77  7  0  0
17  2 136800 142447664 1969964 34278480    0    0 460128 371048 171150 437398 12  4 78  7  0  0
13  4 136800 142452088 1969964 34278492    0    0 468384 356584 170603 441617 12  4 78  7  0  0
16  4 136800 142448576 1969964 34278504    0    0 469744 355360 170487 440078 12  4 78  7  0  0
 8  0 136800 142448280 1969964 34278512    0    0 468064 360876 170304 437876 12  4 78  7  0  0
 9  9 136800 142443432 1969964 34278524    0    0 467504 361992 170902 437589 12  4 78  7  0  0
14  6 136800 142444900 1969964 34278532    0    0 463616 362012 169170 436650 12  4 78  7  0  0
 8  5 136800 142442720 1969964 34278548    0    0 461968 372776 170772 434073 12  4 78  7  0  0
 8  0 136800 142449964 1969964 34278560    0    0 468896 345732 170255 440172 12  4 78  7  0  0
15  7 136800 142443424 1969968 34278568    0    0 459840 370952 169817 433153 12  4 78  7  0  0
14  5 136800 142442740 1969968 34278576    0    0 468336 351852 170517 438807 12  4 77  7  0  0
15  4 136800 142443428 1969968 34278656    0    0 466256 360340 171641 439513 12  4 78  7  0  0
procs -----------memory---------- ---swap-- -----io---- -system-- -------cpu-------
 r  b   swpd   free   buff  cache   si   so    bi    bo   in   cs us sy id wa st gu
18  2 136800 142440640 1969968 34278668    0    0 463808 364216 171210 437534 12  4 78  7  0  0
10  8 136800 142444796 1969968 34278680    0    0 465664 358504 170606 439197 12  4 78  7  0  0
15  5 136800 142441068 1969968 34278692    0    0 463104 364392 170684 436334 12  4 78  7  0  0
13  6 136800 142445472 1969968 34278696    0    0 466352 360072 171288 438096 12  4 78  7  0  0
11  8 136800 142441508 1969968 34278704    0    0 462624 365692 170640 435970 12  4 78  7  0  0
10  9 136800 142442808 1969968 34278720    0    0 464208 362368 171397 438885 12  4 78  7  0  0
13  5 136800 142436376 1969968 34278732    0    0 464784 362420 170481 437587 12  4 77  7  0  0
14  6 136800 142429380 1969968 34278740    0    0 463280 363148 169808 435537 12  4 78  7  0  0
14  5 136800 142428000 1969968 34278748    0    0 459424 358164 169439 436985 12  4 78  7  0  0
10  8 136800 142424956 1969968 34278756    0    0 467504 356028 170336 435547 12  4 78  7  0  0
13  4 136800 142436928 1969968 34278772    0    0 464384 362912 170523 440889 12  4 77  7  0  0
15  3 136800 142431180 1969968 34278788    0    0 467488 352476 170439 442106 12  4 78  7  0  0
19  4 136800 142431652 1969968 34278796    0    0 463136 365952 170244 435920 12  4 78  7  0  0
13  6 136800 142434468 1969968 34278808    0    0 464976 354384 170341 433549 12  4 78  7  0  0
17  3 136800 142435440 1969968 34278820    0    0 466992 354888 171926 438656 12  4 77  7  0  0
12  7 136800 142440292 1969968 34278832    0    0 464656 359644 169678 436839 12  4 78  7  0  0
18  2 136800 142434976 1969968 34278844    0    0 464112 368200 171121 437952 12  4 78  7  0  0
11  7 136800 142441104 1969968 34278852    0    0 463536 356800 170001 437577 12  4 78  7  0  0
14  5 136800 142439580 1969968 34278860    0    0 461200 359716 170767 434562 12  4 78  7  0  0
17  3 136800 142441464 1969968 34278868    0    0 467184 357964 171044 440078 12  4 78  7  0  0
 1  8 136800 142435832 1969968 34278876    0    0 465856 367548 171442 436507 12  4 78  7  0  0
procs -----------memory---------- ---swap-- -----io---- -system-- -------cpu-------
 r  b   swpd   free   buff  cache   si   so    bi    bo   in   cs us sy id wa st gu
14  5 136800 142437916 1969968 34278888    0    0 473632 357216 172075 446029 12  4 77  7  0  0
13  5 136800 142436360 1969972 34278892    0    0 465200 360480 169755 435653 12  4 78  7  0  0
13  5 136800 142432948 1969972 34278908    0    0 469552 353552 170360 435106 12  4 78  7  0  0
15  6 136800 142432668 1969972 34278916    0    0 466144 356540 169841 436620 12  4 78  7  0  0
11  7 136800 142435652 1969972 34278932    0    0 462800 368520 170293 432968 12  4 78  7  0  0
16  4 136800 142435580 1969972 34278944    0    0 467968 359684 171422 439891 12  4 78  7  0  0
15  7 136800 142431664 1969972 34278952    0    0 464032 362180 170926 436289 12  4 78  7  0  0
12  7 136800 142435216 1969972 34278964    0    0 463280 355888 170451 439176 12  4 78  7  0  0
11  7 136800 142430828 1969972 34278976    0    0 465264 355464 170404 437822 12  4 78  7  0  0
13  7 136800 142438396 1969972 34278984    0    0 463952 363788 170671 439371 12  4 78  7  0  0
13  6 136800 142446428 1969972 34278996    0    0 460880 361092 171242 437073 12  4 77  7  0  0
14  3 136800 142444616 1969972 34279004    0    0 467104 355120 171887 442015 12  4 78  7  0  0
10  9 136800 142443392 1969972 34279016    0    0 461696 366924 170879 435295 12  4 78  7  0  0
13  6 136800 142439912 1969972 34279032    0    0 468816 348688 170708 440618 12  4 77  7  0  0
 6  3 136800 142441376 1969972 34279040    0    0 464272 363508 170989 438389 12  4 78  7  0  0
16  4 136800 142443020 1969972 34279052    0    0 467264 369020 171849 437532 12  4 78  7  0  0
10  8 136800 142445612 1969972 34279056    0    0 465392 352924 170748 437542 12  4 78  7  0  0
12  8 136800 142437824 1969972 34279068    0    0 467264 353568 170791 437506 12  4 78  7  0  0
 6  0 136800 142434888 1969972 34279076    0    0 461312 360008 170802 438023 12  4 78  7  0  0
 9  9 136800 142433976 1969972 34279084    0    0 467296 355028 170400 439850 12  4 78  7  0  0
 2  3 136800 142439252 1969972 34279096    0    0 467056 362236 170334 436046 12  4 78  7  0  0
procs -----------memory---------- ---swap-- -----io---- -system-- -------cpu-------
 r  b   swpd   free   buff  cache   si   so    bi    bo   in   cs us sy id wa st gu
13  7 136800 142437984 1969972 34279108    0    0 466016 355392 170550 437026 12  4 78  7  0  0
14  5 136800 142438684 1969972 34279116    0    0 457744 363712 169881 436196 12  4 78  7  0  0
17  4 136800 142438900 1969972 34279128    0    0 459984 356776 170027 435725 12  4 78  7  0  0
 8  2 136800 142444308 1969972 34279140    0    0 463312 367784 170448 434823 12  4 78  7  0  0
10 10 136800 142449276 1969972 34279148    0    0 465120 361428 170973 438032 12  4 78  7  0  0
19  5 136800 142447836 1969972 34279160    0    0 475184 356136 171260 444766 12  4 77  7  0  0
13  7 136800 142445260 1969972 34279172    0    0 465136 369680 170835 438003 12  4 78  7  0  0
11  7 136800 142447372 1969972 34279180    0    0 476400 355688 171408 442429 12  4 77  7  0  0
17  2 136800 142446924 1969972 34279192    0    0 465760 378980 170035 435839 12  4 78  7  0  0
12  6 136800 142445692 1969972 34279204    0    0 475152 351384 170554 440371 12  4 78  7  0  0
15  7 136800 142449424 1969972 34279216    0    0 462144 371792 169969 434370 12  4 78  7  0  0
13  6 136800 142446348 1969972 34279224    0    0 468640 363400 170928 439270 12  4 78  7  0  0
16  3 136800 142452508 1969972 34279232    0    0 471120 353748 171441 443456 12  4 77  7  0  0
15  7 136800 142454716 1969972 34279240    0    0 464464 370516 170269 435492 12  4 78  7  0  0
13  6 136800 142448644 1969972 34279248    0    0 465840 358316 169497 435436 12  4 78  7  0  0
13  8 136800 142447856 1969972 34279264    0    0 469328 363556 170323 438150 12  4 78  7  0  0
12  7 136800 142450568 1969972 34279276    0    0 467856 361640 170787 441155 12  4 77  7  0  0
11  9 136800 142448684 1969972 34279356    0    0 468464 367020 171471 441616 12  4 78  7  0  0
11  8 136800 142448480 1969972 34279368    0    0 470336 359928 170296 441325 12  4 78  7  0  0
13  6 136800 142449008 1969972 34279376    0    0 471776 355240 170275 444305 12  4 77  7  0  0
 4  1 136800 142441840 1969972 34279392    0    0 466128 372480 170562 439167 12  4 78  7  0  0
procs -----------memory---------- ---swap-- -----io---- -system-- -------cpu-------
 r  b   swpd   free   buff  cache   si   so    bi    bo   in   cs us sy id wa st gu
15  8 136800 142443120 1969980 34279392    0    0 468816 362788 170326 436757 12  4 78  7  0  0
11  7 136800 142441216 1969980 34279408    0    0 470192 351520 170013 439749 12  4 77  7  0  0
12  7 136800 142438232 1969980 34279416    0    0 462224 376624 170255 434743 12  4 78  7  0  0
11  8 136800 142444336 1969980 34279424    0    0 471120 357032 172121 444878 12  4 77  7  0  0
12  6 136800 142444888 1969980 34279440    0    0 459984 376412 170468 436622 12  4 78  7  0  0
12  6 136800 142450692 1969980 34279456    0    0 467344 364012 171693 440964 12  4 78  7  0  0
10  9 136800 142446252 1969980 34279468    0    0 469360 348684 170391 444976 12  4 77  7  0  0
 7  0 136800 142448052 1969980 34279476    0    0 465840 370608 170627 439238 12  4 78  7  0  0
 8  2 136800 142448288 1969980 34279484    0    0 463920 363528 169414 437346 12  4 78  7  0  0
13  4 136800 142450104 1969980 34279496    0    0 465728 359612 170668 439309 12  4 78  7  0  0
12  6 136800 142451280 1969980 34279504    0    0 465760 359984 170614 438978 12  4 78  7  0  0
11  7 136800 142446616 1969980 34279512    0    0 463408 374344 170819 437056 12  4 78  7  0  0
13  8 136800 142437640 1969980 34279520    0    0 471200 356788 172074 442778 12  4 77  7  0  0
13  6 136800 142425176 1969980 34279676    0    0 462768 377200 172562 439335 12  4 77  7  0  0
18  5 136800 142415844 1969980 34279732    0    0 470848 350732 172271 440137 12  4 77  7  0  0
14  6 136800 142392152 1969980 34279980    0    0 458608 372224 170045 434629 12  4 77  7  0  0
13  6 136800 142389740 1969980 34279764    0    0 469840 363644 172394 443622 12  4 78  7  0  0
15  3 136800 142392836 1969980 34279772    0    0 471520 352308 170718 441008 12  4 77  7  0  0
12  7 136800 142412664 1969984 34279780    0    0 463920 361732 171383 438497 12  4 78  7  0  0
14  6 136800 142416496 1969984 34279792    0    0 462032 369136 170624 435710 12  4 78  7  0  0
16  4 136800 142414404 1969984 34279808    0    0 467600 356992 170903 438440 12  4 78  7  0  0
procs -----------memory---------- ---swap-- -----io---- -system-- -------cpu-------
 r  b   swpd   free   buff  cache   si   so    bi    bo   in   cs us sy id wa st gu
 1  4 136800 142416420 1969984 34279816    0    0 467616 355360 171264 441166 12  4 78  7  0  0
15  7 136800 142423000 1969984 34279824    0    0 467456 361988 171021 437824 12  4 78  7  0  0
18  3 136800 142422480 1969984 34279832    0    0 462224 364688 170185 435707 12  4 78  7  0  0
12  7 136800 142426840 1969984 34279848    0    0 464096 363348 171521 439792 12  4 78  7  0  0
 6  2 136800 142430708 1969984 34279860    0    0 464208 371344 171376 437344 12  4 78  7  0  0
10  9 136800 142429856 1969984 34279868    0    0 470720 357648 171169 439185 12  4 78  7  0  0
14  7 136800 142438516 1969984 34279880    0    0 467888 361320 171407 440170 12  4 78  7  0  0
19  3 136800 142437640 1969984 34279892    0    0 469088 363836 171443 440429 12  4 78  7  0  0
11  8 136800 142429016 1969984 34279900    0    0 464720 361468 170617 437864 12  4 78  7  0  0
10 10 136800 142417252 1969984 34279912    0    0 468624 358844 172047 443788 12  4 77  7  0  0
13  6 136800 142435788 1969984 34279924    0    0 468416 363476 170641 440801 12  4 78  7  0  0
 7  1 136800 142429820 1969984 34279932    0    0 461136 367100 170927 439516 12  4 78  7  0  0
15  4 136800 142430552 1969984 34279940    0    0 467232 363256 170717 439060 12  4 77  7  0  0
11  7 136800 142430592 1969984 34279956    0    0 466064 355492 171120 439481 12  4 78  7  0  0
 6  0 136800 142427684 1969984 34279968    0    0 462640 368484 171180 437443 12  4 78  7  0  0
14  4 136800 142432800 1969984 34279980    0    0 468048 356536 170897 442925 12  4 78  7  0  0
12  6 136800 142428772 1969984 34279988    0    0 462768 369804 169796 434833 12  4 78  7  0  0
18  4 136800 142437912 1969988 34279996    0    0 472384 349880 171127 441356 12  4 77  7  0  0
15  5 136800 142443012 1969988 34280008    0    0 468304 363332 170423 438291 12  4 78  7  0  0
15  5 136800 142444900 1969988 34280020    0    0 463968 367128 170470 438553 12  4 78  7  0  0
12  6 136800 142446864 1969988 34280028    0    0 464528 363608 169631 433926 12  4 78  7  0  0
procs -----------memory---------- ---swap-- -----io---- -system-- -------cpu-------
 r  b   swpd   free   buff  cache   si   so    bi    bo   in   cs us sy id wa st gu
12  6 136800 142452564 1969988 34280040    0    0 463184 361676 169848 434292 12  4 78  7  0  0
10  9 136800 142444428 1969992 34280044    0    0 464048 356508 170872 436624 12  4 78  7  0  0
10  9 136800 142441852 1969992 34280056    0    0 460992 372616 170059 431922 12  4 78  7  0  0
11  9 136800 142445152 1969992 34280068    0    0 472512 361364 171454 440288 12  4 78  7  0  0
18  2 136800 142443708 1969992 34280080    0    0 469664 366844 171650 439267 12  4 77  7  0  0
19  2 136800 142447100 1969992 34280088    0    0 467936 357016 171202 440601 12  4 78  7  0  0
16  4 136800 142447988 1969992 34280100    0    0 470032 357144 171148 440900 12  4 78  7  0  0
14  6 136800 142437904 1969992 34280108    0    0 461616 372796 169991 432648 12  4 78  7  0  0
13  4 136800 142441860 1969992 34280116    0    0 466592 361560 170535 440419 12  4 78  7  0  0
15  5 136800 142443100 1969992 34280128    0    0 470032 349156 170631 443565 12  4 77  7  0  0
 3  3 136800 142449300 1969992 34280144    0    0 464592 363000 171026 443067 12  4 78  7  0  0
 9  0 136800 142447336 1969992 34280152    0    0 465312 369520 172070 443653 12  4 78  7  0  0
15  3 136800 142448592 1969992 34280160    0    0 467920 358484 171203 438277 12  4 78  7  0  0
16  2 136800 142443756 1969992 34280168    0    0 466704 359484 170779 442316 12  4 77  7  0  0
13  6 136800 142441376 1969992 34280252    0    0 466448 362508 170973 442824 12  4 78  7  0  0
11  7 136800 142442476 1969992 34280264    0    0 462016 370732 170677 434409 12  4 78  7  0  0
16  4 136800 142443888 1969992 34280272    0    0 464512 348700 170242 445483 12  4 78  7  0  0
17  4 136800 142438336 1969992 34280284    0    0 466336 361456 172195 446178 12  4 78  7  0  0
10  8 136800 142439056 1969992 34280292    0    0 465104 362216 171004 441127 12  4 78  7  0  0
