Linux 6.8.0-60-generic (beast-node3.tp.int.percona.com) 	08/22/2026 	_x86_64_	(80 CPU)

Device            r/s     rMB/s   rrqm/s  %rrqm r_await rareq-sz     w/s     wMB/s   wrqm/s  %wrqm w_await wareq-sz     d/s     dMB/s   drqm/s  %drqm d_await dareq-sz     f/s f_await  aqu-sz  %util
loop0            0.00      0.00     0.00   0.00    0.00     1.00    0.00      0.00     0.00   0.00    0.00     0.00    0.00      0.00     0.00   0.00    0.00     0.00    0.00    0.00    0.00   0.00
nvme0n1       1754.78     27.76     0.01   0.00    0.05    16.20 1798.79     30.54    29.55   1.62    0.04    17.39    0.00      0.00     0.00   0.00    0.00     0.00    0.00    0.00    0.05   4.76
sda            143.38      2.24     0.87   0.60    0.00    16.02   96.85      1.65    38.66  28.53    0.84    17.41    0.01      0.11     0.00   0.00    0.29  7851.28   29.23    0.18    0.09   1.16


Device            r/s     rMB/s   rrqm/s  %rrqm r_await rareq-sz     w/s     wMB/s   wrqm/s  %wrqm w_await wareq-sz     d/s     dMB/s   drqm/s  %drqm d_await dareq-sz     f/s f_await  aqu-sz  %util
loop0            0.00      0.00     0.00   0.00    0.00     0.00    0.00      0.00     0.00   0.00    0.00     0.00    0.00      0.00     0.00   0.00    0.00     0.00    0.00    0.00    0.00   0.00
nvme0n1       3408.00     53.25     0.00   0.00    0.18    16.00 4812.00    114.95     0.00   0.00    0.05    24.46    0.00      0.00     0.00   0.00    0.00     0.00    0.00    0.00    0.84  51.00
sda              0.00      0.00     0.00   0.00    0.00     0.00   16.00      0.07     1.00   5.88    0.38     4.25    0.00      0.00     0.00   0.00    0.00     0.00    0.00    0.00    0.01   0.00


Device            r/s     rMB/s   rrqm/s  %rrqm r_await rareq-sz     w/s     wMB/s   wrqm/s  %wrqm w_await wareq-sz     d/s     dMB/s   drqm/s  %drqm d_await dareq-sz     f/s f_await  aqu-sz  %util
loop0            0.00      0.00     0.00   0.00    0.00     0.00    0.00      0.00     0.00   0.00    0.00     0.00    0.00      0.00     0.00   0.00    0.00     0.00    0.00    0.00    0.00   0.00
nvme0n1       3279.00     51.23     0.00   0.00    0.19    16.00 11288.00    285.16     5.00   0.04    0.05    25.87    0.00      0.00     0.00   0.00    0.00     0.00    0.00    0.00    1.19  61.00
sda              0.00      0.00     0.00   0.00    0.00     0.00    0.00      0.00     0.00   0.00    0.00     0.00    0.00      0.00     0.00   0.00    0.00     0.00    0.00    0.00    0.00   0.00


Device            r/s     rMB/s   rrqm/s  %rrqm r_await rareq-sz     w/s     wMB/s   wrqm/s  %wrqm w_await wareq-sz     d/s     dMB/s   drqm/s  %drqm d_await dareq-sz     f/s f_await  aqu-sz  %util
loop0            0.00      0.00     0.00   0.00    0.00     0.00    0.00      0.00     0.00   0.00    0.00     0.00    0.00      0.00     0.00   0.00    0.00     0.00    0.00    0.00    0.00   0.00
nvme0n1       3405.94     53.22     0.00   0.00    0.19    16.00 10833.66    271.88     0.00   0.00    0.05    25.70    0.00      0.00     0.00   0.00    0.00     0.00    0.00    0.00    1.18  57.92
sda              0.00      0.00     0.00   0.00    0.00     0.00    0.00      0.00     0.00   0.00    0.00     0.00    0.00      0.00     0.00   0.00    0.00     0.00    0.00    0.00    0.00   0.00


Device            r/s     rMB/s   rrqm/s  %rrqm r_await rareq-sz     w/s     wMB/s   wrqm/s  %wrqm w_await wareq-sz     d/s     dMB/s   drqm/s  %drqm d_await dareq-sz     f/s f_await  aqu-sz  %util
loop0            0.00      0.00     0.00   0.00    0.00     0.00    0.00      0.00     0.00   0.00    0.00     0.00    0.00      0.00     0.00   0.00    0.00     0.00    0.00    0.00    0.00   0.00
nvme0n1       3480.00     54.37     0.00   0.00    0.19    16.00 10642.00    268.04     0.00   0.00    0.05    25.79    0.00      0.00     0.00   0.00    0.00     0.00    0.00    0.00    1.16  60.00
sda              0.00      0.00     0.00   0.00    0.00     0.00    0.00      0.00     0.00   0.00    0.00     0.00    0.00      0.00     0.00   0.00    0.00     0.00    0.00    0.00    0.00   0.00


Device            r/s     rMB/s   rrqm/s  %rrqm r_await rareq-sz     w/s     wMB/s   wrqm/s  %wrqm w_await wareq-sz     d/s     dMB/s   drqm/s  %drqm d_await dareq-sz     f/s f_await  aqu-sz  %util
loop0            0.00      0.00     0.00   0.00    0.00     0.00    0.00      0.00     0.00   0.00    0.00     0.00    0.00      0.00     0.00   0.00    0.00     0.00    0.00    0.00    0.00   0.00
nvme0n1       5275.00     82.42     0.00   0.00    0.20    16.00 15000.00    382.19     0.00   0.00    0.05    26.09    0.00      0.00     0.00   0.00    0.00     0.00    0.00    0.00    1.80  76.70
sda              0.00      0.00     0.00   0.00    0.00     0.00    2.00      0.07    17.00  89.47    0.50    38.00    0.00      0.00     0.00   0.00    0.00     0.00    2.00    0.00    0.00   0.00


Device            r/s     rMB/s   rrqm/s  %rrqm r_await rareq-sz     w/s     wMB/s   wrqm/s  %wrqm w_await wareq-sz     d/s     dMB/s   drqm/s  %drqm d_await dareq-sz     f/s f_await  aqu-sz  %util
loop0            0.00      0.00     0.00   0.00    0.00     0.00    0.00      0.00     0.00   0.00    0.00     0.00    0.00      0.00     0.00   0.00    0.00     0.00    0.00    0.00    0.00   0.00
nvme0n1       4475.00     69.92     0.00   0.00    0.19    16.00 10876.00    268.50     0.00   0.00    0.05    25.28    0.00      0.00     0.00   0.00    0.00     0.00    0.00    0.00    1.34  67.60
sda              0.00      0.00     0.00   0.00    0.00     0.00    0.00      0.00     0.00   0.00    0.00     0.00    0.00      0.00     0.00   0.00    0.00     0.00    0.00    0.00    0.00   0.00


Device            r/s     rMB/s   rrqm/s  %rrqm r_await rareq-sz     w/s     wMB/s   wrqm/s  %wrqm w_await wareq-sz     d/s     dMB/s   drqm/s  %drqm d_await dareq-sz     f/s f_await  aqu-sz  %util
loop0            0.00      0.00     0.00   0.00    0.00     0.00    0.00      0.00     0.00   0.00    0.00     0.00    0.00      0.00     0.00   0.00    0.00     0.00    0.00    0.00    0.00   0.00
nvme0n1       3466.00     54.16     0.00   0.00    0.18    16.00 9968.00    252.70     5.00   0.05    0.05    25.96    0.00      0.00     0.00   0.00    0.00     0.00    0.00    0.00    1.13  57.90
sda              0.00      0.00     0.00   0.00    0.00     0.00    0.00      0.00     0.00   0.00    0.00     0.00    0.00      0.00     0.00   0.00    0.00     0.00    0.00    0.00    0.00   0.00


Device            r/s     rMB/s   rrqm/s  %rrqm r_await rareq-sz     w/s     wMB/s   wrqm/s  %wrqm w_await wareq-sz     d/s     dMB/s   drqm/s  %drqm d_await dareq-sz     f/s f_await  aqu-sz  %util
loop0            0.00      0.00     0.00   0.00    0.00     0.00    0.00      0.00     0.00   0.00    0.00     0.00    0.00      0.00     0.00   0.00    0.00     0.00    0.00    0.00    0.00   0.00
nvme0n1       3525.00     55.08     0.00   0.00    0.19    16.00 11252.00    282.53     0.00   0.00    0.05    25.71    0.00      0.00     0.00   0.00    0.00     0.00    0.00    0.00    1.22  62.40
sda              0.00      0.00     0.00   0.00    0.00     0.00    0.00      0.00     0.00   0.00    0.00     0.00    0.00      0.00     0.00   0.00    0.00     0.00    0.00    0.00    0.00   0.00


Device            r/s     rMB/s   rrqm/s  %rrqm r_await rareq-sz     w/s     wMB/s   wrqm/s  %wrqm w_await wareq-sz     d/s     dMB/s   drqm/s  %drqm d_await dareq-sz     f/s f_await  aqu-sz  %util
loop0            0.00      0.00     0.00   0.00    0.00     0.00    0.00      0.00     0.00   0.00    0.00     0.00    0.00      0.00     0.00   0.00    0.00     0.00    0.00    0.00    0.00   0.00
nvme0n1       5253.47     82.09     0.00   0.00    0.21    16.00 17147.52    442.40     0.00   0.00    0.05    26.42    0.00      0.00     0.00   0.00    0.00     0.00    0.00    0.00    1.97  77.52
sda              0.00      0.00     0.00   0.00    0.00     0.00    0.00      0.00     0.00   0.00    0.00     0.00    0.00      0.00     0.00   0.00    0.00     0.00    0.00    0.00    0.00   0.00


Device            r/s     rMB/s   rrqm/s  %rrqm r_await rareq-sz     w/s     wMB/s   wrqm/s  %wrqm w_await wareq-sz     d/s     dMB/s   drqm/s  %drqm d_await dareq-sz     f/s f_await  aqu-sz  %util
loop0            0.00      0.00     0.00   0.00    0.00     0.00    0.00      0.00     0.00   0.00    0.00     0.00    0.00      0.00     0.00   0.00    0.00     0.00    0.00    0.00    0.00   0.00
nvme0n1       3530.00     55.16     0.00   0.00    0.18    16.00 8777.00    214.06     0.00   0.00    0.05    24.97    0.00      0.00     0.00   0.00    0.00     0.00    0.00    0.00    1.07  56.30
sda              0.00      0.00     0.00   0.00    0.00     0.00    1.00      0.02     3.00  75.00    0.00    16.00    0.00      0.00     0.00   0.00    0.00     0.00    0.00    0.00    0.00   0.00


Device            r/s     rMB/s   rrqm/s  %rrqm r_await rareq-sz     w/s     wMB/s   wrqm/s  %wrqm w_await wareq-sz     d/s     dMB/s   drqm/s  %drqm d_await dareq-sz     f/s f_await  aqu-sz  %util
loop0            0.00      0.00     0.00   0.00    0.00     0.00    0.00      0.00     0.00   0.00    0.00     0.00    0.00      0.00     0.00   0.00    0.00     0.00    0.00    0.00    0.00   0.00
nvme0n1       3715.00     58.05     0.00   0.00    0.19    16.00 10487.00    257.79     0.00   0.00    0.05    25.17    0.00      0.00     0.00   0.00    0.00     0.00    0.00    0.00    1.19  62.70
sda              0.00      0.00     0.00   0.00    0.00     0.00    3.00      0.01     0.00   0.00    0.33     4.00    0.00      0.00     0.00   0.00    0.00     0.00    2.00    0.00    0.00   0.10


Device            r/s     rMB/s   rrqm/s  %rrqm r_await rareq-sz     w/s     wMB/s   wrqm/s  %wrqm w_await wareq-sz     d/s     dMB/s   drqm/s  %drqm d_await dareq-sz     f/s f_await  aqu-sz  %util
loop0            0.00      0.00     0.00   0.00    0.00     0.00    0.00      0.00     0.00   0.00    0.00     0.00    0.00      0.00     0.00   0.00    0.00     0.00    0.00    0.00    0.00   0.00
nvme0n1       3656.00     57.14     0.00   0.00    0.19    16.00 10151.00    255.47     4.00   0.04    0.05    25.77    0.00      0.00     0.00   0.00    0.00     0.00    0.00    0.00    1.18  63.00
sda              0.00      0.00     0.00   0.00    0.00     0.00    0.00      0.00     0.00   0.00    0.00     0.00    0.00      0.00     0.00   0.00    0.00     0.00    0.00    0.00    0.00   0.00


Device            r/s     rMB/s   rrqm/s  %rrqm r_await rareq-sz     w/s     wMB/s   wrqm/s  %wrqm w_await wareq-sz     d/s     dMB/s   drqm/s  %drqm d_await dareq-sz     f/s f_await  aqu-sz  %util
loop0            0.00      0.00     0.00   0.00    0.00     0.00    0.00      0.00     0.00   0.00    0.00     0.00    0.00      0.00     0.00   0.00    0.00     0.00    0.00    0.00    0.00   0.00
nvme0n1       3937.00     61.50     0.00   0.00    0.19    16.00 13716.00    348.53     0.00   0.00    0.05    26.02    0.00      0.00     0.00   0.00    0.00     0.00    0.00    0.00    1.45  65.40
sda              0.00      0.00     0.00   0.00    0.00     0.00    0.00      0.00     0.00   0.00    0.00     0.00    0.00      0.00     0.00   0.00    0.00     0.00    0.00    0.00    0.00   0.00


Device            r/s     rMB/s   rrqm/s  %rrqm r_await rareq-sz     w/s     wMB/s   wrqm/s  %wrqm w_await wareq-sz     d/s     dMB/s   drqm/s  %drqm d_await dareq-sz     f/s f_await  aqu-sz  %util
loop0            0.00      0.00     0.00   0.00    0.00     0.00    0.00      0.00     0.00   0.00    0.00     0.00    0.00      0.00     0.00   0.00    0.00     0.00    0.00    0.00    0.00   0.00
nvme0n1       5194.00     81.16     0.00   0.00    0.19    16.00 12541.00    323.75     0.00   0.00    0.05    26.43    0.00      0.00     0.00   0.00    0.00     0.00    0.00    0.00    1.61  73.50
sda              0.00      0.00     0.00   0.00    0.00     0.00    0.00      0.00     0.00   0.00    0.00     0.00    0.00      0.00     0.00   0.00    0.00     0.00    0.00    0.00    0.00   0.00


Device            r/s     rMB/s   rrqm/s  %rrqm r_await rareq-sz     w/s     wMB/s   wrqm/s  %wrqm w_await wareq-sz     d/s     dMB/s   drqm/s  %drqm d_await dareq-sz     f/s f_await  aqu-sz  %util
loop0            0.00      0.00     0.00   0.00    0.00     0.00    0.00      0.00     0.00   0.00    0.00     0.00    0.00      0.00     0.00   0.00    0.00     0.00    0.00    0.00    0.00   0.00
nvme0n1       6686.00    104.47     0.00   0.00    0.19    16.00 13885.00    343.45     0.00   0.00    0.05    25.33    0.00      0.00     0.00   0.00    0.00     0.00    0.00    0.00    1.91  85.50
sda              0.00      0.00     0.00   0.00    0.00     0.00    2.00      0.04     9.00  81.82    0.00    22.00    0.00      0.00     0.00   0.00    0.00     0.00    2.00    0.00    0.00   0.10


Device            r/s     rMB/s   rrqm/s  %rrqm r_await rareq-sz     w/s     wMB/s   wrqm/s  %wrqm w_await wareq-sz     d/s     dMB/s   drqm/s  %drqm d_await dareq-sz     f/s f_await  aqu-sz  %util
loop0            0.00      0.00     0.00   0.00    0.00     0.00    0.00      0.00     0.00   0.00    0.00     0.00    0.00      0.00     0.00   0.00    0.00     0.00    0.00    0.00    0.00   0.00
nvme0n1       7614.00    118.97     0.00   0.00    0.19    16.00 14299.00    350.12     0.00   0.00    0.05    25.07    0.00      0.00     0.00   0.00    0.00     0.00    0.00    0.00    2.10  86.80
sda              0.00      0.00     0.00   0.00    0.00     0.00    0.00      0.00     0.00   0.00    0.00     0.00    0.00      0.00     0.00   0.00    0.00     0.00    0.00    0.00    0.00   0.00


Device            r/s     rMB/s   rrqm/s  %rrqm r_await rareq-sz     w/s     wMB/s   wrqm/s  %wrqm w_await wareq-sz     d/s     dMB/s   drqm/s  %drqm d_await dareq-sz     f/s f_await  aqu-sz  %util
loop0            0.00      0.00     0.00   0.00    0.00     0.00    0.00      0.00     0.00   0.00    0.00     0.00    0.00      0.00     0.00   0.00    0.00     0.00    0.00    0.00    0.00   0.00
nvme0n1       9727.00    151.98     0.00   0.00    0.18    16.00 14170.00    347.88     5.00   0.04    0.05    25.14    0.00      0.00     0.00   0.00    0.00     0.00    0.00    0.00    2.48  93.70
sda              0.00      0.00     0.00   0.00    0.00     0.00    0.00      0.00     0.00   0.00    0.00     0.00    0.00      0.00     0.00   0.00    0.00     0.00    0.00    0.00    0.00   0.00

