procs -----------memory---------- ---swap-- -----io---- -system-- -------cpu-------
 r  b   swpd   free   buff  cache   si   so    bi    bo   in   cs us sy id wa st gu
 4  0 136800 6875740 1730792 38454040    4    6 30201 32377 19672    7  4  1 95  1  0  0
31  0 136800 6806140 1730792 38454120    0    0     0 320032 95645 36458 40  1 60  0  0  0
35  0 136800 6697728 1730792 38454124    0    0     0 359920 148256 614549 31  7 62  0  0  0
35  1 136800 6693136 1730792 38454132    0    0     0 549628 159495 905360 35 10 55  1  0  0
37  1 136800 6701640 1730792 38454140    0    0     0 555140 162116 905086 34 10 55  1  0  0
38  0 136800 6686408 1730796 38454148    0    0     0 562876 171227 919891 35 10 55  1  0  0
36  0 136800 6691708 1730796 38454164    0    0     0 561804 164865 917001 34 10 55  1  0  0
36  1 136800 6699664 1730796 38454172    0    0     0 562020 164061 909013 34 10 56  1  0  0
37  0 136800 6707880 1730796 38454180    0    0     0 560984 164090 898662 34 10 56  1  0  0
38  0 136800 6714756 1730796 38454192    0    0     0 563028 163238 918016 34 10 56  1  0  0
36  1 136800 6724464 1730800 38454196    0    0     0 564744 166193 920700 34 10 55  1  0  0
35  0 136800 6732788 1730800 38454216    0    0     0 566488 165621 926812 34 10 55  1  0  0
33  0 136800 6728784 1730800 38454224    0    0     0 565476 164177 924935 34 10 55  1  0  0
37  1 136800 6724036 1730800 38454232    0    0     0 565012 164237 917388 34 10 55  1  0  0
38  0 136800 6734228 1730800 38454240    0    0     0 565640 164273 920445 34 10 56  1  0  0
33  1 136800 6732596 1730800 38454252    0    0     0 562952 164634 907056 34 10 56  1  0  0
41  0 136800 6730704 1730800 38454264    0    0     0 566628 163799 915195 34 10 56  1  0  0
35  1 136800 6730640 1730800 38454272    0    0     0 565456 162842 894291 33  9 56  1  0  0
41  0 136800 6726664 1730800 38454280    0    0     0 574496 164571 913496 34 10 56  1  0  0
37  0 136800 6716420 1730800 38454288    0    0     0 585280 167228 934764 34 10 55  1  0  0
37  1 136800 6720428 1730808 38454296    0    0     0 568088 164422 921420 34 10 55  1  0  0
procs -----------memory---------- ---swap-- -----io---- -system-- -------cpu-------
 r  b   swpd   free   buff  cache   si   so    bi    bo   in   cs us sy id wa st gu
40  0 136800 6719680 1730808 38454312    0    0     0 569280 164698 915468 34 10 55  1  0  0
36  0 136800 6713696 1730808 38454320    0    0     0 570368 165301 913955 34 10 55  1  0  0
38  0 136800 6705444 1730808 38454328    0    0     0 556404 160941 898998 34 10 56  1  0  0
34  0 136800 6712304 1730808 38454340    0    0     0 556588 159534 899811 34  9 56  1  0  0
37  0 136800 6718876 1730808 38454348    0    0     0 562756 166017 888558 33 10 56  1  0  0
37  0 136800 6710572 1730816 38454360    0    0     0 567928 162571 890958 34 10 56  1  0  0
38  0 136800 6715172 1730816 38454368    0    0     0 567308 162316 898854 34 10 56  1  0  0
35  0 136800 6716676 1730816 38454380    0    0     0 560820 160252 857884 32  9 58  1  0  0
40  1 136800 6717688 1730816 38454392    0    0     0 569588 163200 910228 34 10 55  1  0  0
35  0 136800 6717900 1730816 38454400    0    0     0 569424 163605 917997 34 10 55  1  0  0
34  0 136800 6720476 1730816 38454412    0    0     0 572564 165195 923332 34 10 55  1  0  0
37  0 136800 6727500 1730816 38454428    0    0     0 572696 164283 921441 34 10 55  1  0  0
35  0 136800 6723028 1730816 38454436    0    0     0 590424 164632 924563 35 10 55  1  0  0
37  1 136800 6719976 1730816 38454448    0    0     0 590648 165450 924903 34 10 55  1  0  0
40  1 136800 6711848 1730824 38454456    0    0     0 586868 164824 909482 34 10 55  1  0  0
40  0 136800 6712232 1730824 38454464    0    0     0 589380 164778 918450 34 10 55  1  0  0
36  0 136800 6712780 1730824 38454476    0    0     0 584388 164979 898206 34 10 56  1  0  0
40  0 136800 6716368 1730824 38454484    0    0     0 570532 159632 890694 33 10 56  1  0  0
39  0 136800 6720752 1730824 38454496    0    0     0 581564 163255 895123 34  9 56  1  0  0
37  1 136800 6719600 1730824 38454504    0    0     0 594224 167250 919892 34 10 55  1  0  0
38  0 136800 6723556 1730824 38454516    0    0     0 591648 165652 924279 34 10 55  1  0  0
procs -----------memory---------- ---swap-- -----io---- -system-- -------cpu-------
 r  b   swpd   free   buff  cache   si   so    bi    bo   in   cs us sy id wa st gu
35  1 136800 6733920 1730824 38454528    0    0     0 580020 161859 915569 34 10 55  1  0  0
34  1 136800 6731580 1730824 38454536    0    0     0 577536 163249 896906 34  9 56  1  0  0
35  0 136800 6724492 1730824 38454548    0    0     0 594172 166676 922048 34 10 55  1  0  0
35  1 136800 6719592 1730824 38454556    0    0     0 590392 164324 910943 34 10 56  1  0  0
35  0 136800 6718044 1730828 38454564    0    0     0 589952 163544 909882 34 10 56  1  0  0
36  0 136800 6722008 1730828 38454580    0    0     0 587804 163036 896601 34 10 56  1  0  0
35  0 136800 6717424 1730828 38454596    0    0     0 592180 165946 920530 34 10 55  1  0  0
34  0 136800 6708936 1730828 38454604    0    0     0 592136 164137 918416 34 10 55  1  0  0
41  0 136800 6712536 1730828 38454612    0    0     0 591788 164102 919373 34 10 56  1  0  0
38  0 136800 6714200 1730832 38454616    0    0     0 592172 166025 927718 34 10 55  1  0  0
34  0 136800 6714292 1730832 38454632    0    0     0 593108 166729 926268 35 10 55  1  0  0
36  1 136800 6724568 1730832 38454704    0    0     0 592520 166105 926815 34 10 55  1  0  0
36  0 136800 6721316 1730832 38454712    0    0     0 592704 166340 916712 34 10 55  1  0  0
40  0 136800 6718892 1730836 38454716    0    0     0 590856 164403 914601 34 10 56  1  0  0
39  0 136800 6726784 1730840 38454728    0    0     0 590124 164357 902094 34  9 56  1  0  0
34  1 136800 6722180 1730840 38454744    0    0     0 573924 159779 882303 33  9 56  1  0  0
35  0 136800 6714912 1730840 38454756    0    0     0 572900 159760 887079 34  9 56  1  0  0
37  1 136800 6714356 1730840 38454764    0    0     0 583556 161259 895947 34 10 56  1  0  0
36  0 136800 6712708 1730840 38454772    0    0     0 578728 160400 893310 34  9 56  1  0  0
35  0 136800 6713708 1730840 38454780    0    0     0 583156 160777 905807 34 10 55  1  0  0
35  0 136800 6708788 1730844 38454796    0    0     0 581824 160424 887261 34  9 56  1  0  0
procs -----------memory---------- ---swap-- -----io---- -system-- -------cpu-------
 r  b   swpd   free   buff  cache   si   so    bi    bo   in   cs us sy id wa st gu
39  0 136800 6704768 1730844 38454804    0    0     0 605920 164452 920081 34 10 55  1  0  0
36  0 136800 6713652 1730844 38454820    0    0     0 602940 164273 911087 34 10 56  1  0  0
36  0 136800 6711924 1730844 38454832    0    0     0 599832 165388 910566 34 10 55  1  0  0
37  0 136800 6710852 1730844 38454840    0    0     0 601500 164213 891150 33 10 56  1  0  0
37  0 136800 6706240 1730848 38454852    0    0     0 606588 166185 920785 34  9 56  1  0  0
35  1 136800 6707196 1730848 38454864    0    0     0 607800 167200 926134 34 10 55  1  0  0
37  0 136800 6711264 1730848 38454872    0    0     0 604884 165365 923578 34 10 56  1  0  0
36  0 136800 6716156 1730848 38454880    0    0     0 607700 166676 926947 34 10 55  1  0  0
39  0 136800 6712456 1730848 38454884    0    0     0 607268 166550 918771 35 10 55  1  0  0
33  0 136800 6708452 1730852 38454896    0    0     0 607520 165944 913769 34 10 56  1  0  0
37  1 136800 6707440 1730852 38454900    0    0     0 605300 164812 897205 33  9 56  1  0  0
40  0 136800 6715340 1730852 38454920    0    0     0 591688 161616 894136 34 10 56  1  0  0
39  0 136800 6715948 1730852 38454928    0    0     0 592184 160378 863396 32  9 58  1  0  0
36  0 136800 6713336 1730852 38454936    0    0     0 607884 165700 907731 34  9 56  1  0  0
41  0 136800 6714280 1730856 38454944    0    0     0 607812 165011 920069 34 10 55  1  0  0
36  0 136800 6712404 1730856 38454960    0    0     0 606940 167309 924562 34 10 55  1  0  0
36  0 136800 6708028 1730856 38454968    0    0     0 594712 163930 903691 34 10 55  1  0  0
37  1 136800 6705468 1730856 38454976    0    0     0 597372 162177 901135 34 10 56  1  0  0
36  0 136800 6707104 1730856 38454988    0    0     0 607968 165929 922000 34 10 55  1  0  0
37  0 136800 6708040 1730864 38454992    0    0     0 607760 167102 913299 34 10 56  1  0  0
39  0 136800 6717336 1730864 38455012    0    0     0 608888 165456 916091 34 10 56  1  0  0
procs -----------memory---------- ---swap-- -----io---- -system-- -------cpu-------
 r  b   swpd   free   buff  cache   si   so    bi    bo   in   cs us sy id wa st gu
34  1 136800 6709940 1730864 38455024    0    0     0 608152 165185 899259 33 10 56  1  0  0
36  0 136800 6707044 1730864 38455032    0    0     0 621744 165665 912271 34 10 56  1  0  0
37  0 136800 6707020 1730864 38455040    0    0     0 606224 164540 913046 34 10 55  1  0  0
34  0 136800 6709156 1730872 38455044    0    0     0 608712 166770 923935 34 10 55  1  0  0
35  0 136800 6711280 1730872 38455060    0    0     0 605000 166082 922070 34 10 55  1  0  0
33  1 136800 6715440 1730872 38455068    0    0     0 608312 165847 928067 35 10 55  1  0  0
36  0 136800 6714480 1730872 38455076    0    0     0 620404 167341 933528 34 10 55  1  0  0
37  1 136800 6714244 1730872 38455088    0    0     0 608976 166993 927737 34 10 55  1  0  0
38  0 136800 6713088 1730872 38455100    0    0     0 596064 162061 907622 34 10 55  1  0  0
38  1 136800 6707816 1730872 38455112    0    0     0 605680 162136 886485 33  9 56  1  0  0
38  1 136800 6706912 1730872 38455120    0    0     0 616124 166007 898921 34  9 56  1  0  0
36  0 136800 6702612 1730872 38455128    0    0     0 619124 166200 914638 34 10 56  1  0  0
41  0 136800 6710476 1730872 38455144    0    0     0 601748 160464 898920 34 10 56  1  0  0
40  0 136800 6713832 1730872 38455160    0    0     0 608428 162095 887717 34  9 56  1  0  0
37  0 136800 6717424 1730872 38455172    0    0     0 624704 165782 929347 34 10 55  1  0  0
39  0 136800 6713508 1730872 38455180    0    0     0 621504 166150 927137 34 10 55  1  0  0
34  1 136800 6711800 1730872 38455188    0    0     0 622544 167223 919989 34 10 55  1  0  0
37  0 136800 6705328 1730876 38455196    0    0     0 620884 165471 916218 34 10 56  1  0  0
36  0 136800 6710808 1730876 38455212    0    0     0 627772 165504 911680 34  9 56  1  0  0
38  0 136800 6707804 1730876 38455224    0    0     0 618792 164886 897090 33 10 56  1  0  0
38  0 136800 6707068 1730876 38455232    0    0     0 619308 164669 917993 34 10 56  1  0  0
procs -----------memory---------- ---swap-- -----io---- -system-- -------cpu-------
 r  b   swpd   free   buff  cache   si   so    bi    bo   in   cs us sy id wa st gu
39  0 136800 6706380 1730876 38455240    0    0     0 618332 165120 922775 34 10 55  1  0  0
33  1 136800 6708192 1730888 38455244    0    0     0 616252 164783 916711 34 10 56  1  0  0
36  1 136800 6706148 1730888 38455256    0    0     0 618524 164133 921724 34 10 55  1  0  0
36  0 136800 6704184 1730888 38455264    0    0     0 616060 164531 914710 34 10 55  1  0  0
36  0 136800 6704064 1730888 38455276    0    0     0 614896 165576 906226 34 10 56  1  0  0
41  0 136800 6701416 1730888 38455284    0    0     0 603536 161544 895484 34 10 56  1  0  0
37  0 136800 6713596 1730892 38455300    0    0     0 598824 160314 881264 33  9 57  1  0  0
34  1 136800 6709596 1730892 38455308    0    0     0 602636 160327 885024 33  9 56  1  0  0
37  1 136800 6708032 1730892 38455384    0    0     0 603380 161162 884070 33 10 56  1  0  0
38  0 136800 6712420 1730892 38455396    0    0     0 592328 158856 881825 34  9 56  1  0  0
33  1 136800 6704248 1730892 38455408    0    0     0 607108 161853 891410 33  9 56  1  0  0
36  0 136800 6703592 1730896 38455412    0    0     0 621716 166308 924561 34 10 55  1  0  0
36  1 136800 6716656 1730896 38455424    0    0     0 639960 167566 935604 34 10 56  1  0  0
35  1 136800 6718004 1730896 38455432    0    0     0 620584 165508 915766 34 10 55  1  0  0
36  0 136800 6712848 1730896 38455444    0    0     0 619912 165792 910412 34 10 56  1  0  0
35  0 136800 6708480 1730916 38455452    0    0     0 615540 163588 871749 32  9 58  1  0  0
35  0 136800 6713892 1730916 38455468    0    0     0 615508 165137 893751 33  9 56  1  0  0
35  1 136800 6710208 1730916 38455480    0    0     0 620720 164579 922179 34 10 56  1  0  0
37  1 136800 6719524 1730916 38455484    0    0     0 625548 164635 921145 34 10 56  1  0  0
40  0 136800 6714960 1730916 38455496    0    0     0 627076 165101 922392 34 10 56  1  0  0
38  0 136800 6722984 1730920 38455508    0    0     0 627556 166919 920599 34 10 56  1  0  0
procs -----------memory---------- ---swap-- -----io---- -system-- -------cpu-------
 r  b   swpd   free   buff  cache   si   so    bi    bo   in   cs us sy id wa st gu
36  0 136800 6716096 1730920 38455516    0    0     0 614368 163507 900287 34  9 55  1  0  0
34  0 136800 6720848 1730920 38455524    0    0     0 613312 163074 892988 33  9 56  1  0  0
39  1 136800 6716088 1730920 38455536    0    0     0 621356 164726 892211 33  9 57  1  0  0
35  0 136800 6706428 1730920 38455560    0    0     0 620800 164529 888490 34  9 56  1  0  0
40  0 136800 6701648 1730920 38455568    0    0     0 626480 166197 922666 34 10 56  1  0  0
34  0 136800 6703232 1730924 38455572    0    0     0 626340 165671 914588 34 10 56  1  0  0
40  1 136800 6702912 1730924 38455584    0    0     0 609664 160915 888721 34  9 56  1  0  0
38  1 136800 6700664 1730924 38455592    0    0     0 613112 163922 900796 34  9 55  1  0  0
41  0 136800 6697960 1730924 38455604    0    0     0 624888 168817 927118 35 10 55  1  0  0
36  0 136800 6698172 1730924 38455616    0    0     0 625928 166457 917215 34 10 55  1  0  0
37  0 136800 6699952 1730928 38455620    0    0     0 624948 165287 916610 34 10 56  1  0  0
34  1 136800 6700644 1730928 38455632    0    0     0 622048 164909 900534 33  9 56  1  0  0
39  0 136800 6701744 1730928 38455640    0    0     0 622916 165578 902279 34  9 56  1  0  0
37  0 136800 6699808 1730928 38455656    0    0     0 619452 164261 885761 33  9 57  1  0  0
35  0 136800 6706928 1730928 38455664    0    0     0 624676 165056 910590 34 10 55  1  0  0
36  0 136800 6704680 1730928 38455672    0    0     0 622760 166146 913787 34 10 55  1  0  0
35  0 136800 6712968 1730928 38455680    0    0     0 623964 165731 916759 34 10 55  1  0  0
39  1 136800 6707968 1730928 38455688    0    0     0 611908 163291 903856 34 10 55  1  0  0
36  0 136800 6707944 1730928 38455700    0    0     0 615856 162106 886770 33  9 56  1  0  0
37  1 136800 6711500 1730928 38455712    0    0     0 626652 166122 919448 34 10 56  1  0  0
36  0 136800 6712692 1730928 38455724    0    0     0 621544 164229 886465 33  9 57  1  0  0
procs -----------memory---------- ---swap-- -----io---- -system-- -------cpu-------
 r  b   swpd   free   buff  cache   si   so    bi    bo   in   cs us sy id wa st gu
35  0 136800 6711644 1730940 38455724    0    0     0 621756 163332 894727 33  9 56  1  0  0
34  0 136800 6708032 1730940 38455740    0    0     0 623532 164452 914515 34 10 56  1  0  0
35  0 136800 6707848 1730940 38455756    0    0     0 610176 161416 898617 34 10 56  1  0  0
36  1 136800 6703404 1730940 38455768    0    0     0 610712 163267 887554 34 10 56  1  0  0
35  0 136800 6703344 1730940 38455768    0    0     0 626320 168473 918431 34 10 56  1  0  0
38  0 136800 6700812 1730948 38455784    0    0     0 624900 168677 908243 34 10 56  1  0  0
35  0 136800 6702940 1730948 38455792    0    0     0 634236 171498 920967 34 10 55  1  0  0
37  1 136800 6702180 1730948 38455804    0    0     0 629576 166912 909094 34 10 56  1  0  0
36  1 136800 6709476 1730952 38455816    0    0     0 628576 165981 908504 34 10 56  1  0  0
36  0 136800 6710744 1730952 38455824    0    0     0 624104 165073 877224 33  9 57  1  0  0
34  1 136800 6712160 1730956 38455828    0    0     0 628368 165997 914764 34 10 56  1  0  0
37  0 136800 6711852 1730956 38455844    0    0     0 626424 166751 918784 34 10 56  1  0  0
46  0 136800 6709676 1730956 38455852    0    0     0 629244 166668 922742 34 10 55  1  0  0
45  0 136800 6708168 1730964 38455868    0    0     0 637040 168056 925723 34 10 55  1  0  0
31  9 136800 6708948 1730964 38455880    0    0     0 627188 163312 905681 34 10 55  1  0  0
23  7 136800 6718256 1730968 38455888    0    0     0 619872 162658 899764 34 10 56  1  0  0
18  9 136800 6715612 1730968 38455904    0    0     0 625980 166736 917551 34 10 55  1  0  0
23  5 136800 6709548 1730968 38455912    0    0     0 624896 164993 883012 33  9 57  1  0  0
11  4 136800 6713396 1730972 38455924    0    0     0 629588 166500 911602 34 10 55  1  0  0
25  7 136800 6707756 1730972 38455932    0    0     0 626196 167178 916707 34 10 56  1  0  0
 7  5 136800 6705720 1730972 38455944    0    0     0 614752 162108 883444 33  9 56  1  0  0
procs -----------memory---------- ---swap-- -----io---- -system-- -------cpu-------
 r  b   swpd   free   buff  cache   si   so    bi    bo   in   cs us sy id wa st gu
 8  3 136800 6705528 1730972 38455956    0    0     0 625980 166026 903211 34 10 56  1  0  0
21  1 136800 6709432 1730972 38455964    0    0     0 633128 166887 926083 34 10 55  1  0  0
47  1 136800 6706272 1730972 38455976    0    0     0 634228 167231 924467 34 10 55  1  0  0
46  1 136800 6711652 1730972 38455984    0    0     0 631560 166693 919566 34 10 56  1  0  0
46  0 136800 6708040 1730972 38455996    0    0     0 636144 167168 920368 34 10 56  1  0  0
33  1 136800 6707528 1730972 38456068    0    0     0 635144 166534 909393 34 10 56  1  0  0
33  1 136800 6705196 1730972 38456076    0    0     0 630116 166757 895601 34 10 56  1  0  0
 9  4 136800 6699880 1730976 38456080    0    0     0 628644 167488 913932 34 10 55  1  0  0
 8  8 136800 6702672 1730976 38456096    0    0     0 637628 166984 919473 34 10 55  1  0  0
13  4 136800 6702432 1730976 38456104    0    0     0 633320 167921 923981 34 10 55  1  0  0
25  3 136800 6716844 1730980 38456112    0    0     0 606392 162379 902118 34 10 56  1  0  0
24  7 136800 6712840 1730980 38456124    0    0     0 625668 164950 902993 34 10 56  1  0  0
30  5 136800 6708312 1730984 38456128    0    0     0 635524 167849 923598 34 10 56  1  0  0
40  4 136800 6713724 1730984 38456144    0    0     0 620704 166335 912670 34 10 56  1  0  0
16  6 136800 6717308 1730984 38456156    0    0     0 628444 166090 897757 33 10 56  1  0  0
26  6 136800 6719124 1730984 38456164    0    0     0 634468 166564 918347 34 10 56  1  0  0
29  3 136800 6712132 1730984 38456172    0    0     0 614280 162240 892398 34 10 56  1  0  0
 6  2 136800 6709900 1730988 38456180    0    0     0 624176 164040 890228 33 10 56  1  0  0
55  3 136800 6719548 1730988 38456196    0    0     0 634824 167478 927411 34 10 55  1  0  0
11  2 136800 6711068 1730988 38456204    0    0     0 628980 168737 926436 34 10 55  1  0  0
18  2 136800 6711336 1730992 38456216    0    0     0 632820 167358 919641 34 10 56  1  0  0
procs -----------memory---------- ---swap-- -----io---- -system-- -------cpu-------
 r  b   swpd   free   buff  cache   si   so    bi    bo   in   cs us sy id wa st gu
43  1 136800 6712984 1730992 38456224    0    0     0 636452 165190 909026 33 10 56  1  0  0
11  3 136800 6715400 1730996 38456228    0    0     0 628496 165781 909538 34 10 56  1  0  0
35  2 136800 6711736 1730996 38456244    0    0     0 627624 164760 891766 33  9 57  1  0  0
38  2 136800 6709752 1730996 38456256    0    0     0 642092 167968 904522 34 10 56  1  0  0
41  2 136800 6711372 1730996 38456264    0    0     0 646188 167363 908935 34 10 56  1  0  0
45  1 136800 6709388 1730996 38456280    0    0     0 642948 170110 921048 34 10 56  1  0  0
11  3 136800 6707580 1731004 38456284    0    0     0 623940 163301 897270 34 10 55  1  0  0
31  5 136800 6703128 1731008 38456308    0    0     0 647984 164687 899092 34 10 56  1  0  0
 6  4 136800 6703640 1731008 38456316    0    0     0 637260 167885 910101 34 10 55  1  0  0
 4  5 136800 6704704 1731008 38456324    0    0     0 648408 167013 910025 34 10 56  1  0  0
21  4 136800 6702656 1731008 38456332    0    0     0 621876 165055 879007 33  9 57  1  0  0
22  3 136800 6696748 1731008 38456340    0    0     0 647296 167401 904139 34 10 56  1  0  0
21  6 136800 6702120 1731016 38456352    0    0     0 616808 163264 895493 34 10 56  1  0  0
40  3 136800 6703520 1731016 38456364    0    0     0 637508 164492 901923 34 10 55  1  0  0
37  4 136800 6707716 1731016 38456376    0    0     0 643480 167820 926083 35 10 55  1  0  0
 9  3 136800 6710684 1731020 38456388    0    0     0 629296 168007 917573 34 10 55  1  0  0
13  3 136800 6712444 1731020 38456396    0    0     0 644128 168516 916040 34 10 56  1  0  0
39  2 136800 6711440 1731024 38456412    0    0     0 636924 168640 915834 34 10 55  1  0  0
23  2 136800 6702192 1731024 38456420    0    0     0 638448 166246 910344 34  9 56  1  0  0
 6  3 136800 6708304 1731024 38456428    0    0     0 624648 164953 902969 33  9 56  1  0  0
19  3 136800 6706324 1731032 38456428    0    0     0 634236 165592 892149 33 10 56  1  0  0
procs -----------memory---------- ---swap-- -----io---- -system-- -------cpu-------
 r  b   swpd   free   buff  cache   si   so    bi    bo   in   cs us sy id wa st gu
14  4 136800 6707448 1731032 38456440    0    0     0 642140 169615 921402 34 10 55  1  0  0
41  4 136800 6713128 1731036 38456452    0    0     0 646264 168504 914579 34 10 55  1  0  0
 8  4 136800 6708604 1731036 38456464    0    0     0 610516 163184 893592 34 10 56  1  0  0
22  6 136800 6707332 1731036 38456476    0    0     0 640348 164853 904303 34 10 55  1  0  0
29  3 136800 6712976 1731036 38456484    0    0     0 628324 167994 923562 34 10 56  1  0  0
 5  6 136800 6712312 1731036 38456492    0    0     0 648076 167623 917990 34 10 56  1  0  0
34  4 136800 6713452 1731040 38456504    0    0     0 616656 166385 907623 34 10 56  1  0  0
40  2 136800 6713596 1731040 38456516    0    0     0 640320 166461 895832 34 10 56  1  0  0
 6  5 136800 6711848 1731040 38456524    0    0     0 624476 163523 889528 34 10 56  1  0  0
 9  1 136800 6707356 1731040 38456532    0    0     0 635620 164430 896652 34 10 56  1  0  0
19  3 136800 6709972 1731040 38456540    0    0     0 647092 168052 924647 34 10 56  1  0  0
17  2 136800 6711464 1731048 38456552    0    0     0 636672 167584 923528 34 10 55  1  0  0
39  3 136800 6712032 1731048 38456568    0    0     0 622824 166123 914240 34 10 56  1  0  0
14  2 136800 6716984 1731048 38456576    0    0     0 637688 167129 914507 34 10 55  1  0  0
47  0 136800 6708928 1731048 38456588    0    0     0 627288 166643 907829 34 10 56  1  0  0
22  3 136800 6709692 1731048 38456600    0    0     0 635196 167155 910416 34 10 56  1  0  0
 6  5 136800 6702312 1731060 38456604    0    0     0 615460 164519 884242 33  9 57  1  0  0
51  1 136800 6701776 1731060 38456628    0    0     0 645988 167553 898497 34  9 56  1  0  0
31  3 136800 6702196 1731060 38456636    0    0     0 636456 168118 917830 34 10 55  1  0  0
36  5 136800 6701800 1731064 38456640    0    0     0 610540 162857 892278 34 10 56  1  0  0
 3  3 136800 6704448 1731068 38456656    0    0     0 634776 164220 892076 34  9 56  1  0  0
procs -----------memory---------- ---swap-- -----io---- -system-- -------cpu-------
 r  b   swpd   free   buff  cache   si   so    bi    bo   in   cs us sy id wa st gu
38  2 136800 6702220 1731072 38456660    0    0     0 631372 167515 920701 34 10 56  1  0  0
12  5 136800 6706776 1731072 38456680    0    0     0 636932 167639 903737 34 10 56  1  0  0
41  3 136800 6717720 1731072 38456776    0    0     0 612548 166286 905822 34 10 56  1  0  0
37  6 136800 6713572 1731072 38456784    0    0     0 639344 165234 873291 32  9 57  1  0  0
24  4 136800 6720280 1731072 38456796    0    0     0 620068 162846 880381 33  9 57  1  0  0
24  4 136800 6712864 1731076 38456800    0    0     0 629060 163318 891903 34  9 56  1  0  0
12  2 136800 6717148 1731076 38456816    0    0     0 649584 167368 917865 34 10 56  1  0  0
42  2 136800 6712776 1731076 38456824    0    0     0 634012 167899 922942 34 10 56  1  0  0
 7  2 136800 6710784 1731076 38456836    0    0     0 646244 167856 918548 34 10 55  1  0  0
 7  3 136800 6708652 1731080 38456848    0    0     0 619032 166107 911155 34 10 56  1  0  0
 8  5 136800 6704728 1731080 38456856    0    0     0 626848 165540 911810 34  9 56  1  0  0
 4  5 136800 6708648 1731116 38456864    0    0     0 623120 164190 896810 33 10 56  1  0  0
37  2 136800 6707208 1731116 38456880    0    0     0 612328 166168 904587 34 10 56  1  0  0
33  6 136800 6713948 1731116 38456884    0    0     0 668096 167672 899194 34 10 56  1  0  0
40  4 136800 6716888 1731116 38456900    0    0     0 621328 165578 918024 34 10 55  1  0  0
43  3 136800 6709992 1731116 38456908    0    0     0 614608 163677 901806 34 10 56  1  0  0
 7  5 136800 6717132 1731116 38456916    0    0     0 639968 164231 900180 34 10 56  1  0  0
25  4 136800 6715300 1731116 38456928    0    0     0 623628 166516 916024 34 10 56  1  0  0
36  8 136800 6720684 1731116 38456940    0    0     0 646016 166354 910688 34 10 56  1  0  0
47  3 136800 6715804 1731116 38456952    0    0     0 592600 164422 897950 33  9 56  1  0  0
 6  3 136800 6711984 1731120 38456956    0    0     0 628968 166568 878983 33  9 57  1  0  0
procs -----------memory---------- ---swap-- -----io---- -system-- -------cpu-------
 r  b   swpd   free   buff  cache   si   so    bi    bo   in   cs us sy id wa st gu
37  2 136800 6710612 1731120 38456968    0    0     0 620924 162867 877448 33  9 56  1  0  0
 6  5 136800 6706824 1731120 38456980    0    0     0 642072 164034 881154 33 10 56  1  0  0
38  5 136800 6708240 1731120 38456988    0    0     0 641004 167315 913308 34 10 56  1  0  0
21  4 136800 6702784 1731120 38457004    0    0     0 643612 167742 920547 34 10 56  1  0  0
45  3 136800 6701860 1731124 38457008    0    0     0 628652 168190 926491 34 10 55  1  0  0
17  4 136800 6702796 1731124 38457020    0    0     0 641728 168925 921214 34 10 55  1  0  0
16  4 136800 6708168 1731124 38457032    0    0     0 619612 166220 925226 35 10 55  1  0  0
29  4 136800 6713916 1731124 38457052    0    0     0 628468 167175 914999 34 10 56  1  0  0
 7  2 136800 6708136 1731124 38457060    0    0     0 641456 167434 908637 33 10 56  1  0  0
42  4 136800 6706964 1731128 38457060    0    0     0 584484 164101 891477 33 10 56  1  0  0
 9  4 136800 6714528 1731128 38457072    0    0     0 663632 167757 901391 34  9 56  1  0  0
 4  4 136800 6714480 1731128 38457088    0    0     0 592852 163705 902905 34 10 56  1  0  0
36  3 136800 6712160 1731128 38457096    0    0     0 616756 162286 884519 33  9 56  1  0  0
19  7 136800 6714952 1731128 38457104    0    0     0 669492 167094 908531 34 10 56  1  0  0
38  3 136800 6713580 1731128 38457112    0    0     0 609064 165799 918259 34 10 55  1  0  0
 4  6 136800 6719876 1731132 38457120    0    0     0 646364 167028 918932 34 10 55  1  0  0
29  6 136800 6714780 1731132 38457136    0    0     0 584720 163429 894537 33  9 57  1  0  0
 6  7 136800 6709928 1731132 38457148    0    0     0 631260 161811 867582 33  9 57  1  0  0
41  4 136800 6703896 1731132 38457156    0    0     0 628508 164035 884224 33 10 56  1  0  0
22  7 136800 6703004 1731136 38457164    0    0     0 646052 166411 905352 34 10 56  1  0  0
35  3 136800 6705728 1731140 38457172    0    0     0 636532 168119 921097 34 10 55  1  0  0
procs -----------memory---------- ---swap-- -----io---- -system-- -------cpu-------
 r  b   swpd   free   buff  cache   si   so    bi    bo   in   cs us sy id wa st gu
14  3 136800 6706328 1731140 38457188    0    0     0 635916 168124 925953 35 10 55  1  0  0
 8  3 136800 6706784 1731140 38457196    0    0     0 633476 166673 919361 34 10 55  1  0  0
 7  4 136800 6709824 1731140 38457204    0    0     0 638696 167413 923175 35 10 55  1  0  0
11  4 136800 6706856 1731140 38457212    0    0     0 619532 165606 918584 34 10 56  1  0  0
47  1 136800 6704188 1731148 38457220    0    0     0 626216 165931 913596 33 10 56  1  0  0
 7  3 136800 6714292 1731148 38457232    0    0     0 593480 164466 896359 33 10 56  1  0  0
20  3 136800 6709704 1731148 38457244    0    0     0 663496 167384 901780 34 10 56  1  0  0
 5  4 136800 6707336 1731148 38457252    0    0     0 643104 167389 918470 34 10 55  1  0  0
 8  3 136800 6706928 1731152 38457256    0    0     0 587544 160198 884692 33 10 56  1  0  0
35  6 136800 6708216 1731164 38457260    0    0     0 667076 165318 892725 34  9 56  1  0  0
42  3 136800 6710060 1731164 38457280    0    0     0 619788 167776 926438 34 10 55  1  0  0
25  4 136800 6711876 1731164 38457296    0    0     0 637240 166906 916404 34 10 55  1  0  0
16  4 136800 6707672 1731164 38457304    0    0     0 610128 166117 911402 34 10 56  1  0  0
 4  3 136800 6706944 1731164 38457312    0    0     0 559348 158963 856514 33  9 57  1  0  0
35  3 136800 6709472 1731176 38457316    0    0     0 667200 164745 882866 33  9 57  1  0  0
23  2 136800 6712504 1731176 38457340    0    0     0 640012 167730 915559 34 10 56  1  0  0
37  3 136800 6705832 1731176 38457352    0    0     0 634624 167119 915168 34 10 55  1  0  0
16  5 136800 6708724 1731176 38457360    0    0     0 642764 166572 919782 34 10 55  1  0  0
35  6 136800 6713732 1731176 38457372    0    0     0 627652 166627 921912 34 10 56  1  0  0
18  3 136800 6724664 1731180 38457384    0    0     0 628288 165314 918411 34 10 56  1  0  0
38  2 136800 6726628 1731180 38457456    0    0     0 611388 164251 917415 34 10 56  1  0  0
procs -----------memory---------- ---swap-- -----io---- -system-- -------cpu-------
 r  b   swpd   free   buff  cache   si   so    bi    bo   in   cs us sy id wa st gu
 9  4 136800 6715700 1731180 38457472    0    0     0 624540 165584 909210 34 10 56  1  0  0
23  6 136800 6717752 1731180 38457480    0    0     0 621052 166919 907096 34 10 56  1  0  0
37  5 136800 6713680 1731180 38457488    0    0     0 615564 164285 893305 34 10 56  1  0  0
41  4 136800 6710068 1731180 38457500    0    0     0 651240 167446 904767 34 10 56  1  0  0
33  2 136800 6705888 1731180 38457508    0    0     0 610008 162374 888966 34  9 56  1  0  0
35  3 136800 6707372 1731180 38457520    0    0     0 645220 165365 894275 34 10 56  1  0  0
 9  5 136800 6711096 1731180 38457528    0    0     0 638476 166168 918774 34 10 55  1  0  0
23  5 136800 6707008 1731180 38457536    0    0     0 618868 166612 912462 34 10 56  1  0  0
 7  4 136800 6708324 1731180 38457548    0    0     0 634308 166354 906114 34 10 56  1  0  0
36  4 136800 6705080 1731180 38457556    0    0     0 544460 156565 861561 33  9 57  1  0  0
11  5 136800 6703788 1731180 38457568    0    0     0 669912 165275 874903 32  9 57  1  0  0
27  3 136800 6704856 1731180 38457580    0    0     0 646360 167201 914473 34 10 56  1  0  0
42  6 136800 6712564 1731180 38457592    0    0     0 642304 167489 915153 34 10 56  1  0  0
32  5 136800 6709884 1731188 38457592    0    0     0 630028 167652 921394 34 10 55  1  0  0
10  4 136800 6714512 1731188 38457608    0    0     0 644540 166836 920860 34 10 56  1  0  0
43  4 136800 6712772 1731188 38457616    0    0     0 615784 166754 922865 34 10 55  1  0  0
26  2 136800 6703948 1731188 38457628    0    0     0 622236 166402 911703 34 10 56  1  0  0
 5  1 136800 6709428 1731188 38457636    0    0     0 620912 165373 913195 34 10 55  1  0  0
 4  6 136800 6704612 1731188 38457648    0    0     0 643748 167079 907568 34 10 56  1  0  0
41  4 136800 6704612 1731196 38457652    0    0     0 580236 163282 895508 33 10 56  1  0  0
10  5 136800 6696796 1731196 38457660    0    0     0 642772 165740 884582 33  9 57  1  0  0
procs -----------memory---------- ---swap-- -----io---- -system-- -------cpu-------
 r  b   swpd   free   buff  cache   si   so    bi    bo   in   cs us sy id wa st gu
45  3 136800 6702780 1731196 38457676    0    0     0 613504 162227 878695 33  9 56  1  0  0
11  6 136800 6710988 1731196 38457688    0    0     0 659388 165152 899823 34 10 56  1  0  0
39  4 136800 6700176 1731196 38457696    0    0     0 626472 167095 919161 34 10 55  1  0  0
22  5 136800 6698492 1731196 38457704    0    0     0 599308 165109 903488 34 10 56  1  0  0
40  4 136800 6701680 1731196 38457716    0    0     0 626828 166179 893746 33 10 56  1  0  0
 5  6 136800 6698816 1731196 38457728    0    0     0 581656 164560 894151 33  9 56  1  0  0
18  5 136800 6697824 1731196 38457740    0    0     0 588036 159238 842993 32  9 58  1  0  0
 8  6 136800 6700396 1731196 38457752    0    0     0 646744 162739 849458 32  9 58  1  0  0
 5  5 136800 6695592 1731208 38457764    0    0     0 659612 166626 881733 33  9 57  1  0  0
16  3 136800 6696524 1731208 38457776    0    0     0 650356 166829 910766 34 10 56  1  0  0
28  3 136800 6703348 1731208 38457788    0    0     0 636368 165918 920608 34 10 55  1  0  0
36  4 136800 6704848 1731208 38457800    0    0     0 634708 167801 917604 34 10 55  1  0  0
 7  3 136800 6703124 1731208 38457808    0    0     0 630620 166921 919885 34 10 55  1  0  0
36  6 136800 6713520 1731212 38457812    0    0     0 614884 165248 912701 34 10 56  1  0  0
14  4 136800 6721228 1731212 38457824    0    0     0 619548 165681 910592 34 10 56  1  0  0
39  4 136800 6716708 1731212 38457836    0    0     0 581592 165171 906267 34 10 56  1  0  0
41  3 136800 6710528 1731212 38457844    0    0     0 662072 167598 895490 33  9 56  1  0  0
36  5 136800 6716788 1731212 38457852    0    0     0 605684 162963 888376 33 10 56  1  0  0
19  4 136800 6707548 1731224 38457852    0    0     0 660732 165818 897279 33  9 56  1  0  0
 8  4 136800 6709068 1731224 38457872    0    0     0 644776 168290 917079 34 10 56  1  0  0
25  6 136800 6710884 1731224 38457884    0    0     0 634408 165490 920787 34 10 56  1  0  0
procs -----------memory---------- ---swap-- -----io---- -system-- -------cpu-------
 r  b   swpd   free   buff  cache   si   so    bi    bo   in   cs us sy id wa st gu
42  5 136800 6718060 1731224 38457896    0    0     0 599272 166190 911599 34 10 56  1  0  0
 7  5 136800 6716708 1731224 38457904    0    0     0 637920 165923 912894 34 10 56  1  0  0
33  3 136800 6716240 1731228 38457908    0    0     0 533452 161309 893787 34  9 56  1  0  0
24  4 136800 6709272 1731232 38457920    0    0     0 635472 161859 848543 32  9 58  1  0  0
 9  4 136800 6711196 1731232 38457936    0    0     0 684484 167870 896272 33 10 56  1  0  0
36  5 136800 6708956 1731232 38457944    0    0     0 634204 168182 918857 34 10 55  1  0  0
41  4 136800 6710132 1731232 38457952    0    0     0 629524 166926 916332 34 10 55  1  0  0
38  5 136800 6717316 1731232 38457968    0    0     0 640004 165814 917386 34 10 55  1  0  0
39  2 136800 6724680 1731236 38457972    0    0     0 607980 165865 917406 34 10 55  1  0  0
 7  3 136800 6716780 1731236 38457988    0    0     0 616880 165514 919536 34 10 56  1  0  0
 8  6 136800 6711220 1731236 38458000    0    0     0 608692 165496 904441 34 10 56  1  0  0
 8  3 136800 6715004 1731236 38458008    0    0     0 598708 163452 892299 33  9 57  1  0  0
28  5 136800 6717532 1731240 38458008    0    0     0 635864 165312 896619 33  9 56  1  0  0
12  3 136800 6715084 1731240 38458020    0    0     0 622368 161627 894366 33  9 56  1  0  0
38  3 136800 6713496 1731240 38458036    0    0     0 634792 162469 885252 33  9 56  1  0  0
20  4 136800 6709512 1731240 38458052    0    0     0 615404 166064 901424 34 10 56  1  0  0
43  5 136800 6707892 1731240 38458060    0    0     0 623356 166027 900490 33 10 56  1  0  0
41  3 136800 6701160 1731248 38458128    0    0     0 622240 166080 903317 34 10 56  1  0  0
11  4 136800 6706436 1731248 38458148    0    0     0 573788 162206 879895 33  9 57  1  0  0
46  3 136800 6707412 1731248 38458160    0    0     0 661604 166979 894936 33  9 56  1  0  0
 6  2 136800 6700272 1731248 38458172    0    0     0 505272 155898 846107 32  9 58  1  0  0
procs -----------memory---------- ---swap-- -----io---- -system-- -------cpu-------
 r  b   swpd   free   buff  cache   si   so    bi    bo   in   cs us sy id wa st gu
37  5 136800 6708388 1731248 38458180    0    0     0 655684 161335 827383 31  9 59  1  0  0
20  4 136800 6709120 1731256 38458180    0    0     0 720348 169036 904372 34 10 56  1  0  0
23  5 136800 6703180 1731260 38458196    0    0     0 637088 166289 923351 34 10 55  1  0  0
 9  2 136800 6712204 1731260 38458208    0    0     0 626420 164426 917477 34 10 56  1  0  0
21  4 136800 6707956 1731260 38458224    0    0     0 620460 167687 921472 35 10 55  1  0  0
40  4 136800 6711788 1731260 38458232    0    0     0 629420 167077 918734 34 10 55  1  0  0
44  1 136800 6697372 1731260 38458244    0    0     0 605040 166761 918505 34 10 55  1  0  0
27  5 136800 6700788 1731264 38458252    0    0     0 627936 166698 907513 34 10 56  1  0  0
 3  6 136800 6697692 1731268 38458256    0    0     0 568156 163242 895810 34  9 56  1  0  0
42  2 136800 6696752 1731288 38458272    0    0     0 642732 166146 873900 32  9 57  1  0  0
34  5 136800 6698260 1731288 38458280    0    0     0 608228 162730 890197 34  9 55  1  0  0
41  4 136800 6695876 1731288 38458288    0    0     0 669248 164992 893763 33 10 56  1  0  0
38  2 136800 6702888 1731288 38458300    0    0     0 626488 167001 917029 34 10 56  1  0  0
19  5 136800 6715468 1731288 38458312    0    0     0 644196 166622 921985 34 10 56  1  0  0
12  3 136800 6709764 1731288 38458324    0    0     0 606604 167154 920491 34 10 55  1  0  0
 9  4 136800 6711316 1731288 38458332    0    0     0 581368 164700 900050 34  9 56  1  0  0
40  4 136800 6710456 1731288 38458344    0    0     0 645436 165307 907687 33  9 56  1  0  0
40  4 136800 6708964 1731292 38458352    0    0     0 529636 157454 867113 33  9 57  1  0  0
15  3 136800 6710888 1731292 38458360    0    0     0 715020 166504 888444 33  9 57  1  0  0
37  3 136800 6708164 1731292 38458368    0    0     0 641300 166027 918722 34  9 56  1  0  0
41  2 136800 6708116 1731292 38458380    0    0     0 619680 166023 920205 34 10 56  1  0  0
procs -----------memory---------- ---swap-- -----io---- -system-- -------cpu-------
 r  b   swpd   free   buff  cache   si   so    bi    bo   in   cs us sy id wa st gu
32  5 136800 6700736 1731292 38458388    0    0     0 640484 167474 917178 34 10 55  1  0  0
37  5 136800 6697500 1731296 38458404    0    0     0 609772 170893 913817 34 10 56  1  0  0
40  3 136800 6697212 1731296 38458412    0    0     0 614572 168271 911458 34 10 55  1  0  0
 7  4 136800 6691156 1731296 38458420    0    0     0 602424 167719 913170 34 10 56  1  0  0
10  4 136800 6692904 1731296 38458432    0    0     0 649740 166374 903389 34 10 56  1  0  0
 7  4 136800 6695424 1731296 38458444    0    0     0 552780 162390 886825 33 10 56  1  0  0
19  3 136800 6700548 1731304 38458444    0    0     0 613012 160393 861822 33  9 57  1  0  0
33  4 136800 6704788 1731308 38458456    0    0     0 718704 166532 886410 33 10 56  1  0  0
 9  5 136800 6705652 1731308 38458468    0    0     0 634520 165756 909377 34 10 56  1  0  0
10  4 136800 6702408 1731308 38458488    0    0     0 627164 166300 920411 34 10 55  1  0  0
41  3 136800 6700452 1731308 38458500    0    0     0 639668 168414 924372 34 10 55  1  0  0
35  2 136800 6703072 1731312 38458504    0    0     0 534116 159253 887893 34  9 56  1  0  0
13  5 136800 6702316 1731312 38458516    0    0     0 667964 164179 886673 33  9 56  1  0  0
 5  6 136800 6695636 1731312 38458524    0    0     0 595668 164247 903251 34 10 56  1  0  0
39  5 136800 6698336 1731312 38458536    0    0     0 589512 164052 891343 33 10 56  1  0  0
43  3 136800 6702056 1731312 38458552    0    0     0 701632 169429 903714 34 10 56  1  0  0
22  3 136800 6698972 1731320 38458552    0    0     0 633172 168538 922183 34 10 55  1  0  0
44  1 136800 6705176 1731320 38458568    0    0     0 643984 167283 922941 34 10 56  1  0  0
35  0 136800 6703664 1731320 38458576    0    0     0 634412 166741 923704 35 10 55  1  0  0
33  3 136800 6710916 1731320 38458592    0    0     0 620324 166696 924973 34 10 55  1  0  0
 6  3 136800 6717056 1731320 38458604    0    0     0 630832 166870 915106 34 10 56  1  0  0
procs -----------memory---------- ---swap-- -----io---- -system-- -------cpu-------
 r  b   swpd   free   buff  cache   si   so    bi    bo   in   cs us sy id wa st gu
51  1 136800 6718720 1731320 38458608    0    0     0 616548 166343 922108 34 10 55  1  0  0
 6  3 136800 6711104 1731320 38458616    0    0     0 599092 165366 908062 34 10 56  1  0  0
41  5 136800 6712364 1731324 38458620    0    0     0 558684 158460 879357 33  9 57  1  0  0
 7  4 136800 6709608 1731324 38458640    0    0     0 624480 158010 864429 33  9 57  1  0  0
40  4 136800 6707596 1731324 38458648    0    0     0 606032 159984 871362 33  9 56  1  0  0
43  2 136800 6709640 1731332 38458648    0    0     0 617344 160324 872235 33  9 56  1  0  0
40  3 136800 6707632 1731332 38458668    0    0     0 606936 159948 875701 33  9 56  1  0  0
40  3 136800 6704684 1731332 38458676    0    0     0 598688 160922 884103 34  9 56  1  0  0
 3  5 136800 6703196 1731332 38458696    0    0     0 584456 159158 871897 33  9 56  1  0  0
 3  3 136800 6705508 1731332 38458704    0    0     0 609612 160779 872428 33  9 56  1  0  0
 4  6 136800 6704872 1731336 38458708    0    0     0 560140 160124 871124 33  9 57  1  0  0
 5  4 136800 6706924 1731336 38458720    0    0     0 658580 165882 873531 33  9 57  1  0  0
38  4 136800 6709828 1731336 38458728    0    0     0 618556 163184 885492 33  9 56  1  0  0
38  5 136800 6706100 1731336 38458740    0    0     0 614516 160867 880058 34  9 56  1  0  0
 4  5 136800 6708240 1731336 38458816    0    0     0 627696 163318 893926 34  9 55  1  0  0
36  2 136800 6701184 1731340 38458824    0    0     0 597136 161534 883106 33 10 56  1  0  0
13  4 136800 6696872 1731340 38458836    0    0     0 614648 161687 890378 34  9 56  1  0  0
13  3 136800 6700092 1731340 38458852    0    0     0 577244 160302 879362 33  9 56  1  0  0
24  4 136800 6703472 1731340 38458856    0    0     0 606564 161160 879069 33 10 56  1  0  0
31  4 136800 6710412 1731340 38458868    0    0     0 643212 164877 893723 33 10 56  1  0  0
 8  3 136800 6705016 1731340 38458880    0    0     0 547056 158662 877091 33  9 57  1  0  0
procs -----------memory---------- ---swap-- -----io---- -system-- -------cpu-------
 r  b   swpd   free   buff  cache   si   so    bi    bo   in   cs us sy id wa st gu
42  2 136800 6714348 1731340 38458888    0    0     0 662100 160812 870254 33  9 57  1  0  0
 7  5 136800 6701828 1731340 38458900    0    0     0 614100 163250 889052 34  9 56  1  0  0
40  2 136800 6706292 1731340 38458908    0    0     0 613868 164074 895698 34 10 56  1  0  0
12  4 136800 6700836 1731340 38458920    0    0     0 612044 162637 892712 34 10 56  1  0  0
 9  4 136800 6699568 1731340 38458928    0    0     0 597776 162633 890361 34  9 56  1  0  0
35  5 136800 6703532 1731340 38458936    0    0     0 626504 163962 884923 33  9 57  1  0  0
 8  4 136800 6705080 1731340 38458952    0    0     0 543836 159366 878670 34  9 56  1  0  0
21  5 136800 6705508 1731340 38458960    0    0     0 659784 164974 881110 33  9 57  1  0  0
 5  3 136800 6705248 1731340 38458972    0    0     0 624144 164147 890458 34  9 56  1  0  0
36  2 136800 6710920 1731340 38458980    0    0     0 619248 163913 892980 33 10 56  1  0  0
36  0 136800 6701944 1731344 38458992    0    0     0 612744 163059 900753 34 10 56  1  0  0
37  0 136800 6703180 1731344 38459000    0    0     0 616428 163139 901047 34  9 56  1  0  0
37  1 136800 6700212 1731344 38459008    0    0     0 614596 163816 898771 34 10 56  1  0  0
26  3 136800 6699960 1731348 38459020    0    0     0 610468 163264 890293 34 10 56  1  0  0
46  1 136800 6700412 1731348 38459028    0    0     0 612308 163978 887167 33 10 56  1  0  0
11  3 136800 6701812 1731348 38459036    0    0     0 607520 163134 887135 34  9 56  1  0  0
 5  3 136800 6697520 1731348 38459048    0    0     0 614828 162817 890797 34  9 56  1  0  0
 3  5 136800 6696800 1731348 38459056    0    0     0 550492 156514 856087 33  9 57  1  0  0
36  0 136800 6698200 1731352 38459068    0    0     0 656228 163249 875170 33  9 56  1  0  0
34  0 136800 6712052 1731352 38459076    0    0     0 616640 164547 904920 34 10 56  1  0  0
35  0 136800 6708184 1731356 38459088    0    0     0 618152 165360 908859 34 10 55  1  0  0
procs -----------memory---------- ---swap-- -----io---- -system-- -------cpu-------
 r  b   swpd   free   buff  cache   si   so    bi    bo   in   cs us sy id wa st gu
36  0 136800 6696404 1731356 38459096    0    0     0 619388 165478 906451 34 10 56  1  0  0
37  0 136800 6694796 1731356 38459108    0    0     0 619752 165265 898799 34  9 56  1  0  0
36  0 136800 6699748 1731360 38459116    0    0     0 617140 164274 899115 33 10 56  1  0  0
42  3 136800 6697232 1731360 38459132    0    0     0 562448 160471 872394 33  9 57  1  0  0
35  1 136800 6702308 1731364 38459144    0    0     0 666488 165860 883002 33  9 57  1  0  0
37  0 136800 6705920 1731364 38459160    0    0     0 614780 162737 896319 33  9 56  1  0  0
34  0 136800 6708848 1731364 38459168    0    0     0 611712 163157 895507 34 10 56  1  0  0
37  0 136800 6704620 1731364 38459176    0    0     0 614564 163846 898954 34 10 56  1  0  0
36  0 136800 6707216 1731364 38459188    0    0     0 614848 164965 900134 34 10 56  1  0  0
34  1 136800 6685528 1731376 38459192    0    0     0 612900 163605 894901 34 10 55  1  0  0
36  0 136800 6691076 1731376 38459252    0    0     0 617508 166046 894819 34 10 56  1  0  0
35  0 136800 6699256 1731376 38459260    0    0     0 612644 164390 888047 33 10 56  1  0  0
34  1 136800 6700376 1731376 38459272    0    0     0 615964 163973 895681 33 10 56  1  0  0
12  5 136800 6710016 1731376 38459288    0    0     0 612808 163162 886407 33  9 57  1  0  0
38  4 136800 6704236 1731384 38459288    0    0     0 557484 157015 855519 33  9 57  1  0  0
37  0 136800 6703764 1731384 38459304    0    0     0 651648 162443 885127 33  9 56  1  0  0
37  0 136800 6709580 1731384 38459312    0    0     0 618244 163373 901555 33  9 56  1  0  0
35  0 136800 6704152 1731384 38459320    0    0     0 620328 164944 909753 34 10 56  1  0  0
36  0 136800 6704964 1731388 38459332    0    0     0 616356 163576 895519 33 10 56  1  0  0
36  0 136800 6699208 1731392 38459340    0    0     0 617588 165149 896509 34 10 56  1  0  0
36  0 136800 6703004 1731392 38459352    0    0     0 616420 164597 895290 33  9 56  1  0  0
procs -----------memory---------- ---swap-- -----io---- -system-- -------cpu-------
 r  b   swpd   free   buff  cache   si   so    bi    bo   in   cs us sy id wa st gu
39  4 136800 6700772 1731392 38459364    0    0     0 596532 162912 875547 33  9 57  1  0  0
35  0 136800 6706480 1731392 38459372    0    0     0 629620 163993 885539 33  9 57  1  0  0
34  0 136800 6704488 1731392 38459388    0    0     0 616552 164158 891562 33  9 56  1  0  0
37  0 136800 6702608 1731396 38459392    0    0     0 616548 164844 891336 33 10 56  1  0  0
39  0 136800 6707256 1731396 38459404    0    0     0 616928 164086 897712 34  9 56  1  0  0
34  0 136800 6707708 1731396 38459412    0    0     0 618908 165143 905091 34 10 56  1  0  0
34  0 136800 6704248 1731396 38459416    0    0     0 619040 164487 902134 33 10 56  1  0  0
36  0 136800 6703648 1731396 38459432    0    0     0 617280 164438 895751 34  9 56  1  0  0
38  0 136800 6703044 1731400 38459436    0    0     0 619064 164480 896857 33 10 56  1  0  0
34  1 136800 6711672 1731400 38459448    0    0     0 619888 164401 889644 33  9 57  1  0  0
35  0 136800 6711812 1731400 38459460    0    0     0 605164 160075 859398 32  9 57  1  0  0
38  0 136800 6703748 1731400 38459536    0    0     0 607632 162111 877969 33  9 56  1  0  0
40  0 136800 6703620 1731400 38459552    0    0     0 623896 166071 921088 34 10 56  1  0  0
35  0 136800 6706668 1731404 38459556    0    0     0 623836 165888 922743 34 10 55  1  0  0
39  0 136800 6711300 1731404 38459568    0    0     0 624524 166680 925119 34 10 55  1  0  0
38  0 136800 6717564 1731404 38459580    0    0     0 627304 166578 924715 34 10 55  1  0  0
37  0 136800 6717740 1731404 38459592    0    0     0 624424 166690 915577 34 10 55  1  0  0
37  0 136800 6712976 1731404 38459600    0    0     0 620680 165545 907099 34 10 56  1  0  0
34  0 136800 6718004 1731412 38459604    0    0     0 615756 164367 894230 33 10 56  1  0  0
36  0 136800 6721692 1731412 38459624    0    0     0 622204 165514 915214 34 10 56  1  0  0
41  0 136800 6724792 1731412 38459632    0    0     0 624408 165588 923215 34 10 55  1  0  0
procs -----------memory---------- ---swap-- -----io---- -system-- -------cpu-------
 r  b   swpd   free   buff  cache   si   so    bi    bo   in   cs us sy id wa st gu
35  1 136800 6717800 1731412 38459644    0    0     0 628036 167534 927220 34 10 55  1  0  0
43  0 136800 6714636 1731412 38459656    0    0     0 621696 166770 925615 34 10 55  1  0  0
36  0 136800 6715672 1731420 38459660    0    0     0 622464 166972 926690 34 10 55  1  0  0
38  0 136800 6720420 1731420 38459676    0    0     0 623528 166157 921830 34 10 56  1  0  0
36  1 136800 6716544 1731420 38459684    0    0     0 623004 167529 917798 34 10 56  1  0  0
40  1 136800 6708488 1731420 38459696    0    0     0 623648 166926 904321 34 10 56  1  0  0
36  0 136800 6710676 1731420 38459704    0    0     0 608784 161382 886297 33  9 56  1  0  0
35  0 136800 6705248 1731428 38459712    0    0     0 610032 163531 890917 34  9 56  1  0  0
38  0 136800 6705700 1731452 38459708    0    0     0 620384 162722 874757 32  9 58  1  0  0
36  0 136800 6704096 1731452 38459740    0    0     0 625120 167513 914587 34 10 55  1  0  0
38  0 136800 6711988 1731452 38459752    0    0     0 627120 164689 921961 34 10 56  1  0  0
39  0 136800 6712872 1731452 38459760    0    0     0 624592 167209 921801 34 10 55  1  0  0
35  1 136800 6714504 1731456 38459768    0    0     0 622772 165515 908049 33 10 56  1  0  0
35  0 136800 6718428 1731456 38459780    0    0     0 623572 166196 916302 34 10 56  1  0  0
35  0 136800 6713232 1731456 38459792    0    0     0 618940 166030 902631 34  9 56  1  0  0
38  0 136800 6711792 1731456 38459800    0    0     0 623772 166011 918399 34 10 56  1  0  0
37  0 136800 6714272 1731456 38459812    0    0     0 622012 165677 911693 34 10 56  1  0  0
37  0 136800 6719316 1731456 38459824    0    0     0 624688 164635 915975 34 10 56  1  0  0
37  0 136800 6720820 1731456 38459832    0    0     0 624724 167798 921458 35 10 55  1  0  0
37  0 136800 6716820 1731456 38459840    0    0     0 624892 167891 920722 34 10 55  1  0  0
34  0 136800 6719024 1731456 38459848    0    0     0 628928 167201 924959 34 10 55  1  0  0
procs -----------memory---------- ---swap-- -----io---- -system-- -------cpu-------
 r  b   swpd   free   buff  cache   si   so    bi    bo   in   cs us sy id wa st gu
34  1 136800 6709772 1731456 38459856    0    0     0 626716 167501 920893 34 10 55  1  0  0
36  1 136800 6716128 1731456 38459868    0    0     0 620052 167217 911359 34 10 56  1  0  0
34  1 136800 6707036 1731460 38459876    0    0     0 608172 161543 882454 33  9 56  1  0  0
37  0 136800 6701180 1731460 38459888    0    0     0 611404 164674 897246 34 10 56  1  0  0
36  0 136800 6696808 1731460 38459896    0    0     0 620584 166073 893601 33 10 56  1  0  0
37  0 136800 6698456 1731460 38459912    0    0     0 624148 166819 918332 34 10 55  1  0  0
38  1 136800 6706996 1731460 38459924    0    0     0 623944 165822 923520 34 10 55  1  0  0
34  1 136800 6705148 1731464 38459932    0    0     0 624364 166989 918343 34 10 55  1  0  0
36  0 136800 6710276 1731464 38459944    0    0     0 625832 166552 927070 34 10 55  1  0  0
35  0 136800 6709688 1731464 38459952    0    0     0 628740 168181 922021 34 10 55  1  0  0
37  0 136800 6706620 1731464 38459960    0    0     0 623844 166220 910302 34 10 56  1  0  0
35  0 136800 6710728 1731464 38459968    0    0     0 622656 166745 895842 33 10 56  1  0  0
35  0 136800 6716476 1731468 38459984    0    0     0 623108 165874 917817 34 10 55  1  0  0
35  0 136800 6717760 1731468 38460000    0    0     0 624840 166114 917469 34 10 56  1  0  0
37  0 136800 6715904 1731468 38460008    0    0     0 646488 170210 934146 34 10 55  1  0  0
33  1 136800 6720104 1731468 38460016    0    0     0 630460 167241 927769 34 10 56  1  0  0
36  1 136800 6713192 1731468 38460020    0    0     0 626884 166295 925611 34 10 55  1  0  0
38  0 136800 6723132 1731484 38460028    0    0     0 628876 166350 922072 34 10 56  1  0  0
37  0 136800 6718648 1731484 38460044    0    0     0 625876 167249 916951 34 10 55  1  0  0
34  0 136800 6717092 1731484 38460052    0    0     0 617352 164232 897270 34  9 56  1  0  0
34  1 136800 6717352 1731484 38460060    0    0     0 605468 161106 881052 33  9 56  1  0  0
procs -----------memory---------- ---swap-- -----io---- -system-- -------cpu-------
 r  b   swpd   free   buff  cache   si   so    bi    bo   in   cs us sy id wa st gu
39  0 136800 6708088 1731484 38460068    0    0     0 619080 164650 898552 34 10 56  1  0  0
35  0 136800 6689876 1731488 38460080    0    0     0 622720 165534 895602 33 10 56  1  0  0
39  0 136800 6681156 1731488 38460140    0    0     0 624424 168633 911149 34 11 54  1  0  0
40  0 136800 6692572 1731488 38460112    0    0     0 627592 166434 918431 34 10 55  1  0  0
35  0 136800 6699828 1731488 38460120    0    0     0 628728 167180 916434 34 10 56  1  0  0
34  1 136800 6703496 1731488 38460128    0    0     0 628888 167552 916605 34 10 55  1  0  0
35  0 136800 6707940 1731488 38460144    0    0     0 630256 167150 923548 34 10 55  1  0  0
34  1 136800 6706972 1731488 38460152    0    0     0 619952 164313 887908 33  9 57  1  0  0
36  1 136800 6708848 1731488 38460248    0    0     0 626276 165307 913219 34 10 56  1  0  0
40  1 136800 6707748 1731488 38460256    0    0     0 627144 165615 909718 34 10 56  1  0  0
36  0 136800 6711992 1731488 38460268    0    0     0 627396 166089 923479 34 10 56  1  0  0
37  0 136800 6701636 1731488 38460280    0    0     0 625732 166863 919980 34 10 55  1  0  0
36  0 136800 6704920 1731492 38460292    0    0     0 627504 167699 923040 34 10 55  1  0  0
37  0 136800 6703584 1731492 38460296    0    0     0 626436 167979 924734 34 10 55  1  0  0
35  0 136800 6699548 1731492 38460304    0    0     0 625416 167615 919811 34 10 55  1  0  0
36  0 136800 6706580 1731492 38460316    0    0     0 621164 165428 905601 34 10 56  1  0  0
37  1 136800 6706796 1731492 38460336    0    0     0 607516 161805 881384 34 10 56  1  0  0
37  1 136800 6703344 1731496 38460344    0    0     0 617692 163472 899786 33 10 56  1  0  0
36  0 136800 6709020 1731496 38460352    0    0     0 623296 165495 894311 33  9 56  1  0  0
34  1 136800 6700040 1731496 38460360    0    0     0 623188 166225 915834 34 10 55  1  0  0
37  0 136800 6702204 1731496 38460376    0    0     0 634656 168098 921717 34 10 55  1  0  0
procs -----------memory---------- ---swap-- -----io---- -system-- -------cpu-------
 r  b   swpd   free   buff  cache   si   so    bi    bo   in   cs us sy id wa st gu
42  0 136800 6705196 1731496 38460384    0    0     0 645964 169482 927513 34 10 56  1  0  0
36  1 136800 6703400 1731496 38460396    0    0     0 633732 168169 927310 34 10 55  1  0  0
37  0 136800 6709856 1731496 38460404    0    0     0 629364 167505 922019 34 10 55  1  0  0
37  0 136800 6716420 1731496 38460416    0    0     0 628236 166037 921746 34 10 55  1  0  0
37  1 136800 6714756 1731496 38460428    0    0     0 624212 165158 900006 34  9 56  1  0  0
36  1 136800 6706692 1731500 38460432    0    0     0 624684 165239 903203 34 10 56  1  0  0
34  1 136800 6714684 1731508 38460440    0    0     0 625276 163653 913710 34 10 56  1  0  0
37  0 136800 6709824 1731508 38460456    0    0     0 627292 165854 916697 34 10 56  1  0  0
33  1 136800 6706156 1731508 38460464    0    0     0 625988 166532 916467 34 10 55  1  0  0
40  1 136800 6702380 1731508 38460476    0    0     0 629728 167406 918427 34 10 55  1  0  0
36  0 136800 6707272 1731512 38460480    0    0     0 628996 167126 915599 34  9 56  1  0  0
41  0 136800 6710184 1731512 38460496    0    0     0 626784 165795 904555 34 10 56  1  0  0
34  1 136800 6709004 1731512 38460504    0    0     0 625004 163658 883243 33  9 57  1  0  0
35  1 136800 6711880 1731512 38460516    0    0     0 612716 163185 884217 33  9 56  1  0  0
36  0 136800 6714640 1731512 38460524    0    0     0 620212 164954 877336 33  9 57  1  0  0
35  0 136800 6710428 1731516 38460528    0    0     0 638972 169331 928908 34 10 55  1  0  0
37  0 136800 6711340 1731516 38460544    0    0     0 625932 166544 919902 34 10 56  1  0  0
36  0 136800 6716892 1731516 38460552    0    0     0 625204 166310 914494 34  9 56  1  0  0
38  0 136800 6714220 1731516 38460568    0    0     0 629288 167817 924254 34 10 55  1  0  0
35  0 136800 6714244 1731516 38460576    0    0     0 627828 167595 920595 34 10 55  1  0  0
35  1 136800 6711320 1731516 38460584    0    0     0 625900 166402 921714 34 10 55  1  0  0
procs -----------memory---------- ---swap-- -----io---- -system-- -------cpu-------
 r  b   swpd   free   buff  cache   si   so    bi    bo   in   cs us sy id wa st gu
36  1 136800 6712964 1731516 38460596    0    0     0 629260 168658 915736 34 10 56  1  0  0
33  1 136800 6704272 1731516 38460608    0    0     0 623988 166541 901528 34 10 56  1  0  0
36  0 136800 6706084 1731516 38460620    0    0     0 627716 167316 918399 34 10 56  1  0  0
37  1 136800 6710132 1731516 38460628    0    0     0 629304 167442 921303 34 10 55  1  0  0
35  1 136800 6713036 1731516 38460636    0    0     0 628444 168671 922270 34 10 55  1  0  0
37  0 136800 6711740 1731520 38460644    0    0     0 629408 168024 928081 34 10 55  1  0  0
34  0 136800 6719252 1731520 38460656    0    0     0 626152 167181 922485 34 10 55  1  0  0
39  0 136800 6712708 1731520 38460672    0    0     0 630260 167502 921346 34 10 55  1  0  0
35  1 136800 6711336 1731520 38460680    0    0     0 623200 165033 909446 34 10 56  1  0  0
36  0 136800 6711848 1731520 38460688    0    0     0 614696 163374 896637 34 10 56  1  0  0
35  0 136800 6704208 1731524 38460696    0    0     0 615108 162906 898590 34 10 56  1  0  0
37  0 136800 6702064 1731524 38460712    0    0     0 622128 166394 895119 34  9 56  1  0  0
38  0 136800 6703128 1731524 38460720    0    0     0 627560 166778 917207 34 10 55  1  0  0
38  0 136800 6702136 1731524 38460728    0    0     0 627984 166239 921360 34 10 55  1  0  0
38  1 136800 6700032 1731524 38460740    0    0     0 628432 165252 916180 34 10 56  1  0  0
35  0 136800 6712964 1731528 38460748    0    0     0 631100 166296 931098 34 10 55  1  0  0
37  0 136800 6714672 1731528 38460764    0    0     0 627956 163907 910279 34  9 56  1  0  0
38  0 136800 6721060 1731528 38460776    0    0     0 631556 166015 926960 34 10 55  1  0  0
33  1 136800 6719660 1731528 38460784    0    0     0 626484 165247 905493 33 10 56  1  0  0
38  0 136800 6716424 1731528 38460792    0    0     0 628124 165277 908763 34 10 55  1  0  0
35  1 136800 6715052 1731532 38460796    0    0     0 627892 166367 913126 34 10 56  1  0  0
procs -----------memory---------- ---swap-- -----io---- -system-- -------cpu-------
 r  b   swpd   free   buff  cache   si   so    bi    bo   in   cs us sy id wa st gu
35  0 136800 6711840 1731536 38460812    0    0     0 627424 166615 921708 34 10 55  1  0  0
38  0 136800 6707832 1731536 38460820    0    0     0 628748 165406 923840 34 10 55  1  0  0
37  0 136800 6712776 1731536 38460832    0    0     0 631440 165927 925904 34 10 55  1  0  0
34  1 136800 6711604 1731536 38460840    0    0     0 629496 164684 925494 34 10 55  1  0  0
36  0 136800 6702960 1731536 38460856    0    0     0 628240 164698 905555 34 10 55  1  0  0
36  0 136800 6698688 1731544 38460924    0    0     0 614068 163330 888482 34  9 56  1  0  0
36  0 136800 6701156 1731548 38460940    0    0     0 612644 161048 879642 34  9 56  1  0  0
40  0 136800 6700988 1731548 38460948    0    0     0 625592 164660 909046 34 10 56  1  0  0
36  0 136800 6708128 1731548 38460956    0    0     0 623800 164910 898337 34 10 56  1  0  0
34  1 136800 6708608 1731548 38460964    0    0     0 628204 167731 919312 34 10 55  1  0  0
36  0 136800 6709276 1731548 38460980    0    0     0 627828 166722 915816 34 10 55  1  0  0
39  0 136800 6712872 1731548 38460988    0    0     0 629916 165148 925582 34 10 55  1  0  0
34  1 136800 6719400 1731548 38460996    0    0     0 627792 165471 922421 34 10 55  1  0  0
40  0 136800 6706864 1731548 38461008    0    0     0 623916 165350 908353 34 10 55  1  0  0
34  1 136800 6708476 1731552 38461016    0    0     0 630192 165443 926789 34 10 55  1  0  0
37  0 136800 6707812 1731552 38461032    0    0     0 624276 163980 891389 33  9 56  1  0  0
38  0 136800 6712888 1731560 38461040    0    0     0 626948 165363 905932 34 10 56  1  0  0
37  0 136800 6708072 1731560 38461052    0    0     0 629360 165401 918308 34 10 55  1  0  0
34  0 136800 6714752 1731560 38461060    0    0     0 630884 165585 928527 34 10 55  1  0  0
34  0 136800 6715568 1731560 38461068    0    0     0 631504 165456 923213 34 10 56  1  0  0
34  0 136800 6707936 1731560 38461080    0    0     0 634348 168820 927450 34 10 55  1  0  0
procs -----------memory---------- ---swap-- -----io---- -system-- -------cpu-------
 r  b   swpd   free   buff  cache   si   so    bi    bo   in   cs us sy id wa st gu
38  1 136800 6714564 1731560 38461092    0    0     0 630784 166055 921041 34 10 55  1  0  0
38  0 136800 6715120 1731560 38461104    0    0     0 617588 162783 889826 34 10 56  1  0  0
37  0 136800 6707760 1731560 38461112    0    0     0 617652 163017 896159 34 10 56  1  0  0
37  0 136800 6715736 1731560 38461124    0    0     0 629960 165660 917254 34 10 56  1  0  0
36  0 136800 6712104 1731564 38461136    0    0     0 624700 164864 900520 33 10 56  1  0  0
37  1 136800 6713956 1731572 38461140    0    0     0 628532 165866 899097 34  9 56  1  0  0
34  1 136800 6710740 1731572 38461156    0    0     0 630468 166384 911816 34 10 55  1  0  0
37  1 136800 6703188 1731600 38461140    0    0     0 630136 165890 907163 34  9 56  1  0  0
34  1 136800 6710072 1731600 38461176    0    0     0 631728 166072 919558 34 10 56  1  0  0
37  0 136800 6715668 1731604 38461180    0    0     0 632848 166947 922667 34 10 55  1  0  0
36  0 136800 6710572 1731604 38461196    0    0     0 630836 166322 919677 34 10 55  1  0  0
34  1 136800 6710564 1731604 38461208    0    0     0 629348 165695 914287 34 10 56  1  0  0
33  1 136800 6708408 1731608 38461216    0    0     0 625236 164542 889902 33  9 57  1  0  0
40  0 136800 6708756 1731608 38461228    0    0     0 627124 165270 907511 34 10 56  1  0  0
37  0 136800 6713328 1731612 38461232    0    0     0 628520 164810 913434 34 10 56  1  0  0
35  0 136800 6715512 1731612 38461244    0    0     0 628660 163980 912733 34 10 56  1  0  0
37  1 136800 6710780 1731616 38461252    0    0     0 628072 164549 917160 34  9 56  1  0  0
41  0 136800 6712276 1731616 38461264    0    0     0 626860 166306 916712 34 10 55  1  0  0
37  0 136800 6710468 1731616 38461272    0    0     0 612772 161056 877675 33  9 57  1  0  0
35  0 136800 6711364 1731624 38461272    0    0     0 618020 161748 906817 34 10 56  1  0  0
36  0 136800 6711876 1731624 38461296    0    0     0 626412 165099 909892 34 10 56  1  0  0
procs -----------memory---------- ---swap-- -----io---- -system-- -------cpu-------
 r  b   swpd   free   buff  cache   si   so    bi    bo   in   cs us sy id wa st gu
39  1 136800 6709788 1731628 38461304    0    0     0 630016 165619 918608 34 10 56  1  0  0
35  0 136800 6709480 1731628 38461316    0    0     0 625548 164944 886266 33  9 57  1  0  0
35  1 136800 6702680 1731628 38461324    0    0     0 628084 165926 914242 34 10 55  1  0  0
37  0 136800 6704960 1731632 38461328    0    0     0 629136 169272 916666 34 10 55  1  0  0
35  0 136800 6708400 1731632 38461344    0    0     0 630468 165957 927397 34 10 56  1  0  0
42  0 136800 6705628 1731636 38461348    0    0     0 625284 165241 915973 34 10 55  1  0  0
35  1 136800 6706344 1731636 38461368    0    0     0 627752 166854 911312 34  9 55  1  0  0
36  1 136800 6709184 1731636 38461376    0    0     0 628016 164183 910197 34 10 56  1  0  0
38  0 136800 6708624 1731640 38461384    0    0     0 622144 164637 891528 34  9 56  1  0  0
37  1 136800 6705280 1731640 38461404    0    0     0 624504 164935 910600 34 10 56  1  0  0
35  1 136800 6714200 1731640 38461416    0    0     0 627936 164485 917725 34 10 56  1  0  0
38  0 136800 6709884 1731640 38461420    0    0     0 630600 165536 921882 34 10 55  1  0  0
38  0 136800 6717044 1731640 38461428    0    0     0 630164 165342 925747 35 10 55  1  0  0
35  1 136800 6708624 1731644 38461432    0    0     0 629080 167164 918981 34 10 55  1  0  0
36  1 136800 6707144 1731644 38461448    0    0     0 624432 164145 906750 34 10 56  1  0  0
39  0 136800 6711260 1731644 38461464    0    0     0 612924 160341 885113 34  9 56  1  0  0
34  0 136800 6717152 1731644 38461472    0    0     0 618796 162873 899191 34 10 56  1  0  0
35  0 136800 6717440 1731644 38461484    0    0     0 630884 164743 919135 34 10 56  1  0  0
42  0 136800 6713320 1731644 38461492    0    0     0 629824 163723 906504 34  9 56  1  0  0
36  1 136800 6712568 1731644 38461504    0    0     0 626204 164703 888090 33 10 56  1  0  0
37  0 136800 6706396 1731648 38461516    0    0     0 630316 164779 916132 34 10 55  1  0  0
procs -----------memory---------- ---swap-- -----io---- -system-- -------cpu-------
 r  b   swpd   free   buff  cache   si   so    bi    bo   in   cs us sy id wa st gu
38  1 136800 6702676 1731648 38461528    0    0     0 628492 164602 916209 34  9 56  1  0  0
36  0 136800 6702088 1731648 38461536    0    0     0 627332 165179 913272 34 10 55  1  0  0
40  0 136800 6701808 1731652 38461608    0    0     0 626740 164966 911898 34 10 55  1  0  0
34  1 136800 6710068 1731652 38461620    0    0     0 631556 165594 924470 34 10 56  1  0  0
36  0 136800 6709448 1731652 38461632    0    0     0 623268 163739 884086 33  9 57  1  0  0
36  0 136800 6700104 1731652 38461644    0    0     0 624900 163605 908979 33 10 56  1  0  0
33  1 136800 6706908 1731652 38461656    0    0     0 626760 164767 905409 34 10 56  1  0  0
37  0 136800 6719540 1731664 38461652    0    0     0 626052 164361 918070 34  9 56  1  0  0
41  0 136800 6719176 1731664 38461672    0    0     0 626336 165533 917788 34 10 56  1  0  0
35  1 136800 6716476 1731664 38461684    0    0     0 627044 165755 919600 34 10 55  1  0  0
34  1 136800 6707172 1731664 38461692    0    0     0 626112 164544 916413 34 10 56  1  0  0
34  1 136800 6698624 1731664 38461700    0    0     0 614288 161104 881960 34  9 56  1  0  0
35  0 136800 6703736 1731668 38461704    0    0     0 622380 163770 906645 34 10 56  1  0  0
36  0 136800 6701444 1731668 38461716    0    0     0 627248 165128 904099 34 10 56  1  0  0
42  1 136800 6705368 1731668 38461736    0    0     0 630480 165273 916946 34 10 56  1  0  0
37  0 136800 6704000 1731668 38461744    0    0     0 626008 164233 884943 33  9 56  1  0  0
33  1 136800 6703192 1731668 38461752    0    0     0 626900 166730 916985 34 10 55  1  0  0
37  0 136800 6711284 1731672 38461760    0    0     0 627644 164569 919886 34 10 55  1  0  0
38  0 136800 6710068 1731672 38461776    0    0     0 628412 165421 920939 34 10 55  1  0  0
36  0 136800 6710356 1731672 38461788    0    0     0 629932 165294 916267 34 10 56  1  0  0
34  0 136800 6710448 1731672 38461796    0    0     0 628524 165573 920143 34 10 56  1  0  0
procs -----------memory---------- ---swap-- -----io---- -system-- -------cpu-------
 r  b   swpd   free   buff  cache   si   so    bi    bo   in   cs us sy id wa st gu
35  1 136800 6711604 1731672 38461804    0    0     0 621616 165060 892133 33  9 56  1  0  0
38  0 136800 6708976 1731672 38461816    0    0     0 625328 165989 904070 34  9 56  1  0  0
35  1 136800 6705384 1731680 38461824    0    0     0 627480 164139 913281 34 10 55  1  0  0
34  1 136800 6709392 1731680 38461840    0    0     0 629268 166014 916385 34 10 56  1  0  0
40  0 136800 6705780 1731680 38461844    0    0     0 628872 166853 915388 34 10 55  1  0  0
36  1 136800 6709284 1731680 38461856    0    0     0 626076 164812 919126 34 10 56  1  0  0
39  0 136800 6711468 1731680 38461864    0    0     0 632340 164762 924597 34 10 55  1  0  0
37  0 136800 6709700 1731684 38461872    0    0     0 623960 164253 904161 34  9 56  1  0  0
38  0 136800 6709032 1731684 38461888    0    0     0 614644 161585 889005 34  9 56  1  0  0
41  0 136800 6709416 1731684 38461896    0    0     0 619988 162639 903548 34 10 56  1  0  0
33  1 136800 6712112 1731684 38461904    0    0     0 633312 168197 916114 34 10 56  1  0  0
34  0 136800 6705952 1731684 38461916    0    0     0 644060 167976 927113 34 10 55  1  0  0
38  0 136800 6703252 1731688 38461920    0    0     0 635704 166733 903510 34  9 56  1  0  0
35  0 136800 6704084 1731688 38461936    0    0     0 630072 165452 916179 34 10 56  1  0  0
35  1 136800 6706896 1731688 38461948    0    0     0 628364 165305 916068 34 10 55  1  0  0
38  1 136800 6710576 1731688 38461956    0    0     0 627608 164499 899181 34  9 56  1  0  0
38  0 136800 6711664 1731688 38461968    0    0     0 631744 168158 921493 34 10 55  1  0  0
34  1 136800 6712184 1731692 38461976    0    0     0 626196 165062 899537 34 10 56  1  0  0
33  1 136800 6711452 1731692 38461992    0    0     0 625460 165496 903091 34 10 56  1  0  0
40  0 136800 6711328 1731692 38462004    0    0     0 628572 165585 918513 34 10 56  1  0  0
36  0 136800 6709496 1731692 38462012    0    0     0 623500 163579 907453 34 10 56  1  0  0
procs -----------memory---------- ---swap-- -----io---- -system-- -------cpu-------
 r  b   swpd   free   buff  cache   si   so    bi    bo   in   cs us sy id wa st gu
36  0 136800 6712732 1731692 38462024    0    0     0 625452 165349 916599 34 10 56  1  0  0
40  0 136800 6704280 1731692 38462032    0    0     0 627484 166782 919050 34 10 55  1  0  0
36  0 136800 6703580 1731692 38462040    0    0     0 627760 166308 916252 34 10 55  1  0  0
35  0 136800 6704080 1731692 38462052    0    0     0 627124 165121 908167 34 10 56  1  0  0
42  0 136800 6707896 1731692 38462064    0    0     0 613832 162545 884926 34  9 56  1  0  0
35  0 136800 6712848 1731692 38462072    0    0     0 621920 163168 905848 34 10 56  1  0  0
35  0 136800 6703220 1731692 38462080    0    0     0 629448 167371 915036 34  9 56  1  0  0
35  1 136800 6707984 1731692 38462092    0    0     0 633916 167424 919061 34 10 56  1  0  0
35  1 136800 6708356 1731692 38462104    0    0     0 627440 165626 896000 33 10 56  1  0  0
35  0 136800 6702116 1731692 38462112    0    0     0 627464 165477 895251 34  9 56  1  0  0
37  1 136800 6707280 1731692 38462128    0    0     0 629604 167544 912670 34 10 55  1  0  0
37  0 136800 6711252 1731696 38462132    0    0     0 631924 167224 916575 34 10 55  1  0  0
35  1 136800 6708540 1731696 38462144    0    0     0 629280 168067 919054 34 10 55  1  0  0
38  1 136800 6709648 1731696 38462156    0    0     0 629356 166848 918957 34 10 56  1  0  0
39  0 136800 6708668 1731700 38462164    0    0     0 623380 165399 892715 33 10 56  1  0  0
39  0 136800 6699356 1731704 38462172    0    0     0 626132 166190 902971 34 10 56  1  0  0
36  0 136800 6704608 1731704 38462188    0    0     0 628656 166283 916233 34 10 56  1  0  0
40  0 136800 6701140 1731704 38462192    0    0     0 628252 166692 911325 34 10 56  1  0  0
36  0 136800 6695072 1731704 38462204    0    0     0 630212 166135 920415 34 10 55  1  0  0
35  0 136800 6692220 1731704 38462220    0    0     0 628284 167259 918455 34 10 55  1  0  0
35  0 136800 6699304 1731704 38462292    0    0     0 623864 165948 912344 34 10 56  1  0  0
procs -----------memory---------- ---swap-- -----io---- -system-- -------cpu-------
 r  b   swpd   free   buff  cache   si   so    bi    bo   in   cs us sy id wa st gu
34  0 136800 6699232 1731708 38462296    0    0     0 612028 163291 891569 34 10 56  1  0  0
34  1 136800 6702076 1731708 38462308    0    0     0 618464 163989 903559 34 10 56  1  0  0
33  1 136800 6697152 1731708 38462320    0    0     0 627036 166381 912800 34 10 55  1  0  0
38  1 136800 6695480 1731708 38462332    0    0     0 628132 167477 918871 34 10 55  1  0  0
39  0 136800 6698232 1731712 38462340    0    0     0 627184 165258 915537 34 10 56  1  0  0
37  1 136800 6700648 1731720 38462340    0    0     0 625400 165819 901081 34 10 56  1  0  0
37  0 136800 6702148 1731720 38462356    0    0     0 627988 166186 902184 34 10 56  1  0  0
39  0 136800 6705920 1731720 38462372    0    0     0 628352 168124 918603 34 10 55  1  0  0
36  1 136800 6705732 1731720 38462384    0    0     0 627312 165992 916466 34 10 56  1  0  0
37  0 136800 6714608 1731720 38462392    0    0     0 627272 165386 916541 34 10 56  1  0  0
36  1 136800 6711420 1731720 38462400    0    0     0 624768 164714 910888 34  9 56  1  0  0
38  0 136800 6704308 1731720 38462408    0    0     0 624700 165294 888887 33  9 57  1  0  0
38  0 136800 6707408 1731720 38462420    0    0     0 626740 167890 911678 34  9 56  1  0  0
35  1 136800 6706504 1731720 38462432    0    0     0 642676 167331 926559 34  9 56  1  0  0
39  0 136800 6703676 1731720 38462436    0    0     0 641684 167508 918675 34 10 56  1  0  0
40  0 136800 6699352 1731724 38462440    0    0     0 641568 165026 923519 34 10 56  1  0  0
35  1 136800 6702692 1731724 38462460    0    0     0 637952 164421 909764 34  9 56  1  0  0
35  1 136800 6699576 1731724 38462476    0    0     0 625908 162085 895789 34 10 56  1  0  0
35  0 136800 6697532 1731724 38462488    0    0     0 634732 166960 925719 34 10 55  1  0  0
37  0 136800 6706528 1731724 38462496    0    0     0 640664 166002 917846 34  9 56  1  0  0
37  1 136800 6704204 1731728 38462504    0    0     0 638736 165688 924799 34 10 55  1  0  0
procs -----------memory---------- ---swap-- -----io---- -system-- -------cpu-------
 r  b   swpd   free   buff  cache   si   so    bi    bo   in   cs us sy id wa st gu
35  1 136800 6707332 1731728 38462512    0    0     0 633708 166285 912686 34 10 56  1  0  0
36  0 136800 6701628 1731728 38462524    0    0     0 628524 166489 918771 34 10 55  1  0  0
34  0 136800 6694480 1731728 38462536    0    0     0 620164 164233 881726 33 10 57  1  0  0
35  1 136800 6687604 1731728 38462548    0    0     0 625880 165255 907239 34 10 56  1  0  0
33  1 136800 6687964 1731732 38462552    0    0     0 626084 165447 911698 34 10 56  1  0  0
36  1 136800 6697320 1731768 38462536    0    0     0 633144 163085 897297 33  9 57  1  0  0
37  0 136800 6701372 1731768 38462580    0    0     0 636096 168078 925334 34 10 56  1  0  0
35  0 136800 6696088 1731768 38462596    0    0     0 639440 166641 907763 34  9 56  1  0  0
35  0 136800 6705240 1731768 38462604    0    0     0 645620 167637 929627 34 10 55  1  0  0
37  0 136800 6705864 1731768 38462612    0    0     0 642408 165601 927670 34 10 56  1  0  0
35  1 136800 6703760 1731772 38462616    0    0     0 639704 168333 916881 34 10 56  1  0  0
37  1 136800 6706984 1731772 38462628    0    0     0 645852 167973 929632 34 10 56  1  0  0
34  1 136800 6698112 1731772 38462640    0    0     0 635964 167373 921684 34 10 55  1  0  0
37  0 136800 6690784 1731772 38462652    0    0     0 622912 163044 898380 34  9 56  1  0  0
33  1 136800 6702872 1731772 38462660    0    0     0 632704 163383 918187 34  9 56  1  0  0
40  0 136800 6691092 1731780 38462664    0    0     0 634312 169615 924620 34 10 55  1  0  0
35  0 136800 6692868 1731780 38462680    0    0     0 642388 168204 928529 34 10 55  1  0  0
39  1 136800 6694576 1731780 38462688    0    0     0 643164 169033 929507 34 10 55  1  0  0
37  0 136800 6709200 1731780 38462700    0    0     0 643604 168064 930411 34 10 55  1  0  0
37  0 136800 6706152 1731780 38462712    0    0     0 639516 166543 904906 33 10 56  1  0  0
35  1 136800 6696868 1731780 38462720    0    0     0 635588 164506 896319 33 10 56  1  0  0
procs -----------memory---------- ---swap-- -----io---- -system-- -------cpu-------
 r  b   swpd   free   buff  cache   si   so    bi    bo   in   cs us sy id wa st gu
34  1 136800 6702088 1731780 38462728    0    0     0 622084 160975 878162 33  9 56  1  0  0
39  0 136800 6701264 1731780 38462736    0    0     0 622404 162847 886230 33  9 56  1  0  0
34  1 136800 6701776 1731780 38462752    0    0     0 622268 160690 892570 34  9 56  1  0  0
36  1 136800 6699544 1731780 38462760    0    0     0 614844 160701 889571 34  9 56  1  0  0
38  0 136800 6703636 1731788 38462764    0    0     0 622736 160537 890745 33  9 57  1  0  0
40  1 136800 6696184 1731788 38462780    0    0     0 622656 161629 883466 33  9 57  1  0  0
37  0 136800 6700492 1731788 38462784    0    0     0 621412 163322 881440 33  9 56  1  0  0
35  1 136800 6702172 1731788 38462800    0    0     0 618408 161948 880330 33  9 56  1  0  0
37  0 136800 6702708 1731788 38462812    0    0     0 607792 160449 884518 34  9 56  1  0  0
36  0 136800 6701616 1731808 38462800    0    0     0 621956 162673 898916 34  9 56  1  0  0
38  1 136800 6703444 1731808 38462828    0    0     0 609612 162397 878401 33  9 56  1  0  0
38  1 136800 6699268 1731808 38462836    0    0     0 617008 161334 885536 33  9 56  1  0  0
34  0 136800 6707924 1731808 38462852    0    0     0 622708 161922 898570 34 10 56  1  0  0
37  1 136800 6707888 1731808 38462864    0    0     0 615232 162709 882924 33  9 56  1  0  0
23  0 136800 6707356 1731816 38462864    0    0     0 618364 163652 886553 33  9 56  1  0  0
37  0 136800 6705136 1731816 38462884    0    0     0 618580 160272 874882 33  9 57  1  0  0
34  0 136800 6711400 1731816 38462892    0    0     0 622120 161393 876107 33  9 57  1  0  0
36  0 136800 6707888 1731816 38462972    0    0     0 623568 162478 896240 34  9 56  1  0  0
39  0 136800 6705488 1731816 38462988    0    0     0 622832 163446 892791 34  9 56  1  0  0
38  1 136800 6700484 1731824 38462988    0    0     0 622920 163314 898368 34  9 56  1  0  0
38  0 136800 6700240 1731824 38463008    0    0     0 625976 161757 901906 34  9 56  1  0  0
procs -----------memory---------- ---swap-- -----io---- -system-- -------cpu-------
 r  b   swpd   free   buff  cache   si   so    bi    bo   in   cs us sy id wa st gu
36  1 136800 6696460 1731824 38463016    0    0     0 631748 164270 911537 34  9 56  1  0  0
35  0 136800 6705192 1731824 38463032    0    0     0 625892 163542 899184 33  9 56  1  0  0
33  1 136800 6704460 1731824 38463040    0    0     0 628000 163182 892593 33  9 56  1  0  0
38  0 136800 6700656 1731836 38463032    0    0     0 620400 162134 875200 33  9 57  1  0  0
36  0 136800 6702616 1731840 38463048    0    0     0 630164 165028 902658 34  9 56  1  0  0
37  1 136800 6706856 1731840 38463060    0    0     0 617088 161919 888613 34  9 56  1  0  0
39  1 136800 6706124 1731840 38463068    0    0     0 605156 158323 883609 33  9 56  1  0  0
35  0 136800 6711736 1731840 38463084    0    0     0 606036 157478 894339 34  9 56  1  0  0
36  0 136800 6712056 1731840 38463092    0    0     0 599488 156562 874793 33  9 56  1  0  0
35  0 136800 6704056 1731840 38463104    0    0     0 607280 159446 884671 33  9 56  1  0  0
35  0 136800 6703908 1731840 38463116    0    0     0 623088 161804 889809 33  9 56  1  0  0
37  1 136800 6696836 1731840 38463128    0    0     0 626152 163895 901498 34  9 56  1  0  0
37  0 136800 6696112 1731840 38463140    0    0     0 625040 162113 872388 33  9 57  1  0  0
35  0 136800 6699596 1731844 38463144    0    0     0 626600 164174 882508 33  9 57  1  0  0
40  1 136800 6697864 1731844 38463156    0    0     0 632260 165202 901752 33  9 56  1  0  0
35  1 136800 6701636 1731844 38463164    0    0     0 626512 163776 900914 34  9 56  1  0  0
36  1 136800 6701860 1731844 38463176    0    0     0 626428 163455 907088 34 10 56  1  0  0
38  1 136800 6704300 1731844 38463188    0    0     0 632712 165788 911440 34  9 56  1  0  0
40  1 136800 6707724 1731844 38463204    0    0     0 629432 165238 901370 33  9 57  1  0  0
40  0 136800 6720468 1731844 38463212    0    0     0 631728 164377 908752 33  9 56  1  0  0
35  1 136800 6710408 1731844 38463216    0    0     0 626664 168388 895818 33  9 56  1  0  0
procs -----------memory---------- ---swap-- -----io---- -system-- -------cpu-------
 r  b   swpd   free   buff  cache   si   so    bi    bo   in   cs us sy id wa st gu
39  0 136800 6704384 1731844 38463228    0    0     0 618632 166003 882739 33  9 57  1  0  0
37  0 136800 6695640 1731844 38463240    0    0     0 610972 160596 888016 33  9 56  1  0  0
39  1 136800 6691776 1731844 38463248    0    0     0 626848 164332 890729 33  9 56  1  0  0
34  1 136800 6694588 1731848 38463256    0    0     0 634580 165340 904448 34 10 56  1  0  0
35  0 136800 6696064 1731848 38463268    0    0     0 630788 165932 899276 34 10 56  1  0  0
36  1 136800 6692164 1731848 38463276    0    0     0 633448 165117 904784 34  9 56  1  0  0
34  1 136800 6697040 1731848 38463292    0    0     0 633172 165866 903839 33 10 56  1  0  0
38  1 136800 6694680 1731848 38463300    0    0     0 632448 165109 894936 33  9 57  1  0  0
37  1 136800 6702164 1731852 38463308    0    0     0 637584 164322 917861 34 10 56  1  0  0
36  0 136800 6698236 1731852 38463324    0    0     0 624472 162607 865529 32  9 58  1  0  0
39  0 136800 6693260 1731852 38463332    0    0     0 629220 164995 891996 33  9 56  1  0  0
37  1 136800 6694568 1731852 38463344    0    0     0 621700 165040 891367 33  9 56  1  0  0
35  0 136800 6703548 1731852 38463352    0    0     0 621880 165236 897712 33 10 56  1  0  0
37  0 136800 6702264 1731860 38463360    0    0     0 628312 163676 903247 34  9 56  1  0  0
35  1 136800 6703472 1731860 38463376    0    0     0 620492 165646 904408 34 10 56  1  0  0
39  0 136800 6702792 1731860 38463388    0    0     0 615044 165604 878045 33  9 57  1  0  0
40  0 136800 6695548 1731860 38463396    0    0     0 635504 167272 915253 34 10 56  1  0  0
34  0 136800 6694820 1731860 38463404    0    0     0 637608 167988 924993 34 10 56  1  0  0
34  1 136800 6707548 1731868 38463404    0    0     0 628172 164081 909128 34  9 56  1  0  0
35  1 136800 6702276 1731868 38463424    0    0     0 612016 162387 891886 33 10 56  1  0  0
37  0 136800 6703012 1731868 38463432    0    0     0 630528 166506 921029 34 10 55  1  0  0
procs -----------memory---------- ---swap-- -----io---- -system-- -------cpu-------
 r  b   swpd   free   buff  cache   si   so    bi    bo   in   cs us sy id wa st gu
37  0 136800 6698932 1731868 38463440    0    0     0 640872 166131 934511 34 10 55  1  0  0
34  0 136800 6707744 1731868 38463452    0    0     0 637084 167111 920055 34 10 56  1  0  0
35  1 136800 6700776 1731868 38463464    0    0     0 636016 166214 917456 34 10 56  1  0  0
36  1 136800 6692004 1731868 38463472    0    0     0 636676 167218 918328 34  9 56  1  0  0
38  0 136800 6702492 1731872 38463480    0    0     0 632960 163747 913960 34  9 57  1  0  0
35  1 136800 6702384 1731872 38463492    0    0     0 638456 165895 928235 34  9 56  1  0  0
35  1 136800 6703500 1731872 38463504    0    0     0 633812 166560 904482 33  9 56  1  0  0
36  1 136800 6697508 1731872 38463516    0    0     0 637800 166502 921200 34  9 56  1  0  0
37  0 136800 6703196 1731872 38463540    0    0     0 636504 165438 917092 34  9 56  1  0  0
34  0 136800 6701272 1731872 38463548    0    0     0 633956 165561 905411 34  9 56  1  0  0
37  0 136800 6702348 1731872 38463556    0    0     0 633384 166504 898908 34  9 56  1  0  0
38  0 136800 6696868 1731872 38463568    0    0     0 637644 166929 914409 34  9 56  1  0  0
35  1 136800 6697268 1731876 38463576    0    0     0 639516 167484 915556 34 10 56  1  0  0
37  0 136800 6700340 1731876 38463588    0    0     0 640192 168026 923179 34 10 55  1  0  0
39  0 136800 6691936 1731884 38463672    0    0     0 638412 168437 930859 34 10 55  1  0  0
36  0 136800 6693276 1731888 38463688    0    0     0 625204 164400 890685 33  9 57  1  0  0
36  0 136800 6696112 1731888 38463704    0    0     0 616768 162385 894667 34  9 56  1  0  0
38  0 136800 6698508 1731892 38463708    0    0     0 618420 163027 900476 34  9 56  1  0  0
35  1 136800 6694144 1731892 38463724    0    0     0 617868 161750 899659 34  9 56  1  0  0
35  0 136800 6699440 1731892 38463732    0    0     0 619004 162998 885762 33  9 56  1  0  0
38  0 136800 6696436 1731892 38463744    0    0     0 634016 166488 921506 34  9 56  1  0  0
procs -----------memory---------- ---swap-- -----io---- -system-- -------cpu-------
 r  b   swpd   free   buff  cache   si   so    bi    bo   in   cs us sy id wa st gu
36  0 136800 6705204 1731892 38463756    0    0     0 640516 166818 931376 34  9 56  1  0  0
35  0 136800 6706192 1731896 38463768    0    0     0 637684 166890 924451 34 10 56  1  0  0
34  1 136800 6708532 1731896 38463780    0    0     0 640564 167546 930569 34 10 55  1  0  0
35  1 136800 6702728 1731896 38463788    0    0     0 634020 166742 900727 33 10 56  1  0  0
42  0 136800 6698560 1731900 38463792    0    0     0 637316 167523 923208 34 10 56  1  0  0
35  0 136800 6704900 1731900 38463812    0    0     0 637700 167754 929080 34 10 55  1  0  0
39  1 136800 6706332 1731908 38463812    0    0     0 637256 165637 926547 34 10 56  1  0  0
35  1 136800 6701936 1731908 38463828    0    0     0 637116 166657 928661 34 10 55  1  0  0
36  0 136800 6698876 1731908 38463836    0    0     0 634436 165025 907167 33  9 56  1  0  0
35  0 136800 6692280 1731908 38463844    0    0     0 636868 168127 912131 34 10 56  1  0  0
38  0 136800 6695340 1731908 38463852    0    0     0 636004 167846 926089 34 10 55  1  0  0
35  0 136800 6699916 1731916 38463864    0    0     0 618480 166267 893202 33 10 56  1  0  0
33  1 136800 6706868 1731916 38463880    0    0     0 621132 163027 889896 34  9 56  1  0  0
35  1 136800 6702884 1731916 38463888    0    0     0 634344 167089 929510 34 10 55  1  0  0
36  0 136800 6704944 1731916 38463896    0    0     0 639816 168352 936692 34  9 55  1  0  0
34  1 136800 6698032 1731916 38463908    0    0     0 635380 166856 928843 34 10 56  1  0  0
36  0 136800 6698880 1731920 38463916    0    0     0 637500 168264 916810 34 10 56  1  0  0
34  1 136800 6697256 1731920 38463928    0    0     0 636152 166914 917310 34 10 56  1  0  0
42  0 136800 6692004 1731920 38463940    0    0     0 640320 166325 925667 34 10 56  1  0  0
39  1 136800 6703044 1731920 38463956    0    0     0 639004 166514 933192 34 10 56  1  0  0
35  0 136800 6701484 1731920 38463964    0    0     0 637672 166199 926079 33 10 56  1  0  0
procs -----------memory---------- ---swap-- -----io---- -system-- -------cpu-------
 r  b   swpd   free   buff  cache   si   so    bi    bo   in   cs us sy id wa st gu
36  0 136800 6701296 1731920 38463976    0    0     0 633752 165513 905460 33  9 56  1  0  0
36  0 136800 6709236 1731920 38463984    0    0     0 638628 165893 923152 34  9 56  1  0  0
38  0 136800 6702496 1731920 38463992    0    0     0 633780 165939 921529 34  9 56  1  0  0
39  1 136800 6709844 1731920 38464004    0    0     0 634512 166853 902357 33  9 56  1  0  0
33  0 136800 6705552 1731920 38464012    0    0     0 633088 166149 908497 33  9 56  1  0  0
38  1 136800 6706228 1731944 38463996    0    0     0 631728 163820 855917 31  9 59  1  0  0
34  0 136800 6702528 1731948 38464028    0    0     0 636328 167627 920299 34  9 55  1  0  0
34  1 136800 6700728 1731948 38464036    0    0     0 630356 164833 921129 34 10 56  1  0  0
36  0 136800 6700372 1731948 38464052    0    0     0 619920 162142 899197 34  9 56  1  0  0
39  1 136800 6700068 1731948 38464060    0    0     0 634920 167027 924428 34 10 56  1  0  0
37  0 136800 6697284 1731952 38464072    0    0     0 640676 168081 933647 34 10 55  1  0  0
35  1 136800 6696492 1731952 38464084    0    0     0 639116 167650 931262 35 10 55  1  0  0
37  1 136800 6705284 1731952 38464096    0    0     0 638936 167935 926963 34 10 56  1  0  0
39  0 136800 6707316 1731952 38464104    0    0     0 640216 165205 925769 34 10 56  1  0  0
37  0 136800 6704568 1731956 38464108    0    0     0 636468 166244 923890 34 10 56  1  0  0
36  0 136800 6710256 1731956 38464124    0    0     0 640744 168239 929415 34 10 55  1  0  0
37  0 136800 6701700 1731960 38464128    0    0     0 640968 167210 928733 34 10 56  1  0  0
34  0 136800 6707792 1731960 38464148    0    0     0 636592 166770 902980 33  9 56  1  0  0
35  0 136800 6702872 1731960 38464156    0    0     0 637156 167758 917587 34  9 56  1  0  0
39  0 136800 6703792 1731960 38464164    0    0     0 640660 167958 926204 34 10 55  1  0  0
37  0 136800 6712292 1731960 38464176    0    0     0 640656 167551 931693 34 10 55  1  0  0
procs -----------memory---------- ---swap-- -----io---- -system-- -------cpu-------
 r  b   swpd   free   buff  cache   si   so    bi    bo   in   cs us sy id wa st gu
40  0 136800 6704864 1731964 38464180    0    0     0 641560 167726 927254 34 10 55  1  0  0
37  0 136800 6711808 1731964 38464192    0    0     0 641588 166502 935573 34  9 56  1  0  0
35  0 136800 6702500 1731964 38464200    0    0     0 635896 166730 907640 34 10 56  1  0  0
35  0 136800 6699464 1731964 38464208    0    0     0 628408 164297 901158 34  9 56  1  0  0
35  0 136800 6694588 1731964 38464224    0    0     0 619648 161648 891823 33  9 56  1  0  0
35  0 136800 6700004 1731968 38464236    0    0     0 635584 164824 917458 34 10 56  1  0  0
36  0 136800 6699892 1731968 38464252    0    0     0 644100 164858 938766 34 10 55  1  0  0
42  0 136800 6700228 1731968 38464264    0    0     0 643708 166902 938992 34 10 55  1  0  0
33  1 136800 6703648 1731968 38464272    0    0     0 638948 167700 935978 34 10 55  1  0  0
37  0 136800 6703616 1731968 38464280    0    0     0 638936 167783 930822 34 10 56  1  0  0
34  1 136800 6697888 1731972 38464296    0    0     0 637428 166630 925981 34 10 55  1  0  0
35  1 136800 6703240 1731972 38464376    0    0     0 639328 167795 926750 34 10 55  1  0  0
34  0 136800 6703844 1731972 38464384    0    0     0 640496 168744 927136 34 10 55  1  0  0
37  0 136800 6709360 1731972 38464392    0    0     0 644408 167271 933198 34 10 56  1  0  0
34  0 136800 6703656 1731976 38464400    0    0     0 636980 166161 898265 33  9 57  1  0  0
37  0 136800 6701392 1731976 38464420    0    0     0 640304 167520 918715 34 10 56  1  0  0
38  0 136800 6703208 1731976 38464428    0    0     0 638340 167009 923324 34  9 55  1  0  0
37  0 136800 6704276 1731976 38464436    0    0     0 643112 168209 933292 34 10 55  1  0  0
34  0 136800 6703328 1731976 38464444    0    0     0 640688 168100 929098 34 10 55  1  0  0
