procs -----------memory---------- ---swap-- -----io---- -system-- -------cpu-------
 r  b   swpd   free   buff  cache   si   so    bi    bo   in   cs us sy id wa st gu
 6  1 136800 140416580 1972312 34366236    4    6 30216 32161 19494    7  4  1 95  1  0  0
150  0 136800 140368988 1972312 34366296    0    0 58128 98716 96937 49258 95  1  3  0  0  0
100  0 136800 140365976 1972312 34366312    0    0 62672 239972 189364 54408 97  2  1  0  0  0
135  0 136800 140360524 1972312 34366320    0    0 44592 217156 100452 55907 98  1  1  0  0  0
233  0 136800 140349028 1972312 34366328    0    0 51536 211316 99016 54741 98  1  0  0  0  0
190  0 136800 140339912 1972316 34366340    0    0 52368 212016 99155 55033 98  1  1  0  0  0
183  0 136800 140331404 1972316 34366356    0    0 45744 216144 98935 54527 98  1  1  0  0  0
166  0 136800 140315052 1972316 34366364    0    0 51616 207240 178130 54094 97  2  1  0  0  0
162  0 136800 140298036 1972316 34366372    0    0 53776 219948 105403 55469 98  1  1  0  0  0
166  0 136800 140270128 1972316 34366380    0    0 51936 205308 106065 51121 98  1  1  0  0  0
189  1 136800 140246184 1972316 34366392    0    0 49120 219520 117242 55797 98  1  0  0  0  0
118  1 136800 140228852 1972316 34366404    0    0 54912 226780 114838 55873 98  1  0  0  0  0
85  0 136800 139995980 1972316 34366412    0    0 81824 418836 299118 142188 81  8 10  1  0  0
78  8 136800 139172508 1972316 34366420    0    0 524000 318156 623429 1117265 39 41 17  3  0  0
102  9 136800 139132744 1972316 34366432    0    0 776544 351732 281556 1390221 51 24 21  4  0  0
49  6 136800 139144044 1972320 34366436    0    0 638656 319604 270443 1450908 46 26 24  4  0  0
45  2 136800 139157088 1972320 34366452    0    0 681392 333404 270890 1409227 47 25 24  4  0  0
42 21 136800 139164604 1972320 34366464    0    0 742480 340380 276525 1389824 48 24 23  5  0  0
57  6 136800 139151316 1972320 34366472    0    0 662128 317804 271170 1448509 47 26 23  4  0  0
66 11 136800 139123132 1972320 34366476    0    0 676528 333956 276171 1439848 48 26 22  4  0  0
46 16 136800 139113628 1972324 34366480    0    0 710944 345716 276623 1433799 49 26 21  4  0  0
procs -----------memory---------- ---swap-- -----io---- -system-- -------cpu-------
 r  b   swpd   free   buff  cache   si   so    bi    bo   in   cs us sy id wa st gu
94  1 136800 139086920 1972324 34366500    0    0 718384 354040 285284 1426054 49 25 21  4  0  0
87  1 136800 139081508 1972324 34366508    0    0 659696 339768 283501 1464066 47 26 23  4  0  0
42  4 136800 139070164 1972324 34366520    0    0 706672 365716 277654 1427763 47 25 23  4  0  0
45  6 136800 139063600 1972324 34366528    0    0 739584 379332 279441 1420591 49 25 22  5  0  0
40 33 136800 139055796 1972328 34366536    0    0 688192 392428 276622 1425261 48 25 22  5  0  0
55  3 136800 139055176 1972328 34366552    0    0 651328 397136 276670 1442415 47 26 22  4  0  0
24  7 136800 139065344 1972328 34366560    0    0 729456 442276 283270 1442324 50 25 21  4  0  0
63  2 136800 139051456 1972328 34366568    0    0 626528 435332 279183 1441086 48 26 22  4  0  0
43  2 136800 139045588 1972328 34366576    0    0 695456 445088 282167 1434526 49 25 21  4  0  0
78 15 136800 139063276 1972328 34366584    0    0 705616 481232 281212 1407208 49 25 22  5  0  0
40  3 136800 139077724 1972328 34366600    0    0 648544 432736 278819 1438556 48 26 22  4  0  0
98  9 136800 139073280 1972328 34366608    0    0 699872 481580 281167 1407706 48 25 22  5  0  0
15  1 136800 139074128 1972328 34366620    0    0 662816 492820 284841 1415194 47 25 23  5  0  0
89 19 136800 139080676 1972328 34366628    0    0 654752 434072 279754 1426186 48 26 23  4  0  0
64  5 136800 139077424 1972328 34366640    0    0 719568 448744 286407 1420563 48 26 21  4  0  0
36 23 136800 139079072 1972328 34366648    0    0 771408 466072 280905 1387178 49 24 21  5  0  0
28  0 136800 139077540 1972328 34366660    0    0 728416 440484 277318 1402736 48 25 22  5  0  0
67 10 136800 139100484 1972328 34366668    0    0 742528 475632 280839 1372789 47 24 23  6  0  0
93 11 136800 139113840 1972328 34366680    0    0 752496 459668 279188 1382879 48 24 23  5  0  0
24 15 136800 139110220 1972328 34366692    0    0 758976 473580 280764 1364010 47 23 24  6  0  0
44  8 136800 139112340 1972328 34366700    0    0 741744 469712 281717 1386800 47 24 23  6  0  0
procs -----------memory---------- ---swap-- -----io---- -system-- -------cpu-------
 r  b   swpd   free   buff  cache   si   so    bi    bo   in   cs us sy id wa st gu
57  9 136800 139105196 1972328 34366716    0    0 705856 454556 275631 1390853 46 25 23  5  0  0
100 13 136800 139119816 1972328 34366724    0    0 773488 511476 277853 1359851 47 24 23  6  0  0
32 18 136800 139127612 1972328 34366740    0    0 730544 495860 279209 1383923 46 24 23  6  0  0
67 13 136800 139147300 1972328 34366748    0    0 718416 479924 282982 1387087 47 25 23  5  0  0
23 18 136800 139151836 1972328 34366756    0    0 763888 508972 283856 1356220 47 24 24  6  0  0
53  4 136800 139160504 1972328 34366768    0    0 696736 477776 279859 1395856 46 25 24  5  0  0
51  9 136800 139152316 1972328 34366780    0    0 691056 485316 278715 1378586 46 25 24  6  0  0
37  6 136800 139159080 1972328 34366792    0    0 709040 497184 278735 1359673 46 23 25  6  0  0
74 18 136800 139162688 1972328 34366800    0    0 689024 472004 276736 1375608 46 24 23  6  0  0
66 26 136800 139180344 1972328 34366880    0    0 759536 508488 274533 1318953 46 23 23  8  0  0
32 23 136800 139182052 1972328 34366892    0    0 720592 494072 281057 1363845 46 24 23  7  0  0
39 23 136800 139171924 1972328 34366900    0    0 684880 476800 275057 1365090 46 24 24  6  0  0
14 28 136800 139162580 1972332 34366916    0    0 765380 532660 277290 1315381 47 23 22  8  0  0
47 27 136800 139166084 1972332 34366924    0    0 716096 490592 281264 1367485 47 25 23  5  0  0
36 14 136800 139162432 1972332 34366932    0    0 747840 528104 283768 1343368 47 24 24  6  0  0
66 11 136800 139158196 1972332 34366944    0    0 759888 527424 282978 1335485 47 23 24  6  0  0
100  1 136800 139150700 1972332 34366956    0    0 696848 488280 281653 1376917 47 25 23  5  0  0
58  7 136800 139154736 1972332 34366964    0    0 793088 564376 288233 1349308 47 24 22  6  0  0
48 13 136800 139154940 1972332 34366976    0    0 751328 520720 282345 1362035 47 24 23  6  0  0
35  4 136800 139168056 1972332 34366984    0    0 714352 509060 279445 1354627 46 24 24  6  0  0
58  4 136800 139170816 1972332 34366996    0    0 785648 539760 285738 1327947 47 23 23  7  0  0
procs -----------memory---------- ---swap-- -----io---- -system-- -------cpu-------
 r  b   swpd   free   buff  cache   si   so    bi    bo   in   cs us sy id wa st gu
53  3 136800 139178460 1972332 34367020    0    0 740352 541532 280213 1332241 45 23 25  6  0  0
71  4 136800 139184364 1972332 34367028    0    0 715552 499808 278629 1358666 45 25 24  6  0  0
47  2 136800 139183204 1972332 34367036    0    0 683584 502088 279222 1365029 45 24 25  5  0  0
53 20 136800 139180576 1972332 34367044    0    0 759952 538352 287693 1338385 46 23 25  6  0  0
52  0 136800 139174048 1972332 34367056    0    0 716832 514388 278850 1336980 46 24 25  6  0  0
34 23 136800 139177696 1972332 34367068    0    0 729808 516880 280971 1346175 45 24 24  6  0  0
17 16 136800 139179512 1972332 34367076    0    0 725552 524524 277480 1338485 46 23 24  6  0  0
84 12 136800 139174116 1972332 34367092    0    0 673856 481012 277972 1341419 44 24 25  6  0  0
54  6 136800 139162328 1972336 34367100    0    0 715392 504864 275552 1341046 45 24 24  7  0  0
51  5 136800 139155484 1972336 34367112    0    0 742784 506408 280685 1334237 47 23 23  7  0  0
63  7 136800 139154076 1972336 34367120    0    0 696080 490148 279001 1349418 45 24 24  6  0  0
39  1 136800 139148504 1972336 34367128    0    0 723744 537716 278610 1339918 46 24 24  7  0  0
60  1 136800 139159328 1972336 34367136    0    0 751696 520096 279484 1323879 46 23 25  6  0  0
59  5 136800 139170264 1972336 34367148    0    0 685232 493412 277926 1373417 46 24 24  6  0  0
58 24 136800 139176768 1972336 34367164    0    0 713728 517520 278534 1349839 46 23 25  6  0  0
83 22 136800 139176748 1972336 34367180    0    0 702880 501268 276270 1332745 45 24 26  6  0  0
67  8 136800 139179676 1972336 34367192    0    0 773408 541660 280675 1318554 46 23 24  6  0  0
54 11 136800 139179468 1972336 34367208    0    0 736400 522040 279353 1330843 46 24 25  6  0  0
90  5 136800 139183128 1972336 34367208    0    0 712848 514968 280913 1344804 45 25 24  6  0  0
17 34 136800 139181820 1972340 34367220    0    0 758912 549092 283765 1350160 48 24 23  6  0  0
 7  5 136800 139176468 1972340 34367240    0    0 735664 531636 282049 1337458 47 24 24  5  0  0
procs -----------memory---------- ---swap-- -----io---- -system-- -------cpu-------
 r  b   swpd   free   buff  cache   si   so    bi    bo   in   cs us sy id wa st gu
88  1 136800 139167324 1972340 34367240    0    0 733968 512116 280543 1349144 47 24 24  6  0  0
91 13 136800 139156492 1972340 34367252    0    0 710960 500964 279424 1344445 46 23 24  6  0  0
56  5 136800 139153464 1972340 34367260    0    0 707456 523320 278569 1325949 45 24 26  6  0  0
92  0 136800 139150520 1972340 34367268    0    0 747504 511104 280623 1349312 47 24 24  6  0  0
41 26 136800 139151820 1972340 34367280    0    0 736752 520220 281239 1347568 46 24 24  6  0  0
75 20 136800 139160960 1972340 34367288    0    0 687632 492904 279442 1347794 45 24 25  6  0  0
66 14 136800 139159752 1972340 34367296    0    0 717440 527944 280876 1339750 45 23 25  7  0  0
44 16 136800 139165012 1972340 34367304    0    0 697920 496524 279714 1358602 46 25 24  6  0  0
55  1 136800 139160228 1972344 34367312    0    0 733952 519804 279309 1341372 46 24 24  7  0  0
29  1 136800 139169128 1972344 34367328    0    0 715232 508480 281632 1324176 45 23 26  6  0  0
80  5 136800 139167324 1972344 34367336    0    0 721504 516472 279891 1329527 46 23 26  6  0  0
29 38 136800 139175160 1972344 34367352    0    0 730544 533040 279130 1314480 46 23 25  6  0  0
161 38 136800 139173380 1972344 34367360    0    0 732096 527184 279480 1327002 45 24 25  6  0  0
18 23 136800 139177604 1972348 34367372    0    0 666992 488968 278380 1363550 45 24 25  6  0  0
66 13 136800 139174108 1972348 34367388    0    0 718400 520428 277041 1326238 45 23 26  6  0  0
33 26 136800 139163612 1972348 34367396    0    0 758176 529376 278554 1324435 46 23 23  7  0  0
65 14 136800 139160888 1972352 34367404    0    0 681828 504464 283495 1374552 45 24 25  6  0  0
77  5 136800 139169788 1972352 34367428    0    0 742160 532088 280507 1335139 46 23 25  7  0  0
57 12 136800 139171268 1972352 34367436    0    0 720160 522356 284318 1369951 46 24 24  6  0  0
133  3 136800 139172964 1972356 34367444    0    0 791696 549564 284546 1339006 47 23 23  6  0  0
25 40 136800 139165960 1972356 34367456    0    0 774640 554560 281790 1323394 47 23 24  7  0  0
procs -----------memory---------- ---swap-- -----io---- -system-- -------cpu-------
 r  b   swpd   free   buff  cache   si   so    bi    bo   in   cs us sy id wa st gu
13 13 136800 139160268 1972356 34367468    0    0 716848 514312 278751 1343582 46 24 24  6  0  0
109 28 136800 139162232 1972356 34367476    0    0 707856 513780 278772 1348766 46 23 25  6  0  0
28 24 136800 139169016 1972356 34367484    0    0 701040 498288 277436 1336832 45 24 25  6  0  0
58  7 136800 139168476 1972356 34367500    0    0 700480 490468 275980 1348597 45 24 24  7  0  0
44 14 136800 139169332 1972360 34367508    0    0 720032 514924 279558 1340577 46 23 24  7  0  0
83 12 136800 139168864 1972360 34367520    0    0 746944 535100 279384 1320028 46 23 24  7  0  0
60  5 136800 139162060 1972360 34367596    0    0 723520 512812 276914 1334432 46 22 25  7  0  0
69 25 136800 139164308 1972360 34367604    0    0 721696 523240 281053 1347205 45 24 24  7  0  0
28 13 136800 139160632 1972360 34367612    0    0 719776 528124 280304 1335894 45 24 25  6  0  0
140 28 136800 139168056 1972360 34367628    0    0 730736 514068 285802 1347268 46 24 24  6  0  0
17 23 136800 139168816 1972360 34367640    0    0 763840 547452 282351 1316816 46 24 23  7  0  0
26 36 136800 139162208 1972360 34367648    0    0 706912 509984 281844 1356782 46 24 24  6  0  0
76 11 136800 139160508 1972360 34367660    0    0 751248 539992 282968 1317286 46 23 25  7  0  0
33 36 136800 139161232 1972360 34367668    0    0 697744 503672 280228 1361534 45 25 24  6  0  0
65 12 136800 139152836 1972364 34367676    0    0 758896 539316 281392 1326938 46 23 24  7  0  0
35  2 136800 139151680 1972364 34367692    0    0 753344 549500 281064 1325547 46 23 24  7  0  0
61 11 136800 139153820 1972364 34367700    0    0 706544 516076 280276 1340814 46 23 25  6  0  0
86 27 136800 139154220 1972364 34367708    0    0 776784 545620 285791 1333757 47 24 23  6  0  0
43 10 136800 139149124 1972364 34367712    0    0 713904 506692 279756 1343154 46 25 24  6  0  0
58 52 136800 139142540 1972372 34367724    0    0 709472 516884 277878 1335963 47 23 24  6  0  0
75 55 136800 139143308 1972372 34367740    0    0 690816 494104 279497 1353161 46 25 24  6  0  0
procs -----------memory---------- ---swap-- -----io---- -system-- -------cpu-------
 r  b   swpd   free   buff  cache   si   so    bi    bo   in   cs us sy id wa st gu
42  5 136800 139158848 1972372 34367748    0    0 772720 554484 279810 1287236 46 22 23  8  0  0
74  4 136800 139164824 1972372 34367756    0    0 691344 496024 281871 1355913 45 24 24  6  0  0
41  3 136800 139161020 1972372 34367772    0    0 721680 514216 277579 1343813 46 24 24  6  0  0
67  3 136800 139161640 1972372 34367780    0    0 696768 502568 276323 1329712 45 24 25  6  0  0
46 13 136800 139158124 1972372 34367796    0    0 876176 595920 280743 1222707 46 21 22 11  0  0
70  9 136800 139160020 1972372 34367796    0    0 705376 504168 278055 1328607 46 24 25  6  0  0
89  7 136800 139162804 1972372 34367812    0    0 703008 500804 282402 1359064 46 24 24  6  0  0
28  5 136800 139157620 1972372 34367816    0    0 677808 499560 278597 1359311 46 24 24  6  0  0
99  7 136800 139159880 1972372 34367836    0    0 684224 518036 280316 1351220 46 25 24  6  0  0
73 16 136800 139156528 1972372 34367852    0    0 753776 534724 285351 1348652 46 24 23  6  0  0
108 13 136800 139153360 1972372 34367852    0    0 798672 546636 280601 1308303 47 22 24  7  0  0
49  6 136800 139149852 1972372 34367868    0    0 684080 510092 280514 1365999 46 25 23  6  0  0
34  4 136800 139153336 1972372 34367880    0    0 721376 525192 280519 1350711 46 24 23  6  0  0
40  1 136800 139154268 1972376 34367888    0    0 727360 510916 280101 1337052 46 24 24  6  0  0
75  7 136800 139155328 1972376 34367892    0    0 738176 532960 284605 1358591 47 24 23  6  0  0
55 12 136800 139158416 1972380 34367896    0    0 712948 533272 281157 1347829 46 24 24  6  0  0
51  9 136800 139153448 1972380 34367920    0    0 742848 531144 306769 1334896 47 24 24  6  0  0
62 12 136800 139149652 1972380 34367940    0    0 681344 488596 277161 1348621 46 25 24  6  0  0
45 32 136800 139148872 1972380 34367940    0    0 672736 497320 274884 1333981 44 24 25  6  0  0
52 19 136800 139152052 1972384 34367960    0    0 715696 519392 277959 1330883 46 23 25  6  0  0
64 18 136800 139155968 1972384 34367964    0    0 707408 508372 277035 1321309 45 23 25  7  0  0
procs -----------memory---------- ---swap-- -----io---- -system-- -------cpu-------
 r  b   swpd   free   buff  cache   si   so    bi    bo   in   cs us sy id wa st gu
63 13 136800 139153592 1972384 34367972    0    0 763008 537336 286095 1345147 47 23 23  7  0  0
19  7 136800 139145432 1972384 34367984    0    0 714832 518080 280738 1350992 47 23 24  6  0  0
111 15 136800 139139160 1972384 34367996    0    0 696000 501224 277388 1354473 46 25 23  6  0  0
63  7 136800 139147828 1972388 34368000    0    0 750720 529072 280109 1326820 46 24 23  7  0  0
41 11 136800 139140420 1972388 34368020    0    0 680720 501392 278004 1371512 46 25 23  6  0  0
94 15 136800 139140176 1972388 34368028    0    0 729824 542040 283193 1353346 47 24 23  6  0  0
61 12 136800 139143736 1972388 34368040    0    0 708240 515124 277739 1347272 46 24 24  6  0  0
61 58 136800 139147340 1972388 34368048    0    0 733712 514240 281046 1345984 47 24 23  6  0  0
26  5 136800 139142736 1972388 34368060    0    0 751520 546256 294223 1375956 48 24 23  6  0  0
96 15 136800 139143324 1972388 34368076    0    0 712128 501352 279966 1352322 46 24 25  6  0  0
132 50 136800 139141740 1972388 34368088    0    0 713248 529676 280515 1343390 45 24 25  6  0  0
65 46 136800 139140232 1972388 34368096    0    0 679568 484920 276645 1364663 45 24 25  6  0  0
26  2 136800 139138120 1972388 34368104    0    0 731152 531824 289524 1368553 45 25 24  6  0  0
21  3 136800 139136080 1972396 34368116    0    0 722736 523832 283031 1360928 47 24 23  5  0  0
103 61 136800 139128016 1972396 34368124    0    0 757808 497972 278851 1330538 46 24 23  7  0  0
52  5 136800 139122564 1972408 34368128    0    0 766640 562100 279544 1304693 46 23 23  8  0  0
90 25 136800 139136516 1972412 34368144    0    0 711024 491372 276538 1348923 45 24 24  6  0  0
88 32 136800 139133132 1972412 34368148    0    0 761152 531252 277168 1292207 45 22 23  9  0  0
56 21 136800 139130356 1972412 34368168    0    0 696080 495592 276261 1341157 45 24 25  6  0  0
44 26 136800 139134036 1972412 34368176    0    0 697184 505324 277446 1353241 46 24 24  6  0  0
42 12 136800 139140616 1972412 34368188    0    0 725968 528808 277140 1326896 46 23 24  7  0  0
procs -----------memory---------- ---swap-- -----io---- -system-- -------cpu-------
 r  b   swpd   free   buff  cache   si   so    bi    bo   in   cs us sy id wa st gu
37 109 136800 139136688 1972416 34368196    0    0 722288 497608 284829 1353876 46 24 24  7  0  0
67  9 136800 139142876 1972416 34368212    0    0 693232 500604 275454 1331972 45 23 25  7  0  0
48 35 136800 139144148 1972416 34368224    0    0 700912 502536 283014 1366174 45 24 24  6  0  0
56 38 136800 139149296 1972416 34368308    0    0 759920 538100 280580 1316080 45 23 25  7  0  0
89 40 136800 139140308 1972416 34368316    0    0 716224 527540 277952 1323268 45 23 25  7  0  0
39  1 136800 139144248 1972416 34368316    0    0 708816 520820 282794 1341155 46 24 24  6  0  0
105 45 136800 139143448 1972416 34368324    0    0 708144 509376 279039 1346589 46 24 24  6  0  0
37 49 136800 139148520 1972416 34368336    0    0 685776 499404 279615 1353725 45 25 25  6  0  0
49 11 136800 139146424 1972416 34368344    0    0 747984 520204 288002 1346397 47 23 24  6  0  0
31 19 136800 139143744 1972416 34368352    0    0 721888 542156 283317 1345632 47 24 23  6  0  0
44  5 136800 139145672 1972416 34368368    0    0 791696 551652 285458 1332227 47 23 23  6  0  0
126  2 136800 139142336 1972416 34368368    0    0 742224 529732 284969 1336336 46 23 24  7  0  0
51  7 136800 139136052 1972416 34368384    0    0 695520 490984 281580 1347241 46 24 25  6  0  0
59 15 136800 139133948 1972416 34368404    0    0 718032 526668 280091 1342366 46 23 24  6  0  0
46 16 136800 139138584 1972416 34368412    0    0 715600 513848 286557 1360729 46 24 24  6  0  0
63 10 136800 139139916 1972424 34368416    0    0 759044 551040 272021 1240114 44 22 23 12  0  0
51  7 136800 139130188 1972424 34368436    0    0 706576 504316 282024 1354244 46 24 24  6  0  0
26 11 136800 139124688 1972424 34368452    0    0 723856 518484 278156 1323414 45 23 25  7  0  0
94 19 136800 139115628 1972424 34368460    0    0 675616 502976 275714 1357152 45 24 24  6  0  0
73 12 136800 139110932 1972424 34368468    0    0 727072 517776 278696 1341757 46 24 24  7  0  0
88 10 136800 139114956 1972428 34368480    0    0 657392 506872 273243 1342879 44 24 26  6  0  0
procs -----------memory---------- ---swap-- -----io---- -system-- -------cpu-------
 r  b   swpd   free   buff  cache   si   so    bi    bo   in   cs us sy id wa st gu
20  3 136800 139123304 1972428 34368496    0    0 736048 527780 279896 1344271 46 23 24  6  0  0
20 12 136800 139129264 1972428 34368504    0    0 662032 487504 275460 1347744 45 24 26  5  0  0
41  3 136800 139129536 1972428 34368512    0    0 771344 540740 278766 1321051 46 23 23  8  0  0
26  5 136800 139132668 1972428 34368520    0    0 676992 492952 276850 1350803 45 25 25  6  0  0
17 10 136800 139132200 1972428 34368520    0    0 695616 528060 277560 1339120 45 23 26  6  0  0
53  5 136800 139136248 1972428 34368536    0    0 647616 473820 277793 1359982 45 25 26  5  0  0
63  6 136800 139128304 1972428 34368544    0    0 707248 512832 295793 1336501 45 24 24  6  0  0
21  6 136800 139129908 1972428 34368560    0    0 678752 505768 278083 1334320 45 24 26  6  0  0
33 15 136800 139115476 1972428 34368576    0    0 763712 528804 285654 1317568 46 24 24  6  0  0
14  2 136800 139108268 1972428 34368584    0    0 691952 508808 277537 1346167 45 24 25  6  0  0
97 10 136800 139111076 1972428 34368596    0    0 733152 533240 278450 1336716 45 24 25  6  0  0
20  0 136800 139107268 1972428 34368612    0    0 672208 496020 277771 1355582 45 24 25  6  0  0
34 46 136800 139106568 1972428 34368616    0    0 731936 523088 278786 1320687 46 23 25  6  0  0
36  1 136800 139117268 1972428 34368624    0    0 659904 483500 274103 1340184 44 24 26  6  0  0
45 12 136800 139121832 1972428 34368632    0    0 732448 523244 279623 1308098 45 24 23  8  0  0
63 11 136800 139122872 1972428 34368648    0    0 698144 520352 278943 1350119 45 24 24  7  0  0
83  9 136800 139135676 1972428 34368660    0    0 735760 523920 275971 1322392 46 22 25  7  0  0
44 28 136800 139131752 1972428 34368676    0    0 732992 520628 277672 1326987 46 23 24  7  0  0
37  2 136800 139127988 1972428 34368684    0    0 686336 493608 277178 1345663 44 24 26  6  0  0
146 23 136800 139117968 1972428 34368696    0    0 702896 505700 278648 1330268 45 24 25  6  0  0
68 19 136800 139111996 1972428 34368708    0    0 734336 532368 282269 1340848 46 23 24  7  0  0
procs -----------memory---------- ---swap-- -----io---- -system-- -------cpu-------
 r  b   swpd   free   buff  cache   si   so    bi    bo   in   cs us sy id wa st gu
32  3 136800 139106520 1972428 34368716    0    0 706800 506112 277624 1348722 45 24 25  6  0  0
131  5 136800 139111788 1972428 34368720    0    0 701072 497544 284023 1370707 47 24 23  6  0  0
34  7 136800 139100848 1972428 34368736    0    0 758768 528872 283669 1298458 45 22 23 10  0  0
59 10 136800 139104892 1972428 34368740    0    0 694048 500140 279746 1363475 45 24 24  6  0  0
62 23 136800 139110912 1972428 34368748    0    0 765104 558708 280674 1322927 47 23 24  7  0  0
67  6 136800 139121792 1972428 34368764    0    0 705248 504556 279079 1355929 46 24 23  6  0  0
43  1 136800 139132872 1972428 34368776    0    0 730080 522956 279895 1329665 46 23 25  6  0  0
55  6 136800 139128052 1972428 34368792    0    0 652928 475148 275872 1358453 45 24 25  5  0  0
78  7 136800 139133404 1972428 34368792    0    0 784576 547604 281751 1320991 47 23 23  7  0  0
29 18 136800 139130384 1972432 34368800    0    0 768960 544440 283929 1334132 47 23 23  7  0  0
19  1 136800 139132992 1972432 34368816    0    0 697664 521928 279520 1354565 46 25 23  6  0  0
66  3 136800 139130304 1972432 34368828    0    0 765328 542548 279289 1320711 46 24 24  6  0  0
103 13 136800 139126064 1972432 34368836    0    0 737120 517580 278609 1318463 46 24 23  7  0  0
49 38 136800 139129168 1972432 34368848    0    0 674064 488956 276056 1331159 46 24 24  6  0  0
19  0 136800 139127336 1972440 34368840    0    0 726816 515132 284265 1350614 46 24 23  6  0  0
47  1 136800 139130988 1972444 34368864    0    0 858468 602012 281414 1262839 46 22 22 10  0  0
40  2 136800 139126436 1972444 34368880    0    0 701008 509284 276605 1346559 45 24 24  6  0  0
97 13 136800 139126964 1972444 34368892    0    0 722736 506880 281007 1325362 45 24 24  7  0  0
52  3 136800 139128160 1972444 34368904    0    0 737312 525168 278265 1323580 46 23 25  7  0  0
57  5 136800 139131328 1972448 34368912    0    0 717472 514660 283224 1342891 46 23 24  6  0  0
25 12 136800 139129712 1972448 34368988    0    0 732880 543100 280765 1337823 46 23 24  7  0  0
procs -----------memory---------- ---swap-- -----io---- -system-- -------cpu-------
 r  b   swpd   free   buff  cache   si   so    bi    bo   in   cs us sy id wa st gu
55  1 136800 139133888 1972448 34369000    0    0 691648 493604 279898 1360053 45 24 24  6  0  0
35 14 136800 139128380 1972448 34369020    0    0 731584 531508 281014 1324964 46 23 24  7  0  0
67 29 136800 139124440 1972448 34369024    0    0 713824 507336 278414 1324754 45 23 25  6  0  0
39  4 136800 139123408 1972448 34369044    0    0 718960 515280 277458 1343279 46 24 24  7  0  0
78  9 136800 139126620 1972448 34369052    0    0 665728 501976 289357 1345198 45 24 26  6  0  0
24 16 136800 139122376 1972448 34369064    0    0 739952 530104 279061 1331268 46 23 24  7  0  0
68 26 136800 139123500 1972448 34369080    0    0 715168 510028 278586 1359987 45 24 24  6  0  0
68  4 136800 139122516 1972448 34369088    0    0 689072 508728 275742 1337965 45 23 25  6  0  0
61 65 136800 139120644 1972452 34369084    0    0 780848 539816 284227 1343814 48 23 22  6  0  0
39  2 136800 139121020 1972452 34369104    0    0 703440 524372 280968 1359510 46 24 23  6  0  0
27 35 136800 139125800 1972452 34369116    0    0 688976 502240 277749 1357081 46 24 23  6  0  0
62  6 136800 139129212 1972452 34369132    0    0 705504 499228 278719 1342451 46 24 23  7  0  0
127 23 136800 139124788 1972452 34369140    0    0 750832 532480 278986 1325868 46 24 23  7  0  0
52  6 136800 139121452 1972452 34369148    0    0 727200 512980 277387 1331219 46 23 24  7  0  0
114 13 136800 139123964 1972456 34369164    0    0 703760 524204 275677 1332752 45 24 24  7  0  0
36  4 136800 139119116 1972456 34369164    0    0 685616 491320 275248 1341084 45 24 25  7  0  0
54 11 136800 139121720 1972456 34369176    0    0 703408 515616 283310 1349785 45 24 25  6  0  0
55  6 136800 139116356 1972456 34369192    0    0 680864 494016 276389 1355814 45 24 25  6  0  0
35 44 136800 139115904 1972456 34369192    0    0 782512 545732 284537 1317145 46 23 24  7  0  0
62 23 136800 139126552 1972456 34369208    0    0 701904 504772 276280 1342422 45 23 25  6  0  0
15  5 136800 139123924 1972456 34369220    0    0 768880 555360 279261 1279904 45 23 23  9  0  0
procs -----------memory---------- ---swap-- -----io---- -system-- -------cpu-------
 r  b   swpd   free   buff  cache   si   so    bi    bo   in   cs us sy id wa st gu
27 20 136800 139124484 1972456 34369232    0    0 691648 505072 289572 1360387 46 24 24  5  0  0
42 10 136800 139120036 1972456 34369244    0    0 683936 489548 279663 1360170 46 25 23  6  0  0
25 24 136800 139122112 1972456 34369252    0    0 746560 541496 280852 1329895 47 23 23  6  0  0
32 22 136800 139120820 1972456 34369260    0    0 728672 520000 280779 1328233 46 23 24  7  0  0
100  7 136800 139128672 1972456 34369264    0    0 696368 518908 278248 1351544 45 24 25  6  0  0
15  4 136800 139127800 1972456 34369280    0    0 696736 505208 280847 1344414 45 23 25  6  0  0
50 17 136800 139128220 1972456 34369292    0    0 763728 522312 285616 1354315 47 23 23  6  0  0
55  4 136800 139123712 1972456 34369300    0    0 730480 535180 285840 1345148 46 23 24  6  0  0
62  9 136800 139119500 1972460 34369304    0    0 741632 526376 278408 1330157 46 24 24  7  0  0
15  5 136800 139112428 1972460 34369320    0    0 700416 522260 285219 1362180 46 24 24  6  0  0
78  4 136800 139117388 1972460 34369336    0    0 713376 495996 277144 1360602 46 23 24  6  0  0
45  4 136800 139123472 1972460 34369344    0    0 721392 528144 285677 1335871 45 24 25  6  0  0
31  1 136800 139125180 1972460 34369344    0    0 755008 529716 279069 1331567 47 23 24  7  0  0
45 15 136800 139119288 1972464 34369364    0    0 703264 514292 279403 1333347 45 23 26  7  0  0
22 17 136800 139123728 1972464 34369372    0    0 676224 485540 276306 1341614 45 24 25  6  0  0
68  3 136800 139121868 1972468 34369396    0    0 640868 487420 276724 1352767 45 24 26  6  0  0
21 15 136800 139118276 1972468 34369404    0    0 684048 500168 274603 1340693 45 24 25  6  0  0
24 19 136800 139122516 1972468 34369408    0    0 722560 516088 279992 1355895 46 24 23  6  0  0
35  3 136800 139124396 1972468 34369428    0    0 702512 511384 285761 1363115 46 24 23  6  0  0
48  4 136800 139124816 1972468 34369436    0    0 726336 503660 278230 1318796 46 24 24  7  0  0
81 34 136800 139120068 1972468 34369444    0    0 706976 536300 276537 1334504 45 23 25  6  0  0
procs -----------memory---------- ---swap-- -----io---- -system-- -------cpu-------
 r  b   swpd   free   buff  cache   si   so    bi    bo   in   cs us sy id wa st gu
25 28 136800 139123032 1972468 34369456    0    0 677248 497556 278752 1341061 45 24 25  6  0  0
40  5 136800 139118388 1972468 34369472    0    0 740672 527932 284797 1349323 46 24 23  7  0  0
35 11 136800 139124720 1972468 34369484    0    0 759024 530612 285662 1332660 47 24 23  6  0  0
54 26 136800 139123952 1972468 34369492    0    0 683280 494232 278948 1362155 45 25 23  6  0  0
52 20 136800 139122844 1972468 34369496    0    0 702496 532600 276740 1341925 45 24 25  6  0  0
46  4 136800 139121056 1972468 34369508    0    0 777040 548308 280048 1310695 46 23 25  6  0  0
49  2 136800 139113164 1972468 34369512    0    0 681248 488076 283900 1365297 45 24 25  6  0  0
30 17 136800 139105984 1972472 34369520    0    0 733168 526728 281699 1359448 46 24 24  6  0  0
43  9 136800 139097184 1972472 34369540    0    0 699120 501860 278866 1348725 46 23 25  6  0  0
92  1 136800 139086032 1972472 34369540    0    0 715808 521716 279052 1349756 46 24 24  6  0  0
24 16 136800 139090320 1972472 34369560    0    0 702304 519888 281003 1355050 46 24 24  6  0  0
37 17 136800 139098896 1972472 34369564    0    0 725440 521716 283202 1321466 45 23 25  6  0  0
69 11 136800 139104764 1972472 34369576    0    0 700768 515220 275664 1321782 45 23 27  6  0  0
31 21 136800 139111812 1972472 34369592    0    0 730192 511600 280617 1328347 45 24 25  6  0  0
68  6 136800 139114048 1972472 34369592    0    0 683200 503492 275017 1340709 45 23 26  6  0  0
57  4 136800 139117224 1972472 34369604    0    0 686208 517536 275454 1343818 45 24 25  6  0  0
58  4 136800 139124692 1972472 34369628    0    0 691152 513448 276310 1345908 45 24 25  6  0  0
123  5 136800 139123608 1972472 34369712    0    0 744208 523652 279479 1332898 46 24 24  6  0  0
60  7 136800 139122464 1972472 34369728    0    0 680256 504196 275544 1336085 45 23 26  6  0  0
88  3 136800 139120876 1972472 34369728    0    0 799440 550432 282468 1316153 47 23 23  7  0  0
32 20 136800 139117864 1972472 34369744    0    0 752448 538836 278402 1317774 46 24 24  7  0  0
procs -----------memory---------- ---swap-- -----io---- -system-- -------cpu-------
 r  b   swpd   free   buff  cache   si   so    bi    bo   in   cs us sy id wa st gu
45 27 136800 139116484 1972472 34369768    0    0 718944 515916 277448 1316550 46 23 25  6  0  0
86  2 136800 139111656 1972472 34369772    0    0 701424 522804 276336 1336134 45 23 25  6  0  0
87  5 136800 139115696 1972472 34369780    0    0 751584 545908 279634 1325092 45 23 24  7  0  0
67  5 136800 139111296 1972472 34369788    0    0 716080 515392 296634 1322088 45 23 26  6  0  0
51 10 136800 139106032 1972472 34369808    0    0 702064 497480 276845 1350889 46 24 24  6  0  0
38  4 136800 139107740 1972472 34369820    0    0 784256 544892 275935 1266457 46 22 22  9  0  0
41  0 136800 139112204 1972472 34369832    0    0 713520 501348 278823 1344826 46 24 23  6  0  0
58  6 136800 139107812 1972472 34369840    0    0 686256 503288 276446 1339163 45 24 24  6  0  0
32 40 136800 139110784 1972472 34369852    0    0 718176 507316 278608 1336614 46 24 23  7  0  0
42  6 136800 139113300 1972472 34369864    0    0 732752 531528 281113 1338120 46 24 23  6  0  0
63  1 136800 139113604 1972472 34369864    0    0 730528 523928 282076 1346359 47 24 23  6  0  0
68  2 136800 139109536 1972472 34369880    0    0 732080 522624 289691 1332316 47 23 24  6  0  0
35 22 136800 139106780 1972472 34369892    0    0 695152 516124 282727 1365217 47 25 23  6  0  0
97  3 136800 139107852 1972472 34369900    0    0 754320 526488 285837 1329924 47 24 23  6  0  0
71  5 136800 139108612 1972472 34369916    0    0 707328 539836 280464 1310099 44 24 26  6  0  0
94  9 136800 139107516 1972472 34369924    0    0 676400 488724 280501 1359747 45 24 25  6  0  0
41  1 136800 139104400 1972472 34369932    0    0 720304 517984 285999 1360431 46 25 23  6  0  0
28 24 136800 139114400 1972472 34369940    0    0 684720 500440 280447 1360062 46 24 24  6  0  0
21  0 136800 139115816 1972472 34369948    0    0 738048 529084 278636 1320590 46 23 25  6  0  0
71  1 136800 139116168 1972472 34369964    0    0 686016 495792 278155 1354680 45 24 25  6  0  0
92  5 136800 139120840 1972476 34369968    0    0 711764 533172 277622 1319236 46 23 24  7  0  0
procs -----------memory---------- ---swap-- -----io---- -system-- -------cpu-------
 r  b   swpd   free   buff  cache   si   so    bi    bo   in   cs us sy id wa st gu
33 24 136800 139119820 1972476 34369988    0    0 728176 513668 281636 1345011 46 24 23  7  0  0
37 24 136800 139113976 1972476 34369996    0    0 689360 497588 282999 1350123 46 24 24  6  0  0
24 25 136800 139119352 1972476 34370008    0    0 676848 493796 279818 1365680 46 25 23  6  0  0
23  5 136800 139114812 1972476 34370024    0    0 743296 519144 282512 1345414 47 24 22  7  0  0
58  5 136800 139111796 1972476 34370032    0    0 734176 537372 277620 1323610 46 23 24  7  0  0
32  2 136800 139110204 1972476 34370044    0    0 700704 514540 276049 1324558 45 24 24  7  0  0
85 10 136800 139107972 1972476 34370052    0    0 703792 508612 277126 1335204 45 24 25  7  0  0
73 16 136800 139103520 1972476 34370064    0    0 729616 515476 282055 1339899 46 24 24  7  0  0
61  4 136800 139109756 1972476 34370072    0    0 675232 485624 278287 1358365 45 25 24  6  0  0
87  4 136800 139112488 1972480 34370080    0    0 769968 552932 284215 1327894 46 23 24  7  0  0
24 21 136800 139115860 1972480 34370096    0    0 732496 525652 279485 1330373 46 24 23  7  0  0
73 11 136800 139117120 1972480 34370112    0    0 682208 497060 279057 1358213 46 25 23  6  0  0
34  0 136800 139119004 1972480 34370120    0    0 667824 489452 278726 1357998 46 25 23  6  0  0
35 23 136800 139119856 1972480 34370128    0    0 698944 500840 280826 1353813 46 24 23  6  0  0
60 22 136800 139121360 1972480 34370132    0    0 686800 494520 279722 1355013 47 24 24  6  0  0
136  4 136800 139118436 1972480 34370148    0    0 712304 526036 279933 1361586 47 24 23  6  0  0
39  4 136800 139116276 1972480 34370164    0    0 714496 513884 277035 1340680 45 24 24  7  0  0
30 33 136800 139115976 1972480 34370164    0    0 724448 516076 277725 1328884 46 24 24  7  0  0
84  8 136800 139114308 1972480 34370180    0    0 751408 522520 278118 1313290 46 23 24  7  0  0
67  3 136800 139112052 1972480 34370196    0    0 722208 520620 278185 1327284 45 23 25  7  0  0
61  2 136800 139105420 1972480 34370208    0    0 803008 563488 279121 1268601 47 22 22 10  0  0
procs -----------memory---------- ---swap-- -----io---- -system-- -------cpu-------
 r  b   swpd   free   buff  cache   si   so    bi    bo   in   cs us sy id wa st gu
25  4 136800 139110528 1972484 34370212    0    0 671344 491392 276034 1358806 45 25 24  6  0  0
51 12 136800 139113596 1972484 34370224    0    0 709168 506256 275985 1345390 45 24 24  7  0  0
55  4 136800 139109532 1972484 34370232    0    0 721616 516068 278461 1348325 45 25 24  7  0  0
66  9 136800 139115244 1972484 34370244    0    0 715360 514564 275744 1335351 45 24 24  7  0  0
67 17 136800 139120464 1972488 34370252    0    0 699040 522908 276414 1334033 46 23 25  7  0  0
27 21 136800 139118208 1972488 34370268    0    0 779120 546904 280153 1309842 46 22 24  7  0  0
57 12 136800 139112744 1972488 34370280    0    0 671232 486912 275814 1343503 45 24 25  6  0  0
52  5 136800 139102468 1972488 34370288    0    0 722160 513096 299500 1325819 45 24 24  7  0  0
81  4 136800 139095660 1972488 34370300    0    0 703232 506112 277795 1349647 46 24 25  6  0  0
63  8 136800 139088020 1972488 34370316    0    0 651776 479488 276652 1368591 46 24 25  5  0  0
32 21 136800 139096040 1972488 34370324    0    0 748864 549856 281656 1320406 45 23 24  7  0  0
30 22 136800 139097824 1972492 34370332    0    0 691856 504416 276283 1342015 45 23 25  6  0  0
25 36 136800 139093892 1972492 34370340    0    0 712352 505012 286148 1356628 46 24 24  7  0  0
38 11 136800 139096640 1972492 34370356    0    0 665488 483496 274108 1357456 45 24 25  6  0  0
75  7 136800 139107596 1972492 34370436    0    0 695376 497800 275707 1329411 45 23 25  6  0  0
127  4 136800 139109264 1972492 34370448    0    0 706096 519520 278677 1346401 45 24 24  7  0  0
54  9 136800 139109444 1972492 34370456    0    0 742176 538452 279461 1321434 46 23 24  7  0  0
74 28 136800 139107156 1972492 34370468    0    0 708368 505816 280304 1332595 45 24 25  7  0  0
68  9 136800 139101448 1972492 34370484    0    0 770128 535628 282637 1331140 47 23 24  7  0  0
28  8 136800 139100168 1972492 34370492    0    0 721184 517888 281258 1343305 46 25 23  7  0  0
83 12 136800 139091500 1972496 34370508    0    0 701540 530428 282096 1355935 46 25 23  6  0  0
procs -----------memory---------- ---swap-- -----io---- -system-- -------cpu-------
 r  b   swpd   free   buff  cache   si   so    bi    bo   in   cs us sy id wa st gu
61  7 136800 139090196 1972496 34370524    0    0 696240 496764 279824 1357297 46 25 23  6  0  0
41  2 136800 139090504 1972496 34370536    0    0 755360 530808 284012 1337572 47 24 22  8  0  0
32 24 136800 139087244 1972496 34370544    0    0 782912 548300 277602 1291986 46 23 22  9  0  0
71  9 136800 139090060 1972496 34370556    0    0 668016 481776 280056 1369978 45 24 24  6  0  0
42  7 136800 139092564 1972496 34370564    0    0 708448 536496 276604 1331200 45 23 25  7  0  0
132  3 136800 139094372 1972496 34370576    0    0 686528 499460 281835 1360834 45 24 25  6  0  0
30  4 136800 139101944 1972496 34370592    0    0 754752 538864 281065 1305747 46 23 25  7  0  0
23 25 136800 139102168 1972496 34370596    0    0 730352 522004 279432 1339868 45 24 24  7  0  0
26 33 136800 139103372 1972496 34370608    0    0 788288 547248 282478 1319153 46 23 24  7  0  0
32  0 136800 139099552 1972496 34370616    0    0 708656 519192 272920 1317059 45 23 24  7  0  0
51  6 136800 139100140 1972496 34370624    0    0 705520 504832 279901 1352520 46 24 24  7  0  0
70  1 136800 139095908 1972496 34370636    0    0 730512 521280 280361 1339219 46 24 24  6  0  0
107  9 136800 139097072 1972496 34370644    0    0 749984 523192 280141 1331519 47 24 22  7  0  0
28 10 136800 139091464 1972496 34370656    0    0 676864 490280 277436 1353669 46 24 24  6  0  0
136 15 136800 139096712 1972496 34370668    0    0 677280 499048 276820 1346813 45 25 24  6  0  0
60  0 136800 139100652 1972496 34370676    0    0 712656 536456 276032 1315606 45 24 25  7  0  0
85 12 136800 139102336 1972496 34370688    0    0 675328 485156 278353 1363101 46 24 24  6  0  0
85  3 136800 139099584 1972496 34370696    0    0 685616 487996 281140 1355497 46 24 24  6  0  0
70 18 136800 139100708 1972496 34370712    0    0 764160 530912 279887 1315196 46 23 24  6  0  0
29  3 136800 139102100 1972496 34370720    0    0 724672 529700 278246 1326096 45 24 25  6  0  0
99  7 136800 139105936 1972500 34370732    0    0 731296 531800 303360 1338435 46 24 24  6  0  0
procs -----------memory---------- ---swap-- -----io---- -system-- -------cpu-------
 r  b   swpd   free   buff  cache   si   so    bi    bo   in   cs us sy id wa st gu
50 20 136800 139099956 1972500 34370740    0    0 722416 513092 276781 1322922 45 24 24  7  0  0
67  4 136800 139098280 1972500 34370748    0    0 722128 512900 277285 1335932 46 23 24  6  0  0
89  8 136800 139098412 1972500 34370760    0    0 698320 497192 277840 1344078 45 24 24  6  0  0
26  8 136800 139090864 1972500 34370768    0    0 683616 509492 280594 1350818 45 24 25  7  0  0
127  3 136800 139094556 1972500 34370780    0    0 685104 515048 281225 1370816 46 25 24  6  0  0
69  8 136800 139097312 1972500 34370788    0    0 740096 516856 283843 1344885 46 23 24  7  0  0
54  9 136800 139099220 1972500 34370800    0    0 673664 492664 275487 1363639 45 24 24  6  0  0
132  3 136800 139107716 1972500 34370812    0    0 739360 537576 279427 1306248 45 23 25  7  0  0
70  4 136800 139108392 1972500 34370820    0    0 650000 471396 278735 1362090 45 24 25  6  0  0
74  9 136800 139108956 1972500 34370832    0    0 714032 518052 278487 1341972 45 24 24  7  0  0
70  3 136800 139108032 1972500 34370840    0    0 768704 550112 281762 1317939 46 23 24  7  0  0
14 13 136800 139105416 1972500 34370852    0    0 683184 511320 278331 1341597 46 24 25  6  0  0
85 13 136800 139107788 1972500 34370872    0    0 693904 499280 275980 1341080 45 24 25  6  0  0
118 13 136800 139109560 1972500 34370884    0    0 764352 538060 286775 1339814 47 23 23  7  0  0
72  9 136800 139111008 1972500 34370892    0    0 722848 519352 281971 1324327 45 23 25  7  0  0
22 18 136800 139111452 1972500 34370912    0    0 690944 525468 282219 1345205 45 24 25  6  0  0
35  8 136800 139103660 1972500 34370920    0    0 695552 495628 280553 1347572 45 23 25  6  0  0
17  0 136800 139096856 1972500 34370928    0    0 732928 530220 280980 1335923 46 24 24  6  0  0
37  4 136800 139090724 1972500 34370940    0    0 707328 510408 275770 1331832 45 25 25  6  0  0
30 21 136800 139090292 1972500 34370952    0    0 706400 510020 275926 1336058 45 23 25  7  0  0
83 17 136800 139091756 1972504 34370964    0    0 710244 526224 279008 1356453 46 24 24  7  0  0
procs -----------memory---------- ---swap-- -----io---- -system-- -------cpu-------
 r  b   swpd   free   buff  cache   si   so    bi    bo   in   cs us sy id wa st gu
39 18 136800 139093000 1972504 34370976    0    0 712400 507504 281973 1354502 46 24 24  7  0  0
51  5 136800 139088152 1972504 34370984    0    0 695808 495912 278205 1350828 45 24 24  6  0  0
54  5 136800 139088812 1972504 34371000    0    0 760784 536488 277564 1314301 46 23 24  7  0  0
41  2 136800 139089716 1972504 34371012    0    0 669056 499104 273806 1342779 44 24 26  6  0  0
52  8 136800 139087948 1972504 34371024    0    0 748560 522772 286619 1343365 46 24 24  6  0  0
35 32 136800 139083104 1972504 34371032    0    0 691936 516280 276817 1362082 46 25 23  6  0  0
116  4 136800 139073920 1972504 34371044    0    0 713904 512084 280411 1345213 46 24 24  6  0  0
87  5 136800 139068076 1972504 34371056    0    0 728368 509600 282476 1350659 47 24 23  6  0  0
29  5 136800 139066532 1972504 34371064    0    0 740160 530812 282966 1354620 47 23 23  7  0  0
37 28 136800 139063496 1972508 34371076    0    0 742352 524856 280124 1317284 47 23 24  6  0  0
60 13 136800 139062856 1972508 34371084    0    0 730032 530320 282445 1334179 46 24 24  7  0  0
33 22 136800 139063908 1972508 34371164    0    0 727792 523108 277914 1341530 46 24 24  6  0  0
69 28 136800 139062868 1972508 34371180    0    0 764368 531320 280068 1322342 46 24 24  6  0  0
76 52 136800 139070856 1972508 34371188    0    0 733056 526764 280896 1335698 46 24 23  7  0  0
48  9 136800 139066744 1972508 34371200    0    0 707184 504584 279409 1353705 45 24 24  6  0  0
60  4 136800 139070260 1972508 34371208    0    0 709296 536892 275284 1323267 45 23 26  7  0  0
180 10 136800 139070640 1972508 34371220    0    0 697696 510064 280475 1338672 45 23 25  6  0  0
84  5 136800 139074436 1972508 34371228    0    0 704144 508948 280675 1348180 46 23 25  6  0  0
60  7 136800 139070624 1972508 34371240    0    0 691200 501356 277967 1349918 45 24 25  6  0  0
97  9 136800 139067340 1972508 34371248    0    0 779200 542864 282527 1341393 48 24 22  7  0  0
36  1 136800 139074700 1972508 34371256    0    0 726432 529324 280316 1329358 46 23 24  7  0  0
procs -----------memory---------- ---swap-- -----io---- -system-- -------cpu-------
 r  b   swpd   free   buff  cache   si   so    bi    bo   in   cs us sy id wa st gu
67 12 136800 139075408 1972508 34371268    0    0 712464 516252 280716 1346955 46 25 23  6  0  0
94  5 136800 139069840 1972508 34371284    0    0 687424 490768 288393 1377317 46 25 23  6  0  0
36 18 136800 139064052 1972508 34371292    0    0 754880 531484 279153 1322381 46 23 24  7  0  0
43  3 136800 139068452 1972512 34371300    0    0 709248 514728 275714 1306145 45 22 26  6  0  0
61  8 136800 139072040 1972512 34371312    0    0 759872 545352 279786 1341168 46 24 23  7  0  0
85 15 136800 139070036 1972512 34371324    0    0 703248 518696 280750 1333494 45 23 25  6  0  0
53  3 136800 139074824 1972512 34371332    0    0 704256 505312 276418 1319321 45 23 26  6  0  0
29 10 136800 139071904 1972512 34371348    0    0 724960 521280 279728 1337557 46 24 24  6  0  0
39 14 136800 139074384 1972512 34371356    0    0 741488 529404 281010 1306575 46 23 23  8  0  0
30  4 136800 139076284 1972512 34371376    0    0 807376 548820 282747 1314804 47 23 21  9  0  0
99  1 136800 139074208 1972512 34371384    0    0 696640 524324 275461 1337587 44 24 25  7  0  0
56  8 136800 139074296 1972512 34371392    0    0 715248 521036 277837 1337680 45 23 24  7  0  0
34 26 136800 139068436 1972512 34371404    0    0 749296 531488 280986 1350168 46 24 23  7  0  0
93  6 136800 139068756 1972512 34371408    0    0 693744 510256 276531 1337491 45 23 25  7  0  0
47  3 136800 139059988 1972512 34371420    0    0 712384 508708 280853 1361184 46 24 24  6  0  0
87 28 136800 139070132 1972512 34371428    0    0 672560 516920 274729 1344987 45 24 26  6  0  0
75  7 136800 139069028 1972512 34371440    0    0 769392 527904 284093 1333912 47 23 23  7  0  0
118 13 136800 139068380 1972512 34371452    0    0 724800 515600 276437 1343149 45 24 24  7  0  0
34  3 136800 139071320 1972512 34371464    0    0 690288 513372 279090 1341016 46 24 24  6  0  0
58 35 136800 139072028 1972512 34371472    0    0 733680 521888 282155 1340732 47 23 24  7  0  0
28  6 136800 139064692 1972516 34371488    0    0 668436 508756 280351 1358527 46 24 24  6  0  0
procs -----------memory---------- ---swap-- -----io---- -system-- -------cpu-------
 r  b   swpd   free   buff  cache   si   so    bi    bo   in   cs us sy id wa st gu
97 11 136800 139067476 1972516 34371500    0    0 700384 496748 282735 1348784 46 24 24  6  0  0
91 25 136800 139064108 1972516 34371512    0    0 687120 508256 278603 1338882 46 25 24  6  0  0
22  8 136800 139069648 1972516 34371520    0    0 684016 504008 277795 1343893 45 25 24  6  0  0
37  2 136800 139063924 1972516 34371540    0    0 712768 504440 281664 1354079 46 24 23  6  0  0
25  1 136800 139063172 1972516 34371552    0    0 703168 515312 280485 1360792 46 25 23  6  0  0
86  1 136800 139061824 1972516 34371564    0    0 743648 543836 283196 1338525 46 24 23  7  0  0
52  6 136800 139067516 1972516 34371576    0    0 706672 511924 279173 1350314 45 23 24  7  0  0
34  4 136800 139065488 1972516 34371588    0    0 694112 494320 275690 1344619 45 23 25  6  0  0
43  2 136800 139071844 1972520 34371596    0    0 705648 512320 278065 1344394 45 24 24  7  0  0
76  6 136800 139058832 1972520 34371600    0    0 719392 523200 277565 1327792 45 23 25  7  0  0
29 27 136800 139072428 1972520 34371652    0    0 734112 542092 281946 1322163 46 22 25  7  0  0
47  6 136800 139070960 1972520 34371664    0    0 696688 499360 278417 1361019 46 24 24  6  0  0
30 11 136800 139066520 1972520 34371680    0    0 728992 532184 281931 1335065 46 23 25  7  0  0
35  3 136800 139057972 1972520 34371696    0    0 730416 509908 287931 1324836 46 23 25  6  0  0
34 21 136800 139060888 1972520 34371704    0    0 684032 507544 282210 1357593 45 24 25  6  0  0
51  5 136800 139071616 1972520 34371712    0    0 744512 543288 281050 1320269 46 23 25  7  0  0
50 12 136800 139071096 1972520 34371728    0    0 742688 533540 280913 1327225 46 23 24  7  0  0
68 26 136800 139068704 1972520 34371740    0    0 768000 529948 281040 1332463 46 24 23  7  0  0
104 10 136800 139081168 1972524 34371748    0    0 741616 531100 282680 1341115 46 24 24  7  0  0
94 10 136800 139089380 1972524 34371756    0    0 713488 518928 277163 1324682 45 23 25  7  0  0
14  2 136800 139083068 1972524 34371764    0    0 718544 535688 277141 1330300 46 23 24  7  0  0
procs -----------memory---------- ---swap-- -----io---- -system-- -------cpu-------
 r  b   swpd   free   buff  cache   si   so    bi    bo   in   cs us sy id wa st gu
83 14 136800 139079852 1972524 34371780    0    0 701632 499952 278544 1347928 45 24 24  7  0  0
65  2 136800 139081004 1972528 34371796    0    0 680320 485720 281925 1346274 45 24 26  6  0  0
41  6 136800 139088660 1972528 34371804    0    0 728288 535076 283806 1336370 45 23 25  7  0  0
26 18 136800 139089960 1972528 34371812    0    0 702384 506884 277221 1334973 45 24 25  6  0  0
52  3 136800 139092012 1972528 34371824    0    0 679936 498308 280941 1362118 45 24 25  6  0  0
46 12 136800 139085004 1972528 34371832    0    0 705680 520952 276825 1345777 45 24 24  6  0  0
66  2 136800 139093336 1972528 34371844    0    0 678768 493332 279077 1370234 45 24 24  6  0  0
144  3 136800 139086136 1972528 34371852    0    0 773872 541396 285117 1327913 46 23 23  8  0  0
90 15 136800 139086652 1972528 34371928    0    0 711712 521700 282734 1339458 45 23 26  6  0  0
68  1 136800 139093888 1972528 34371936    0    0 721024 518928 284500 1346541 45 23 25  6  0  0
48  1 136800 139090836 1972528 34371956    0    0 671888 507832 274186 1347261 44 25 25  6  0  0
37 10 136800 139096112 1972532 34371968    0    0 707728 503700 278149 1353767 46 24 24  6  0  0
38 16 136800 139094860 1972532 34371976    0    0 729360 532228 278865 1309795 45 23 25  6  0  0
93 12 136800 139093396 1972532 34371984    0    0 722944 519564 279886 1331372 45 23 25  7  0  0
52  9 136800 139096496 1972532 34371996    0    0 763008 535816 278808 1315596 45 24 23  8  0  0
88  7 136800 139097612 1972532 34372004    0    0 685216 510892 279806 1377398 46 25 23  6  0  0
63  0 136800 139095148 1972532 34372016    0    0 736944 527896 286433 1332955 46 23 24  6  0  0
64 15 136800 139093600 1972532 34372024    0    0 689328 504660 276474 1337990 45 25 25  6  0  0
82 32 136800 139093620 1972532 34372036    0    0 711216 510516 276599 1322432 45 24 25  6  0  0
40  2 136800 139093244 1972532 34372048    0    0 789104 548220 282964 1314353 47 22 23  8  0  0
102  9 136800 139091492 1972536 34372064    0    0 683860 511364 275429 1344341 45 24 25  6  0  0
procs -----------memory---------- ---swap-- -----io---- -system-- -------cpu-------
 r  b   swpd   free   buff  cache   si   so    bi    bo   in   cs us sy id wa st gu
39 23 136800 139091428 1972536 34372076    0    0 690480 507552 278198 1344408 45 24 25  6  0  0
27  1 136800 139097224 1972536 34372084    0    0 734192 515624 278082 1313294 45 24 24  7  0  0
62 25 136800 139090172 1972536 34372088    0    0 702016 513164 282117 1355890 46 25 23  6  0  0
27 37 136800 139088252 1972536 34372104    0    0 709104 504000 280239 1327627 46 24 24  6  0  0
47  6 136800 139084728 1972536 34372112    0    0 693984 502596 278550 1325745 45 23 26  6  0  0
38 27 136800 139089808 1972536 34372124    0    0 745152 546196 281667 1332895 45 24 24  7  0  0
57  6 136800 139092012 1972536 34372136    0    0 691408 500968 278796 1334699 45 24 25  6  0  0
171  3 136800 139094216 1972536 34372148    0    0 682000 504104 280753 1335669 45 24 26  6  0  0
62 19 136800 139103004 1972536 34372164    0    0 728880 519468 277286 1330828 46 23 24  7  0  0
24  8 136800 139098108 1972536 34372172    0    0 725136 525424 277993 1330048 45 24 24  6  0  0
31 10 136800 139097520 1972536 34372188    0    0 711872 528664 278091 1330655 45 24 24  7  0  0
141  3 136800 139094788 1972536 34372200    0    0 737632 521300 279271 1337040 46 24 24  6  0  0
93 18 136800 139095148 1972536 34372208    0    0 692176 515904 275992 1335639 45 23 25  6  0  0
145  8 136800 139091620 1972536 34372216    0    0 711088 509340 279979 1362822 46 25 23  6  0  0
37  4 136800 139094948 1972536 34372224    0    0 701120 511592 277713 1342756 46 24 25  6  0  0
37 19 136800 139092060 1972536 34372232    0    0 745936 545188 282529 1335997 47 24 23  6  0  0
197 29 136800 139087952 1972536 34372244    0    0 727344 521384 281232 1350488 46 25 23  6  0  0
68  5 136800 139089900 1972536 34372260    0    0 689936 491108 277684 1357494 46 24 23  6  0  0
10  9 136800 139093252 1972536 34372268    0    0 757152 554640 281035 1309627 47 23 24  7  0  0
49  5 136800 139096012 1972536 34372272    0    0 800944 550352 281066 1300429 47 23 23  8  0  0
42 29 136800 139093292 1972536 34372280    0    0 716704 520720 276674 1333816 45 24 24  6  0  0
procs -----------memory---------- ---swap-- -----io---- -system-- -------cpu-------
 r  b   swpd   free   buff  cache   si   so    bi    bo   in   cs us sy id wa st gu
65  4 136800 139095328 1972536 34372296    0    0 708352 509300 276446 1327931 45 24 25  6  0  0
27 39 136800 139098056 1972536 34372304    0    0 777344 548796 277094 1291663 46 22 24  7  0  0
75  5 136800 139084632 1972536 34372316    0    0 695184 500400 275029 1344110 45 23 25  7  0  0
57 13 136800 139083140 1972536 34372324    0    0 708592 510652 283828 1355118 45 23 25  7  0  0
90  0 136800 139075488 1972536 34372332    0    0 666544 499096 277162 1347939 44 25 25  6  0  0
 8 27 136800 139088128 1972536 34372348    0    0 768880 553936 286204 1329124 46 23 23  7  0  0
67 18 136800 139086820 1972536 34372360    0    0 716368 517676 280200 1332070 46 24 24  6  0  0
59 35 136800 139089792 1972536 34372368    0    0 708752 510752 282691 1347281 45 24 25  6  0  0
136  2 136800 139096596 1972536 34372376    0    0 667776 498496 274576 1345271 44 25 25  6  0  0
40  4 136800 139100816 1972536 34372384    0    0 714560 516240 278520 1336910 46 23 25  6  0  0
50 22 136800 139095000 1972536 34372400    0    0 746288 560152 278808 1322355 46 23 24  7  0  0
98  2 136800 139095404 1972536 34372408    0    0 743360 538716 278707 1314749 46 23 24  6  0  0
27  4 136800 139092992 1972536 34372416    0    0 675616 499748 278627 1339442 44 24 26  6  0  0
44  2 136800 139089376 1972536 34372428    0    0 719952 520648 280498 1344380 45 25 24  7  0  0
60  6 136800 139093308 1972536 34372440    0    0 725168 518992 279543 1327930 45 23 25  7  0  0
31 24 136800 139094104 1972536 34372456    0    0 746000 549264 280032 1310351 46 23 24  7  0  0
59  8 136800 139096928 1972536 34372468    0    0 696384 503736 284249 1364145 45 25 24  6  0  0
43 10 136800 139101708 1972536 34372476    0    0 685872 497084 277493 1350831 46 24 24  6  0  0
72 33 136800 139105156 1972536 34372484    0    0 699728 510264 280968 1341579 46 24 25  6  0  0
25 42 136800 139095656 1972536 34372496    0    0 683248 502560 279467 1359645 46 24 24  6  0  0
61  9 136800 139095252 1972540 34372508    0    0 707952 521420 278699 1330531 45 24 25  7  0  0
procs -----------memory---------- ---swap-- -----io---- -system-- -------cpu-------
 r  b   swpd   free   buff  cache   si   so    bi    bo   in   cs us sy id wa st gu
71 31 136800 139091780 1972540 34372516    0    0 722656 522984 284035 1358940 47 24 23  6  0  0
56 18 136800 139083864 1972540 34372524    0    0 680928 493256 279258 1357313 46 25 24  6  0  0
53 20 136800 139084480 1972540 34372536    0    0 752784 536612 279587 1319290 46 23 24  8  0  0
70 21 136800 139078104 1972540 34372548    0    0 711952 511668 276765 1340693 45 24 25  6  0  0
65  2 136800 139074200 1972540 34372560    0    0 709536 517852 277051 1319913 45 23 25  6  0  0
33  0 136800 139069424 1972544 34372652    0    0 721748 526532 276777 1329813 46 23 25  6  0  0
52  1 136800 139071732 1972544 34372660    0    0 704656 504796 276843 1335005 46 24 24  6  0  0
38  4 136800 139078468 1972544 34372668    0    0 752800 533608 282844 1328182 46 24 24  6  0  0
60  3 136800 139073516 1972544 34372680    0    0 729328 524024 277774 1328842 46 23 25  7  0  0
50 13 136800 139071528 1972544 34372688    0    0 670944 504644 276612 1349276 44 24 25  6  0  0
60 15 136800 139066364 1972544 34372700    0    0 709056 529176 278101 1324949 45 23 26  6  0  0
60  6 136800 139067780 1972544 34372708    0    0 699392 496080 278744 1352355 45 24 24  6  0  0
23 23 136800 139076496 1972544 34372720    0    0 751600 547232 278709 1315295 46 23 24  7  0  0
76 22 136800 139071528 1972544 34372728    0    0 666800 488232 278224 1367455 45 25 24  6  0  0
108  9 136800 139072612 1972544 34372736    0    0 713520 514896 278884 1339969 45 23 25  7  0  0
55 58 136800 139074352 1972544 34372748    0    0 686112 515712 282366 1354490 45 24 25  6  0  0
42  7 136800 139075976 1972544 34372764    0    0 739984 534276 281889 1326702 46 23 25  7  0  0
48  5 136800 139075464 1972544 34372772    0    0 782208 551448 281400 1316348 45 24 24  7  0  0
78 41 136800 139076608 1972544 34372784    0    0 756768 537704 284176 1339679 46 23 24  7  0  0
34  2 136800 139067368 1972544 34372792    0    0 705536 503360 277632 1334779 45 24 25  7  0  0
57 38 136800 139066668 1972544 34372804    0    0 694320 514224 278720 1340424 45 24 25  6  0  0
procs -----------memory---------- ---swap-- -----io---- -system-- -------cpu-------
 r  b   swpd   free   buff  cache   si   so    bi    bo   in   cs us sy id wa st gu
98 46 136800 139070948 1972544 34372816    0    0 685280 517812 278029 1336217 45 23 25  6  0  0
89 17 136800 139065644 1972544 34372832    0    0 681792 493536 295864 1358074 45 25 24  6  0  0
66 66 136800 139062676 1972544 34372840    0    0 758320 537660 283503 1308022 46 24 24  7  0  0
91 44 136800 139073040 1972544 34372848    0    0 812432 555248 284975 1336156 48 24 21  7  0  0
56 11 136800 139075368 1972544 34372864    0    0 676176 495216 276233 1338646 44 25 25  6  0  0
53 25 136800 139083580 1972544 34372876    0    0 703024 518228 279651 1339453 45 24 25  6  0  0
64 41 136800 139085740 1972544 34372888    0    0 770176 559924 286065 1328142 46 23 24  7  0  0
57 54 136800 139084788 1972544 34372896    0    0 724752 529680 279581 1344601 46 23 24  7  0  0
92 60 136800 139086388 1972548 34372896    0    0 718688 517680 276350 1338627 45 24 24  6  0  0
39 12 136800 139084824 1972548 34372916    0    0 687472 481868 273848 1339263 45 24 25  6  0  0
45 19 136800 139080868 1972548 34372924    0    0 650192 512152 279443 1364448 45 24 25  6  0  0
88 14 136800 139087532 1972548 34372936    0    0 661744 484676 275937 1347419 44 25 26  6  0  0
73 18 136800 139087776 1972548 34372944    0    0 753712 511740 281937 1337116 46 24 23  6  0  0
133 25 136800 139083300 1972548 34372952    0    0 729904 549764 278647 1319489 45 24 25  6  0  0
88 11 136800 139086380 1972548 34372964    0    0 678352 471044 277930 1359574 44 25 26  6  0  0
76 11 136800 139084052 1972548 34372976    0    0 687456 519972 282076 1340489 45 23 25  6  0  0
116 25 136800 139087352 1972548 34372984    0    0 706464 528792 281482 1349709 45 24 25  7  0  0
80 17 136800 139088992 1972548 34372992    0    0 716672 512528 277543 1356496 45 24 24  7  0  0
39 25 136800 139092760 1972548 34373004    0    0 755920 518708 278722 1324279 46 23 24  7  0  0
93 19 136800 139085320 1972552 34373016    0    0 741584 539336 282348 1361236 46 24 23  7  0  0
27 36 136800 139088708 1972552 34373028    0    0 710320 478472 276663 1325077 45 24 25  6  0  0
procs -----------memory---------- ---swap-- -----io---- -system-- -------cpu-------
 r  b   swpd   free   buff  cache   si   so    bi    bo   in   cs us sy id wa st gu
30 23 136800 139092760 1972552 34373036    0    0 715152 545564 281521 1352409 46 24 24  7  0  0
47 21 136800 139085244 1972552 34373044    0    0 675760 495424 282949 1367405 45 24 25  6  0  0
61 10 136800 139089300 1972552 34373056    0    0 713792 521640 278331 1349576 46 24 24  6  0  0
72 13 136800 139086104 1972552 34373072    0    0 671552 491224 281608 1355583 44 25 25  6  0  0
64 15 136800 139081812 1972552 34373080    0    0 711792 499460 276461 1337304 45 24 25  6  0  0
48 10 136800 139084772 1972556 34373096    0    0 761364 548620 280105 1311210 46 23 24  7  0  0
48  4 136800 139082704 1972556 34373104    0    0 710368 511576 284957 1361802 46 25 23  6  0  0
110  6 136800 139083432 1972556 34373116    0    0 675472 500360 281090 1365823 45 25 24  6  0  0
52  8 136800 139080796 1972560 34373128    0    0 731744 515584 279006 1325411 46 23 25  6  0  0
69 14 136800 139082928 1972560 34373140    0    0 709520 496428 285309 1362020 45 24 24  6  0  0
73 18 136800 139085108 1972560 34373148    0    0 667824 497880 276698 1341223 44 24 26  6  0  0
80 35 136800 139083836 1972560 34373156    0    0 739920 521948 278562 1321979 46 23 25  6  0  0
43 17 136800 139084808 1972560 34373164    0    0 644032 484196 277780 1355694 45 25 25  6  0  0
31 32 136800 139079564 1972572 34373176    0    0 719616 506220 284513 1363691 46 25 23  6  0  0
40 32 136800 139080952 1972572 34373192    0    0 731600 521172 277168 1320849 46 23 24  7  0  0
15 23 136800 139086296 1972572 34373200    0    0 673776 498440 277722 1345089 44 25 25  6  0  0
65  5 136800 139087052 1972572 34373212    0    0 709056 536196 283144 1342969 45 24 25  6  0  0
42 24 136800 139079464 1972572 34373236    0    0 701184 498472 279868 1330163 45 24 25  6  0  0
39 18 136800 139085428 1972580 34373248    0    0 704768 511668 277205 1322776 45 23 26  6  0  0
107 38 136800 139084924 1972580 34373260    0    0 727856 516908 281684 1357355 45 24 24  6  0  0
36 75 136800 139083120 1972580 34373268    0    0 750736 530648 279813 1333793 45 24 24  7  0  0
procs -----------memory---------- ---swap-- -----io---- -system-- -------cpu-------
 r  b   swpd   free   buff  cache   si   so    bi    bo   in   cs us sy id wa st gu
34 13 136800 139082536 1972580 34373272    0    0 724288 530768 280483 1345743 46 24 24  6  0  0
70  4 136800 139087220 1972580 34373284    0    0 661520 500596 280620 1360294 45 25 25  6  0  0
62  2 136800 139085824 1972580 34373380    0    0 728736 512176 282629 1351512 47 24 23  6  0  0
46  9 136800 139082904 1972580 34373396    0    0 750800 532688 282125 1359348 47 24 23  6  0  0
33 32 136800 139080720 1972580 34373404    0    0 713680 509112 280418 1347618 46 25 23  6  0  0
74  6 136800 139082416 1972580 34373412    0    0 770432 551452 282524 1323355 47 23 23  6  0  0
63  3 136800 139088408 1972580 34373424    0    0 728832 518804 279628 1314432 46 24 24  6  0  0
51  6 136800 139088836 1972580 34373432    0    0 697248 520184 276131 1330614 45 24 25  6  0  0
49  9 136800 139090752 1972580 34373444    0    0 705024 509796 276524 1333780 45 23 25  6  0  0
34 54 136800 139088468 1972580 34373452    0    0 692240 496456 277597 1346607 44 25 25  6  0  0
59  3 136800 139083944 1972580 34373464    0    0 705552 532212 277885 1330210 45 24 25  6  0  0
109  2 136800 139083820 1972580 34373472    0    0 662176 494412 275066 1357472 45 24 26  6  0  0
31  2 136800 139088800 1972580 34373480    0    0 816336 570968 286890 1294231 47 22 24  7  0  0
84  2 136800 139087168 1972580 34373496    0    0 699424 509152 278621 1350757 46 24 24  6  0  0
30  6 136800 139088740 1972580 34373504    0    0 688320 495768 282157 1361702 46 25 24  5  0  0
59  6 136800 139085360 1972580 34373512    0    0 776448 536452 283015 1321995 47 24 23  6  0  0
101  7 136800 139083724 1972580 34373524    0    0 735824 558252 281096 1330286 47 24 24  6  0  0
39 47 136800 139084808 1972580 34373532    0    0 712160 513100 285980 1358950 46 25 24  6  0  0
57 16 136800 139086236 1972580 34373536    0    0 753184 529420 284508 1324365 46 23 25  6  0  0
56  7 136800 139085196 1972580 34373548    0    0 735904 533860 283386 1334161 46 24 25  6  0  0
82 11 136800 139082916 1972580 34373560    0    0 753024 533664 282737 1329478 47 23 24  6  0  0
procs -----------memory---------- ---swap-- -----io---- -system-- -------cpu-------
 r  b   swpd   free   buff  cache   si   so    bi    bo   in   cs us sy id wa st gu
85  5 136800 139090496 1972580 34373568    0    0 715376 530752 287089 1354873 47 24 24  6  0  0
43 42 136800 139094996 1972580 34373580    0    0 706048 514600 284284 1368796 46 25 23  6  0  0
37 26 136800 139094540 1972584 34373588    0    0 742784 544056 285631 1335757 45 24 24  6  0  0
57  2 136800 139093064 1972584 34373600    0    0 729936 527320 279977 1345336 46 24 24  6  0  0
119  4 136800 139091048 1972584 34373616    0    0 713808 520760 281742 1357186 45 24 25  6  0  0
127 19 136800 139086304 1972588 34373632    0    0 694532 513828 285752 1364017 45 24 24  6  0  0
77  4 136800 139081364 1972588 34373640    0    0 737760 532340 280484 1322942 46 23 25  6  0  0
54  1 136800 139088668 1972588 34373652    0    0 679120 503924 279159 1345488 45 24 26  6  0  0
75  2 136800 139087180 1972588 34373664    0    0 773392 550256 285843 1350968 47 24 22  7  0  0
29  4 136800 139088480 1972588 34373680    0    0 723984 527104 281530 1353751 47 24 24  6  0  0
81  9 136800 139086680 1972588 34373688    0    0 715136 519420 279166 1356543 46 24 24  6  0  0
38  4 136800 139084608 1972588 34373700    0    0 709856 513408 277137 1328936 45 24 24  7  0  0
51  9 136800 139086360 1972588 34373708    0    0 649168 487504 278610 1341897 44 24 27  5  0  0
60  8 136800 139084332 1972588 34373724    0    0 686912 500860 279808 1337819 45 24 26  6  0  0
99  4 136800 139084048 1972588 34373728    0    0 663024 502320 274684 1350264 44 24 25  6  0  0
26 22 136800 139086992 1972588 34373740    0    0 699536 508844 278448 1341751 45 24 25  6  0  0
60 17 136800 139081928 1972588 34373748    0    0 725296 543212 279670 1352448 45 24 24  6  0  0
80 31 136800 139086612 1972588 34373756    0    0 690256 508772 276199 1334564 45 24 26  6  0  0
26  8 136800 139083444 1972588 34373772    0    0 704000 514872 277811 1342652 45 24 25  6  0  0
94 14 136800 139079684 1972588 34373784    0    0 734560 526336 280720 1338637 45 24 24  6  0  0
21 37 136800 139084580 1972588 34373792    0    0 727040 526052 277894 1321688 45 23 25  6  0  0
procs -----------memory---------- ---swap-- -----io---- -system-- -------cpu-------
 r  b   swpd   free   buff  cache   si   so    bi    bo   in   cs us sy id wa st gu
31  1 136800 139082236 1972588 34373800    0    0 707888 521804 278326 1347808 46 23 25  6  0  0
70 19 136800 139082236 1972588 34373808    0    0 678176 499736 279068 1356118 45 24 25  6  0  0
52  5 136800 139084892 1972588 34373824    0    0 681744 501408 279344 1357839 45 24 25  6  0  0
128  7 136800 139082828 1972588 34373832    0    0 717280 518400 279023 1349134 45 24 24  7  0  0
99 10 136800 139082868 1972588 34373840    0    0 714032 516884 279442 1348546 45 24 24  6  0  0
41  4 136800 139075420 1972588 34373848    0    0 714160 524956 285417 1360110 46 24 25  6  0  0
38 20 136800 139076020 1972588 34373860    0    0 681424 510696 279163 1362459 46 24 25  6  0  0
28 14 136800 139072880 1972588 34373872    0    0 712368 520032 279173 1344081 44 24 25  6  0  0
39  6 136800 139078384 1972588 34373884    0    0 725888 523892 279238 1339318 46 23 24  6  0  0
59  6 136800 139075860 1972588 34373896    0    0 698448 513028 276606 1329721 45 24 25  6  0  0
52 20 136800 139079328 1972588 34373900    0    0 708416 528044 278123 1341373 46 24 24  6  0  0
18  6 136800 139079392 1972588 34373916    0    0 669856 499808 276014 1344196 44 25 26  6  0  0
46  5 136800 139081532 1972588 34373924    0    0 718480 508372 281370 1342304 46 25 24  6  0  0
59  6 136800 139087180 1972588 34373936    0    0 808096 572620 287184 1312441 47 23 23  7  0  0
55  4 136800 139088716 1972588 34373944    0    0 755920 532800 288829 1335482 47 23 21  8  0  0
39 20 136800 139082416 1972588 34373956    0    0 695888 505288 281743 1364403 47 24 24  5  0  0
35  1 136800 139076164 1972588 34373968    0    0 725824 540292 280516 1348262 46 24 24  6  0  0
63  7 136800 139082860 1972588 34373984    0    0 663744 484448 278731 1348851 45 24 25  5  0  0
80  0 136800 139080952 1972588 34373996    0    0 691600 518400 278943 1334995 45 24 25  5  0  0
41 21 136800 139085680 1972588 34374004    0    0 717152 511376 280679 1330143 46 25 24  6  0  0
84 11 136800 139085524 1972588 34374080    0    0 676128 493188 282866 1366152 46 25 24  6  0  0
procs -----------memory---------- ---swap-- -----io---- -system-- -------cpu-------
 r  b   swpd   free   buff  cache   si   so    bi    bo   in   cs us sy id wa st gu
63  6 136800 139081152 1972588 34374092    0    0 731616 540224 282447 1343508 46 24 23  7  0  0
76 16 136800 139074144 1972588 34374104    0    0 753296 529900 277441 1313405 46 23 24  7  0  0
30 23 136800 139082408 1972588 34374116    0    0 675024 501036 281403 1357894 45 24 25  6  0  0
35 12 136800 139089904 1972588 34374124    0    0 734592 517696 277915 1314308 45 24 25  6  0  0
31 22 136800 139089492 1972588 34374140    0    0 779088 551352 282144 1331579 46 23 24  7  0  0
80 12 136800 139085592 1972588 34374148    0    0 698928 509716 277509 1343103 45 24 25  6  0  0
51  0 136800 139087164 1972592 34374164    0    0 725988 533000 277861 1327236 45 24 24  7  0  0
95  7 136800 139091580 1972592 34374172    0    0 769728 541876 284891 1343324 47 24 23  6  0  0
81  6 136800 139086772 1972592 34374180    0    0 720400 508552 284915 1354697 47 25 23  5  0  0
40  2 136800 139082316 1972592 34374192    0    0 683296 510380 282170 1332694 46 23 25  5  0  0
22 14 136800 139073072 1972592 34374200    0    0 765360 555304 285175 1318757 47 23 24  6  0  0
52  4 136800 139078772 1972592 34374208    0    0 681760 501756 277996 1339970 45 24 26  6  0  0
78  9 136800 139072800 1972592 34374224    0    0 753968 526604 285824 1338253 46 24 24  6  0  0
27  0 136800 139072716 1972592 34374232    0    0 678752 494984 279638 1345030 45 24 26  5  0  0
68  9 136800 139073828 1972592 34374248    0    0 730192 528392 282296 1335834 46 24 25  6  0  0
80 15 136800 139073860 1972592 34374256    0    0 731872 530560 277973 1315457 45 23 25  6  0  0
34 19 136800 139077180 1972592 34374264    0    0 739152 537664 279856 1320907 46 23 25  6  0  0
55  4 136800 139078296 1972592 34374276    0    0 707312 519796 277244 1311634 45 23 26  6  0  0
74  2 136800 139077880 1972592 34374288    0    0 681376 496860 277482 1346800 44 25 25  6  0  0
77 13 136800 139085656 1972592 34374296    0    0 669808 502668 279960 1356622 45 24 25  5  0  0
121 14 136800 139078696 1972592 34374304    0    0 747520 532908 289186 1353224 46 25 24  6  0  0
procs -----------memory---------- ---swap-- -----io---- -system-- -------cpu-------
 r  b   swpd   free   buff  cache   si   so    bi    bo   in   cs us sy id wa st gu
57  7 136800 139078888 1972592 34374312    0    0 756512 554068 278933 1299795 45 23 24  8  0  0
46 15 136800 139082036 1972592 34374320    0    0 659872 487336 275905 1352502 45 24 26  5  0  0
65 14 136800 139087968 1972592 34374336    0    0 669216 501556 278950 1351340 44 24 26  6  0  0
53  3 136800 139084888 1972592 34374344    0    0 748512 537004 285084 1319985 46 23 25  6  0  0
47  5 136800 139084312 1972592 34374352    0    0 698144 512388 279671 1331830 45 24 26  5  0  0
103 13 136800 139087980 1972592 34374364    0    0 710416 516724 282418 1337806 46 23 26  6  0  0
32  1 136800 139086572 1972592 34374372    0    0 669520 513268 275069 1346062 44 25 25  6  0  0
77  7 136800 139080136 1972592 34374392    0    0 751024 526176 280081 1337940 46 24 23  7  0  0
71 34 136800 139081052 1972592 34374400    0    0 708624 515292 281125 1338817 46 25 24  5  0  0
27 12 136800 139081692 1972596 34374408    0    0 740528 537488 279228 1337079 46 24 24  6  0  0
87  4 136800 139078272 1972596 34374416    0    0 697408 500916 277469 1344929 46 24 24  6  0  0
34 24 136800 139086668 1972596 34374428    0    0 686560 526200 275778 1334343 45 24 26  6  0  0
36 34 136800 139086228 1972596 34374444    0    0 709632 516640 277564 1337073 45 24 25  6  0  0
95 13 136800 139081928 1972596 34374452    0    0 743280 535116 278895 1315393 45 23 25  6  0  0
 9  4 136800 139083528 1972600 34374460    0    0 720480 521428 279227 1333910 46 24 24  6  0  0
94 18 136800 139083492 1972600 34374468    0    0 675568 498712 280016 1340873 44 24 26  6  0  0
53  2 136800 139085472 1972600 34374480    0    0 793472 573612 284368 1323958 47 23 24  6  0  0
50 24 136800 139089940 1972600 34374496    0    0 686320 503060 276693 1346720 45 24 25  5  0  0
79 16 136800 139091132 1972600 34374504    0    0 804624 559652 285623 1329653 47 24 23  6  0  0
52  8 136800 139092956 1972600 34374516    0    0 742448 534312 283169 1349712 46 23 24  6  0  0
23 36 136800 139098516 1972600 34374524    0    0 769536 547916 281771 1321705 46 23 24  6  0  0
procs -----------memory---------- ---swap-- -----io---- -system-- -------cpu-------
 r  b   swpd   free   buff  cache   si   so    bi    bo   in   cs us sy id wa st gu
54  5 136800 139095540 1972600 34374536    0    0 715056 531020 286038 1360878 46 24 24  6  0  0
72  9 136800 139089392 1972600 34374548    0    0 710912 518248 279995 1348605 46 25 24  5  0  0
70 23 136800 139092420 1972600 34374556    0    0 715696 516816 283997 1339613 47 24 24  5  0  0
67  8 136800 139093616 1972604 34374564    0    0 745920 533500 283858 1352527 47 24 23  6  0  0
50  7 136800 139086780 1972604 34374576    0    0 699392 514580 278810 1322654 45 24 25  6  0  0
86 11 136800 139084360 1972604 34374584    0    0 724816 516072 282867 1357082 47 24 23  6  0  0
33 16 136800 139079488 1972608 34374604    0    0 683876 527672 279189 1340491 46 24 25  6  0  0
74 11 136800 139084060 1972608 34374612    0    0 747712 536224 282601 1342458 46 25 23  6  0  0
35 23 136800 139086876 1972612 34374620    0    0 726848 519196 288356 1354417 46 24 24  5  0  0
33  9 136800 139085932 1972612 34374640    0    0 735056 522932 284018 1330840 45 24 25  6  0  0
21  3 136800 139085704 1972612 34374648    0    0 682288 511660 278504 1345209 45 24 26  5  0  0
39 21 136800 139086100 1972612 34374660    0    0 760512 543828 278380 1301567 46 23 23  8  0  0
77 39 136800 139087312 1972612 34374668    0    0 708528 514636 280542 1339790 46 24 24  6  0  0
85 25 136800 139087932 1972612 34374676    0    0 786800 557676 286860 1338749 48 23 23  6  0  0
53  7 136800 139085004 1972612 34374688    0    0 680256 496172 279121 1357574 46 24 25  5  0  0
27  2 136800 139086440 1972612 34374696    0    0 769408 552648 282182 1322679 47 23 24  6  0  0
37  4 136800 139084108 1972612 34374700    0    0 743072 532080 279305 1315757 46 24 23  7  0  0
25 17 136800 139081992 1972612 34374784    0    0 702784 517036 278987 1336339 46 24 25  6  0  0
83  9 136800 139085316 1972612 34374804    0    0 712704 518884 278043 1324771 45 23 26  6  0  0
56  6 136800 139085828 1972612 34374816    0    0 763712 549600 279797 1313329 46 22 25  6  0  0
71  5 136800 139083812 1972612 34374824    0    0 823920 585572 283878 1295974 46 23 24  7  0  0
procs -----------memory---------- ---swap-- -----io---- -system-- -------cpu-------
 r  b   swpd   free   buff  cache   si   so    bi    bo   in   cs us sy id wa st gu
65  7 136800 139081844 1972612 34374832    0    0 717200 517280 277966 1340070 45 24 25  6  0  0
64  8 136800 139085516 1972612 34374844    0    0 772288 543852 281695 1329034 46 24 24  6  0  0
49 26 136800 139082900 1972612 34374856    0    0 697136 511820 281221 1362809 46 24 24  5  0  0
56  4 136800 139084576 1972612 34374864    0    0 773232 552004 285091 1329895 47 24 23  6  0  0
65  1 136800 139086068 1972612 34374872    0    0 747856 529868 280934 1342837 46 23 25  6  0  0
47 21 136800 139082216 1972612 34374880    0    0 717584 541200 278048 1342602 46 23 25  6  0  0
104  9 136800 139080856 1972612 34374896    0    0 681328 490844 283018 1358207 45 24 25  5  0  0
64  7 136800 139079860 1972612 34374908    0    0 709440 527556 276843 1323674 45 24 26  6  0  0
71  8 136800 139075104 1972612 34374916    0    0 723920 530984 278096 1303042 46 23 26  6  0  0
30  1 136800 139076356 1972612 34374924    0    0 668848 499356 277447 1352299 44 24 26  5  0  0
26  4 136800 139072948 1972612 34374932    0    0 767040 570288 279525 1319148 46 23 24  7  0  0
25 28 136800 139072540 1972612 34374944    0    0 704304 515276 282372 1368419 45 25 24  6  0  0
35  4 136800 139078824 1972612 34374956    0    0 716592 521776 277438 1327598 45 23 26  6  0  0
35 19 136800 139078408 1972612 34374960    0    0 664816 494252 277117 1341043 44 25 26  5  0  0
31 11 136800 139078672 1972612 34374968    0    0 723040 524572 284132 1336299 45 24 26  6  0  0
98  8 136800 139081076 1972612 34374976    0    0 681088 501156 276944 1346862 45 24 25  6  0  0
76  6 136800 139077892 1972612 34374996    0    0 721232 536892 279079 1329663 45 23 25  6  0  0
60  6 136800 139073872 1972612 34375004    0    0 752064 537452 282767 1331362 45 24 25  6  0  0
61  4 136800 139070816 1972612 34375012    0    0 717264 524456 280458 1345945 45 24 24  6  0  0
14  7 136800 139076808 1972612 34375020    0    0 720496 529356 281447 1339250 46 24 25  5  0  0
55  3 136800 139064348 1972612 34375028    0    0 734832 530508 282107 1344357 46 25 24  6  0  0
procs -----------memory---------- ---swap-- -----io---- -system-- -------cpu-------
 r  b   swpd   free   buff  cache   si   so    bi    bo   in   cs us sy id wa st gu
34 29 136800 139066684 1972612 34375040    0    0 785280 567208 282762 1317777 47 23 24  6  0  0
34  1 136800 139076428 1972612 34375052    0    0 694976 510940 275620 1334418 44 24 26  6  0  0
72 13 136800 139076420 1972612 34375060    0    0 698816 508608 278654 1345758 45 24 25  6  0  0
51  4 136800 139084636 1972612 34375076    0    0 691824 514852 281583 1345317 45 24 26  6  0  0
54  7 136800 139081236 1972612 34375084    0    0 674832 488216 278576 1362111 45 25 25  6  0  0
59  4 136800 139080052 1972612 34375104    0    0 762256 558004 281019 1323151 46 23 24  7  0  0
46  9 136800 139068344 1972612 34375112    0    0 671184 499188 279600 1348687 44 24 26  6  0  0
56  7 136800 139064188 1972612 34375124    0    0 694336 514152 279482 1328491 45 23 26  6  0  0
40  7 136800 139059496 1972612 34375136    0    0 759696 526596 283518 1325034 46 23 24  7  0  0
94 19 136800 139065344 1972612 34375144    0    0 682400 502228 291926 1346658 45 24 26  5  0  0
38  1 136800 139058496 1972612 34375152    0    0 721920 529360 279248 1340499 45 24 25  6  0  0
26 26 136800 139054472 1972616 34375172    0    0 698548 524568 284440 1375063 46 25 24  6  0  0
36 14 136800 139058340 1972616 34375180    0    0 748976 536324 282873 1325648 46 24 24  6  0  0
51  5 136800 139068368 1972616 34375192    0    0 701952 509044 276669 1328558 45 23 26  6  0  0
30 21 136800 139067412 1972616 34375200    0    0 677728 507036 276724 1349395 45 24 25  6  0  0
84  9 136800 139074708 1972616 34375212    0    0 723408 526408 282439 1335719 46 24 24  6  0  0
66  6 136800 139070296 1972624 34375228    0    0 719040 536992 281107 1339998 46 23 25  6  0  0
19 19 136800 139071220 1972624 34375236    0    0 805328 562384 287008 1339158 48 24 22  6  0  0
46 10 136800 139074376 1972624 34375244    0    0 767472 534976 281134 1326560 46 24 23  7  0  0
46 27 136800 139080652 1972624 34375256    0    0 720768 529852 280786 1335813 45 24 25  6  0  0
83  2 136800 139078988 1972624 34375264    0    0 691104 512940 275157 1322405 45 23 26  5  0  0
procs -----------memory---------- ---swap-- -----io---- -system-- -------cpu-------
 r  b   swpd   free   buff  cache   si   so    bi    bo   in   cs us sy id wa st gu
69 24 136800 139074420 1972624 34375276    0    0 752480 548604 278617 1329676 45 23 24  7  0  0
96  8 136800 139078748 1972624 34375288    0    0 713184 509000 279178 1346132 45 24 25  6  0  0
30 12 136800 139076036 1972624 34375300    0    0 683536 509020 278006 1350338 45 24 26  6  0  0
35  4 136800 139072504 1972624 34375308    0    0 745792 525896 284791 1356035 45 25 24  6  0  0
57 14 136800 139079748 1972624 34375316    0    0 742896 534984 281094 1333894 45 25 24  5  0  0
76  3 136800 139076456 1972624 34375324    0    0 721600 542200 284425 1352976 46 24 24  6  0  0
94  0 136800 139079808 1972628 34375328    0    0 793776 564240 287325 1334666 47 24 23  6  0  0
26 22 136800 139081044 1972628 34375340    0    0 761504 532096 283191 1339887 47 24 24  5  0  0
31  5 136800 139080208 1972628 34375352    0    0 692640 508888 282040 1346348 45 25 25  6  0  0
53  4 136800 139086624 1972628 34375360    0    0 704464 505928 281930 1343489 45 24 25  6  0  0
56  8 136800 139087340 1972632 34375372    0    0 693392 528016 278657 1340466 45 24 25  6  0  0
30 21 136800 139085012 1972632 34375384    0    0 714720 524500 277853 1331269 45 24 25  6  0  0
34  1 136800 139083680 1972640 34375396    0    0 771536 551128 282308 1319140 46 23 25  7  0  0
42  4 136800 139084936 1972640 34375404    0    0 778144 551088 282313 1307951 46 23 25  6  0  0
74 15 136800 139077568 1972640 34375480    0    0 694096 503048 279780 1366799 45 25 24  5  0  0
29  8 136800 139078464 1972640 34375492    0    0 724752 527348 285636 1341673 46 23 25  6  0  0
20 12 136800 139076564 1972640 34375504    0    0 711840 530928 281269 1331548 46 24 25  5  0  0
62 14 136800 139084176 1972640 34375520    0    0 752256 532668 282408 1339172 46 24 24  6  0  0
30  6 136800 139084344 1972640 34375536    0    0 676304 515764 284414 1352818 45 25 25  5  0  0
51  9 136800 139081908 1972640 34375548    0    0 719472 511468 283586 1369042 47 25 22  5  0  0
113  6 136800 139083292 1972640 34375560    0    0 718720 519820 281329 1338050 45 24 25  6  0  0
procs -----------memory---------- ---swap-- -----io---- -system-- -------cpu-------
 r  b   swpd   free   buff  cache   si   so    bi    bo   in   cs us sy id wa st gu
45 21 136800 139083372 1972640 34375572    0    0 748320 557544 280567 1311470 46 24 24  6  0  0
18 27 136800 139081560 1972644 34375584    0    0 789024 563504 284771 1316577 47 22 24  7  0  0
72  7 136800 139079240 1972644 34375596    0    0 732048 532028 279914 1339870 46 24 24  6  0  0
65  1 136800 139073992 1972644 34375604    0    0 744160 517672 283016 1341349 46 24 24  5  0  0
82  5 136800 139076000 1972644 34375612    0    0 723824 525504 281410 1345188 46 24 24  6  0  0
61 10 136800 139076564 1972644 34375628    0    0 737568 551904 284885 1352020 46 24 24  6  0  0
53 14 136800 139079744 1972652 34375640    0    0 709392 515240 283543 1344676 45 24 25  6  0  0
29 25 136800 139078608 1972652 34375652    0    0 671232 495028 285306 1365471 45 25 25  5  0  0
59  3 136800 139080372 1972652 34375660    0    0 737136 531956 281668 1322627 45 23 25  6  0  0
92  9 136800 139083532 1972652 34375668    0    0 692288 507524 277883 1340160 45 24 25  5  0  0
44  2 136800 139080224 1972656 34375700    0    0 722068 531368 279176 1340196 45 25 24  7  0  0
40  7 136800 139078264 1972656 34375708    0    0 711600 512276 279937 1356050 46 25 24  5  0  0
65  4 136800 139076336 1972656 34375716    0    0 747648 535048 280265 1335390 47 23 24  6  0  0
58  3 136800 139088056 1972656 34375724    0    0 683920 498848 278711 1349269 45 24 25  6  0  0
108  7 136800 139082308 1972656 34375736    0    0 699008 508916 276935 1316186 45 23 26  6  0  0
84  2 136800 139082192 1972656 34375752    0    0 680304 505992 277858 1362245 45 25 25  6  0  0
96 23 136800 139076204 1972656 34375764    0    0 720688 543872 282477 1347278 46 24 25  6  0  0
50  9 136800 139076412 1972656 34375776    0    0 723248 517000 282958 1354097 46 25 24  6  0  0
37 18 136800 139078848 1972656 34375784    0    0 757024 546780 279887 1320930 46 23 24  6  0  0
58  3 136800 139080808 1972656 34375788    0    0 678736 496548 281509 1365788 45 24 25  6  0  0
81 32 136800 139078768 1972656 34375804    0    0 719856 518284 283043 1350436 46 25 24  5  0  0
procs -----------memory---------- ---swap-- -----io---- -system-- -------cpu-------
 r  b   swpd   free   buff  cache   si   so    bi    bo   in   cs us sy id wa st gu
33  1 136800 139079660 1972656 34375812    0    0 687376 520356 282566 1340154 45 24 25  5  0  0
40  2 136800 139077904 1972656 34375820    0    0 773136 546660 283235 1343633 47 24 23  6  0  0
46  5 136800 139082220 1972656 34375828    0    0 703136 517924 277424 1349775 45 24 25  6  0  0
15 30 136800 139083964 1972656 34375840    0    0 728016 528228 277462 1312811 45 23 26  6  0  0
38 11 136800 139079480 1972656 34375856    0    0 716928 531400 277193 1326340 45 24 25  6  0  0
54 29 136800 139076380 1972660 34375868    0    0 683472 512236 278491 1364342 45 25 24  5  0  0
60 20 136800 139080768 1972660 34375876    0    0 728192 522864 283516 1346496 45 24 25  6  0  0
77 12 136800 139083036 1972660 34375888    0    0 727392 527700 285512 1356635 45 24 24  6  0  0
24  4 136800 139085964 1972660 34375904    0    0 714192 519684 277723 1352628 46 24 25  6  0  0
59 11 136800 139081948 1972660 34375916    0    0 692096 501664 276624 1359460 45 25 24  6  0  0
36 27 136800 139078736 1972660 34375924    0    0 678304 525340 278784 1343154 45 24 26  6  0  0
92 25 136800 139078776 1972660 34375932    0    0 686528 510396 277308 1338195 44 24 26  5  0  0
74 76 136800 139080856 1972660 34375940    0    0 713024 503792 285899 1369373 46 25 24  6  0  0
22  3 136800 139076852 1972660 34375952    0    0 733120 533856 281244 1344252 46 24 24  6  0  0
134  0 136800 139073640 1972660 34375968    0    0 724464 533288 278714 1322296 45 23 26  6  0  0
52 15 136800 139079264 1972660 34375972    0    0 699984 509352 279683 1349654 45 24 25  6  0  0
60  3 136800 139082164 1972660 34375984    0    0 691568 518608 282257 1362678 45 24 25  6  0  0
63  3 136800 139080776 1972660 34375996    0    0 743504 529504 280188 1327401 46 23 25  6  0  0
66  7 136800 139075956 1972660 34376004    0    0 705424 521364 277635 1360662 45 25 24  6  0  0
38 19 136800 139071596 1972660 34376012    0    0 712784 515152 285496 1333722 45 24 26  6  0  0
81  1 136800 139070544 1972660 34376024    0    0 693712 508652 276621 1357385 44 25 25  6  0  0
procs -----------memory---------- ---swap-- -----io---- -system-- -------cpu-------
 r  b   swpd   free   buff  cache   si   so    bi    bo   in   cs us sy id wa st gu
163 37 136800 139070996 1972660 34376036    0    0 679792 515848 276533 1343239 45 23 26  6  0  0
51 28 136800 139066612 1972660 34376048    0    0 695552 509076 277710 1344990 45 24 25  6  0  0
32  8 136800 139070024 1972660 34376060    0    0 780464 548728 284155 1327462 46 24 24  6  0  0
80  1 136800 139072356 1972660 34376068    0    0 667664 501364 279612 1357694 45 24 25  6  0  0
82 12 136800 139073368 1972660 34376204    0    0 673312 494584 276273 1350823 45 24 26  6  0  0
71  4 136800 139069984 1972660 34376216    0    0 713744 513832 281049 1335689 46 24 25  6  0  0
49  9 136800 139073228 1972660 34376228    0    0 685056 511740 282063 1339794 45 23 26  5  0  0
76  5 136800 139077256 1972660 34376236    0    0 753536 534244 279618 1303356 45 23 25  6  0  0
28  2 136800 139069836 1972660 34376244    0    0 741536 536340 281792 1337397 45 24 25  6  0  0
60  2 136800 139066184 1972660 34376260    0    0 711936 510576 282379 1339282 45 24 25  6  0  0
63 13 136800 139066796 1972660 34376272    0    0 692096 516796 275841 1309554 45 23 27  6  0  0
70  1 136800 139074416 1972664 34376352    0    0 694644 508092 277825 1336236 45 24 25  6  0  0
33 13 136800 139077268 1972664 34376360    0    0 746400 541776 280424 1320568 45 23 25  6  0  0
58  2 136800 139070216 1972664 34376368    0    0 691776 501328 284102 1337863 45 24 26  6  0  0
88  1 136800 139073112 1972664 34376380    0    0 699904 513248 279291 1335445 45 24 25  6  0  0
25 29 136800 139073504 1972664 34376392    0    0 689376 499436 280419 1335616 45 23 26  6  0  0
44  5 136800 139075148 1972664 34376400    0    0 707104 517724 283898 1349710 46 24 24  6  0  0
57  2 136800 139073728 1972664 34376412    0    0 701056 519444 288187 1346257 45 24 25  6  0  0
93  7 136800 139081248 1972664 34376420    0    0 715376 516968 281693 1346604 46 24 24  6  0  0
43  1 136800 139076360 1972664 34376440    0    0 747696 533808 280414 1303526 45 23 26  6  0  0
19  3 136800 139075060 1972664 34376452    0    0 772976 545152 282394 1303406 46 23 24  6  0  0
procs -----------memory---------- ---swap-- -----io---- -system-- -------cpu-------
 r  b   swpd   free   buff  cache   si   so    bi    bo   in   cs us sy id wa st gu
107 10 136800 139076384 1972664 34376464    0    0 734336 537280 281677 1317943 46 23 24  6  0  0
103  6 136800 139079052 1972664 34376476    0    0 696272 507880 287460 1371438 46 25 24  6  0  0
23 23 136800 139072696 1972664 34376484    0    0 731440 514280 281593 1343701 46 24 24  5  0  0
34 17 136800 139073924 1972664 34376500    0    0 733536 517308 282845 1338146 47 23 24  6  0  0
92  3 136800 139071216 1972664 34376512    0    0 683376 491352 277440 1328821 44 24 27  6  0  0
90  2 136800 139072412 1972664 34376520    0    0 728400 536360 285818 1338406 45 24 25  6  0  0
49  0 136800 139069544 1972664 34376528    0    0 661104 492472 277761 1353155 44 25 25  6  0  0
39 11 136800 139066136 1972664 34376536    0    0 717760 519080 279248 1337130 45 24 25  6  0  0
62  1 136800 139066120 1972664 34376552    0    0 708336 516520 287209 1342062 45 24 25  6  0  0
72 28 136800 139062848 1972664 34376560    0    0 680496 504052 277207 1331148 44 24 26  6  0  0
54  4 136800 139062040 1972664 34376568    0    0 706144 505856 280215 1319005 45 23 26  6  0  0
55 44 136800 139065928 1972664 34376576    0    0 700272 527224 278794 1339889 44 25 25  6  0  0
85 25 136800 139072796 1972664 34376584    0    0 715488 512704 277460 1315402 45 24 26  6  0  0
58  2 136800 139078120 1972664 34376596    0    0 757376 531956 284368 1331874 46 23 24  6  0  0
39  6 136800 139072164 1972664 34376608    0    0 700800 506308 285640 1357323 45 25 25  5  0  0
83 45 136800 139071712 1972664 34376616    0    0 719568 513128 282250 1354967 46 25 23  6  0  0
129  3 136800 139077068 1972664 34376632    0    0 694144 518076 279287 1334466 46 24 25  6  0  0
82 48 136800 139071332 1972664 34376640    0    0 750672 541532 284203 1335499 47 24 24  6  0  0
64  6 136800 139073452 1972664 34376660    0    0 728912 518888 279768 1329016 46 23 25  6  0  0
69 13 136800 139073528 1972664 34376672    0    0 763888 537028 286691 1335409 46 24 24  6  0  0
78 22 136800 139078500 1972664 34376680    0    0 716944 515460 280053 1330457 46 24 25  6  0  0
procs -----------memory---------- ---swap-- -----io---- -system-- -------cpu-------
 r  b   swpd   free   buff  cache   si   so    bi    bo   in   cs us sy id wa st gu
98 47 136800 139073988 1972664 34376688    0    0 705472 533276 283874 1338964 46 23 25  5  0  0
57 17 136800 139069088 1972664 34376700    0    0 692448 509632 279537 1342387 46 24 25  6  0  0
59 23 136800 139077452 1972664 34376708    0    0 705872 509296 285585 1356051 46 24 24  6  0  0
73 42 136800 139071060 1972664 34376720    0    0 718736 519500 281112 1351369 46 24 24  6  0  0
59 25 136800 139070064 1972664 34376724    0    0 722304 521856 280463 1337732 46 24 24  6  0  0
30 23 136800 139069128 1972664 34376732    0    0 745872 532184 283068 1339193 46 24 23  6  0  0
61  8 136800 139071896 1972664 34376752    0    0 705232 511904 277304 1328324 46 23 25  6  0  0
65  5 136800 139074796 1972668 34376756    0    0 711488 511072 282756 1339428 45 25 25  5  0  0
53  4 136800 139070808 1972668 34376772    0    0 768256 552904 281517 1302819 46 23 25  7  0  0
84 30 136800 139069932 1972668 34376788    0    0 750496 541088 279194 1308650 45 23 26  6  0  0
81  2 136800 139069892 1972668 34376796    0    0 702144 512752 277161 1335542 45 24 26  6  0  0
39 10 136800 139069116 1972672 34376816    0    0 674068 513892 275981 1321291 44 24 27  6  0  0
54  7 136800 139064096 1972672 34376824    0    0 771536 538148 281392 1308844 45 22 25  7  0  0
41 14 136800 139066012 1972672 34376836    0    0 715072 512588 279371 1334292 46 23 25  6  0  0
42  7 136800 139066884 1972672 34376844    0    0 737680 524544 279121 1316933 45 24 25  6  0  0
102  9 136800 139062128 1972672 34376856    0    0 722704 517524 278997 1318498 45 24 25  6  0  0
29 78 136800 139062016 1972672 34376868    0    0 722960 531304 276948 1315046 44 24 25  7  0  0
92  8 136800 139061836 1972672 34376876    0    0 754112 531504 278913 1301291 46 23 25  7  0  0
29 10 136800 139056236 1972672 34376892    0    0 652960 488032 275529 1337287 44 24 27  5  0  0
47  8 136800 139053460 1972672 34376900    0    0 737264 537752 283266 1338902 46 24 24  6  0  0
38  5 136800 139056728 1972672 34376912    0    0 706096 506992 281236 1355672 46 24 24  6  0  0
procs -----------memory---------- ---swap-- -----io---- -system-- -------cpu-------
 r  b   swpd   free   buff  cache   si   so    bi    bo   in   cs us sy id wa st gu
65 31 136800 139054644 1972672 34376916    0    0 754272 534476 283766 1321751 46 24 24  6  0  0
41  9 136800 139054288 1972672 34376924    0    0 689328 500052 284060 1349404 46 25 25  5  0  0
50  7 136800 139064196 1972672 34376936    0    0 769216 547380 286234 1311732 46 24 24  6  0  0
18  3 136800 139067520 1972672 34376952    0    0 770800 516876 283982 1304580 46 23 25  6  0  0
59 99 136800 139073628 1972672 34376964    0    0 753072 516024 281790 1320894 45 24 25  6  0  0
54 22 136800 139071280 1972672 34376972    0    0 725984 534396 283029 1327840 45 24 25  6  0  0
137 14 136800 139072080 1972672 34376980    0    0 748704 543656 281421 1309150 45 23 25  6  0  0
72  7 136800 139070736 1972672 34376992    0    0 704560 523552 279264 1335534 45 24 25  6  0  0
76 14 136800 139070876 1972672 34377096    0    0 741904 530048 289491 1328160 45 24 25  6  0  0
107 21 136800 139073016 1972672 34377104    0    0 657296 487928 277879 1336980 44 25 26  5  0  0
34 43 136800 139066872 1972672 34377112    0    0 684944 486312 279638 1347105 44 25 25  6  0  0
129  2 136800 139068616 1972672 34377120    0    0 752928 552948 279750 1290807 45 22 26  7  0  0
66 13 136800 139068468 1972672 34377136    0    0 742464 520432 280698 1340282 46 24 25  6  0  0
35 22 136800 139063256 1972672 34377156    0    0 673264 499988 279108 1349798 45 24 24  6  0  0
127  9 136800 139063344 1972672 34377164    0    0 649440 487460 278028 1338085 45 24 26  5  0  0
99 17 136800 139068212 1972672 34377176    0    0 748832 537884 283582 1330078 46 24 24  6  0  0
64 11 136800 139065280 1972672 34377184    0    0 711232 530384 278591 1312131 45 23 26  6  0  0
58 13 136800 139063676 1972672 34377196    0    0 740640 531984 280323 1323247 45 23 25  7  0  0
21  8 136800 139064864 1972672 34377208    0    0 707600 517920 279830 1339684 44 24 25  6  0  0
67  1 136800 139063832 1972672 34377220    0    0 661472 494144 282285 1358756 44 25 25  6  0  0
53 29 136800 139070360 1972672 34377232    0    0 674896 492700 278911 1343342 45 24 26  6  0  0
procs -----------memory---------- ---swap-- -----io---- -system-- -------cpu-------
 r  b   swpd   free   buff  cache   si   so    bi    bo   in   cs us sy id wa st gu
28 37 136800 139067000 1972672 34377240    0    0 673728 498472 280566 1346514 45 24 26  5  0  0
80  1 136800 139064244 1972676 34377256    0    0 752224 559160 281507 1291283 45 23 26  6  0  0
28  0 136800 139063784 1972676 34377268    0    0 721456 510548 280260 1315968 45 23 26  6  0  0
55 15 136800 139062764 1972676 34377276    0    0 653840 492680 276522 1331571 44 24 26  5  0  0
35 20 136800 139050996 1972676 34377284    0    0 749632 530868 284386 1322756 46 23 25  6  0  0
53  5 136800 139049716 1972676 34377292    0    0 676160 491388 277456 1313216 44 24 27  5  0  0
61  1 136800 139053440 1972680 34377300    0    0 686416 520920 279895 1339511 44 25 25  6  0  0
48  3 136800 139064432 1972680 34377316    0    0 738976 529424 281946 1316923 45 23 25  6  0  0
33 25 136800 139066272 1972680 34377316    0    0 694016 507056 279753 1328597 45 24 25  6  0  0
