procs -----------memory---------- ---swap-- -----io---- -system-- -------cpu-------
 r  b   swpd   free   buff  cache   si   so    bi    bo   in   cs us sy id wa st gu
 4  0 111936 131380632 2217872 45234220    0    1 29744 28167 13317    5  3  1 96  1  0  0
67  0 111936 131346256 2217876 45234296    0    0     0 204996 90649 41017 78  1 21  0  0  0
57  0 111936 131336336 2217876 45234300    0    0     0 302824 109181 39923 79  1 20  0  0  0
46 22 111936 131226200 2217876 45234308    0    0 97104 470816 191624 163010 49  3 46  1  0  0
32 37 111936 131182416 2217876 45234316    0    0 1425568 560644 269947 1003623 43 13 23 21  0  0
48 27 111936 131186032 2217876 45234328    0    0 1413104 626632 279769 1031962 44 13 21 22  0  0
43 27 111936 131195960 2217876 45234340    0    0 1396144 691464 275112 999956 42 13 22 23  0  0
41 28 111936 131167444 2217876 45234348    0    0 1397216 706612 295682 1004074 43 13 21 23  0  0
44 25 111936 131172684 2217876 45234356    0    0 1411648 717732 278538 1016620 43 13 21 23  0  0
47 17 111936 131192612 2217876 45234364    0    0 1417504 726568 282683 1015034 43 13 21 23  0  0
37 34 111936 131199016 2217880 45234368    0    0 1309120 695408 259000 926011 39 11 23 27  0  0
27 39 111936 131204520 2217880 45234388    0    0 1326944 698900 262467 937626 39 12 22 27  0  0
43 41 111936 131207492 2217880 45234396    0    0 1393456 748296 275844 996019 42 13 21 24  0  0
50 22 111936 131211444 2217880 45234404    0    0 1393104 758432 277715 998988 42 13 21 24  0  0
26 43 111936 131212284 2217880 45234412    0    0 1378224 783516 276346 986542 42 12 21 24  0  0
52 20 111936 131213336 2217884 45234420    0    0 1395616 789444 277870 989712 42 13 21 24  0  0
42 24 111936 131213384 2217884 45234436    0    0 1399584 808484 279915 992572 42 12 21 24  0  0
31 39 111936 131214116 2217884 45234444    0    0 1405344 806072 280468 998653 42 13 21 24  0  0
33 39 111936 131213296 2217884 45234452    0    0 1393568 822824 279903 995618 42 13 21 24  0  0
48 25 111936 131210384 2217884 45234456    0    0 1379728 807560 279016 994804 42 13 21 24  0  0
34 33 111936 131206824 2217888 45234464    0    0 1365440 801072 276048 976814 41 12 21 25  0  0
procs -----------memory---------- ---swap-- -----io---- -system-- -------cpu-------
 r  b   swpd   free   buff  cache   si   so    bi    bo   in   cs us sy id wa st gu
33 36 111936 131206340 2217888 45234480    0    0 1391776 822888 281311 995771 42 13 21 24  0  0
42 28 111936 131199192 2217888 45234488    0    0 1328320 802536 271845 949791 40 12 22 26  0  0
41 31 111936 131198556 2217888 45234496    0    0 1330720 811500 268806 937448 40 12 22 27  0  0
38 35 111936 131179804 2217888 45234508    0    0 1303088 805048 263292 917049 39 12 22 28  0  0
55 27 111936 131149476 2217892 45234528    0    0 1369344 850872 280528 977621 43 13 20 24  0  0
36 33 111936 131147332 2217892 45234548    0    0 1347792 834556 276529 961232 42 12 21 25  0  0
30 39 111936 131139752 2217892 45234556    0    0 1374192 852288 281727 981242 43 13 20 24  0  0
35 39 111936 131149364 2217892 45234568    0    0 1375072 857292 281849 985085 44 13 20 24  0  0
50 21 111936 131154740 2217892 45234576    0    0 1392672 850428 281136 990481 43 13 20 24  0  0
55 20 111936 131154712 2217892 45234584    0    0 1383808 845192 281294 990549 44 13 20 24  0  0
42 31 111936 131156820 2217892 45234596    0    0 1372512 854260 278247 973033 43 12 20 24  0  0
36 34 111936 131149336 2217892 45234676    0    0 1358736 830088 277285 970767 42 13 20 25  0  0
32 40 111936 131152724 2217892 45234688    0    0 1379712 849584 279678 982741 43 13 20 24  0  0
50 29 111936 131156364 2217892 45234700    0    0 1268896 793768 258449 888360 39 11 22 29  0  0
29 42 111936 131155312 2217892 45234708    0    0 1344800 838164 272297 947047 42 12 20 26  0  0
61 16 111936 131156316 2217892 45234716    0    0 1329008 826764 269408 930031 41 12 21 26  0  0
48 22 111936 131153636 2217892 45234724    0    0 1370896 854024 280421 978567 43 12 20 24  0  0
51 27 111936 131152612 2217892 45234736    0    0 1352496 850224 278799 961947 42 12 21 25  0  0
48 24 111936 131159512 2217892 45234748    0    0 1381408 861604 280887 979024 43 13 20 24  0  0
44 25 111936 131163868 2217892 45234756    0    0 1380720 862516 280565 978545 43 13 20 24  0  0
44 26 111936 131162212 2217896 45234764    0    0 1391232 868860 282873 976642 44 13 20 24  0  0
procs -----------memory---------- ---swap-- -----io---- -system-- -------cpu-------
 r  b   swpd   free   buff  cache   si   so    bi    bo   in   cs us sy id wa st gu
52 16 111936 131164112 2217896 45234780    0    0 1374512 853504 280996 980564 43 13 20 24  0  0
40 26 111936 131161660 2217896 45234792    0    0 1365920 856628 276959 965739 42 12 21 25  0  0
27 45 111936 131158136 2217896 45234800    0    0 1365200 849200 278123 969049 43 13 20 25  0  0
25 48 111936 131160812 2217896 45234808    0    0 1321168 826624 272219 936697 41 12 21 26  0  0
40 32 111936 131159804 2217896 45234816    0    0 1339152 832692 271736 938973 41 12 21 26  0  0
41 27 111936 131166400 2217896 45234832    0    0 1341072 842504 275267 947415 42 12 20 25  0  0
49 19 111936 131169924 2217896 45234844    0    0 1315296 825500 267792 929323 41 12 21 27  0  0
43 27 111936 131169820 2217896 45234852    0    0 1351072 839692 276751 966992 42 13 21 25  0  0
49 22 111936 131170040 2217896 45234860    0    0 1378864 856744 279095 976066 43 13 20 24  0  0
48 23 111936 131166752 2217900 45234864    0    0 1380912 877436 281606 983320 43 13 20 24  0  0
46 22 111936 131167744 2217900 45234888    0    0 1382832 872376 280561 977115 43 13 20 24  0  0
46 23 111936 131148600 2217904 45234892    0    0 1384336 863604 281908 983999 43 13 20 24  0  0
38 25 111936 131155804 2217904 45234900    0    0 1366272 859784 279576 976134 43 13 20 24  0  0
51 20 111936 131154684 2217904 45234908    0    0 1354768 856300 278918 968147 42 13 20 25  0  0
30 40 111936 131155988 2217904 45234916    0    0 1351184 855724 277618 961558 42 12 20 25  0  0
34 35 111936 131158144 2217904 45234932    0    0 1298528 809924 263817 915219 40 12 21 27  0  0
42 29 111936 131154400 2217904 45234940    0    0 1385712 868928 281908 982954 43 13 20 24  0  0
47 22 111936 131153428 2217904 45234948    0    0 1274384 798644 261083 901826 39 12 22 28  0  0
57  9 111936 131144412 2217904 45234956    0    0 1354992 859220 279578 964931 43 13 20 24  0  0
45 27 111936 131180484 2217904 45234972    0    0 1367216 865736 278887 964348 42 13 21 25  0  0
50 18 111936 131190996 2217904 45234980    0    0 1389152 871452 281902 976953 42 13 21 25  0  0
procs -----------memory---------- ---swap-- -----io---- -system-- -------cpu-------
 r  b   swpd   free   buff  cache   si   so    bi    bo   in   cs us sy id wa st gu
46 25 111936 131191208 2217904 45234992    0    0 1385328 886504 283476 981119 42 13 21 25  0  0
41 27 111936 131195396 2217904 45235000    0    0 1384192 879580 283116 988807 42 13 21 24  0  0
29 38 111936 131191420 2217904 45235008    0    0 1378736 873712 280742 983156 41 13 21 25  0  0
42 31 111936 131192644 2217904 45235024    0    0 1373520 876000 281852 975221 42 13 21 25  0  0
44 27 111936 131194584 2217904 45235036    0    0 1365264 859556 278062 973091 41 12 21 25  0  0
43 26 111936 131194288 2217908 45235040    0    0 1325136 825220 270347 936235 40 12 22 27  0  0
44 25 111936 131196516 2217908 45235052    0    0 1342800 851868 274687 949405 40 12 21 26  0  0
49 20 111936 131197816 2217908 45235064    0    0 1379232 868216 280329 984169 41 13 21 25  0  0
43 28 111936 131194292 2217908 45235068    0    0 1238672 764276 249367 849808 36 10 23 31  0  0
30 43 111936 131201044 2217908 45235080    0    0 1209824 759576 248456 845412 35 10 24 31  0  0
45 35 111936 131197108 2217912 45235084    0    0 1242912 778120 253373 869422 36 11 23 30  0  0
31 40 111936 131199856 2217912 45235096    0    0 1244816 774228 252908 864513 37 10 23 30  0  0
30 39 111936 131199904 2217912 45235108    0    0 1247840 779620 253570 871370 36 11 22 30  0  0
39 31 111936 131195496 2217912 45235116    0    0 1249840 780332 254059 869402 36 10 23 30  0  0
52 31 111936 131198440 2217912 45235124    0    0 1242784 780840 252887 863500 36 11 23 31  0  0
46 23 111936 131201072 2217912 45235140    0    0 1282176 791292 258047 887839 37 11 23 29  0  0
41 29 111936 131207268 2217912 45235152    0    0 1347056 862900 276312 955457 40 12 21 26  0  0
50 21 111936 131205348 2217912 45235160    0    0 1356944 858384 276371 956787 40 12 22 26  0  0
50 17 111936 131202732 2217912 45235168    0    0 1359120 855428 276394 967160 41 12 21 26  0  0
43 28 111936 131203424 2217912 45235176    0    0 1357616 854388 277118 961079 40 12 22 26  0  0
31 36 111936 131207552 2217912 45235188    0    0 1289488 814864 263251 909570 38 11 22 28  0  0
procs -----------memory---------- ---swap-- -----io---- -system-- -------cpu-------
 r  b   swpd   free   buff  cache   si   so    bi    bo   in   cs us sy id wa st gu
51 16 111936 131204448 2217916 45235200    0    0 1321360 820996 267868 928626 39 12 22 28  0  0
46 21 111936 131206168 2217916 45235208    0    0 1355520 861996 276590 963873 40 12 21 26  0  0
37 33 111936 131204912 2217916 45235216    0    0 1366640 867400 276861 965048 41 12 21 26  0  0
35 36 111936 131203400 2217916 45235224    0    0 1357264 864928 279220 969908 41 13 21 25  0  0
42 31 111936 131204640 2217916 45235232    0    0 1360496 857120 278156 968930 41 12 21 25  0  0
36 35 111936 131208708 2217920 45235244    0    0 1354240 856592 276945 965497 41 12 21 26  0  0
50 23 111936 131206680 2217920 45235252    0    0 1353456 853968 277823 964808 41 12 21 26  0  0
38 34 111936 131208684 2217920 45235260    0    0 1352176 856484 276390 960516 41 12 21 26  0  0
40 20 111936 131205728 2217920 45235332    0    0 1354944 849008 277887 965464 41 12 21 25  0  0
35 37 111936 131204524 2217920 45235348    0    0 1358752 864416 276934 962162 40 12 21 26  0  0
38 31 111936 131206732 2217924 45235356    0    0 1354896 851244 277351 967053 41 12 21 25  0  0
31 37 111936 131209180 2217924 45235368    0    0 1277504 800956 260560 894824 37 11 22 29  0  0
52 17 111936 131209580 2217924 45235384    0    0 1337328 843348 273100 952006 40 12 22 27  0  0
46 22 111936 131209512 2217924 45235384    0    0 1381376 874588 282562 977742 42 13 21 25  0  0
34 36 111936 131208972 2217924 45235408    0    0 1388800 878524 281201 982142 42 13 21 24  0  0
44 28 111936 131206344 2217932 45235408    0    0 1396272 874872 282064 984623 42 13 21 25  0  0
33 40 111936 131209604 2217932 45235424    0    0 1392656 877068 282979 983479 42 13 21 24  0  0
49 20 111936 131207164 2217932 45235432    0    0 1373424 869452 279881 973191 41 13 21 25  0  0
51 17 111936 131209208 2217932 45235448    0    0 1374976 860936 280713 976590 42 13 21 25  0  0
26 44 111936 131210600 2217932 45235456    0    0 1380304 878280 281163 975961 41 13 21 25  0  0
44 30 111936 131208804 2217936 45235460    0    0 1384144 868472 281427 980721 42 13 21 24  0  0
procs -----------memory---------- ---swap-- -----io---- -system-- -------cpu-------
 r  b   swpd   free   buff  cache   si   so    bi    bo   in   cs us sy id wa st gu
60 18 111936 131208456 2217936 45235472    0    0 1387328 875392 283310 983200 42 13 21 25  0  0
47 20 111936 131205204 2217936 45235476    0    0 1385264 871996 283093 983926 42 13 21 24  0  0
51 14 111936 131204996 2217936 45235492    0    0 1273408 793404 261597 887508 38 11 22 29  0  0
41 29 111936 131202680 2217936 45235500    0    0 1370816 875232 279819 976841 41 12 21 25  0  0
42 27 111936 131200212 2217940 45235504    0    0 1386096 872320 282905 980852 42 13 21 25  0  0
29 45 111936 131203672 2217940 45235516    0    0 1392032 873124 281903 985111 42 13 21 24  0  0
44 27 111936 131202700 2217940 45235524    0    0 1402224 881260 281852 978943 42 13 21 25  0  0
43 38 111936 131203624 2217940 45235536    0    0 1390880 854124 281074 986855 42 13 21 25  0  0
23 39 111936 131201712 2217940 45235548    0    0 1379392 878872 280828 977645 41 13 21 25  0  0
31 39 111936 131205904 2217940 45235556    0    0 1376928 854220 279775 979827 41 12 21 25  0  0
35 39 111936 131203688 2217940 45235564    0    0 1369952 877460 280121 979080 41 13 21 25  0  0
48 29 111936 131206516 2217940 45235576    0    0 1383536 875276 281151 979713 41 12 21 25  0  0
29 42 111936 131203492 2217940 45235588    0    0 1393456 869652 283706 986895 42 13 21 24  0  0
20 50 111936 131207252 2217940 45235600    0    0 1366960 854444 281883 984713 42 13 21 25  0  0
23 48 111936 131205444 2217940 45235608    0    0 1291504 811432 261769 901881 38 11 22 29  0  0
10 57 111936 131209388 2217940 45235616    0    0 1395920 866536 280841 978606 42 12 21 25  0  0
32 39 111936 131207784 2217940 45235624    0    0 1384304 867656 282593 986202 42 13 21 24  0  0
33 42 111936 131210748 2217940 45235636    0    0 1398848 877948 281764 982965 42 13 21 25  0  0
26 42 111936 131212152 2217940 45235640    0    0 1388240 876488 282730 984834 42 13 21 24  0  0
43 28 111936 131214532 2217940 45235656    0    0 1385168 873920 281271 979851 42 13 21 25  0  0
31 38 111936 131210504 2217940 45235664    0    0 1384096 864208 281612 980231 42 13 21 25  0  0
procs -----------memory---------- ---swap-- -----io---- -system-- -------cpu-------
 r  b   swpd   free   buff  cache   si   so    bi    bo   in   cs us sy id wa st gu
37 36 111936 131211100 2217940 45235676    0    0 1377088 877780 280701 972691 41 13 21 25  0  0
15 49 111936 131211468 2217940 45235684    0    0 1383216 865596 281117 981178 42 13 21 25  0  0
38 32 111936 131210684 2217940 45235692    0    0 1390416 867064 281249 977292 42 13 21 24  0  0
41 29 111936 131216208 2217944 45235704    0    0 1379008 877328 281852 984192 41 13 21 25  0  0
34 38 111936 131213260 2217944 45235716    0    0 1289808 809252 262071 901870 38 11 22 29  0  0
38 34 111936 131206308 2217944 45235728    0    0 1369584 863436 279330 974261 41 12 21 25  0  0
32 38 111936 131206120 2217944 45235736    0    0 1384512 874828 282095 978240 41 13 21 25  0  0
46 24 111936 131204136 2217944 45235744    0    0 1393200 870920 282840 985084 42 13 21 24  0  0
42 29 111936 131201620 2217948 45235752    0    0 1394816 880700 282201 982983 42 13 21 25  0  0
39 38 111936 131198296 2217948 45235768    0    0 1390112 882756 284296 985449 42 13 21 24  0  0
31 40 111936 131204964 2217948 45235776    0    0 1376400 866684 281880 978600 42 13 21 25  0  0
44 24 111936 131204204 2217948 45235784    0    0 1380976 874148 281764 984378 42 13 21 25  0  0
48 23 111936 131206316 2217948 45235792    0    0 1354320 865668 277835 967711 41 12 21 26  0  0
48 16 111936 131202112 2217948 45235804    0    0 1384528 866156 281318 984726 42 12 21 24  0  0
48 22 111936 131202828 2217948 45235812    0    0 1385056 868076 280162 979120 42 12 21 25  0  0
44 22 111936 131201860 2217948 45235820    0    0 1382160 874792 280026 973638 41 13 21 25  0  0
55 32 111936 131203236 2217948 45235828    0    0 1279792 808696 260350 899015 38 11 22 29  0  0
51 25 111936 131201936 2217948 45235840    0    0 1371312 876288 281598 977481 42 13 21 25  0  0
43 25 111936 131200004 2217948 45235852    0    0 1379680 872736 281645 979445 42 13 21 25  0  0
56 13 111936 131204004 2217948 45235860    0    0 1386896 880720 283033 979995 42 13 21 25  0  0
39 27 111936 131205064 2217948 45235872    0    0 1383344 886820 282490 982554 42 13 21 25  0  0
procs -----------memory---------- ---swap-- -----io---- -system-- -------cpu-------
 r  b   swpd   free   buff  cache   si   so    bi    bo   in   cs us sy id wa st gu
36 38 111936 131203128 2217948 45235880    0    0 1385632 877324 281192 978428 41 13 21 25  0  0
28 43 111936 131200592 2217948 45235888    0    0 1373520 876784 280181 973650 41 13 21 25  0  0
39 30 111936 131199580 2217948 45235900    0    0 1371520 861456 281263 976691 41 13 21 25  0  0
36 34 111936 131195792 2217948 45235912    0    0 1377232 875164 281703 987876 42 13 21 25  0  0
40 29 111936 131198312 2217948 45235920    0    0 1387408 875988 282140 979767 42 13 21 25  0  0
52 19 111936 131201100 2217948 45235996    0    0 1388480 873524 280885 977855 42 13 21 25  0  0
47 22 111936 131201392 2217948 45236008    0    0 1286336 810284 261011 898610 38 11 22 29  0  0
40 33 111936 131200372 2217948 45236024    0    0 1369200 869736 281540 973192 42 13 21 25  0  0
40 30 111936 131204504 2217948 45236032    0    0 1377984 879068 281998 976653 42 12 21 25  0  0
48 25 111936 131209496 2217948 45236044    0    0 1378672 871624 282966 990851 42 13 21 24  0  0
48 23 111936 131210024 2217956 45236048    0    0 1392624 875764 284341 989269 42 13 20 24  0  0
42 26 111936 131214268 2217956 45236056    0    0 1392688 876560 281445 985806 42 13 21 25  0  0
41 21 111936 131209996 2217956 45236072    0    0 1375760 866632 281643 986674 42 13 21 25  0  0
54 19 111936 131207444 2217960 45236084    0    0 1385392 874884 281778 978210 42 13 21 25  0  0
31 40 111936 131209548 2217960 45236092    0    0 1358032 866156 280352 973110 41 13 21 25  0  0
48 27 111936 131208476 2217960 45236100    0    0 1390864 876112 282309 982601 42 13 21 25  0  0
52 25 111936 131208964 2217960 45236112    0    0 1391264 886052 282231 977728 42 13 21 25  0  0
28 41 111936 131213504 2217960 45236124    0    0 1381664 862428 281716 975952 42 13 21 25  0  0
52 12 111936 131211944 2217960 45236132    0    0 1279856 799732 259927 895397 38 11 22 29  0  0
34 36 111936 131211960 2217960 45236140    0    0 1376416 877740 280791 980669 42 13 21 25  0  0
52 13 111936 131212544 2217960 45236148    0    0 1378096 866884 282007 979725 41 13 21 25  0  0
procs -----------memory---------- ---swap-- -----io---- -system-- -------cpu-------
 r  b   swpd   free   buff  cache   si   so    bi    bo   in   cs us sy id wa st gu
41 27 111936 131207976 2217960 45236160    0    0 1376336 887212 282778 986264 42 13 21 24  0  0
51 16 111936 131208472 2217960 45236168    0    0 1394368 877740 284527 985963 42 13 21 24  0  0
49 19 111936 131205652 2217960 45236180    0    0 1387616 874092 281299 981755 42 13 21 25  0  0
56 14 111936 131201516 2217960 45236200    0    0 1383600 880980 281273 971906 41 13 21 25  0  0
43 25 111936 131199776 2217960 45236204    0    0 1376528 872632 279723 979542 41 13 21 25  0  0
34 35 111936 131201804 2217960 45236212    0    0 1368880 869156 281328 974505 42 12 21 25  0  0
37 31 111936 131204372 2217960 45236220    0    0 1381952 873288 281047 983677 42 13 21 25  0  0
54 24 111936 131204968 2217960 45236228    0    0 1380624 871920 280524 981238 42 13 21 25  0  0
37 28 111936 131203060 2217960 45236236    0    0 1290208 802300 261673 898558 38 11 22 29  0  0
47 20 111936 131204288 2217960 45236248    0    0 1361840 862236 278142 968040 41 12 22 25  0  0
48 24 111936 131204252 2217960 45236256    0    0 1377040 861608 280473 982037 42 12 21 25  0  0
54 16 111936 131202520 2217960 45236264    0    0 1384848 881272 281318 977715 42 13 21 25  0  0
43 30 111936 131200288 2217964 45236280    0    0 1390048 878208 283588 987602 42 13 21 24  0  0
33 33 111936 131201876 2217964 45236288    0    0 1381664 883836 281260 981764 42 13 21 25  0  0
32 36 111936 131196964 2217964 45236296    0    0 1380928 871760 280969 979689 42 13 21 25  0  0
38 29 111936 131198632 2217964 45236304    0    0 1372976 875556 281576 980579 41 12 21 25  0  0
36 31 111936 131200148 2217964 45236312    0    0 1378016 865992 281482 979019 41 13 21 25  0  0
43 30 111936 131203832 2217964 45236324    0    0 1371664 871212 281646 977957 41 13 21 25  0  0
40 30 111936 131197880 2217964 45236340    0    0 1386720 872692 280418 977056 41 13 21 25  0  0
36 32 111936 131201884 2217964 45236348    0    0 1329120 837572 270906 932864 40 12 22 27  0  0
37 32 111936 131201428 2217972 45236352    0    0 1319696 826236 270193 937597 40 12 22 27  0  0
procs -----------memory---------- ---swap-- -----io---- -system-- -------cpu-------
 r  b   swpd   free   buff  cache   si   so    bi    bo   in   cs us sy id wa st gu
41 29 111936 131203320 2217972 45236368    0    0 1373952 875436 281496 974571 42 13 21 25  0  0
55 18 111936 131200456 2217976 45236380    0    0 1375440 876456 281057 976815 41 13 21 25  0  0
34 39 111936 131205396 2217976 45236392    0    0 1391808 887180 281439 983980 42 12 21 25  0  0
28 42 111936 131200888 2217976 45236396    0    0 1383296 877420 282182 983000 42 13 21 25  0  0
42 29 111936 131203652 2217976 45236408    0    0 1386864 874444 283243 981146 42 13 21 25  0  0
42 28 111936 131201252 2217976 45236420    0    0 1383872 874632 281756 977863 42 13 21 25  0  0
46 24 111936 131203596 2217976 45236436    0    0 1378608 865344 280791 973468 41 13 21 25  0  0
44 33 111936 131208144 2217976 45236448    0    0 1363888 861520 278702 975991 41 12 21 25  0  0
48 24 111936 131205776 2217976 45236456    0    0 1385808 874300 282249 979177 42 13 21 25  0  0
28 44 111936 131202684 2217976 45236464    0    0 1382512 871704 279959 981888 41 13 21 25  0  0
42 26 111936 131209180 2217976 45236472    0    0 1277376 797792 257901 889640 37 11 22 29  0  0
41 28 111936 131208448 2217976 45236484    0    0 1384432 875416 280996 973752 41 13 21 25  0  0
45 22 111936 131212348 2217976 45236504    0    0 1374240 864340 281004 977335 41 13 21 25  0  0
39 28 111936 131208752 2217976 45236504    0    0 1385104 882908 281202 978770 42 13 21 25  0  0
40 30 111936 131210776 2217976 45236512    0    0 1385904 873088 282909 983182 42 13 21 24  0  0
34 36 111936 131212132 2217976 45236524    0    0 1384528 880164 280681 979981 41 13 21 25  0  0
36 35 111936 131212048 2217980 45236528    0    0 1268752 804404 259937 889147 37 11 23 29  0  0
49 20 111936 131212360 2217980 45236544    0    0 1371248 867184 281033 977729 42 13 21 25  0  0
47 24 111936 131210208 2217980 45236552    0    0 1365072 864604 279665 970960 41 12 21 25  0  0
48 17 111936 131210092 2217980 45236560    0    0 1378368 876408 278993 976305 41 12 21 25  0  0
35 33 111936 131215840 2217980 45236568    0    0 1381648 884956 282623 981926 42 13 21 25  0  0
procs -----------memory---------- ---swap-- -----io---- -system-- -------cpu-------
 r  b   swpd   free   buff  cache   si   so    bi    bo   in   cs us sy id wa st gu
57 27 111936 131212092 2217980 45236580    0    0 1310096 823916 264454 912861 39 11 22 28  0  0
31 42 111936 131211868 2217980 45236588    0    0 1343264 846060 273335 950637 41 12 21 26  0  0
37 31 111936 131208992 2217980 45236684    0    0 1383680 871676 279815 979383 41 13 21 25  0  0
32 37 111936 131204904 2217980 45236692    0    0 1367776 873436 279729 975969 41 12 21 25  0  0
45 27 111936 131205492 2217980 45236700    0    0 1386400 876564 281734 987229 42 13 21 24  0  0
50 19 111936 131199504 2217988 45236708    0    0 1380800 883500 281951 987282 42 13 21 24  0  0
45 25 111936 131198588 2217988 45236716    0    0 1342640 846656 273115 947046 40 12 22 27  0  0
36 35 111936 131197136 2217988 45236732    0    0 1306528 836336 267625 921523 39 12 22 28  0  0
34 38 111936 131198596 2217988 45236744    0    0 1373120 869524 279647 978253 41 13 21 25  0  0
44 25 111936 131201424 2217988 45236752    0    0 1367488 870332 278891 978085 41 13 21 25  0  0
41 30 111936 131195812 2217996 45236764    0    0 1383808 874036 280519 981883 42 13 21 25  0  0
42 25 111936 131192900 2217996 45236772    0    0 1386432 878032 281106 976748 41 13 21 25  0  0
41 29 111936 131195492 2217996 45236788    0    0 1278864 816048 261376 898914 38 11 22 29  0  0
40 28 111936 131191456 2217996 45236800    0    0 1350304 849576 274640 952516 40 12 21 26  0  0
42 30 111936 131196264 2217996 45236808    0    0 1381152 878528 280529 975894 41 13 21 25  0  0
34 34 111936 131196608 2218000 45236812    0    0 1383424 875148 281594 974807 42 13 21 25  0  0
49 27 111936 131198136 2218000 45236824    0    0 1390752 883284 282631 981186 42 13 21 25  0  0
35 33 111936 131194324 2218000 45236844    0    0 1385456 879060 283647 987169 42 13 21 24  0  0
42 24 111936 131198760 2218000 45236844    0    0 1294592 808892 263000 910382 38 11 22 28  0  0
36 32 111936 131196944 2218000 45236852    0    0 1358000 862564 276261 956142 40 12 21 26  0  0
56 20 111936 131199512 2218004 45236856    0    0 1363504 865308 278830 970378 41 13 21 25  0  0
procs -----------memory---------- ---swap-- -----io---- -system-- -------cpu-------
 r  b   swpd   free   buff  cache   si   so    bi    bo   in   cs us sy id wa st gu
27 44 111936 131198496 2218004 45236872    0    0 1379840 878116 282004 981121 41 13 21 25  0  0
43 19 111936 131199032 2218004 45236884    0    0 1386352 872544 281742 987744 42 13 21 24  0  0
28 38 111936 131197396 2218004 45236896    0    0 1367824 875116 280711 976796 42 13 21 25  0  0
29 44 111936 131198256 2218004 45236904    0    0 1280320 801796 261943 901323 38 11 22 28  0  0
37 37 111936 131200012 2218008 45236908    0    0 1380544 874368 281352 977605 41 13 21 25  0  0
41 29 111936 131199796 2218008 45236924    0    0 1389488 872060 281353 985574 42 13 21 25  0  0
42 27 111936 131204076 2218008 45236936    0    0 1388752 884164 281749 985402 42 13 21 25  0  0
24 49 111936 131202572 2218008 45236944    0    0 1384240 870568 282621 984897 42 13 21 24  0  0
41 34 111936 131197664 2218008 45236952    0    0 1377648 873892 280789 980273 42 13 21 25  0  0
50 18 111936 131206684 2218008 45236960    0    0 1272544 802652 259838 885310 37 11 22 29  0  0
46 25 111936 131206580 2218008 45236976    0    0 1377600 880308 279540 978421 41 13 21 25  0  0
37 32 111936 131203744 2218008 45236992    0    0 1369136 873732 279344 972174 41 13 21 25  0  0
44 27 111936 131201860 2218008 45236992    0    0 1378368 874068 281069 979090 42 12 21 25  0  0
26 42 111936 131200756 2218008 45237008    0    0 1378560 873676 283215 981320 42 13 21 25  0  0
22 46 111936 131206484 2218012 45237016    0    0 1339760 847480 272624 944122 40 12 21 26  0  0
42 16 111936 131206192 2218012 45237032    0    0 1321616 826012 269587 929465 39 12 22 27  0  0
35 34 111936 131207508 2218012 45237044    0    0 1384608 876168 280354 973384 41 13 21 25  0  0
53 16 111936 131202692 2218012 45237052    0    0 1384800 875236 281017 980720 41 13 21 25  0  0
46 19 111936 131200852 2218016 45237060    0    0 1389248 885900 283101 984682 42 13 21 25  0  0
46 29 111936 131202916 2218016 45237072    0    0 1382992 877384 281778 982887 42 13 21 24  0  0
37 32 111936 131205316 2218016 45237080    0    0 1314800 834532 268656 927483 39 12 22 28  0  0
procs -----------memory---------- ---swap-- -----io---- -system-- -------cpu-------
 r  b   swpd   free   buff  cache   si   so    bi    bo   in   cs us sy id wa st gu
25 43 111936 131207084 2218016 45237080    0    0 1346976 855680 273952 953009 40 12 21 26  0  0
34 34 111936 131205092 2218016 45237100    0    0 1375536 866968 280352 969035 41 13 21 25  0  0
54 12 111936 131208232 2218016 45237104    0    0 1379248 878328 282838 983639 42 13 21 25  0  0
51 23 111936 131209568 2218016 45237124    0    0 1383600 888100 282530 982519 42 13 21 25  0  0
37 34 111936 131207208 2218016 45237124    0    0 1386704 880624 281557 980930 41 12 21 25  0  0
36 34 111936 131204236 2218016 45237132    0    0 1283376 800248 260925 898572 38 11 22 29  0  0
44 25 111936 131202280 2218016 45237144    0    0 1369216 868600 280802 979673 42 13 21 25  0  0
39 29 111936 131201348 2218016 45237156    0    0 1375264 870860 282563 984369 42 13 21 25  0  0
44 25 111936 131200836 2218020 45237168    0    0 1386384 883980 283174 981960 42 13 21 24  0  0
45 23 111936 131195100 2218020 45237176    0    0 1394112 881832 282820 981654 42 13 21 25  0  0
44 22 111936 131194516 2218020 45237176    0    0 1382272 871288 280766 978742 42 13 21 25  0  0
47 24 111936 131196268 2218020 45237192    0    0 1268640 809720 260193 889125 37 11 22 29  0  0
52 32 111936 131198096 2218020 45237200    0    0 1380208 879656 280889 978683 41 13 21 25  0  0
31 41 111936 131198560 2218024 45237204    0    0 1368368 863108 277730 968740 41 12 21 26  0  0
52 13 111936 131195960 2218024 45237216    0    0 1378848 877408 280909 977414 42 13 21 25  0  0
34 41 111936 131201532 2218024 45237240    0    0 1373952 881068 281446 981540 42 12 21 25  0  0
48 23 111936 131198892 2218024 45237256    0    0 1307184 825868 265657 914797 38 12 22 28  0  0
45 25 111936 131199544 2218024 45237264    0    0 1330736 841688 274742 952446 40 12 22 26  0  0
50 11 111936 131202408 2218028 45237272    0    0 1375312 864568 281569 982802 42 12 21 25  0  0
49 24 111936 131203856 2218028 45237280    0    0 1379968 880372 280459 976587 42 13 21 25  0  0
46 26 111936 131205332 2218028 45237360    0    0 1383776 876696 281882 988305 42 12 21 24  0  0
procs -----------memory---------- ---swap-- -----io---- -system-- -------cpu-------
 r  b   swpd   free   buff  cache   si   so    bi    bo   in   cs us sy id wa st gu
40 31 111936 131206572 2218028 45237372    0    0 1385808 884252 281875 982962 42 13 21 25  0  0
43 24 111936 131203440 2218028 45237384    0    0 1295936 809672 265012 910978 38 12 22 28  0  0
52 17 111936 131201864 2218032 45237392    0    0 1356064 854920 275120 956774 40 12 21 26  0  0
43 24 111936 131202552 2218032 45237400    0    0 1369088 866912 278286 966509 41 12 21 25  0  0
27 43 111936 131202600 2218032 45237412    0    0 1373664 882484 282077 986656 42 13 21 25  0  0
33 42 111936 131202528 2218032 45237420    0    0 1382000 870896 281194 984537 42 13 21 25  0  0
50 22 111936 131201732 2218032 45237432    0    0 1384288 881208 281199 977724 41 13 21 25  0  0
50 21 111936 131203200 2218036 45237440    0    0 1283568 802196 261161 895744 37 11 22 29  0  0
42 32 111936 131204420 2218036 45237448    0    0 1362800 875464 278878 966997 41 12 21 25  0  0
45 24 111936 131201436 2218036 45237464    0    0 1379920 877456 281652 974966 41 13 21 25  0  0
46 26 111936 131198892 2218036 45237472    0    0 1378848 885488 282097 981861 41 13 21 25  0  0
41 29 111936 131195840 2218036 45237480    0    0 1386224 874920 282498 987439 42 13 21 24  0  0
46 24 111936 131201660 2218040 45237476    0    0 1371824 874412 282999 980184 42 13 21 25  0  0
42 39 111936 131204404 2218040 45237496    0    0 1267888 796340 257585 888128 37 11 22 29  0  0
44 28 111936 131199732 2218040 45237504    0    0 1365152 874040 279313 979777 41 13 21 25  0  0
23 48 111936 131196964 2218040 45237512    0    0 1375216 884264 280184 978284 41 13 21 25  0  0
67 18 111936 131194956 2218040 45237532    0    0 1378784 884960 280039 984732 41 13 21 25  0  0
47 25 111936 131199232 2218048 45237540    0    0 1376464 881812 280366 988260 42 13 21 25  0  0
41 28 111936 131196100 2218048 45237552    0    0 1381088 877736 280720 989330 42 13 21 25  0  0
41 26 111936 131200152 2218048 45237560    0    0 1266448 810440 259354 897096 37 11 22 29  0  0
29 41 111936 131197140 2218048 45237576    0    0 1373488 885792 285858 982510 41 13 21 25  0  0
procs -----------memory---------- ---swap-- -----io---- -system-- -------cpu-------
 r  b   swpd   free   buff  cache   si   so    bi    bo   in   cs us sy id wa st gu
45 17 111936 131202488 2218048 45237584    0    0 1382992 887996 279594 986611 42 13 21 25  0  0
48 25 111936 131197244 2218048 45237592    0    0 1395104 892416 281056 988078 42 12 21 25  0  0
34 34 111936 131197288 2218048 45237600    0    0 1389856 894040 280596 984753 41 13 21 25  0  0
42 32 111936 131201164 2218048 45237608    0    0 1322672 839640 268675 940543 39 12 22 27  0  0
55 13 111936 131199572 2218048 45237620    0    0 1328272 841160 268264 938436 39 12 22 27  0  0
40 29 111936 131200480 2218048 45237632    0    0 1362960 875616 278752 972384 41 12 21 25  0  0
43 27 111936 131204468 2218048 45237640    0    0 1382512 887820 279374 982035 41 12 21 25  0  0
35 36 111936 131203264 2218052 45237644    0    0 1382848 884668 282307 986717 42 13 21 25  0  0
59  8 111936 131201744 2218052 45237656    0    0 1382960 877884 279070 981479 41 13 21 25  0  0
33 35 111936 131208000 2218052 45237668    0    0 1293872 840008 263177 912272 38 11 22 28  0  0
33 37 111936 131206084 2218052 45237676    0    0 1353776 858724 273522 957851 40 12 21 26  0  0
40 29 111936 131203176 2218052 45237688    0    0 1367200 877492 278918 981745 41 12 21 25  0  0
51 16 111936 131201616 2218056 45237696    0    0 1378512 888340 280914 990240 42 13 21 24  0  0
47 15 111936 131208572 2218056 45237704    0    0 1385712 883536 283231 990231 42 13 21 24  0  0
41 35 111936 131209396 2218056 45237712    0    0 1376176 885032 280495 989861 42 12 21 25  0  0
49 21 111936 131216280 2218056 45237732    0    0 1263040 799220 256843 892126 37 11 23 30  0  0
45 25 111936 131213448 2218056 45237744    0    0 1371936 879160 277694 974354 41 12 21 25  0  0
45 19 111936 131212896 2218056 45237752    0    0 1213472 766420 248397 846914 35 10 24 31  0  0
27 45 111936 131214136 2218056 45237760    0    0 1227200 792300 250414 860173 36 10 23 31  0  0
51 37 111936 131214676 2218056 45237772    0    0 1239664 784652 252105 865326 36 11 23 30  0  0
38 34 111936 131209964 2218056 45237784    0    0 1247792 784112 252892 874577 36 11 23 30  0  0
procs -----------memory---------- ---swap-- -----io---- -system-- -------cpu-------
 r  b   swpd   free   buff  cache   si   so    bi    bo   in   cs us sy id wa st gu
32 39 111936 131210848 2218056 45237792    0    0 1245696 795152 251408 867545 36 11 23 30  0  0
45 22 111936 131210720 2218056 45237800    0    0 1235632 779640 250822 862067 36 10 23 31  0  0
26 41 111936 131213808 2218056 45237808    0    0 1226496 794400 252000 859479 36 11 23 31  0  0
51 16 111936 131212760 2218056 45237828    0    0 1277008 800968 259489 892847 37 11 22 29  0  0
40 27 111936 131211676 2218056 45237836    0    0 1347072 874188 275659 957916 40 12 21 26  0  0
52 29 111936 131215588 2218056 45237844    0    0 1345072 873788 273650 955797 40 12 22 26  0  0
31 40 111936 131214984 2218056 45237852    0    0 1272048 809900 258782 893897 37 11 23 29  0  0
26 44 111936 131211080 2218056 45237860    0    0 1321968 840904 268349 935261 39 12 22 27  0  0
50 23 111936 131208076 2218056 45237872    0    0 1327520 855644 271398 939166 39 12 22 27  0  0
46 21 111936 131212664 2218056 45237884    0    0 1351920 851588 275090 955422 40 12 21 26  0  0
39 20 111936 131213432 2218056 45237892    0    0 1350704 860120 274606 957563 40 12 22 26  0  0
51 14 111936 131207852 2218056 45237900    0    0 1350128 863244 275650 962649 40 12 21 26  0  0
45 24 111936 131205564 2218056 45237912    0    0 1345920 861608 271491 945587 40 12 22 27  0  0
53 26 111936 131205464 2218056 45237920    0    0 1346480 862712 272721 958097 40 12 22 26  0  0
39 30 111936 131207380 2218056 45237928    0    0 1344384 850032 273213 958914 40 12 22 26  0  0
48 22 111936 131209436 2218056 45237936    0    0 1353680 867392 276335 962793 41 12 21 26  0  0
44 25 111936 131210108 2218056 45238012    0    0 1353504 875256 275832 963528 40 12 21 26  0  0
34 33 111936 131210036 2218056 45238024    0    0 1321760 845732 271710 942860 40 12 22 27  0  0
44 25 111936 131213328 2218056 45238032    0    0 1281072 808536 258344 898579 37 11 22 29  0  0
51 20 111936 131206480 2218056 45238040    0    0 1352272 854596 272819 955377 40 12 22 26  0  0
43 30 111936 131209776 2218056 45238052    0    0 1323712 846096 271019 941043 39 12 22 27  0  0
procs -----------memory---------- ---swap-- -----io---- -system-- -------cpu-------
 r  b   swpd   free   buff  cache   si   so    bi    bo   in   cs us sy id wa st gu
44 27 111936 131205992 2218060 45238060    0    0 1345936 868960 274741 958527 40 12 22 26  0  0
31 41 111936 131207092 2218060 45238072    0    0 1350384 858896 274812 963653 41 12 22 26  0  0
53 30 111936 131202852 2218060 45238080    0    0 1352816 860368 272181 950996 40 12 22 27  0  0
31 37 111936 131203884 2218060 45238092    0    0 1196432 767744 245900 839193 34 10 24 32  0  0
46 22 111936 131205664 2218060 45238104    0    0 1223312 767720 247905 846763 35 10 23 31  0  0
45 22 111936 131202040 2218064 45238112    0    0 1218528 774960 248438 851474 35 10 23 31  0  0
36 31 111936 131205244 2218064 45238128    0    0 1229120 772440 248233 852417 36 10 23 31  0  0
48 29 111936 131202252 2218064 45238136    0    0 1228816 788204 249130 852800 36 10 23 31  0  0
32 40 111936 131205144 2218064 45238144    0    0 1229136 773568 248339 853011 36 10 23 31  0  0
15 57 111936 131210016 2218064 45238156    0    0 1212336 769920 249020 853801 35 10 23 31  0  0
32 39 111936 131208264 2218064 45238168    0    0 1210560 758656 245122 834176 35 10 23 32  0  0
32 40 111936 131203600 2218064 45238172    0    0 1155024 701892 231170 782248 33  9 24 34  0  0
26 43 111936 131208344 2218064 45238180    0    0 1262608 817584 257611 891586 37 11 23 29  0  0
31 35 111936 131209168 2218064 45238192    0    0 1334848 858088 269972 942163 40 12 22 27  0  0
45 19 111936 131207504 2218064 45238204    0    0 1321856 844300 269037 932338 39 12 22 27  0  0
37 32 111936 131207844 2218064 45238216    0    0 1233152 780708 251742 866314 36 10 23 30  0  0
44 32 111936 131207252 2218064 45238228    0    0 1326304 838644 268229 937059 39 12 22 28  0  0
55 25 111936 131208880 2218068 45238236    0    0 1319696 833188 267922 935613 39 11 22 27  0  0
34 35 111936 131207664 2218068 45238248    0    0 1329776 851332 268458 940201 39 12 22 27  0  0
31 38 111936 131207652 2218068 45238260    0    0 1337040 848928 270078 945247 40 12 22 27  0  0
30 39 111936 131206464 2218068 45238268    0    0 1329056 847928 271021 944962 40 12 22 27  0  0
procs -----------memory---------- ---swap-- -----io---- -system-- -------cpu-------
 r  b   swpd   free   buff  cache   si   so    bi    bo   in   cs us sy id wa st gu
45 21 111936 131208752 2218068 45238276    0    0 1333056 845832 270153 944400 39 12 22 27  0  0
37 33 111936 131207240 2218068 45238284    0    0 1333712 839544 269583 940039 39 12 22 27  0  0
42 24 111936 131207768 2218068 45238292    0    0 1332224 844544 270228 944992 39 12 22 27  0  0
43 23 111936 131209704 2218068 45238308    0    0 1305872 834176 267438 934792 39 11 22 28  0  0
55 13 111936 131205244 2218068 45238316    0    0 1330992 849396 270207 944254 39 12 22 27  0  0
42 25 111936 131204800 2218068 45238324    0    0 1318256 850512 269423 936931 39 12 22 27  0  0
31 41 111936 131202232 2218068 45238332    0    0 1305840 837536 268471 931910 39 12 22 27  0  0
42 30 111936 131198376 2218068 45238340    0    0 1327136 853496 270977 938363 39 12 22 27  0  0
43 25 111936 131202176 2218068 45238352    0    0 1328144 844896 268687 938681 39 12 22 27  0  0
45 29 111936 131194784 2218068 45238360    0    0 1330944 849072 270591 946798 39 12 22 27  0  0
33 35 111936 131195704 2218068 45238368    0    0 1334816 856228 271785 941075 39 12 22 27  0  0
32 39 111936 131193428 2218072 45238376    0    0 1324400 849076 270887 940795 39 12 22 27  0  0
54 30 111936 131196480 2218072 45238388    0    0 1315344 846200 268016 932401 39 11 22 28  0  0
34 35 111936 131196088 2218072 45238400    0    0 1331248 848268 271005 945636 39 12 22 27  0  0
35 37 111936 131201016 2218072 45238412    0    0 1328272 850464 270563 942587 39 12 22 27  0  0
48 20 111936 131198300 2218072 45238420    0    0 1305648 834804 266894 929845 39 12 22 27  0  0
46 22 111936 131200616 2218080 45238432    0    0 1320992 850788 269656 944169 39 12 22 27  0  0
54 18 111936 131201720 2218080 45238440    0    0 1326592 853496 269934 945860 39 12 22 27  0  0
28 38 111936 131194808 2218080 45238448    0    0 1300384 838356 267799 928410 38 12 22 28  0  0
34 33 111936 131191360 2218080 45238460    0    0 1330528 853304 269073 936778 39 12 22 28  0  0
35 35 111936 131190824 2218080 45238468    0    0 1319648 853456 270170 942600 39 12 22 27  0  0
procs -----------memory---------- ---swap-- -----io---- -system-- -------cpu-------
 r  b   swpd   free   buff  cache   si   so    bi    bo   in   cs us sy id wa st gu
39 27 111936 131186684 2218080 45238476    0    0 1324832 848712 270805 942671 39 12 22 27  0  0
42 28 111936 131193900 2218080 45238488    0    0 1342160 856360 270475 943926 39 12 22 27  0  0
31 44 111936 131196524 2218080 45238500    0    0 1336496 841268 271897 949237 40 12 22 27  0  0
21 42 111936 131196796 2218080 45238508    0    0 1336064 856644 271624 945288 39 12 22 27  0  0
38 34 111936 131196816 2218080 45238516    0    0 1331728 846276 270132 944876 39 12 22 27  0  0
24 48 111936 131197312 2218084 45238528    0    0 1333552 840840 270077 943692 39 12 22 27  0  0
27 37 111936 131194140 2218084 45238536    0    0 1309984 826688 266028 928634 39 12 22 28  0  0
35 37 111936 131191188 2218084 45238548    0    0 1323280 852828 269185 936177 39 12 22 28  0  0
33 42 111936 131192980 2218084 45238556    0    0 1333520 830832 269740 948089 39 12 22 27  0  0
39 30 111936 131194960 2218084 45238564    0    0 1294352 820396 264876 920897 38 11 23 28  0  0
21 49 111936 131194680 2218088 45238576    0    0 1326144 843684 268315 931773 39 12 22 27  0  0
25 44 111936 131202900 2218088 45238584    0    0 1324272 838992 269241 939671 39 12 22 27  0  0
13 47 111936 131200576 2218088 45238600    0    0 1317280 848940 269699 938502 39 12 22 27  0  0
24 42 111936 131200548 2218088 45238676    0    0 1327856 840352 269888 944310 39 12 22 27  0  0
12 54 111936 131202104 2218088 45238688    0    0 1334208 835596 268088 938667 39 12 22 27  0  0
29 31 111936 131204844 2218088 45238700    0    0 1322368 842544 268917 936492 39 12 22 27  0  0
30 41 111936 131198604 2218088 45238708    0    0 1324736 845252 270008 943539 39 12 22 27  0  0
32 40 111936 131194688 2218088 45238716    0    0 1325696 845076 271003 938470 39 12 22 27  0  0
51 28 111936 131196708 2218088 45238732    0    0 1327328 838704 268672 941869 39 12 22 27  0  0
45 34 111936 131204444 2218088 45238740    0    0 1327024 840328 269842 943132 39 12 22 27  0  0
21 49 111936 131203008 2218088 45238744    0    0 1325424 838512 267599 936489 39 12 22 27  0  0
procs -----------memory---------- ---swap-- -----io---- -system-- -------cpu-------
 r  b   swpd   free   buff  cache   si   so    bi    bo   in   cs us sy id wa st gu
33 40 111936 131204056 2218088 45238752    0    0 1314064 847864 268475 930940 39 11 22 28  0  0
29 40 111936 131199248 2218088 45238760    0    0 1334528 842884 269447 941986 39 12 22 27  0  0
32 36 111936 131199932 2218088 45238776    0    0 1324144 846976 268239 934619 39 12 22 27  0  0
46 24 111936 131201472 2218088 45238788    0    0 1332848 851392 270170 949262 39 12 22 27  0  0
25 39 111936 131197644 2218088 45238796    0    0 1331936 849824 270318 948153 39 12 22 27  0  0
31 38 111936 131200228 2218088 45238804    0    0 1328944 848600 270843 945559 39 12 22 27  0  0
38 30 111936 131204408 2218088 45238816    0    0 1335936 863156 272666 943090 40 12 22 27  0  0
26 44 111936 131204700 2218088 45238828    0    0 1336368 854112 271840 943015 40 12 22 27  0  0
18 48 111936 131204192 2218088 45238836    0    0 1326784 853644 270727 946812 39 12 22 27  0  0
46 26 111936 131202932 2218088 45238844    0    0 1312240 826116 267376 932710 39 12 22 27  0  0
45 26 111936 131206744 2218088 45238852    0    0 1336208 847468 270595 941864 39 12 22 27  0  0
37 26 111936 131204416 2218088 45238864    0    0 1313152 850632 271204 940502 39 12 22 27  0  0
28 41 111936 131204836 2218088 45238876    0    0 1327200 844440 269812 937314 39 12 22 27  0  0
45 14 111936 131207748 2218088 45238884    0    0 1332528 846472 270068 944353 39 12 22 27  0  0
34 33 111936 131208780 2218088 45238896    0    0 1322608 857688 270227 942122 39 12 22 27  0  0
28 43 111936 131206872 2218088 45238904    0    0 1332448 837800 270170 949045 40 12 22 27  0  0
30 39 111936 131202608 2218088 45238920    0    0 1339904 854632 272762 947325 40 12 22 27  0  0
48 20 111936 131203436 2218088 45238928    0    0 1335392 847224 270136 942548 39 12 22 27  0  0
40 32 111936 131202060 2218088 45238936    0    0 1332880 859616 272663 947147 39 12 22 27  0  0
40 27 111936 131205324 2218088 45238948    0    0 1332832 850208 271650 944833 39 12 22 27  0  0
49 20 111936 131205700 2218088 45238956    0    0 1325264 857208 269560 938886 39 12 22 27  0  0
procs -----------memory---------- ---swap-- -----io---- -system-- -------cpu-------
 r  b   swpd   free   buff  cache   si   so    bi    bo   in   cs us sy id wa st gu
44 26 111936 131204784 2218088 45238968    0    0 1307120 842636 270307 933305 39 12 22 27  0  0
38 33 111936 131206012 2218088 45238980    0    0 1331696 848072 271247 944410 39 12 22 27  0  0
46 22 111936 131208716 2218088 45238988    0    0 1320288 841576 268588 935775 39 12 22 27  0  0
43 21 111936 131205624 2218088 45238996    0    0 1318096 841576 269049 934217 39 12 22 27  0  0
36 36 111936 131207924 2218088 45239008    0    0 1336048 860272 270958 947771 39 12 22 27  0  0
44 27 111936 131211400 2218088 45239016    0    0 1331728 854672 269960 941741 39 12 22 27  0  0
33 36 111936 131211632 2218088 45239028    0    0 1331440 848160 271494 941533 39 12 22 27  0  0
33 39 111936 131208048 2218088 45239036    0    0 1337264 853712 270233 947981 39 12 22 27  0  0
48 19 111936 131210896 2218088 45239044    0    0 1333264 850184 269391 945145 39 12 22 27  0  0
48 23 111936 131211632 2218088 45239060    0    0 1336880 858272 271863 946477 40 12 22 27  0  0
31 41 111936 131210132 2218088 45239068    0    0 1329312 851492 272690 949568 40 12 22 27  0  0
43 22 111936 131209008 2218088 45239076    0    0 1331392 854552 270002 942431 39 12 22 27  0  0
40 31 111936 131207360 2218088 45239088    0    0 1309152 849788 268526 930731 38 12 22 28  0  0
48 33 111936 131204728 2218092 45239100    0    0 1329840 843056 270591 942681 39 12 22 27  0  0
37 33 111936 131203504 2218092 45239108    0    0 1312816 845044 267481 929679 39 12 22 28  0  0
43 30 111936 131203004 2218092 45239116    0    0 1326384 850684 270551 939452 39 12 22 27  0  0
42 26 111936 131205000 2218092 45239124    0    0 1335136 851608 270783 948116 39 12 22 27  0  0
38 31 111936 131208192 2218092 45239136    0    0 1332032 853016 270088 940858 39 12 22 27  0  0
38 28 111936 131201892 2218092 45239148    0    0 1329728 854364 270693 947152 39 12 22 27  0  0
40 30 111936 131205980 2218092 45239160    0    0 1324736 841916 269764 942657 39 12 22 27  0  0
29 43 111936 131205932 2218092 45239168    0    0 1336144 857260 271195 946387 39 12 22 27  0  0
procs -----------memory---------- ---swap-- -----io---- -system-- -------cpu-------
 r  b   swpd   free   buff  cache   si   so    bi    bo   in   cs us sy id wa st gu
35 33 111936 131204128 2218092 45239180    0    0 1340048 850448 271770 947682 40 12 22 27  0  0
38 32 111936 131205748 2218092 45239196    0    0 1334096 863824 273160 939170 39 12 22 27  0  0
35 32 111936 131208572 2218096 45239204    0    0 1328880 850784 270678 947633 40 12 22 27  0  0
48 20 111936 131204184 2218096 45239212    0    0 1311552 837368 268195 931846 38 12 22 28  0  0
40 35 111936 131200272 2218096 45239224    0    0 1320144 841760 268463 931689 39 12 22 27  0  0
36 35 111936 131200264 2218096 45239232    0    0 1340640 855080 272971 950587 40 12 22 27  0  0
42 30 111936 131197324 2218096 45239248    0    0 1352048 869548 275080 962875 40 12 21 26  0  0
28 41 111936 131198604 2218096 45239256    0    0 1357168 869880 275967 960549 40 12 21 26  0  0
54 14 111936 131198336 2218096 45239264    0    0 1363792 865892 275890 966075 40 12 21 26  0  0
46 21 111936 131197448 2218096 45239268    0    0 1351808 867600 276208 968448 41 12 21 26  0  0
46 16 111936 131189884 2218096 45239428    0    0 1347248 860968 271958 954382 40 12 22 26  0  0
60 16 111936 131195452 2218096 45239440    0    0 1364496 872072 276575 966797 40 12 21 26  0  0
37 30 111936 131190636 2218096 45239448    0    0 1353472 869624 276149 965272 40 12 22 26  0  0
27 44 111936 131187328 2218096 45239456    0    0 1358256 865844 275525 960312 40 12 22 26  0  0
40 30 111936 131192916 2218096 45239464    0    0 1343712 859564 274892 965113 40 12 22 26  0  0
54 16 111936 131197864 2218096 45239476    0    0 1366160 875096 279234 977753 41 12 21 25  0  0
54 16 111936 131196968 2218096 45239488    0    0 1370512 881132 279439 976026 41 13 21 25  0  0
42 24 111936 131198164 2218100 45239496    0    0 1376816 886216 281229 986495 42 13 21 25  0  0
41 30 111936 131197388 2218100 45239504    0    0 1377408 872312 280888 992342 42 13 21 24  0  0
29 45 111936 131197600 2218100 45239512    0    0 1388128 892540 281352 983933 42 13 21 25  0  0
39 31 111936 131201588 2218100 45239524    0    0 1380896 884516 279864 983699 41 13 21 25  0  0
procs -----------memory---------- ---swap-- -----io---- -system-- -------cpu-------
 r  b   swpd   free   buff  cache   si   so    bi    bo   in   cs us sy id wa st gu
48 17 111936 131199924 2218100 45239536    0    0 1386528 882640 281164 988679 42 13 21 25  0  0
41 41 111936 131196276 2218100 45239548    0    0 1375952 889504 280571 982150 42 13 21 25  0  0
51 20 111936 131197992 2218100 45239560    0    0 1381824 892600 280843 985413 41 13 21 25  0  0
48 22 111936 131198408 2218100 45239568    0    0 1381424 892336 280694 989317 41 13 21 25  0  0
33 38 111936 131198696 2218100 45239580    0    0 1380400 880644 280853 991097 42 13 21 24  0  0
49 13 111936 131200080 2218100 45239588    0    0 1362304 870868 276893 971274 41 12 21 26  0  0
50 20 111936 131195844 2218100 45239600    0    0 1377968 888560 280958 979473 41 13 21 25  0  0
52 18 111936 131197684 2218100 45239608    0    0 1363552 880672 280001 973261 41 13 21 25  0  0
39 32 111936 131194604 2218100 45239620    0    0 1382544 895052 280208 984494 41 13 21 25  0  0
42 27 111936 131191316 2218100 45239628    0    0 1387984 878048 281440 988892 42 13 21 24  0  0
31 38 111936 131187384 2218100 45239636    0    0 1383296 884228 280175 987474 42 13 21 25  0  0
43 28 111936 131188504 2218100 45239648    0    0 1386608 885308 281367 984595 41 13 21 25  0  0
37 32 111936 131190936 2218100 45239656    0    0 1380592 886384 282755 990621 42 13 21 25  0  0
45 24 111936 131193108 2218100 45239668    0    0 1382784 889460 283511 994337 42 13 21 24  0  0
35 34 111936 131193584 2218100 45239680    0    0 1386656 880128 281985 994284 42 13 21 24  0  0
45 29 111936 131193916 2218100 45239688    0    0 1387792 870316 283035 994424 42 13 21 24  0  0
46 20 111936 131195720 2218100 45239708    0    0 1382448 884264 282838 989896 42 13 21 25  0  0
48 26 111936 131192852 2218100 45239720    0    0 1372576 875384 281019 982200 41 12 21 25  0  0
38 31 111936 131190480 2218100 45239728    0    0 1362288 873908 278722 976598 41 12 21 25  0  0
56 17 111936 131188964 2218100 45239736    0    0 1391296 880044 282081 991031 41 13 21 25  0  0
42 27 111936 131190544 2218100 45239744    0    0 1389024 885204 282723 990900 42 12 21 25  0  0
procs -----------memory---------- ---swap-- -----io---- -system-- -------cpu-------
 r  b   swpd   free   buff  cache   si   so    bi    bo   in   cs us sy id wa st gu
48 17 111936 131188028 2218104 45239756    0    0 1392992 880512 283193 991104 42 13 21 25  0  0
42  7 111936 131189116 2218104 45239768    0    0 1381600 893668 281843 986255 41 13 21 25  0  0
49 24 111936 131191020 2218104 45239772    0    0 1383120 892184 283371 991127 42 13 21 25  0  0
42 28 111936 131194292 2218104 45239780    0    0 1391328 890020 283187 991671 42 13 21 24  0  0
46 20 111936 131186732 2218104 45239788    0    0 1385744 887612 282829 994685 42 13 21 24  0  0
46 24 111936 131189428 2218104 45239804    0    0 1386816 889096 283167 994327 42 13 21 24  0  0
48 24 111936 131191260 2218104 45239812    0    0 1377776 885916 282054 988025 41 13 21 25  0  0
26 45 111936 131189924 2218104 45239824    0    0 1364304 878984 279454 979388 41 12 21 26  0  0
46 23 111936 131192988 2218104 45239832    0    0 1362080 866888 278335 974142 41 12 21 26  0  0
50 17 111936 131193596 2218104 45239840    0    0 1334048 850136 273703 955895 40 12 22 26  0  0
55 18 111936 131194148 2218104 45239856    0    0 1339600 858808 273733 954632 40 12 22 26  0  0
48 20 111936 131188240 2218104 45239868    0    0 1385296 893904 283659 989881 42 12 21 24  0  0
43 29 111936 131187744 2218104 45239876    0    0 1383328 888964 282574 990517 42 12 21 25  0  0
40 30 111936 131189388 2218104 45239884    0    0 1385744 889468 282637 983432 42 13 21 25  0  0
44 24 111936 131190064 2218104 45239892    0    0 1392576 882372 283142 989980 42 13 21 25  0  0
50 23 111936 131193840 2218104 45239904    0    0 1388128 896412 282743 989830 42 13 21 25  0  0
47 19 111936 131198244 2218104 45239916    0    0 1389552 886744 283578 994991 42 13 21 24  0  0
39 27 111936 131193816 2218104 45239924    0    0 1385744 889644 282717 990980 42 13 21 24  0  0
37 34 111936 131192316 2218104 45239932    0    0 1367216 882564 279802 978001 41 13 21 25  0  0
53 15 111936 131196728 2218104 45239940    0    0 1361200 864904 279498 977352 41 12 21 26  0  0
26 44 111936 131199072 2218104 45239948    0    0 1376208 885564 280743 988246 42 13 21 25  0  0
procs -----------memory---------- ---swap-- -----io---- -system-- -------cpu-------
 r  b   swpd   free   buff  cache   si   so    bi    bo   in   cs us sy id wa st gu
37 35 111936 131201020 2218108 45239960    0    0 1273216 811900 260719 900404 37 11 22 29  0  0
36 33 111936 131200912 2218108 45239968    0    0 1393696 892036 283595 990583 42 13 21 25  0  0
46 20 111936 131198412 2218108 45239980    0    0 1391952 885136 283545 995933 42 13 21 24  0  0
47 28 111936 131192964 2218108 45239992    0    0 1379088 893372 282090 989932 42 13 21 25  0  0
38 36 111936 131190032 2218108 45240004    0    0 1383488 880444 282473 986751 42 13 21 25  0  0
28 38 111936 131194348 2218112 45240016    0    0 1383632 887040 284327 997977 42 13 21 24  0  0
41 28 111936 131194884 2218112 45240024    0    0 1389936 883552 283330 992851 42 12 21 25  0  0
44 26 111936 131191212 2218112 45240128    0    0 1391184 888816 283217 995778 42 13 21 24  0  0
50 14 111936 131192060 2218112 45240136    0    0 1378240 875236 281683 991618 42 13 21 24  0  0
36 32 111936 131194488 2218112 45240144    0    0 1362304 876024 279486 975235 41 12 21 25  0  0
44 27 111936 131196680 2218112 45240160    0    0 1365344 872188 278153 975073 41 12 21 26  0  0
42 26 111936 131200512 2218112 45240168    0    0 1331040 853048 270491 936316 39 12 22 27  0  0
40 30 111936 131201548 2218112 45240180    0    0 1339136 860556 273108 947091 40 12 21 27  0  0
48 21 111936 131199204 2218112 45240188    0    0 1393952 890128 284033 989395 42 13 21 24  0  0
44 29 111936 131197980 2218112 45240196    0    0 1377632 895560 281171 986531 41 13 21 25  0  0
42 23 111936 131197320 2218112 45240204    0    0 1375296 879368 281114 989580 42 13 21 25  0  0
40 31 111936 131196016 2218112 45240216    0    0 1389808 899360 283266 989370 42 13 21 24  0  0
38 33 111936 131195104 2218112 45240224    0    0 1374688 881220 278613 982609 41 12 21 25  0  0
36 33 111936 131194136 2218112 45240232    0    0 1300688 834644 265073 913030 38 12 22 28  0  0
45 27 111936 131196100 2218112 45240240    0    0 1386272 884716 280948 989690 42 13 21 25  0  0
42 29 111936 131202976 2218112 45240252    0    0 1367456 888952 279475 978563 41 12 21 25  0  0
procs -----------memory---------- ---swap-- -----io---- -system-- -------cpu-------
 r  b   swpd   free   buff  cache   si   so    bi    bo   in   cs us sy id wa st gu
35 35 111936 131198276 2218112 45240264    0    0 1355312 879008 277848 966121 41 12 21 26  0  0
39 29 111936 131200744 2218112 45240276    0    0 1369008 872804 278977 982984 41 12 21 25  0  0
44 28 111936 131204356 2218112 45240284    0    0 1276288 815336 259707 896804 37 11 22 29  0  0
39 33 111936 131199288 2218112 45240292    0    0 1392064 898424 282581 987546 42 13 21 25  0  0
47 25 111936 131197964 2218112 45240304    0    0 1391536 894012 283579 990369 42 13 21 24  0  0
47 19 111936 131204552 2218112 45240316    0    0 1382800 890112 280624 981647 41 13 21 25  0  0
47 27 111936 131201012 2218112 45240324    0    0 1382240 884808 281636 986395 41 13 21 25  0  0
32 35 111936 131201864 2218112 45240332    0    0 1388720 891004 281688 988815 42 13 21 25  0  0
37 34 111936 131203968 2218112 45240340    0    0 1336416 853108 271240 941602 40 12 21 27  0  0
35 38 111936 131202276 2218112 45240348    0    0 1350304 856448 272488 950796 40 12 22 27  0  0
43 27 111936 131202912 2218112 45240364    0    0 1386160 892016 281657 984853 42 13 21 25  0  0
36 34 111936 131200296 2218112 45240372    0    0 1366160 878988 279360 976923 41 12 21 25  0  0
49 16 111936 131192956 2218112 45240376    0    0 1361792 866164 277079 970177 41 12 22 26  0  0
33 33 111936 131192864 2218112 45240384    0    0 1343088 855256 270846 938964 39 12 22 27  0  0
53 16 111936 131192184 2218116 45240396    0    0 1343648 845772 270805 944910 40 12 22 27  0  0
49 23 111936 131199260 2218116 45240416    0    0 1387344 896768 281387 990942 42 13 21 25  0  0
53 24 111936 131203824 2218116 45240424    0    0 1392736 892816 282377 984677 42 13 21 25  0  0
43 24 111936 131204516 2218116 45240432    0    0 1381904 879604 279482 981143 41 13 21 25  0  0
54 17 111936 131209200 2218116 45240440    0    0 1386864 881096 280842 986804 42 13 21 25  0  0
47 23 111936 131210280 2218116 45240452    0    0 1380608 882148 280053 983094 41 13 21 25  0  0
44 28 111936 131209712 2218120 45240464    0    0 1310608 823892 265525 923154 39 11 22 28  0  0
procs -----------memory---------- ---swap-- -----io---- -system-- -------cpu-------
 r  b   swpd   free   buff  cache   si   so    bi    bo   in   cs us sy id wa st gu
41 27 111936 131207808 2218120 45240472    0    0 1379712 888540 282506 991775 42 13 21 24  0  0
30 41 111936 131202796 2218120 45240484    0    0 1380976 886584 279521 979602 41 13 21 25  0  0
42 21 111936 131201256 2218120 45240496    0    0 1367520 874172 277451 964489 41 12 21 26  0  0
32 36 111936 131204156 2218120 45240504    0    0 1374080 880368 279713 981805 41 12 21 25  0  0
49 18 111936 131205352 2218124 45240516    0    0 1281312 805832 261966 899213 38 11 22 29  0  0
50 10 111936 131207088 2218124 45240524    0    0 1376976 897444 281714 983167 42 13 21 25  0  0
49 22 111936 131207136 2218124 45240532    0    0 1390928 890856 281211 991908 42 13 21 25  0  0
35 33 111936 131203352 2218124 45240544    0    0 1379056 896080 279678 980970 41 13 21 25  0  0
46 25 111936 131207700 2218124 45240548    0    0 1377264 877576 280627 984845 42 13 21 25  0  0
47 26 111936 131204464 2218128 45240560    0    0 1392560 891540 281472 989066 42 13 21 25  0  0
43 32 111936 131200332 2218128 45240568    0    0 1292272 816048 262099 907519 38 12 22 29  0  0
42 25 111936 131202492 2218128 45240584    0    0 1381520 885148 280020 978876 41 12 21 25  0  0
47 24 111936 131203004 2218128 45240592    0    0 1379872 882172 280152 990689 42 12 21 25  0  0
48 25 111936 131206400 2218128 45240600    0    0 1369408 879528 279234 975747 41 13 21 25  0  0
42 29 111936 131206332 2218132 45240612    0    0 1360160 871396 276033 968155 40 12 21 26  0  0
54 32 111936 131207528 2218132 45240620    0    0 1341856 851168 272086 952760 40 12 22 27  0  0
43 18 111936 131207820 2218132 45240628    0    0 1324208 841632 268012 931960 39 11 22 28  0  0
52 18 111936 131205556 2218132 45240640    0    0 1391536 898280 282460 986697 42 12 21 25  0  0
43 31 111936 131206460 2218132 45240648    0    0 1384112 885484 280263 987944 42 13 21 25  0  0
31 41 111936 131210820 2218136 45240660    0    0 1379744 891888 280250 979026 41 13 21 25  0  0
47 19 111936 131210444 2218136 45240668    0    0 1390256 886584 281254 982897 42 13 21 25  0  0
procs -----------memory---------- ---swap-- -----io---- -system-- -------cpu-------
 r  b   swpd   free   buff  cache   si   so    bi    bo   in   cs us sy id wa st gu
37 30 111936 131208516 2218136 45240680    0    0 1387248 884116 281824 988725 42 13 21 25  0  0
40 28 111936 131200440 2218136 45240688    0    0 1296784 823652 261294 904281 38 11 22 29  0  0
35 37 111936 131204636 2218136 45240696    0    0 1391520 886748 283127 990820 42 13 21 25  0  0
48 19 111936 131204176 2218140 45240708    0    0 1384992 881148 282113 984264 42 13 21 25  0  0
29 39 111936 131199428 2218140 45240788    0    0 1356704 880268 277659 963595 41 12 22 26  0  0
36 36 111936 131200492 2218140 45240800    0    0 1369968 876972 278496 975688 41 12 21 25  0  0
58 26 111936 131199736 2218140 45240808    0    0 1292752 816876 260161 901799 38 11 22 29  0  0
55 17 111936 131202656 2218140 45240816    0    0 1393376 894660 280618 990652 42 13 21 25  0  0
54 15 111936 131200752 2218144 45240824    0    0 1392656 894840 282424 989664 42 12 21 25  0  0
44 24 111936 131198064 2218144 45240840    0    0 1371008 896548 279213 982115 42 12 21 25  0  0
42 29 111936 131195868 2218144 45240848    0    0 1382512 884916 280678 984913 42 13 21 25  0  0
45 28 111936 131198248 2218144 45240856    0    0 1392880 884140 281665 989272 42 13 21 25  0  0
36 31 111936 131200000 2218144 45240864    0    0 1349152 870080 274350 961092 40 12 21 26  0  0
26 45 111936 131200760 2218144 45240876    0    0 1325088 844100 268004 933528 39 12 22 28  0  0
38 31 111936 131199808 2218144 45240888    0    0 1387328 890264 281956 988451 42 13 21 25  0  0
47 23 111936 131200952 2218144 45240896    0    0 1367104 885176 281953 977929 41 13 21 25  0  0
49 23 111936 131202504 2218144 45240904    0    0 1354064 876984 276627 965618 40 12 21 26  0  0
36 33 111936 131196064 2218144 45240912    0    0 1323280 845544 272526 932796 39 12 22 27  0  0
29 40 111936 131195552 2218144 45240924    0    0 1343280 848844 272131 949779 40 12 21 27  0  0
37 33 111936 131193492 2218144 45240940    0    0 1391456 908360 281398 986368 42 13 21 25  0  0
48 24 111936 131192288 2218144 45240948    0    0 1388576 886808 280250 987672 42 12 21 25  0  0
procs -----------memory---------- ---swap-- -----io---- -system-- -------cpu-------
 r  b   swpd   free   buff  cache   si   so    bi    bo   in   cs us sy id wa st gu
52 18 111936 131192272 2218144 45240956    0    0 1369808 871220 276845 978082 41 12 21 25  0  0
59 10 111936 131194484 2218144 45240972    0    0 1383360 882960 279610 983097 42 13 21 25  0  0
29 44 111936 131197132 2218144 45240980    0    0 1382368 887816 281305 983296 42 13 21 25  0  0
45 27 111936 131201120 2218144 45240992    0    0 1292512 827412 261493 907513 38 11 22 29  0  0
33 36 111936 131202044 2218144 45241000    0    0 1394432 899612 280958 987637 41 13 21 25  0  0
45 21 111936 131201032 2218144 45241008    0    0 1377504 879620 279129 981786 41 12 21 25  0  0
27 40 111936 131195024 2218144 45241020    0    0 1360944 877212 276106 965260 41 12 21 26  0  0
50 18 111936 131199516 2218148 45241028    0    0 1345552 857504 271536 948607 39 12 22 27  0  0
38 32 111936 131204664 2218148 45241040    0    0 1306272 835872 264277 918504 38 11 22 28  0  0
48 22 111936 131203440 2218148 45241048    0    0 1392848 891864 281574 982990 42 13 21 25  0  0
51 21 111936 131203992 2218148 45241060    0    0 1395856 893584 281965 987489 42 13 21 24  0  0
30 41 111936 131199692 2218148 45241068    0    0 1376976 897700 280491 983426 42 13 21 25  0  0
46 27 111936 131197228 2218148 45241076    0    0 1382848 875936 279662 982226 42 13 21 25  0  0
38 33 111936 131196576 2218152 45241092    0    0 1381328 892336 281055 988481 42 13 21 25  0  0
41 30 111936 131194444 2218152 45241100    0    0 1355728 870208 274692 955708 40 12 21 26  0  0
42 25 111936 131189724 2218152 45241112    0    0 1331680 841804 267479 932963 39 12 22 27  0  0
48 23 111936 131191756 2218152 45241124    0    0 1391280 882204 281193 983848 42 13 21 25  0  0
28 42 111936 131195712 2218152 45241132    0    0 1370720 881848 278876 972374 41 12 21 25  0  0
45 26 111936 131196544 2218156 45241136    0    0 1351648 873004 276228 967414 40 12 22 26  0  0
30 40 111936 131194988 2218156 45241148    0    0 1288896 818476 262532 908072 38 11 22 28  0  0
47 21 111936 131202544 2218156 45241160    0    0 1373808 869700 276974 971015 41 12 21 26  0  0
procs -----------memory---------- ---swap-- -----io---- -system-- -------cpu-------
 r  b   swpd   free   buff  cache   si   so    bi    bo   in   cs us sy id wa st gu
33 38 111936 131199596 2218156 45241168    0    0 1390912 903944 282427 987019 42 13 21 25  0  0
43 25 111936 131206640 2218156 45241176    0    0 1383184 886608 280955 985900 42 13 21 24  0  0
42 29 111936 131201468 2218156 45241184    0    0 1372736 888676 280601 979910 41 13 21 25  0  0
44 30 111936 131201480 2218156 45241196    0    0 1385712 892964 282093 987758 42 13 21 25  0  0
25 46 111936 131200548 2218156 45241208    0    0 1374768 882344 278856 978669 41 13 21 25  0  0
44 31 111936 131205716 2218156 45241216    0    0 1301600 819908 261961 914324 38 11 22 29  0  0
34 39 111936 131204064 2218156 45241224    0    0 1389696 882148 281402 988011 41 13 21 24  0  0
44 18 111936 131201740 2218156 45241232    0    0 1373072 879772 279314 982360 41 12 21 25  0  0
41 27 111936 131205372 2218156 45241248    0    0 1356432 877980 277461 967108 41 12 21 26  0  0
51 17 111936 131207684 2218156 45241256    0    0 1366640 872752 277319 976268 41 12 21 25  0  0
50 12 111936 131205252 2218156 45241268    0    0 1296656 817644 260213 910075 38 11 22 28  0  0
40 30 111936 131204820 2218156 45241276    0    0 1382992 900120 282252 988909 42 13 21 25  0  0
65 21 111936 131203296 2218156 45241284    0    0 1397504 886636 283249 992483 42 13 21 24  0  0
33 35 111936 131202292 2218156 45241300    0    0 1386512 886944 281225 980103 42 13 21 25  0  0
38 31 111936 131204308 2218156 45241304    0    0 1382000 883832 281646 985989 42 13 21 25  0  0
32 38 111936 131204604 2218156 45241316    0    0 1394064 888540 282569 992564 42 13 21 25  0  0
31 43 111936 131204544 2218156 45241324    0    0 1306672 813240 262461 918396 38 12 22 28  0  0
39 39 111936 131207740 2218160 45241336    0    0 1358432 885592 277499 966188 41 12 22 25  0  0
32 38 111936 131207608 2218160 45241348    0    0 1393312 856156 280200 993404 42 13 21 24  0  0
25 47 111936 131201612 2218160 45241356    0    0 1376336 876580 279305 976315 41 12 21 25  0  0
31 37 111936 131202652 2218160 45241364    0    0 1345408 871208 275015 969958 40 12 22 26  0  0
procs -----------memory---------- ---swap-- -----io---- -system-- -------cpu-------
 r  b   swpd   free   buff  cache   si   so    bi    bo   in   cs us sy id wa st gu
34 48 111936 131199720 2218160 45241372    0    0 1326896 842672 268179 935751 39 12 22 27  0  0
41 32 111936 131196424 2218164 45241448    0    0 1325344 863440 271297 939490 39 12 22 27  0  0
26 45 111936 131197668 2218164 45241460    0    0 1393280 879848 281429 992559 42 13 21 24  0  0
31 37 111936 131200920 2218164 45241468    0    0 1380080 908928 281700 982721 41 13 21 25  0  0
19 51 111936 131202488 2218164 45241480    0    0 1379760 886168 280841 979716 41 13 21 25  0  0
18 52 111936 131202960 2218164 45241488    0    0 1382304 885392 280199 982325 42 12 21 25  0  0
46 35 111936 131199388 2218168 45241500    0    0 1383168 873072 281494 993363 42 13 21 24  0  0
32 37 111936 131195504 2218168 45241512    0    0 1294032 820412 260625 901398 38 11 22 29  0  0
11 58 111936 131192948 2218168 45241524    0    0 1391952 872056 280335 988564 42 13 21 24  0  0
25 45 111936 131186740 2218168 45241532    0    0 1376928 880388 279740 981970 41 13 21 25  0  0
37 32 111936 131188228 2218168 45241536    0    0 1360768 885280 277081 969067 40 12 21 26  0  0
43 27 111936 131190436 2218168 45241548    0    0 1376432 882076 279239 979348 41 12 21 25  0  0
23 45 111936 131190308 2218168 45241556    0    0 1277072 818708 259414 897418 38 11 22 29  0  0
33 38 111936 131188112 2218168 45241568    0    0 1385120 874636 281216 991258 42 13 21 24  0  0
51 18 111936 131190852 2218168 45241576    0    0 1393312 892864 280849 984900 42 13 21 25  0  0
38 30 111936 131198040 2218168 45241588    0    0 1380704 888192 281097 983124 41 13 21 25  0  0
25 45 111936 131196720 2218168 45241596    0    0 1378624 884636 280630 986343 41 13 21 25  0  0
41 31 111936 131195256 2218168 45241604    0    0 1387680 889008 283276 984268 42 13 21 24  0  0
42 34 111936 131192072 2218168 45241616    0    0 1363216 858692 275446 965904 41 12 21 26  0  0
43 28 111936 131193548 2218168 45241624    0    0 1316128 826724 265894 926325 39 11 22 28  0  0
31 38 111936 131193800 2218168 45241640    0    0 1391184 889612 281624 987873 42 13 21 25  0  0
procs -----------memory---------- ---swap-- -----io---- -system-- -------cpu-------
 r  b   swpd   free   buff  cache   si   so    bi    bo   in   cs us sy id wa st gu
28 41 111936 131194296 2218168 45241648    0    0 1369824 880608 277540 969936 41 12 21 25  0  0
50 18 111936 131197736 2218172 45241656    0    0 1360640 877292 278187 963364 41 12 21 26  0  0
23 47 111936 131196160 2218172 45241668    0    0 1340448 864756 272290 950542 40 12 21 27  0  0
26 42 111936 131193396 2218172 45241680    0    0 1313872 841428 266527 926361 39 11 22 28  0  0
42 16 111936 131193600 2218172 45241688    0    0 1390464 887736 280986 991635 42 13 21 25  0  0
40 30 111936 131197444 2218172 45241696    0    0 1391472 892636 281112 990002 42 13 21 25  0  0
37 29 111936 131194896 2218176 45241704    0    0 1381504 883780 280092 983340 41 13 21 25  0  0
60 25 111936 131195276 2218176 45241712    0    0 1376672 885004 280039 983919 42 12 21 25  0  0
30 37 111936 131195844 2218176 45241724    0    0 1390752 891612 281265 989802 42 13 21 25  0  0
32 35 111936 131195892 2218176 45241732    0    0 1316752 828752 264426 919236 39 11 22 28  0  0
53 19 111936 131203376 2218176 45241740    0    0 1364992 868136 278807 974595 41 12 21 25  0  0
56 12 111936 131200532 2218176 45241748    0    0 1372304 878572 277873 976401 41 12 21 25  0  0
36 31 111936 131199744 2218176 45241768    0    0 1354816 883244 278374 973628 41 13 22 25  0  0
33 41 111936 131199580 2218176 45241776    0    0 1364576 874468 279657 979579 41 12 21 25  0  0
48 21 111936 131198532 2218176 45241784    0    0 1297600 815332 261000 905622 38 11 22 29  0  0
30 38 111936 131198664 2218176 45241796    0    0 1382480 894824 280034 986490 42 13 21 25  0  0
50 22 111936 131199056 2218176 45241808    0    0 1390928 894840 281247 988842 42 12 21 25  0  0
39 32 111936 131195768 2218176 45241820    0    0 1387680 895172 280485 981221 41 13 21 25  0  0
48 17 111936 131199080 2218176 45241828    0    0 1378336 878356 280118 978511 41 13 21 25  0  0
62 21 111936 131202020 2218176 45241836    0    0 1390976 892416 281200 985747 42 13 21 25  0  0
34 35 111936 131201676 2218176 45241844    0    0 1387200 892124 281526 987200 42 12 21 25  0  0
procs -----------memory---------- ---swap-- -----io---- -system-- -------cpu-------
 r  b   swpd   free   buff  cache   si   so    bi    bo   in   cs us sy id wa st gu
54 13 111936 131201644 2218176 45241856    0    0 1287664 812268 260621 904059 38 11 22 29  0  0
53 11 111936 131200304 2218176 45241868    0    0 1384400 888180 282711 987242 42 13 21 24  0  0
44 27 111936 131198656 2218176 45241876    0    0 1377472 895892 279078 975390 41 12 21 25  0  0
53 16 111936 131199752 2218176 45241880    0    0 1352704 866264 276159 964233 41 12 21 26  0  0
41 26 111936 131203076 2218176 45241888    0    0 1306656 837616 265491 920856 39 11 22 28  0  0
40 28 111936 131199180 2218176 45241900    0    0 1358976 878500 278059 969873 41 12 21 25  0  0
49 16 111936 131199772 2218176 45241908    0    0 1391984 888276 281269 994535 42 13 21 25  0  0
37 31 111936 131202692 2218176 45241920    0    0 1393648 898072 283190 987302 42 13 21 24  0  0
48 22 111936 131204376 2218176 45241928    0    0 1384064 884548 278611 979099 41 13 21 25  0  0
39 31 111936 131200896 2218176 45241940    0    0 1378560 888204 281307 983361 42 13 21 25  0  0
48 23 111936 131199296 2218180 45241952    0    0 1386352 889788 282822 996383 42 13 21 24  0  0
48 20 111936 131197592 2218180 45241960    0    0 1366896 867892 276981 973500 41 12 21 25  0  0
33 36 111936 131200576 2218180 45241972    0    0 1307264 843628 266572 921695 38 11 22 28  0  0
42 27 111936 131206244 2218180 45241980    0    0 1380480 875860 280686 983953 41 13 21 25  0  0
44 23 111936 131205708 2218180 45241992    0    0 1377216 881632 279970 977116 41 13 21 25  0  0
43 26 111936 131200652 2218184 45242000    0    0 1304112 850408 266960 929541 38 12 22 28  0  0
47 22 111936 131198992 2218184 45242012    0    0 1316064 845628 269054 938514 39 12 22 27  0  0
52 15 111936 131201796 2218184 45242024    0    0 1384576 882828 282300 992731 42 13 21 25  0  0
53 21 111936 131201396 2218184 45242036    0    0 1390912 896680 281351 985539 41 13 21 25  0  0
39 29 111936 131194760 2218184 45242120    0    0 1383216 888180 281289 986035 41 13 21 25  0  0
42 29 111936 131200928 2218184 45242124    0    0 1376400 878520 280111 985394 41 12 21 25  0  0
procs -----------memory---------- ---swap-- -----io---- -system-- -------cpu-------
 r  b   swpd   free   buff  cache   si   so    bi    bo   in   cs us sy id wa st gu
50  9 111936 131200800 2218184 45242132    0    0 1388000 885040 280877 983849 42 13 21 25  0  0
55 19 111936 131199916 2218184 45242144    0    0 1385504 891060 281239 988932 42 13 21 25  0  0
39 33 111936 131201244 2218184 45242156    0    0 1323312 844296 267653 937373 39 12 22 27  0  0
50 19 111936 131198936 2218184 45242164    0    0 1336304 859204 273461 955508 40 12 22 26  0  0
35 35 111936 131199512 2218192 45242176    0    0 1372640 885340 280378 978466 41 12 21 25  0  0
33 36 111936 131200120 2218192 45242184    0    0 1345344 867044 273354 953340 40 12 22 27  0  0
37 29 111936 131195640 2218192 45242196    0    0 1288080 828176 262351 909417 38 11 22 29  0  0
39 33 111936 131197492 2218192 45242208    0    0 1384288 885948 281040 987775 42 13 21 25  0  0
37 19 111936 131201688 2218192 45242216    0    0 1391152 890604 280085 985438 42 13 21 24  0  0
43 27 111936 131203628 2218192 45242228    0    0 1380192 887720 280830 988402 42 13 21 25  0  0
32 36 111936 131205788 2218192 45242236    0    0 1381808 886140 281654 985243 42 13 21 25  0  0
48 22 111936 131200872 2218192 45242252    0    0 1380464 891000 279328 980787 42 13 21 25  0  0
43 25 111936 131201908 2218192 45242260    0    0 1389904 885948 282917 990158 42 13 21 25  0  0
54 15 111936 131201696 2218192 45242268    0    0 1388016 879168 278613 983642 41 13 21 25  0  0
43 24 111936 131199488 2218192 45242276    0    0 1290528 828676 261780 907926 38 11 22 29  0  0
42 28 111936 131203096 2218192 45242284    0    0 1372656 888220 279210 975187 41 12 21 25  0  0
46 24 111936 131199152 2218192 45242292    0    0 1355504 867844 275514 968514 40 12 22 26  0  0
42 24 111936 131201892 2218192 45242304    0    0 1282816 814712 259257 895610 38 11 22 29  0  0
47 19 111936 131201640 2218192 45242316    0    0 1365536 880844 278197 979691 41 12 21 25  0  0
35 34 111936 131201192 2218192 45242324    0    0 1387904 881720 280908 981617 42 13 21 25  0  0
51 25 111936 131198052 2218204 45242336    0    0 1385488 881584 283128 987933 42 13 21 24  0  0
procs -----------memory---------- ---swap-- -----io---- -system-- -------cpu-------
 r  b   swpd   free   buff  cache   si   so    bi    bo   in   cs us sy id wa st gu
37 32 111936 131204372 2218204 45242344    0    0 1373728 883852 279420 981938 41 13 21 25  0  0
50 22 111936 131202444 2218204 45242356    0    0 1376048 880956 279639 986298 41 13 21 25  0  0
42 32 111936 131199920 2218204 45242364    0    0 1374352 883044 280908 984551 42 12 21 25  0  0
26 46 111936 131197212 2218204 45242372    0    0 1385136 889392 280952 987662 42 13 21 25  0  0
35 35 111936 131200984 2218204 45242380    0    0 1290128 814776 261167 907203 38 11 22 29  0  0
47 23 111936 131201896 2218204 45242392    0    0 1377360 882812 279688 978956 41 12 21 25  0  0
34 36 111936 131201636 2218204 45242404    0    0 1360256 867960 278070 971390 41 12 21 26  0  0
60 23 111936 131202132 2218204 45242412    0    0 1370928 883664 279209 981186 41 12 21 25  0  0
38 32 111936 131200492 2218204 45242420    0    0 1278624 802500 257631 892598 37 11 23 29  0  0
40 29 111936 131203296 2218204 45242432    0    0 1378304 881672 281736 990438 42 13 21 24  0  0
58 23 111936 131206240 2218204 45242440    0    0 1385200 895312 281359 982213 42 13 21 25  0  0
40 27 111936 131206456 2218204 45242452    0    0 1383024 892620 281734 979848 41 13 21 25  0  0
31 39 111936 131197272 2218204 45242460    0    0 1384016 886184 280876 982610 42 13 21 25  0  0
23 46 111936 131203176 2218204 45242464    0    0 1384848 891684 280769 980829 42 12 21 25  0  0
30 39 111936 131201592 2218204 45242476    0    0 1385872 884028 281932 995563 42 13 21 25  0  0
40 28 111936 131202668 2218204 45242488    0    0 1390560 883820 281701 987555 42 13 21 25  0  0
41 32 111936 131202656 2218204 45242500    0    0 1274336 811808 260159 899895 38 11 22 29  0  0
28 39 111936 131201428 2218204 45242508    0    0 1367040 881772 278686 982740 41 12 21 25  0  0
53 16 111936 131203524 2218204 45242520    0    0 1371072 879704 278638 974509 41 13 21 25  0  0
36 35 111936 131205240 2218204 45242528    0    0 1265424 805752 257443 893001 37 11 23 30  0  0
51 15 111936 131204564 2218208 45242536    0    0 1382704 885044 280051 982718 41 13 21 25  0  0
procs -----------memory---------- ---swap-- -----io---- -system-- -------cpu-------
 r  b   swpd   free   buff  cache   si   so    bi    bo   in   cs us sy id wa st gu
28 40 111936 131204412 2218208 45242548    0    0 1390192 891732 281556 988046 42 13 21 25  0  0
25 41 111936 131204956 2218208 45242556    0    0 1389104 891824 281280 986281 42 13 21 25  0  0
46 25 111936 131204272 2218208 45242572    0    0 1380256 889972 280798 983724 41 13 21 25  0  0
37 33 111936 131201452 2218208 45242580    0    0 1383904 889388 281620 982691 42 13 21 25  0  0
55 19 111936 131199684 2218208 45242588    0    0 1381648 880136 280942 980507 42 12 21 25  0  0
41 30 111936 131203688 2218208 45242600    0    0 1395728 893288 281763 988926 42 13 21 25  0  0
46 25 111936 131206744 2218208 45242616    0    0 1311408 828880 264610 916952 38 12 22 28  0  0
46 18 111936 131196640 2218208 45242628    0    0 1366992 866464 277728 974067 41 12 21 26  0  0
44 25 111936 131200588 2218208 45242636    0    0 1362736 879344 279104 971850 41 12 21 26  0  0
41 29 111936 131197672 2218212 45242640    0    0 1344256 863976 273503 948061 40 12 21 27  0  0
48 21 111936 131199380 2218212 45242648    0    0 1302288 827824 265778 922047 38 11 22 28  0  0
35 31 111936 131201560 2218212 45242668    0    0 1375136 885140 279870 985953 41 12 21 25  0  0
30 39 111936 131201296 2218212 45242676    0    0 1385008 892200 282412 986267 42 13 21 25  0  0
50 17 111936 131199820 2218212 45242684    0    0 1392432 888472 281337 980152 42 13 21 25  0  0
52 18 111936 131195244 2218212 45242692    0    0 1380224 896436 280866 983058 41 13 21 25  0  0
44 24 111936 131200116 2218212 45242704    0    0 1370960 879052 281645 982201 41 13 21 25  0  0
50 20 111936 131199092 2218212 45242780    0    0 1384608 883944 282385 983349 42 13 21 25  0  0
47 23 111936 131197504 2218212 45242788    0    0 1363136 868960 275264 959056 40 12 21 26  0  0
53 18 111936 131200208 2218212 45242796    0    0 1309184 838324 267092 917298 38 12 22 28  0  0
40 26 111936 131199776 2218212 45242804    0    0 1373088 881064 280836 983168 41 13 21 25  0  0
51 33 111936 131201124 2218212 45242816    0    0 1368080 883028 278107 970859 41 12 21 26  0  0
procs -----------memory---------- ---swap-- -----io---- -system-- -------cpu-------
 r  b   swpd   free   buff  cache   si   so    bi    bo   in   cs us sy id wa st gu
34 34 111936 131198376 2218212 45242828    0    0 1276880 818904 260382 895741 37 11 22 29  0  0
40 28 111936 131193528 2218212 45242836    0    0 1367008 882484 279041 971750 41 12 21 25  0  0
23 45 111936 131194276 2218212 45242844    0    0 1382928 884028 279524 986899 42 12 21 25  0  0
39 28 111936 131201044 2218216 45242852    0    0 1379216 892472 281039 985127 41 13 21 25  0  0
43 25 111936 131199972 2218216 45242868    0    0 1381424 884664 279689 979734 41 13 21 25  0  0
39 28 111936 131197524 2218216 45242876    0    0 1381904 885424 280579 983327 41 13 21 25  0  0
46 25 111936 131193476 2218216 45242884    0    0 1385328 890716 280650 986547 42 12 21 25  0  0
35 33 111936 131193884 2218216 45242892    0    0 1389968 893428 291987 982377 42 13 21 25  0  0
41 31 111936 131193124 2218220 45242904    0    0 1278000 804904 261047 905971 37 11 23 29  0  0
53 15 111936 131195876 2218220 45242912    0    0 1382640 873620 282137 992773 42 13 21 25  0  0
20 50 111936 131193568 2218220 45242924    0    0 1358400 883900 278938 973335 41 12 21 26  0  0
26 40 111936 131198964 2218220 45242932    0    0 1302016 830492 264870 920969 38 12 22 28  0  0
50 20 111936 131194664 2218220 45242940    0    0 1345872 864348 275592 959096 40 12 21 26  0  0
32 39 111936 131194812 2218220 45242952    0    0 1392160 891132 282548 979369 42 13 21 25  0  0
67 15 111936 131198528 2218220 45242960    0    0 1384432 890592 283977 990086 42 13 21 25  0  0
42 30 111936 131191392 2218220 45242972    0    0 1385008 890072 284613 987358 41 13 21 25  0  0
41 30 111936 131191776 2218220 45242980    0    0 1388944 872304 281548 987489 41 13 21 25  0  0
38 31 111936 131193992 2218220 45242996    0    0 1386624 891124 280621 986204 41 13 21 25  0  0
42 26 111936 131196708 2218224 45243004    0    0 1393552 893652 282871 987175 42 13 21 25  0  0
40 29 111936 131196000 2218224 45243012    0    0 1328528 834828 270338 941455 40 12 22 27  0  0
51 19 111936 131198532 2218224 45243024    0    0 1347328 867680 278015 970665 41 12 21 26  0  0
procs -----------memory---------- ---swap-- -----io---- -system-- -------cpu-------
 r  b   swpd   free   buff  cache   si   so    bi    bo   in   cs us sy id wa st gu
63 18 111936 131204864 2218224 45243032    0    0 1371424 879664 281622 990659 41 12 21 25  0  0
45 26 111936 131202812 2218224 45243044    0    0 1362624 870312 279320 981940 41 12 21 25  0  0
50 19 111936 131197100 2218224 45243052    0    0 1266592 809896 260339 897357 37 11 22 29  0  0
46 22 111936 131196108 2218224 45243060    0    0 1382944 885148 282420 991277 42 13 21 25  0  0
50 25 111936 131198356 2218224 45243068    0    0 1386800 894244 282692 991775 42 13 21 25  0  0
45 22 111936 131197076 2218224 45243084    0    0 1388928 890444 284151 990479 42 13 21 25  0  0
42 28 111936 131194556 2218224 45243096    0    0 1371712 883844 281237 989374 42 12 21 25  0  0
33 38 111936 131198896 2218224 45243104    0    0 1378624 889760 281374 984871 41 13 21 25  0  0
37 29 111936 131198140 2218224 45243112    0    0 1392544 884044 282751 991886 42 13 21 25  0  0
45 24 111936 131197900 2218224 45243124    0    0 1391776 890192 283279 988284 42 13 21 25  0  0
36 34 111936 131202748 2218224 45243136    0    0 1300704 839244 266128 923295 38 12 22 28  0  0
32 40 111936 131198160 2218224 45243148    0    0 1365024 876836 277187 971479 41 12 21 26  0  0
48 24 111936 131197976 2218224 45243156    0    0 1361552 867580 276595 969733 40 12 22 26  0  0
42 26 111936 131195704 2218224 45243164    0    0 1310448 842084 269162 928025 39 12 22 28  0  0
49 17 111936 131199116 2218224 45243172    0    0 1342928 857620 273751 953266 40 12 21 27  0  0
40 27 111936 131199196 2218224 45243192    0    0 1387280 892884 283729 996278 42 13 21 25  0  0
26 44 111936 131198748 2218224 45243200    0    0 1396848 894148 283526 994357 42 13 21 24  0  0
48 19 111936 131195232 2218224 45243208    0    0 1393696 884044 282184 988243 41 13 21 25  0  0
32 38 111936 131193628 2218224 45243216    0    0 1388288 887884 284483 993865 42 13 21 24  0  0
47 20 111936 131196352 2218224 45243220    0    0 1390416 895432 283304 988475 42 13 21 25  0  0
30 40 111936 131194876 2218224 45243236    0    0 1396672 891828 282620 991485 42 13 21 25  0  0
procs -----------memory---------- ---swap-- -----io---- -system-- -------cpu-------
 r  b   swpd   free   buff  cache   si   so    bi    bo   in   cs us sy id wa st gu
44 27 111936 131196972 2218224 45243244    0    0 1387472 893192 283221 994276 42 13 21 25  0  0
46 24 111936 131196100 2218224 45243252    0    0 1281536 813908 261358 904111 37 11 22 29  0  0
51 23 111936 131195452 2218228 45243260    0    0 1373216 877748 280530 981703 41 13 21 25  0  0
42 26 111936 131196328 2218228 45243272    0    0 1368704 888292 281185 978245 41 13 21 25  0  0
36 36 111936 131193428 2218228 45243284    0    0 1270608 810608 259809 895553 37 11 22 29  0  0
37 38 111936 131194428 2218228 45243292    0    0 1379904 886980 283328 993588 42 13 21 25  0  0
55 13 111936 131194056 2218228 45243300    0    0 1394336 893132 283637 992614 42 13 21 25  0  0
51 16 111936 131190976 2218228 45243312    0    0 1384064 884792 283341 990901 42 13 21 25  0  0
52 29 111936 131196808 2218228 45243324    0    0 1377104 891304 282847 992125 42 13 21 25  0  0
46 20 111936 131199308 2218228 45243336    0    0 1384592 891988 281662 989561 42 13 21 25  0  0
47 20 111936 131197176 2218228 45243344    0    0 1390208 887124 282291 995039 42 13 21 25  0  0
44 24 111936 131198436 2218228 45243352    0    0 1395616 886840 283608 988417 42 13 21 25  0  0
51 19 111936 131202788 2218228 45243364    0    0 1350768 848720 272995 958105 40 12 21 26  0  0
45 24 111936 131198276 2218228 45243464    0    0 1330720 847936 270898 941412 39 12 22 27  0  0
33 35 111936 131194448 2218228 45243476    0    0 1354336 876268 278516 975382 41 12 22 26  0  0
32 41 111936 131196480 2218228 45243480    0    0 1277216 813540 260902 895961 37 11 22 29  0  0
64 11 111936 131194916 2218228 45243488    0    0 1370112 887024 280691 981754 41 13 21 25  0  0
35 34 111936 131199180 2218228 45243500    0    0 1379344 889004 281860 994284 42 13 21 24  0  0
42 27 111936 131196780 2218228 45243508    0    0 1390288 900772 282071 990863 42 12 21 25  0  0
49 17 111936 131194020 2218228 45243516    0    0 1383488 891996 282521 985752 41 12 21 25  0  0
40 27 111936 131193936 2218228 45243528    0    0 1383504 895416 281319 986015 41 12 21 25  0  0
procs -----------memory---------- ---swap-- -----io---- -system-- -------cpu-------
 r  b   swpd   free   buff  cache   si   so    bi    bo   in   cs us sy id wa st gu
44 14 111936 131196328 2218228 45243536    0    0 1384048 882608 282590 989372 41 13 21 25  0  0
41 31 111936 131199200 2218228 45243552    0    0 1394368 895324 283017 991544 42 13 21 24  0  0
35 34 111936 131199328 2218228 45243560    0    0 1395024 877064 284538 996700 42 13 21 24  0  0
38 31 111936 131196408 2218228 45243568    0    0 1311248 835024 268589 928323 39 12 22 28  0  0
52 20 111936 131196484 2218228 45243580    0    0 1336928 843384 273782 950407 40 12 22 27  0  0
38 32 111936 131195524 2218228 45243596    0    0 1284864 817936 264707 919359 38 11 22 28  0  0
49 23 111936 131197024 2218232 45243604    0    0 1341584 857328 273888 954905 40 12 22 27  0  0
41 30 111936 131196584 2218232 45243612    0    0 1385488 895988 281757 987318 41 12 21 25  0  0
33 41 111936 131199268 2218232 45243620    0    0 1389472 889752 282048 981702 42 12 21 25  0  0
42 27 111936 131195552 2218232 45243632    0    0 1388720 888052 283343 993957 42 13 21 24  0  0
45 27 111936 131194904 2218232 45243648    0    0 1390416 882456 282597 996726 42 13 21 25  0  0
40 31 111936 131196312 2218232 45243656    0    0 1388240 898296 281879 984354 41 13 21 25  0  0
47 23 111936 131197204 2218232 45243664    0    0 1392288 893096 284047 991923 42 13 21 25  0  0
52 23 111936 131196356 2218232 45243672    0    0 1395440 884564 282985 990046 42 13 21 24  0  0
37 31 111936 131198240 2218232 45243684    0    0 1393888 890256 282551 989174 42 13 21 25  0  0
41 11 111936 131192712 2218232 45243696    0    0 1279168 800932 260984 904216 38 11 22 29  0  0
31 37 111936 131194196 2218232 45243704    0    0 1315232 845884 270273 934121 39 12 22 28  0  0
42 26 111936 131196764 2218232 45243720    0    0 1329632 843308 271921 945687 40 12 22 27  0  0
30 42 111936 131195900 2218232 45243728    0    0 1375744 882844 280632 981644 41 12 21 26  0  0
32 40 111936 131196268 2218232 45243744    0    0 1384688 890700 282937 997283 42 12 21 25  0  0
50 18 111936 131197592 2218232 45243752    0    0 1387040 881164 282521 991551 42 13 21 25  0  0
procs -----------memory---------- ---swap-- -----io---- -system-- -------cpu-------
 r  b   swpd   free   buff  cache   si   so    bi    bo   in   cs us sy id wa st gu
52 17 111936 131196656 2218232 45243760    0    0 1387184 890248 282652 986175 41 13 21 25  0  0
30 39 111936 131200352 2218232 45243768    0    0 1383904 889484 284288 992681 42 13 21 24  0  0
44 27 111936 131204140 2218232 45243780    0    0 1380704 887732 281495 986909 42 12 21 25  0  0
42 27 111936 131204992 2218232 45243792    0    0 1389328 889380 281851 992177 42 13 21 25  0  0
46 17 111936 131202068 2218232 45243800    0    0 1387360 888580 283251 986620 42 13 21 25  0  0
39 27 111936 131199200 2218232 45243808    0    0 1358720 868548 277743 966582 41 12 21 26  0  0
46 24 111936 131196168 2218232 45243816    0    0 1273200 811816 259739 894936 37 11 22 29  0  0
50 21 111936 131198256 2218232 45243828    0    0 1307632 831032 266923 927220 39 12 22 28  0  0
38 33 111936 131199408 2218232 45243836    0    0 1379184 877656 280068 980545 41 12 21 25  0  0
51 20 111936 131201060 2218232 45243844    0    0 1389392 894136 282877 982758 42 13 21 25  0  0
43 29 111936 131196924 2218232 45243852    0    0 1390224 892300 281859 985981 42 13 21 25  0  0
38 33 111936 131198772 2218232 45243864    0    0 1383072 890056 282451 983410 42 13 21 25  0  0
41 30 111936 131196616 2218232 45243872    0    0 1385632 889304 282597 989720 42 13 21 24  0  0
37 23 111936 131192416 2218232 45243880    0    0 1390256 886044 283571 988922 42 13 21 25  0  0
44 27 111936 131192520 2218232 45243892    0    0 1381248 888804 281195 992040 42 13 21 25  0  0
44 23 111936 131193600 2218232 45243904    0    0 1387024 884800 282713 991818 42 13 21 24  0  0
40 28 111936 131197820 2218232 45243912    0    0 1390112 885388 283327 990892 42 13 21 25  0  0
30 40 111936 131195216 2218232 45243924    0    0 1314128 841928 268724 936563 39 12 22 27  0  0
40 27 111936 131199108 2218232 45243932    0    0 1247376 775336 252943 869665 36 11 23 30  0  0
44 26 111936 131198924 2218232 45243948    0    0 1372944 879692 279891 980157 41 13 21 25  0  0
48 19 111936 131196692 2218232 45243960    0    0 1372080 887120 280519 981440 41 13 21 25  0  0
procs -----------memory---------- ---swap-- -----io---- -system-- -------cpu-------
 r  b   swpd   free   buff  cache   si   so    bi    bo   in   cs us sy id wa st gu
48 24 111936 131194320 2218232 45243968    0    0 1386992 885584 282616 988062 42 13 21 25  0  0
48  9 111936 131197052 2218232 45243976    0    0 1382080 871664 281375 991856 42 13 21 25  0  0
39 29 111936 131193860 2218232 45243984    0    0 1392432 892996 283156 990488 42 12 21 25  0  0
49 23 111936 131195516 2218232 45243996    0    0 1390880 893044 283108 991921 42 13 21 25  0  0
42 29 111936 131196064 2218232 45244000    0    0 1379152 884076 282909 991521 42 13 21 25  0  0
46 26 111936 131193300 2218236 45244008    0    0 1391440 891844 282879 991517 42 13 21 25  0  0
53 13 111936 131191544 2218236 45244016    0    0 1384672 864068 281969 994277 42 13 21 24  0  0
49 23 111936 131198052 2218236 45244024    0    0 1374800 879840 279913 984939 41 12 21 25  0  0
35 32 111936 131204108 2218236 45244036    0    0 1235504 778720 250880 857889 36 11 23 31  0  0
42 12 111936 131202116 2218236 45244048    0    0 1358464 861516 276440 961841 40 12 21 26  0  0
55 15 111936 131202044 2218236 45244124    0    0 1383536 891568 283137 991357 42 13 21 25  0  0
32 36 111936 131197864 2218236 45244132    0    0 1369888 892572 280657 981190 41 12 21 25  0  0
48 22 111936 131202352 2218236 45244140    0    0 1379840 892144 283009 989208 42 13 21 25  0  0
50 20 111936 131201996 2218236 45244152    0    0 1385984 891764 283349 989285 42 13 21 25  0  0
41 28 111936 131199784 2218236 45244164    0    0 1393024 888544 283207 996893 42 13 21 24  0  0
34 34 111936 131197724 2218236 45244172    0    0 1383792 885660 282544 995296 42 13 21 25  0  0
30 39 111936 131195364 2218236 45244180    0    0 1382080 882512 281822 990542 42 13 21 24  0  0
42 25 111936 131194656 2218236 45244188    0    0 1380000 887064 281910 991539 42 13 21 25  0  0
40 32 111936 131191460 2218236 45244204    0    0 1372736 886832 279572 982926 41 12 21 25  0  0
35 35 111936 131192172 2218236 45244212    0    0 1367488 867284 277307 977269 41 12 21 26  0  0
37 33 111936 131192384 2218236 45244220    0    0 1233968 772436 247810 854166 35 11 23 31  0  0
procs -----------memory---------- ---swap-- -----io---- -system-- -------cpu-------
 r  b   swpd   free   buff  cache   si   so    bi    bo   in   cs us sy id wa st gu
37 33 111936 131193092 2218236 45244224    0    0 1393920 892448 281609 985251 41 13 21 25  0  0
55 14 111936 131198572 2218236 45244232    0    0 1371712 868056 280598 990566 42 13 21 25  0  0
29 41 111936 131202704 2218236 45244248    0    0 1375296 894112 282445 981405 41 13 21 25  0  0
38 35 111936 131196740 2218236 45244260    0    0 1389152 879512 281953 987376 42 12 21 25  0  0
49 24 111936 131192708 2218240 45244268    0    0 1388016 892124 283327 994107 42 13 21 25  0  0
44 33 111936 131194684 2218240 45244280    0    0 1389264 890224 283000 997847 42 13 21 25  0  0
30 38 111936 131196856 2218240 45244292    0    0 1386848 885188 283029 990329 42 13 21 25  0  0
29 40 111936 131192792 2218240 45244300    0    0 1391280 876196 281897 992070 42 13 21 25  0  0
27 42 111936 131200428 2218240 45244312    0    0 1378928 873476 281445 984749 41 13 21 25  0  0
34 38 111936 131198476 2218240 45244320    0    0 1377056 890092 280852 982381 41 13 21 25  0  0
27 43 111936 131199004 2218240 45244328    0    0 1237536 774288 252030 862228 36 11 23 31  0  0
32 40 111936 131194404 2218240 45244340    0    0 1350400 867056 275955 959695 40 12 21 26  0  0
24 50 111936 131198020 2218240 45244348    0    0 1388384 869692 282123 994248 42 13 21 24  0  0
32 37 111936 131199776 2218240 45244360    0    0 1372576 876828 282867 981592 41 13 21 25  0  0
27 40 111936 131200912 2218240 45244368    0    0 1384800 874600 282362 987537 41 13 21 25  0  0
43 33 111936 131199460 2218240 45244384    0    0 1388592 878400 282585 990163 42 12 21 25  0  0
35 36 111936 131198760 2218240 45244396    0    0 1400560 868884 282278 994229 42 13 21 24  0  0
31 39 111936 131200952 2218240 45244404    0    0 1390160 891608 283891 993892 42 13 21 24  0  0
37 34 111936 131198088 2218240 45244412    0    0 1386320 888700 282442 991357 42 13 21 25  0  0
21 49 111936 131202728 2218240 45244420    0    0 1381056 897748 281387 988431 41 13 21 25  0  0
34 39 111936 131201052 2218240 45244428    0    0 1379488 875656 281275 982073 41 13 21 25  0  0
