procs -----------memory---------- ---swap-- -----io---- -system-- -------cpu-------
 r  b   swpd   free   buff  cache   si   so    bi    bo   in   cs us sy id wa st gu
 4  0 117032 67025100 1760004 14763424    0    2 39908 35732 13408    7  4  1 95  1  0  0
64  0 117032 66954036 1760004 14763496    0    0     0 320004 96264 37064 78  1 21  0  0  0
58  0 117032 66930360 1760004 14763500    0    0     0 320028 111324 37267 79  1 20  0  0  0
72  0 117032 66762868 1760004 14763508    0    0     0 328920 203716 235821 52  5 43  0  0  0
72  0 117032 66714332 1760004 14763516    0    0     0 414632 216673 1196007 69 21 10  0  0  0
67  0 117032 66727516 1760004 14763524    0    0     0 567700 228461 1159286 63 19 17  1  0  0
72  0 117032 66736632 1760004 14763540    0    0     0 574388 196291 1161723 63 19 18  1  0  0
69  0 117032 66754216 1760004 14763548    0    0     0 572764 195839 1161449 63 19 18  1  0  0
67  0 117032 66753808 1760012 14763548    0    0     0 581488 205319 1165457 63 19 18  1  0  0
69  0 117032 66753888 1760012 14763564    0    0     0 587480 199163 1178200 63 19 17  0  0  0
69  0 117032 66762556 1760012 14763572    0    0     0 591404 200386 1206337 62 19 18  1  0  0
70  0 117032 66766076 1760012 14763588    0    0     0 579716 196206 1206361 62 19 18  1  0  0
71  0 117032 66769180 1760012 14763596    0    0     0 593120 201436 1235621 63 19 17  0  0  0
69  0 117032 66772216 1760016 14763600    0    0     0 595000 200184 1223651 63 19 18  0  0  0
74  0 117032 66779824 1760016 14763612    0    0     0 595428 199828 1220960 63 19 18  1  0  0
67  0 117032 66779512 1760016 14763620    0    0     0 596244 200629 1225400 63 19 17  0  0  0
77  1 117032 66783684 1760016 14763636    0    0     0 598536 201669 1231502 64 20 16  0  0  0
70  0 117032 66782272 1760016 14763644    0    0     0 600784 201102 1210429 63 19 17  0  0  0
70  0 117032 66785700 1760020 14763648    0    0     0 599808 200378 1213548 63 19 17  1  0  0
65  0 117032 66783804 1760020 14763656    0    0     0 602596 200730 1220956 63 19 17  0  0  0
77  0 117032 66787828 1760020 14763668    0    0     0 596620 198484 1160495 62 18 19  1  0  0
procs -----------memory---------- ---swap-- -----io---- -system-- -------cpu-------
 r  b   swpd   free   buff  cache   si   so    bi    bo   in   cs us sy id wa st gu
68  0 117032 66788132 1760020 14763680    0    0     0 602632 199008 1190780 62 19 18  1  0  0
71  0 117032 66787676 1760020 14763688    0    0     0 602696 200473 1211492 63 19 18  0  0  0
69  0 117032 66790280 1760028 14763688    0    0     0 603176 198529 1171769 62 19 18  1  0  0
70  0 117032 66784108 1760028 14763704    0    0     0 601540 198389 1168770 62 18 19  1  0  0
69  1 117032 66781956 1760028 14763716    0    0     0 607688 199921 1207210 63 19 18  0  0  0
72  1 117032 66784364 1760028 14763728    0    0     0 608544 199638 1199720 62 19 18  1  0  0
66  0 117032 66788812 1760028 14763736    0    0     0 609772 200809 1219862 63 19 17  0  0  0
72  1 117032 66778244 1760032 14763740    0    0     0 597888 195998 1192561 62 19 19  1  0  0
70  0 117032 66771828 1760032 14763756    0    0     0 611340 199427 1220156 63 19 18  0  0  0
74  0 117032 66777056 1760032 14763764    0    0     0 614652 201822 1232935 63 19 17  0  0  0
77  0 117032 66774508 1760032 14763776    0    0     0 608908 198656 1180532 63 19 18  1  0  0
71  0 117032 66773768 1760032 14763788    0    0     0 610436 198743 1198588 63 19 18  0  0  0
65  0 117032 66771680 1760032 14763796    0    0     0 615444 200412 1217419 63 19 17  0  0  0
73  0 117032 66776196 1760040 14763812    0    0     0 617892 202216 1233207 64 19 17  0  0  0
73  0 117032 66774392 1760040 14763820    0    0     0 680168 200957 1174109 62 19 18  1  0  0
68  0 117032 66775780 1760040 14763828    0    0     0 683576 201009 1172681 62 19 19  1  0  0
77  0 117032 66788252 1760040 14763836    0    0     0 681360 198406 1127543 60 18 21  1  0  0
66  1 117032 66792328 1760040 14763848    0    0     0 686072 201380 1192353 62 19 18  1  0  0
75  0 117032 66801908 1760044 14763856    0    0     0 684864 200235 1164486 62 18 19  1  0  0
72  0 117032 66798588 1760044 14763868    0    0     0 682480 197869 1128613 61 18 21  1  0  0
68  1 117032 66798516 1760044 14763876    0    0     0 682648 200854 1174352 62 19 18  1  0  0
procs -----------memory---------- ---swap-- -----io---- -system-- -------cpu-------
 r  b   swpd   free   buff  cache   si   so    bi    bo   in   cs us sy id wa st gu
69  1 117032 66798356 1760044 14763888    0    0     0 689004 200677 1164637 62 18 19  1  0  0
73  0 117032 66797832 1760044 14763896    0    0     0 687300 200711 1161289 62 18 19  1  0  0
69  0 117032 66793124 1760044 14763908    0    0     0 678596 196214 1165233 62 18 19  1  0  0
70  0 117032 66799704 1760044 14763916    0    0     0 691840 200630 1185845 63 19 18  0  0  0
73  0 117032 66799876 1760044 14763932    0    0     0 692240 199989 1167335 62 18 19  1  0  0
75  0 117032 66794124 1760044 14763936    0    0     0 693320 200876 1181080 62 19 19  1  0  0
70  0 117032 66784528 1760044 14763960    0    0     0 694184 200825 1177831 62 19 19  1  0  0
74  0 117032 66787416 1760044 14763960    0    0     0 689016 199845 1169597 62 19 19  1  0  0
68  0 117032 66781820 1760044 14763968    0    0     0 695384 199764 1186694 62 18 19  1  0  0
69  1 117032 66778680 1760044 14763984    0    0     0 692956 198202 1142613 61 18 20  1  0  0
65  0 117032 66774232 1760044 14763988    0    0     0 688412 199130 1155060 61 18 20  1  0  0
75  0 117032 66782200 1760044 14764000    0    0     0 697268 201207 1198449 63 19 18  1  0  0
75  0 117032 66789832 1760048 14764008    0    0     0 693940 199971 1172291 62 19 19  1  0  0
70  1 117032 66782640 1760048 14764012    0    0     0 689596 198073 1125748 60 18 21  1  0  0
71  0 117032 66782504 1760048 14764020    0    0     0 693700 199155 1172075 62 19 19  1  0  0
72  1 117032 66774324 1760048 14764036    0    0     0 699552 199965 1173297 62 18 19  1  0  0
72  0 117032 66783772 1760056 14764036    0    0     0 698788 199602 1170967 61 19 20  1  0  0
76  1 117032 66777692 1760056 14764136    0    0     0 689468 196018 1167892 62 18 19  1  0  0
70  0 117032 66776740 1760056 14764144    0    0     0 704808 200593 1197100 63 19 18  0  0  0
72  1 117032 66789336 1760056 14764152    0    0     0 705108 200789 1180063 62 18 19  1  0  0
70  0 117032 66782616 1760056 14764168    0    0     0 700172 200191 1157683 62 19 19  1  0  0
procs -----------memory---------- ---swap-- -----io---- -system-- -------cpu-------
 r  b   swpd   free   buff  cache   si   so    bi    bo   in   cs us sy id wa st gu
73  0 117032 66787272 1760064 14764172    0    0     0 707324 202824 1183185 63 19 18  1  0  0
62  1 117032 66787908 1760064 14764196    0    0     0 702024 200401 1173760 61 19 19  1  0  0
76  0 117032 66794068 1760064 14764208    0    0     0 743388 201921 1179823 62 18 19  1  0  0
70  0 117032 66787952 1760064 14764212    0    0     0 736692 199620 1128812 60 18 21  1  0  0
68  1 117032 66785952 1760064 14764224    0    0     0 738112 201307 1175150 62 18 19  1  0  0
74  1 117032 66792656 1760068 14764236    0    0     0 738168 201611 1150013 62 18 19  1  0  0
75  0 117032 66782276 1760068 14764240    0    0     0 738256 198566 1133429 60 18 21  1  0  0
69  0 117032 66780852 1760068 14764256    0    0     0 740112 200313 1138685 61 18 20  1  0  0
70  0 117032 66774404 1760068 14764256    0    0     0 737440 200963 1161063 61 19 20  1  0  0
73  0 117032 66786060 1760068 14764264    0    0     0 740644 200699 1142754 61 18 20  1  0  0
76  0 117032 66790732 1760072 14764280    0    0     0 727552 196907 1162540 61 18 20  1  0  0
71  0 117032 66799160 1760072 14764284    0    0     0 738784 202308 1175115 62 19 18  0  0  0
73  0 117032 66800316 1760072 14764296    0    0     0 737920 201166 1169930 61 18 20  1  0  0
76  0 117032 66794304 1760072 14764304    0    0     0 739868 201328 1147639 61 18 20  1  0  0
76  0 117032 66795824 1760072 14764312    0    0     0 740444 202758 1197409 62 19 18  0  0  0
72  0 117032 66794304 1760076 14764320    0    0     0 740712 202037 1163142 62 19 19  1  0  0
73  0 117032 66795940 1760076 14764332    0    0     0 741272 200209 1146692 61 18 20  1  0  0
70  1 117032 66793380 1760076 14764344    0    0     0 735452 198794 1119237 60 18 21  1  0  0
72  0 117032 66790888 1760076 14764356    0    0     0 740608 200191 1168716 62 18 19  1  0  0
69  0 117032 66795100 1760076 14764364    0    0     0 737592 200583 1161867 61 19 20  1  0  0
77  0 117032 66796344 1760084 14764368    0    0     0 735588 198355 1127159 60 18 22  1  0  0
procs -----------memory---------- ---swap-- -----io---- -system-- -------cpu-------
 r  b   swpd   free   buff  cache   si   so    bi    bo   in   cs us sy id wa st gu
68  0 117032 66789176 1760084 14764384    0    0     0 742940 201033 1153716 62 18 19  1  0  0
67  0 117032 66789832 1760084 14764396    0    0     0 735916 200696 1172401 62 19 19  0  0  0
74  0 117032 66790816 1760084 14764404    0    0     0 739820 201190 1164162 62 18 19  1  0  0
72  0 117032 66783744 1760084 14764412    0    0     0 728188 194597 1126547 61 18 20  1  0  0
72  0 117032 66783780 1760088 14764416    0    0     0 739700 201146 1175383 61 19 19  1  0  0
73  0 117032 66787264 1760088 14764436    0    0     0 739520 200930 1149488 61 18 20  1  0  0
64  1 117032 66786304 1760088 14764448    0    0     0 740264 202171 1181304 62 19 19  1  0  0
74  0 117032 66790252 1760088 14764456    0    0     0 741484 203283 1173465 62 19 18  1  0  0
63  0 117032 66784020 1760088 14764464    0    0     0 736864 199932 1177646 61 18 20  1  0  0
70  1 117032 66789416 1760088 14764480    0    0     0 736512 200197 1146953 60 18 21  1  0  0
69  0 117032 66790628 1760096 14764492    0    0     0 739460 200136 1144253 61 18 20  1  0  0
68  0 117032 66789240 1760096 14764492    0    0     0 736612 200283 1169014 61 19 20  1  0  0
71  1 117032 66789184 1760096 14764500    0    0     0 738652 200754 1158741 62 18 19  1  0  0
72  0 117032 66785504 1760096 14764512    0    0     0 739452 199445 1132454 60 18 21  1  0  0
75  0 117032 66780576 1760096 14764528    0    0     0 741528 201308 1147072 62 18 19  1  0  0
72  0 117032 66781900 1760100 14764548    0    0     0 734972 200124 1170792 61 18 20  1  0  0
70  0 117032 66785060 1760100 14764556    0    0     0 738660 199727 1147587 61 18 20  1  0  0
72  0 117032 66784664 1760100 14764556    0    0     0 727572 196588 1148629 60 18 21  1  0  0
72  1 117032 66789604 1760100 14764564    0    0     0 743432 202076 1192962 62 19 18  1  0  0
76  0 117032 66787624 1760100 14764576    0    0     0 740616 201510 1167593 61 18 20  1  0  0
76  1 117032 66780776 1760108 14764596    0    0     0 739408 200498 1168319 62 18 19  1  0  0
procs -----------memory---------- ---swap-- -----io---- -system-- -------cpu-------
 r  b   swpd   free   buff  cache   si   so    bi    bo   in   cs us sy id wa st gu
73  1 117032 66779692 1760108 14764600    0    0     0 741944 202550 1205021 63 19 18  1  0  0
78  0 117032 66783540 1760108 14764608    0    0     0 738488 201062 1153163 61 18 20  1  0  0
68  0 117032 66781940 1760108 14764616    0    0     0 738588 199538 1136210 61 18 21  1  0  0
69  1 117032 66774288 1760108 14764620    0    0     0 739664 198780 1144120 61 18 20  1  0  0
78  0 117032 66785360 1760116 14764628    0    0     0 736856 201489 1170438 61 19 19  1  0  0
74  1 117032 66795996 1760116 14764640    0    0     0 739876 201621 1168007 61 18 20  1  0  0
67  1 117032 66793712 1760116 14764648    0    0     0 738264 199698 1127411 60 18 21  1  0  0
78  0 117032 66795040 1760116 14764656    0    0     0 737624 199815 1130952 62 18 20  1  0  0
70  1 117032 66800036 1760116 14764668    0    0     0 737132 200773 1163134 62 19 19  1  0  0
71  1 117032 66792068 1760120 14764676    0    0     0 726592 196301 1144243 61 18 20  1  0  0
74  0 117032 66799352 1760120 14764688    0    0     0 738136 201964 1190724 62 19 18  1  0  0
71  1 117032 66808708 1760120 14764704    0    0     0 740216 202820 1165196 62 19 19  1  0  0
69  0 117032 66796824 1760120 14764704    0    0     0 737840 200493 1187814 62 18 19  1  0  0
66  1 117032 66800220 1760120 14764724    0    0     0 735132 202285 1143079 62 19 19  1  0  0
69  0 117032 66782220 1760124 14764728    0    0     0 738148 200620 1168603 61 19 19  1  0  0
69  0 117032 66781448 1760124 14764808    0    0     0 742092 201200 1166487 62 18 20  1  0  0
72  1 117032 66778308 1760124 14764824    0    0     0 738648 198288 1114302 59 17 23  1  0  0
72  0 117032 66781932 1760124 14764824    0    0     0 741584 201404 1144397 62 19 19  1  0  0
70  1 117032 66784608 1760124 14764832    0    0     0 737572 201610 1176676 62 19 19  1  0  0
79  0 117032 66776984 1760124 14764848    0    0     0 737004 199805 1137521 61 18 21  1  0  0
74  0 117032 66773696 1760124 14764864    0    0     0 738608 200103 1134906 61 18 21  1  0  0
procs -----------memory---------- ---swap-- -----io---- -system-- -------cpu-------
 r  b   swpd   free   buff  cache   si   so    bi    bo   in   cs us sy id wa st gu
74  1 117032 66778188 1760124 14764876    0    0     0 737256 200935 1140608 61 18 20  1  0  0
70  1 117032 66786356 1760124 14764876    0    0     0 736368 201398 1180118 61 19 20  1  0  0
73  1 117032 66787548 1760124 14764892    0    0     0 728096 196233 1117026 60 18 21  1  0  0
71  0 117032 66788108 1760128 14764900    0    0     0 737716 200900 1166008 61 19 19  1  0  0
73  0 117032 66780092 1760128 14764908    0    0     0 739548 202481 1154812 62 18 19  1  0  0
71  1 117032 66776124 1760128 14764920    0    0     0 736292 200357 1149929 60 18 21  1  0  0
75  0 117032 66779624 1760128 14764936    0    0     0 742132 201953 1170062 62 18 19  1  0  0
75  0 117032 66779152 1760128 14764948    0    0     0 738060 201280 1169098 61 18 20  1  0  0
70  0 117032 66784304 1760132 14764952    0    0     0 740312 201067 1161851 62 18 19  1  0  0
73  1 117032 66779924 1760132 14764956    0    0     0 737472 199396 1122535 60 18 21  1  0  0
68  1 117032 66778376 1760132 14764968    0    0     0 740508 200140 1146192 61 18 20  1  0  0
67  1 117032 66782836 1760132 14764976    0    0     0 731064 199868 1141809 60 18 21  1  0  0
68  0 117032 66778572 1760132 14764984    0    0     0 734816 200112 1120433 59 18 22  1  0  0
77  0 117032 66776028 1760140 14764988    0    0     0 741144 201040 1152417 62 18 19  1  0  0
68  0 117032 66779604 1760140 14765012    0    0     0 732108 201220 1155054 61 19 20  1  0  0
70  0 117032 66785644 1760140 14765020    0    0     0 725632 196044 1143402 61 18 20  1  0  0
70  0 117032 66777140 1760140 14765028    0    0     0 733656 202104 1185463 62 18 19  1  0  0
70  0 117032 66781692 1760140 14765028    0    0     0 737180 201451 1163677 62 18 19  1  0  0
65  0 117032 66786932 1760140 14765040    0    0     0 731132 200530 1156014 60 18 21  1  0  0
68  1 117032 66778760 1760144 14765052    0    0     0 739064 202327 1161077 62 19 19  1  0  0
76  1 117032 66775620 1760144 14765064    0    0     0 733892 200740 1164668 61 18 20  1  0  0
procs -----------memory---------- ---swap-- -----io---- -system-- -------cpu-------
 r  b   swpd   free   buff  cache   si   so    bi    bo   in   cs us sy id wa st gu
73  0 117032 66779068 1760144 14765072    0    0     0 739472 201534 1165740 62 19 19  1  0  0
68  0 117032 66778392 1760144 14765088    0    0     0 735700 199082 1122685 60 18 21  1  0  0
74  0 117032 66779248 1760144 14765100    0    0     0 737372 200692 1148135 62 18 19  1  0  0
70  0 117032 66784740 1760152 14765096    0    0     0 728368 202465 1158156 61 19 20  1  0  0
70  0 117032 66785752 1760152 14765112    0    0     0 738404 201389 1154943 62 18 20  1  0  0
71  0 117032 66778140 1760152 14765128    0    0     0 734452 198648 1114716 60 18 22  1  0  0
68  0 117032 66783368 1760152 14765136    0    0     0 733140 202173 1170596 61 19 19  1  0  0
66  0 117032 66784224 1760152 14765148    0    0     0 737988 202165 1159287 62 19 19  1  0  0
70  0 117032 66785972 1760164 14765144    0    0     0 722112 197074 1139627 60 18 21  1  0  0
73  0 117032 66794280 1760164 14765164    0    0     0 739916 201983 1165847 62 18 19  1  0  0
75  0 117032 66792256 1760164 14765176    0    0     0 732444 202414 1184873 62 19 19  0  0  0
73  0 117032 66786056 1760164 14765176    0    0     0 733124 201907 1162164 62 19 19  1  0  0
72  0 117032 66782152 1760164 14765200    0    0     0 732300 202168 1174650 62 19 19  1  0  0
75  1 117032 66782264 1760168 14765208    0    0     0 734808 202266 1158700 62 18 19  1  0  0
73  1 117032 66775464 1760168 14765216    0    0     0 731900 201829 1182363 62 19 19  1  0  0
72  0 117032 66773784 1760168 14765224    0    0     0 729460 200185 1110490 59 18 23  1  0  0
74  0 117032 66773372 1760168 14765232    0    0     0 721396 196792 1113465 61 18 20  1  0  0
68  0 117032 66782300 1760168 14765252    0    0     0 730552 201058 1152617 61 18 20  1  0  0
72  0 117032 66786312 1760168 14765256    0    0     0 737096 201271 1143579 61 18 21  1  0  0
72  1 117032 66780856 1760168 14765272    0    0     0 739136 200002 1148438 61 18 20  1  0  0
70  1 117032 66783192 1760168 14765280    0    0     0 731608 200986 1157523 61 19 20  1  0  0
procs -----------memory---------- ---swap-- -----io---- -system-- -------cpu-------
 r  b   swpd   free   buff  cache   si   so    bi    bo   in   cs us sy id wa st gu
69  0 117032 66787960 1760168 14765280    0    0     0 723612 196739 1138593 61 18 20  1  0  0
63  0 117032 66786472 1760168 14765300    0    0     0 729568 201063 1155342 61 18 20  1  0  0
69  0 117032 66787104 1760172 14765304    0    0     0 733532 202091 1190310 62 19 18  1  0  0
71  1 117032 66779748 1760172 14765312    0    0     0 732924 204539 1158426 62 18 19  1  0  0
72  0 117032 66780552 1760172 14765332    0    0     0 733608 201665 1145216 61 18 20  1  0  0
69  0 117032 66783404 1760172 14765340    0    0     0 729916 201328 1163275 61 19 20  1  0  0
71  1 117032 66784284 1760172 14765344    0    0     0 738228 202370 1162288 61 18 20  1  0  0
70  0 117032 66781628 1760176 14765356    0    0     0 732148 198574 1110982 59 18 22  1  0  0
71  0 117032 66781476 1760176 14765364    0    0     0 736824 200810 1143201 62 18 20  1  0  0
74  0 117032 66777196 1760176 14765376    0    0     0 725184 194565 1107773 59 18 22  1  0  0
69  0 117032 66781156 1760176 14765376    0    0     0 731800 202030 1176031 62 19 19  1  0  0
68  0 117032 66779528 1760176 14765384    0    0     0 729616 199535 1118416 60 18 22  1  0  0
69  0 117032 66774828 1760180 14765460    0    0     0 736996 200323 1149626 62 18 20  1  0  0
72  0 117032 66783876 1760180 14765476    0    0     0 731988 202196 1174931 61 19 19  1  0  0
68  0 117032 66786548 1760180 14765488    0    0     0 722392 199142 1137204 61 18 20  1  0  0
68  0 117032 66801660 1760180 14765488    0    0     0 731532 202667 1171342 61 19 20  1  0  0
69  0 117032 66795168 1760180 14765504    0    0     0 734024 203097 1165714 62 19 19  1  0  0
69  1 117032 66797936 1760184 14765512    0    0     0 732852 201782 1147502 61 18 20  1  0  0
69  0 117032 66793980 1760192 14765520    0    0     0 729964 201994 1158669 61 19 20  1  0  0
71  0 117032 66791780 1760192 14765532    0    0     0 734572 203449 1167166 62 19 19  1  0  0
72  0 117032 66788672 1760192 14765540    0    0     0 726684 200947 1152433 60 18 21  1  0  0
procs -----------memory---------- ---swap-- -----io---- -system-- -------cpu-------
 r  b   swpd   free   buff  cache   si   so    bi    bo   in   cs us sy id wa st gu
67  0 117032 66780752 1760192 14765556    0    0     0 732472 200629 1127101 60 18 22  1  0  0
71  0 117032 66778244 1760192 14765564    0    0     0 726644 195316 1120972 61 18 21  1  0  0
73  0 117032 66785504 1760192 14765576    0    0     0 731104 201797 1158813 60 18 21  1  0  0
76  0 117032 66783484 1760192 14765588    0    0     0 737348 199145 1143758 60 18 21  1  0  0
69  1 117032 66776536 1760192 14765588    0    0     0 738840 201175 1156001 61 18 20  1  0  0
71  0 117032 66782420 1760192 14765604    0    0     0 731740 201663 1163288 61 19 20  1  0  0
70  1 117032 66779580 1760196 14765616    0    0     0 732196 200598 1133437 60 18 21  1  0  0
69  0 117032 66776644 1760196 14765628    0    0     0 725480 196446 1131757 61 18 20  1  0  0
68  0 117032 66777944 1760196 14765632    0    0     0 731272 201573 1166517 61 19 20  1  0  0
68  1 117032 66779100 1760196 14765640    0    0     0 733128 202439 1161024 62 18 19  1  0  0
67  0 117032 66779152 1760196 14765652    0    0     0 728624 202324 1152819 61 19 20  1  0  0
69  0 117032 66775724 1760196 14765660    0    0     0 734140 201849 1145347 61 18 20  1  0  0
68  1 117032 66771940 1760196 14765672    0    0     0 728864 201210 1162499 61 19 19  1  0  0
71  0 117032 66768148 1760196 14765692    0    0     0 730416 201001 1120498 59 17 23  1  0  0
70  0 117032 66781028 1760196 14765700    0    0     0 734076 203663 1156944 62 18 19  1  0  0
69  0 117032 66783440 1760196 14765708    0    0     0 724820 195973 1129815 61 18 20  1  0  0
69  0 117032 66774176 1760196 14765720    0    0     0 730868 202342 1168568 61 19 19  1  0  0
68  0 117032 66777876 1760196 14765732    0    0     0 729008 200994 1114097 59 18 22  1  0  0
69  1 117032 66780280 1760196 14765740    0    0     0 734864 203448 1155046 62 18 19  1  0  0
69  1 117032 66787236 1760196 14765740    0    0     0 727804 202985 1155163 61 19 20  1  0  0
73  0 117032 66778136 1760196 14765752    0    0     0 723600 198250 1139139 62 18 19  1  0  0
procs -----------memory---------- ---swap-- -----io---- -system-- -------cpu-------
 r  b   swpd   free   buff  cache   si   so    bi    bo   in   cs us sy id wa st gu
74  1 117032 66783924 1760200 14765748    0    0     0 729820 202892 1179367 62 19 19  0  0  0
70  1 117032 66780564 1760200 14765768    0    0     0 733452 203358 1159084 62 19 19  1  0  0
73  0 117032 66780104 1760200 14765776    0    0     0 730688 202504 1167692 62 19 19  1  0  0
72  0 117032 66775100 1760200 14765792    0    0     0 732364 202771 1158688 62 18 19  1  0  0
70  0 117032 66774760 1760200 14765800    0    0     0 729648 202511 1157564 61 19 20  1  0  0
68  1 117032 66784536 1760200 14765812    0    0     0 733596 203243 1150407 62 18 19  1  0  0
72  0 117032 66780900 1760200 14765820    0    0     0 729260 201210 1127402 61 18 21  1  0  0
73  0 117032 66776848 1760204 14765828    0    0     0 737992 201745 1141391 61 18 20  1  0  0
73  0 117032 66777992 1760204 14765836    0    0     0 720092 197297 1130137 60 19 21  1  0  0
68  1 117032 66786208 1760204 14765852    0    0     0 733312 202843 1140911 61 18 21  1  0  0
69  0 117032 66776836 1760204 14765864    0    0     0 741180 200822 1141512 61 18 20  1  0  0
70  0 117032 66780244 1760216 14765872    0    0     0 730288 201102 1163622 61 19 20  1  0  0
72  1 117032 66786924 1760216 14765880    0    0     0 736632 201167 1154802 61 18 20  1  0  0
75  1 117032 66782068 1760216 14765896    0    0     0 728972 196395 1142927 62 18 20  1  0  0
68  0 117032 66778464 1760216 14765904    0    0     0 733896 202904 1189177 62 19 18  0  0  0
68  0 117032 66775776 1760216 14765916    0    0     0 736948 201466 1149742 62 18 19  1  0  0
73  0 117032 66779544 1760216 14765924    0    0     0 729676 200939 1164990 61 19 20  1  0  0
67  0 117032 66773864 1760216 14765932    0    0     0 732132 202935 1162321 62 18 19  1  0  0
73  0 117032 66779472 1760216 14765940    0    0     0 730020 202172 1171076 61 18 20  1  0  0
68  0 117032 66772648 1760216 14765940    0    0     0 731240 202572 1146852 61 18 20  1  0  0
68  0 117032 66777080 1760216 14765952    0    0     0 730240 201478 1127509 60 18 21  1  0  0
procs -----------memory---------- ---swap-- -----io---- -system-- -------cpu-------
 r  b   swpd   free   buff  cache   si   so    bi    bo   in   cs us sy id wa st gu
68  0 117032 66772712 1760224 14765968    0    0     0 729352 202100 1168267 61 19 20  1  0  0
72  0 117032 66772852 1760224 14765980    0    0     0 721928 198051 1126952 61 18 21  1  0  0
70  0 117032 66773604 1760224 14765980    0    0     0 731376 199762 1114178 60 18 21  1  0  0
69  0 117032 66767732 1760224 14766000    0    0     0 731996 202635 1136801 62 18 20  1  0  0
67  0 117032 66771708 1760224 14766000    0    0     0 728868 201537 1151934 61 19 20  1  0  0
70  1 117032 66768932 1760224 14766012    0    0     0 731980 202680 1155802 62 18 19  1  0  0
72  0 117032 66772308 1760224 14766028    0    0     0 725032 197053 1144202 62 18 20  1  0  0
68  0 117032 66776404 1760224 14766032    0    0     0 729636 202784 1179421 62 19 19  0  0  0
74  0 117032 66775076 1760224 14766112    0    0     0 736640 201551 1163810 62 18 19  1  0  0
67  1 117032 66779616 1760224 14766120    0    0     0 728120 202083 1159175 61 19 20  1  0  0
68  0 117032 66779528 1760228 14766128    0    0     0 734284 203198 1175784 62 19 19  1  0  0
71  0 117032 66782172 1760228 14766148    0    0     0 730168 201830 1170937 61 19 19  1  0  0
69  1 117032 66777364 1760228 14766152    0    0     0 731456 202691 1142824 61 18 20  1  0  0
66  0 117032 66772216 1760228 14766156    0    0     0 731332 200566 1131736 61 18 20  1  0  0
71  1 117032 66775756 1760228 14766168    0    0     0 722972 197933 1134834 61 18 20  1  0  0
70  0 117032 66785956 1760232 14766176    0    0     0 730560 201044 1121791 61 18 20  1  0  0
70  0 117032 66778176 1760232 14766192    0    0     0 734920 199977 1113502 60 18 21  1  0  0
74  0 117032 66778888 1760232 14766204    0    0     0 729564 201882 1170160 61 19 20  1  0  0
74  0 117032 66773756 1760232 14766212    0    0     0 737464 202236 1169693 62 19 19  1  0  0
69  0 117032 66779508 1760232 14766220    0    0     0 721056 198395 1161438 61 18 20  1  0  0
71  1 117032 66778072 1760240 14766224    0    0     0 741120 201672 1164318 63 18 18  1  0  0
procs -----------memory---------- ---swap-- -----io---- -system-- -------cpu-------
 r  b   swpd   free   buff  cache   si   so    bi    bo   in   cs us sy id wa st gu
71  0 117032 66776060 1760240 14766248    0    0     0 731132 202457 1177476 61 19 19  1  0  0
70  0 117032 66775928 1760240 14766260    0    0     0 733612 201365 1151213 61 18 20  1  0  0
72  0 117032 66772572 1760240 14766272    0    0     0 731228 202978 1170369 61 19 19  1  0  0
73  0 117032 66775568 1760240 14766280    0    0     0 733216 202970 1176785 62 18 19  1  0  0
72  1 117032 66779004 1760240 14766288    0    0     0 728832 202360 1160802 61 19 20  1  0  0
74  1 117032 66780220 1760244 14766288    0    0     0 729028 201027 1122192 60 18 22  1  0  0
71  0 117032 66776224 1760244 14766312    0    0     0 720116 196236 1109263 60 18 21  1  0  0
64  0 117032 66778460 1760244 14766312    0    0     0 725924 201793 1147528 61 18 20  1  0  0
71  0 117032 66769900 1760244 14766320    0    0     0 730232 200705 1122158 60 18 21  1  0  0
74  0 117032 66764076 1760244 14766336    0    0     0 733896 201072 1134807 61 18 20  1  0  0
75  1 117032 66769884 1760244 14766348    0    0     0 728708 201766 1148502 61 19 20  1  0  0
74  1 117032 66775752 1760244 14766356    0    0     0 734100 202406 1137640 61 18 20  1  0  0
67  0 117032 66776100 1760244 14766364    0    0     0 726200 196357 1144309 62 18 20  1  0  0
66  0 117032 66771528 1760244 14766372    0    0     0 729064 202742 1177333 62 19 19  0  0  0
75  0 117032 66771568 1760244 14766380    0    0     0 732832 202753 1151954 61 18 20  1  0  0
61  0 117032 66771464 1760248 14766392    0    0     0 727744 200664 1157236 61 18 20  1  0  0
67  0 117032 66766944 1760248 14766396    0    0     0 733536 201927 1152180 62 18 19  1  0  0
68  0 117032 66764764 1760248 14766412    0    0     0 728392 201668 1154170 61 19 20  1  0  0
63  0 117032 66767112 1760248 14766424    0    0     0 738756 201490 1144834 61 18 21  1  0  0
71  0 117032 66765548 1760248 14766432    0    0     0 736016 198836 1126462 60 17 22  1  0  0
73  0 117032 66764976 1760256 14766444    0    0     0 719368 195277 1105123 60 18 21  1  0  0
procs -----------memory---------- ---swap-- -----io---- -system-- -------cpu-------
 r  b   swpd   free   buff  cache   si   so    bi    bo   in   cs us sy id wa st gu
68  0 117032 66773544 1760256 14766452    0    0     0 736492 200442 1164049 62 18 19  1  0  0
63  0 117032 66770964 1760256 14766460    0    0     0 735684 199220 1124448 60 18 22  1  0  0
69  0 117032 66768940 1760256 14766472    0    0     0 736476 201765 1155819 62 18 19  1  0  0
72  0 117032 66768812 1760256 14766480    0    0     0 727164 200049 1164411 61 19 20  1  0  0
69  1 117032 66764796 1760260 14766484    0    0     0 731688 201991 1146381 61 18 20  1  0  0
67  0 117032 66769868 1760260 14766500    0    0     0 726260 195678 1134776 61 18 20  1  0  0
69  0 117032 66768308 1760260 14766504    0    0     0 726236 200695 1147021 61 18 20  1  0  0
67  1 117032 66775364 1760260 14766524    0    0     0 737716 201306 1156007 62 18 19  1  0  0
67  0 117032 66774672 1760260 14766532    0    0     0 727608 202131 1164667 61 19 19  1  0  0
65  1 117032 66769712 1760264 14766532    0    0     0 736740 201389 1141580 61 18 20  1  0  0
69  0 117032 66772452 1760264 14766544    0    0     0 729360 202506 1166308 61 19 20  1  0  0
68  0 117032 66768996 1760264 14766556    0    0     0 1347180 223646 1040637 52 16 31  1  0  0
78  0 117032 66778148 1760264 14766576    0    0     0 719172 197216 1119004 61 18 20  1  0  0
81  1 117032 66778728 1760264 14766584    0    0     0 738720 202530 1151639 62 18 20  1  0  0
80  0 117032 66769560 1760264 14766584    0    0     0 724768 199752 1126317 60 18 21  1  0  0
82  0 117032 66765432 1760264 14766604    0    0     0 743248 201599 1137673 61 18 20  1  0  0
42  6 117032 66771216 1760264 14766612    0    0     0 735236 202218 1157035 61 19 20  1  0  0
40  7 117032 66765668 1760264 14766624    0    0     0 725296 197870 1147052 62 18 19  1  0  0
34  5 117032 66775228 1760264 14766632    0    0     0 730724 202285 1160600 61 19 19  1  0  0
30  4 117032 66777912 1760272 14766640    0    0     0 733388 201501 1149532 62 18 20  1  0  0
 9  5 117032 66779044 1760272 14766652    0    0     0 728848 201896 1165735 61 19 20  1  0  0
procs -----------memory---------- ---swap-- -----io---- -system-- -------cpu-------
 r  b   swpd   free   buff  cache   si   so    bi    bo   in   cs us sy id wa st gu
12  3 117032 66774956 1760272 14766668    0    0     0 737384 201067 1157593 62 19 19  1  0  0
31  1 117032 66777788 1760272 14766672    0    0     0 728344 203355 1178605 62 19 19  1  0  0
49  1 117032 66773404 1760272 14766680    0    0     0 738528 201864 1160638 62 18 19  1  0  0
86  1 117032 66769888 1760280 14766688    0    0     0 730840 201533 1132401 60 18 21  1  0  0
88  3 117032 66770680 1760280 14766704    0    0     0 721900 199213 1142438 61 19 20  1  0  0
91  3 117032 66767988 1760280 14766780    0    0     0 737200 202167 1174036 62 19 18  1  0  0
94  1 117032 66769284 1760280 14766788    0    0     0 725836 200745 1131602 60 18 21  1  0  0
57  2 117032 66764168 1760280 14766796    0    0     0 733180 200419 1140253 61 18 20  1  0  0
21  3 117032 66767036 1760288 14766804    0    0     0 733064 201135 1149229 61 19 20  1  0  0
28  3 117032 66771196 1760288 14766820    0    0     0 733592 202225 1158397 62 18 19  1  0  0
11  7 117032 66777044 1760288 14766828    0    0     0 1350176 222045 1047134 53 17 29  1  0  0
22  7 117032 66767804 1760288 14766836    0    0     0 730908 201095 1138159 62 18 20  1  0  0
16  8 117032 66777916 1760288 14766836    0    0     0 729760 200597 1141515 61 18 20  1  0  0
34  7 117032 66776468 1760296 14766852    0    0     0 729192 201497 1167222 61 19 20  1  0  0
16  4 117032 66766432 1760296 14766864    0    0     0 740116 202812 1168027 63 18 18  1  0  0
27  6 117032 66767356 1760296 14766872    0    0     0 725896 200507 1140334 61 18 20  1  0  0
72  2 117032 66760764 1760296 14766888    0    0     0 746560 201286 1143938 61 18 20  1  0  0
68  3 117032 66767904 1760296 14766896    0    0     0 712828 195825 1129020 60 18 21  1  0  0
40  2 117032 66764924 1760304 14766896    0    0     0 741468 201668 1150611 62 18 19  1  0  0
37  2 117032 66764376 1760304 14766912    0    0     0 727588 198446 1135766 61 18 21  1  0  0
63  3 117032 66756108 1760304 14766924    0    0     0 742300 200977 1129660 61 18 20  1  0  0
procs -----------memory---------- ---swap-- -----io---- -system-- -------cpu-------
 r  b   swpd   free   buff  cache   si   so    bi    bo   in   cs us sy id wa st gu
90  3 117032 66771252 1760304 14766932    0    0     0 726700 201219 1151216 61 19 20  1  0  0
37  3 117032 66761632 1760304 14766940    0    0     0 722704 198167 1143106 62 18 19  1  0  0
27  4 117032 66770636 1760308 14766960    0    0     0 738652 203010 1166865 61 19 19  1  0  0
 4  6 117032 66769956 1760308 14766968    0    0     0 733088 203926 1145209 62 18 19  1  0  0
74  2 117032 66761040 1760308 14766980    0    0     0 723500 201155 1139793 61 19 19  1  0  0
13  6 117032 66762864 1760308 14766988    0    0     0 747920 202020 1149684 62 18 20  1  0  0
10  6 117032 66770728 1760308 14767000    0    0     0 728956 202724 1181030 61 19 19  1  0  0
20  3 117032 66755972 1760308 14767008    0    0     0 737076 202270 1141258 62 18 19  1  0  0
72  7 117032 66770512 1760312 14767020    0    0     0 724432 200906 1136875 61 18 20  1  0  0
57  4 117032 66770364 1760312 14767028    0    0     0 737456 201750 1135336 61 18 20  1  0  0
 6  3 117032 66767244 1760312 14767036    0    0     0 723612 196701 1128041 61 18 20  1  0  0
10  4 117032 66767316 1760312 14767048    0    0     0 717908 202867 1156194 61 19 20  1  0  0
88  1 117032 66760772 1760312 14767060    0    0     0 743972 200010 1102217 59 18 23  1  0  0
93  1 117032 66754848 1760320 14767072    0    0     0 735396 203434 1150716 62 19 19  1  0  0
70  1 117032 66774972 1760320 14767080    0    0     0 1351036 221581 1050478 54 17 28  1  0  0
79  2 117032 66780956 1760320 14767088    0    0     0 745244 202176 1181316 63 19 18  0  0  0
83  2 117032 66786364 1760320 14767100    0    0     0 724764 202921 1159249 61 19 19  0  0  0
67  3 117032 66780868 1760320 14767108    0    0     0 739936 202213 1159138 62 18 19  1  0  0
46  2 117032 66776548 1760324 14767116    0    0     0 740004 201854 1176576 61 19 20  1  0  0
11  5 117032 66770716 1760324 14767128    0    0     0 732040 202894 1160162 62 19 19  1  0  0
76  3 117032 66763240 1760324 14767136    0    0     0 732788 202319 1163112 61 19 20  1  0  0
procs -----------memory---------- ---swap-- -----io---- -system-- -------cpu-------
 r  b   swpd   free   buff  cache   si   so    bi    bo   in   cs us sy id wa st gu
 3  5 117032 66761116 1760324 14767148    0    0     0 726548 198855 1121702 60 18 22  1  0  0
46  1 117032 66763156 1760324 14767156    0    0     0 741272 201560 1145202 62 18 19  1  0  0
70  5 117032 66763268 1760324 14767164    0    0     0 738612 196568 1138618 62 18 20  1  0  0
67  4 117032 66764256 1760324 14767176    0    0     0 711520 199845 1135993 60 18 21  1  0  0
 5  3 117032 66760004 1760324 14767188    0    0     0 751964 201071 1133230 61 18 21  1  0  0
70  3 117032 66767808 1760324 14767200    0    0     0 730612 200492 1160149 61 19 20  1  0  0
39  1 117032 66766148 1760324 14767212    0    0     0 734676 201750 1155738 62 19 19  1  0  0
36  4 117032 66770972 1760332 14767220    0    0     0 731228 199097 1135994 61 18 20  1  0  0
72  4 117032 66773880 1760332 14767228    0    0     0 730944 203406 1170752 61 19 19  1  0  0
10  2 117032 66772364 1760332 14767244    0    0     0 728868 202728 1149796 62 18 19  1  0  0
70  3 117032 66773912 1760332 14767252    0    0     0 733872 201353 1159798 61 19 20  1  0  0
26  4 117032 66773224 1760332 14767256    0    0     0 737668 201743 1189938 63 19 18  1  0  0
28  3 117032 66766316 1760332 14767268    0    0     0 738152 202732 1170890 61 18 20  1  0  0
12  5 117032 66769696 1760332 14767280    0    0     0 710900 201421 1170715 62 18 19  1  0  0
73  5 117032 66768212 1760332 14767292    0    0     0 746356 200956 1104873 59 18 22  1  0  0
47  4 117032 66769984 1760332 14767300    0    0     0 717172 200138 1138520 62 18 20  1  0  0
 8  5 117032 66770276 1760332 14767308    0    0     0 754828 196970 1112571 60 18 21  1  0  0
17  2 117032 66774172 1760340 14767316    0    0     0 711032 197946 1118523 60 18 21  1  0  0
25  4 117032 66771512 1760340 14767328    0    0     0 754788 200926 1155226 61 18 20  1  0  0
67  6 117032 66778548 1760340 14767340    0    0     0 736252 201575 1160503 61 18 20  1  0  0
72  6 117032 66778428 1760340 14767348    0    0     0 722344 196728 1144909 62 18 19  1  0  0
procs -----------memory---------- ---swap-- -----io---- -system-- -------cpu-------
 r  b   swpd   free   buff  cache   si   so    bi    bo   in   cs us sy id wa st gu
77  4 117032 66777832 1760340 14767356    0    0     0 734508 202298 1149898 61 19 20  1  0  0
28  5 117032 66770136 1760360 14767364    0    0     0 730904 203054 1158071 62 18 19  1  0  0
73  2 117032 66768952 1760360 14767468    0    0     0 724704 202238 1159769 60 18 21  1  0  0
43  3 117032 66770220 1760360 14767480    0    0     0 749548 201974 1157163 62 18 19  1  0  0
73  3 117032 66778956 1760360 14767488    0    0     0 725988 202993 1163366 61 19 20  1  0  0
13  3 117032 66779428 1760360 14767496    0    0     0 737888 201723 1155848 62 18 19  1  0  0
 3  4 117032 66775740 1760360 14767504    0    0     0 695860 199567 1142284 59 18 21  1  0  0
39  3 117032 66772372 1760360 14767512    0    0     0 757108 200832 1133184 60 18 21  1  0  0
84  2 117032 66771064 1760360 14767524    0    0     0 718300 198889 1161251 60 18 21  1  0  0
80  4 117032 66770080 1760360 14767532    0    0     0 720528 200478 1137158 61 18 20  1  0  0
 6  5 117032 66766556 1760360 14767540    0    0     0 755792 201848 1136937 61 18 21  1  0  0
10  4 117032 66769120 1760360 14767552    0    0     0 732568 202139 1146358 62 18 20  1  0  0
 9  3 117032 66773884 1760360 14767560    0    0     0 728012 201568 1161547 61 18 20  1  0  0
 6  4 117032 66768164 1760360 14767572    0    0     0 718612 196118 1123183 61 18 21  1  0  0
14  2 117032 66772576 1760360 14767580    0    0     0 754536 203346 1166395 61 19 20  1  0  0
43  7 117032 66775528 1760360 14767592    0    0     0 726540 203277 1168958 62 19 18  1  0  0
15  4 117032 66759944 1760360 14767604    0    0     0 714076 207369 1144036 60 19 21  1  0  0
57  3 117032 66768724 1760372 14767612    0    0     0 758104 203431 1164827 62 18 19  1  0  0
 8  5 117032 66773196 1760372 14767620    0    0     0 721292 202749 1177151 62 19 19  1  0  0
 8  3 117032 66769928 1760372 14767632    0    0     0 749232 201327 1152694 62 18 19  1  0  0
78  3 117032 66772908 1760372 14767644    0    0     0 694912 200231 1154604 60 19 21  1  0  0
procs -----------memory---------- ---swap-- -----io---- -system-- -------cpu-------
 r  b   swpd   free   buff  cache   si   so    bi    bo   in   cs us sy id wa st gu
19  4 117032 66774916 1760372 14767652    0    0     0 763472 200835 1139331 61 18 20  1  0  0
13  3 117032 66776296 1760376 14767660    0    0     0 734156 196681 1126947 61 18 21  1  0  0
 4  5 117032 66776128 1760376 14767672    0    0     0 703584 197308 1143534 61 18 21  1  0  0
75  3 117032 66775504 1760376 14767680    0    0     0 772260 201540 1139062 60 18 21  1  0  0
12  4 117032 66772284 1760376 14767692    0    0     0 737080 200930 1152816 62 18 19  1  0  0
20  4 117032 66772480 1760376 14767700    0    0     0 721056 199420 1134082 61 18 20  1  0  0
83  2 117032 66771024 1760380 14767708    0    0     0 743692 197716 1120370 61 18 20  1  0  0
 3  6 117032 66784912 1760380 14767716    0    0     0 732324 203177 1169999 61 19 19  1  0  0
15  4 117032 66776624 1760380 14767732    0    0     0 729204 201584 1138389 61 18 20  1  0  0
52  2 117032 66770092 1760380 14767740    0    0     0 742880 202921 1151217 62 18 19  1  0  0
45  2 117032 66769332 1760380 14767748    0    0     0 732068 202205 1161310 61 18 20  1  0  0
84  5 117032 66765856 1760384 14767756    0    0     0 736248 201985 1165186 62 18 19  1  0  0
16  3 117032 66763892 1760384 14767764    0    0     0 1328444 223851 1075573 54 16 29  1  0  0
78  2 117032 66763580 1760384 14767780    0    0     0 751336 197456 1136945 61 18 20  1  0  0
88  2 117032 66764564 1760384 14767792    0    0     0 703232 199483 1141828 60 18 21  1  0  0
14  3 117032 66768560 1760384 14767800    0    0     0 770512 202664 1135554 61 18 21  1  0  0
60  3 117032 66773400 1760388 14767808    0    0     0 730192 201058 1151649 62 18 20  1  0  0
 5  3 117032 66772988 1760388 14767816    0    0     0 729808 201600 1151143 60 19 21  1  0  0
 6  4 117032 66769588 1760388 14767828    0    0     0 723116 196807 1147084 62 18 19  1  0  0
13  4 117032 66770420 1760388 14767840    0    0     0 751200 200012 1151679 61 18 20  1  0  0
78  4 117032 66773980 1760388 14767848    0    0     0 715288 201776 1173073 61 19 19  1  0  0
procs -----------memory---------- ---swap-- -----io---- -system-- -------cpu-------
 r  b   swpd   free   buff  cache   si   so    bi    bo   in   cs us sy id wa st gu
71  3 117032 66775276 1760392 14767856    0    0     0 738592 199940 1165501 62 18 19  1  0  0
45  5 117032 66774916 1760392 14767864    0    0     0 755864 202283 1164483 61 18 20  1  0  0
17  1 117032 66768120 1760392 14767880    0    0     0 728004 201934 1191489 63 18 18  1  0  0
14  4 117032 66777168 1760392 14767888    0    0     0 728524 201500 1150541 61 18 20  1  0  0
24  3 117032 66770140 1760392 14767900    0    0     0 719060 200754 1160068 62 19 19  1  0  0
50  4 117032 66775204 1760396 14767908    0    0     0 724864 199784 1131870 60 18 21  1  0  0
 4  3 117032 66773132 1760396 14767908    0    0     0 740520 196423 1117657 61 18 21  1  0  0
 5  5 117032 66774700 1760396 14767932    0    0     0 690420 199050 1143551 60 18 21  1  0  0
81  2 117032 66773904 1760396 14767940    0    0     0 788112 201973 1143238 60 18 21  1  0  0
29  5 117032 66766100 1760396 14767948    0    0     0 720108 200822 1159078 61 19 20  1  0  0
 9  3 117032 66766440 1760396 14767956    0    0     0 730592 201805 1129276 61 18 20  1  0  0
11  4 117032 66764596 1760396 14767968    0    0     0 715244 198400 1125551 61 18 20  1  0  0
85  3 117032 66763656 1760396 14767980    0    0     0 765536 201624 1173563 62 18 19  1  0  0
18  2 117032 66767916 1760396 14767992    0    0     0 718704 201815 1160146 61 19 20  1  0  0
91  2 117032 66768720 1760396 14768000    0    0     0 742280 201399 1151586 62 18 20  1  0  0
16  4 117032 66772728 1760404 14768008    0    0     0 734900 203035 1169906 61 19 20  0  0  0
83  2 117032 66770968 1760404 14768020    0    0     0 743996 200775 1158861 62 18 19  1  0  0
21  4 117032 66772200 1760404 14768024    0    0     0 737316 201796 1147881 61 18 20  1  0  0
 8  3 117032 66773424 1760404 14768036    0    0     0 671524 197876 1148151 60 19 20  1  0  0
 7  3 117032 66776392 1760412 14768040    0    0     0 768864 197787 1107045 60 18 22  1  0  0
 8  5 117032 66771056 1760412 14768120    0    0     0 752700 201365 1157584 62 19 19  1  0  0
procs -----------memory---------- ---swap-- -----io---- -system-- -------cpu-------
 r  b   swpd   free   buff  cache   si   so    bi    bo   in   cs us sy id wa st gu
 4  5 117032 66767288 1760412 14768128    0    0     0 692540 199058 1128481 61 18 21  1  0  0
10  3 117032 66764520 1760412 14768136    0    0     0 773136 202664 1149391 62 18 20  1  0  0
 8  2 117032 66767144 1760412 14768148    0    0     0 731852 202755 1161642 61 19 19  1  0  0
28  4 117032 66771900 1760412 14768156    0    0     0 754404 202168 1166057 62 18 19  1  0  0
74  3 117032 66763960 1760416 14768168    0    0     0 714352 198350 1150300 61 18 20  1  0  0
 7  3 117032 66768244 1760416 14768176    0    0     0 752840 202544 1175629 63 19 18  1  0  0
 8  4 117032 66763868 1760416 14768184    0    0     0 715724 202519 1162445 61 19 20  1  0  0
32  4 117032 66764016 1760416 14768196    0    0     0 747704 201118 1157375 62 18 19  1  0  0
 5  4 117032 66771768 1760416 14768208    0    0     0 737488 202753 1162177 61 19 20  1  0  0
77  2 117032 66773220 1760416 14768216    0    0     0 736988 200916 1166229 63 18 18  1  0  0
13  4 117032 66767180 1760416 14768224    0    0     0 732040 202005 1178453 61 19 19  1  0  0
73  3 117032 66768896 1760416 14768232    0    0     0 687588 197193 1149077 62 18 20  1  0  0
69  3 117032 66771772 1760416 14768244    0    0     0 766924 196984 1126609 60 18 22  1  0  0
 3  7 117032 66778132 1760416 14768248    0    0     0 739728 201552 1155151 62 18 19  1  0  0
61  6 117032 66771164 1760424 14768264    0    0     0 708064 200060 1144220 61 18 20  1  0  0
15  4 117032 66769724 1760424 14768272    0    0     0 761800 204076 1154414 60 19 21  1  0  0
67  3 117032 66769084 1760424 14768280    0    0     0 734816 200781 1178842 62 18 19  1  0  0
39  6 117032 66762612 1760424 14768292    0    0     0 719764 201834 1179459 61 19 20  1  0  0
78  3 117032 66766060 1760424 14768308    0    0     0 746492 200348 1137895 61 18 20  1  0  0
38  4 117032 66770412 1760428 14768316    0    0     0 731288 202934 1169078 61 19 19  1  0  0
82  4 117032 66766556 1760428 14768324    0    0     0 719060 202419 1152157 62 18 19  1  0  0
procs -----------memory---------- ---swap-- -----io---- -system-- -------cpu-------
 r  b   swpd   free   buff  cache   si   so    bi    bo   in   cs us sy id wa st gu
13  4 117032 66769524 1760428 14768332    0    0     0 739144 202984 1167201 61 19 20  1  0  0
 7  5 117032 66776732 1760428 14768348    0    0     0 743048 201582 1143809 61 18 20  1  0  0
67  3 117032 66768396 1760428 14768364    0    0     0 737208 202162 1158956 60 19 20  1  0  0
47  5 117032 66768520 1760432 14768372    0    0     0 689072 200728 1154911 62 19 19  1  0  0
17  2 117032 66770344 1760432 14768380    0    0     0 731760 195116 1112119 60 18 21  1  0  0
67  5 117032 66772340 1760432 14768388    0    0     0 744684 202104 1161736 61 18 21  1  0  0
 5  4 117032 66772140 1760432 14768400    0    0     0 709756 201161 1153521 62 18 20  1  0  0
62  4 117032 66768288 1760432 14768412    0    0     0 733268 199987 1109304 60 18 21  1  0  0
83  2 117032 66769848 1760432 14768420    0    0     0 766092 202389 1156760 62 19 19  1  0  0
 4  5 117032 66751180 1760436 14768468    0    0     0 720316 201357 1136092 61 19 20  1  0  0
 7  4 117032 66759860 1760436 14768476    0    0     0 728312 197655 1134949 61 18 20  1  0  0
21  3 117032 66771504 1760436 14768488    0    0     0 738596 202443 1172520 61 19 19  1  0  0
70  3 117032 66766780 1760436 14768500    0    0     0 731404 202131 1154641 62 19 19  1  0  0
80  2 117032 66770088 1760440 14768508    0    0     0 1372956 227421 1088640 55 17 28  1  0  0
19  4 117032 66772984 1760440 14768516    0    0     0 723808 202665 1173060 63 19 18  0  0  0
 9  2 117032 66777892 1760440 14768528    0    0     0 737812 202235 1160818 61 19 20  1  0  0
14  4 117032 66776844 1760440 14768536    0    0     0 673332 197324 1149624 62 18 19  1  0  0
10  4 117032 66767428 1760440 14768548    0    0     0 778872 196537 1107777 59 17 22  1  0  0
72  5 117032 66766788 1760444 14768556    0    0     0 745780 201803 1162270 63 18 18  1  0  0
 7  3 117032 66764028 1760444 14768564    0    0     0 675520 198699 1144494 60 19 21  1  0  0
21  3 117032 66764152 1760444 14768576    0    0     0 775524 202542 1117478 60 18 22  1  0  0
procs -----------memory---------- ---swap-- -----io---- -system-- -------cpu-------
 r  b   swpd   free   buff  cache   si   so    bi    bo   in   cs us sy id wa st gu
71  5 117032 66764252 1760444 14768584    0    0     0 747508 201374 1154305 62 18 19  1  0  0
80  6 117032 66768612 1760444 14768596    0    0     0 718964 202535 1174724 62 19 19  1  0  0
 4  5 117032 66764332 1760444 14768608    0    0     0 725572 197593 1123600 61 18 20  1  0  0
76  6 117032 66767020 1760452 14768620    0    0     0 759084 204606 1176874 61 19 19  1  0  0
74  4 117032 66768400 1760452 14768628    0    0     0 721452 200534 1163859 63 18 19  1  0  0
36  5 117032 66764168 1760452 14768632    0    0     0 733892 201713 1168797 61 18 20  1  0  0
70  5 117032 66768636 1760452 14768644    0    0     0 747712 203580 1152201 62 18 19  1  0  0
 8  3 117032 66764204 1760452 14768652    0    0     0 718492 202146 1161564 61 19 20  1  0  0
 7  3 117032 66767544 1760452 14768660    0    0     0 735672 202168 1149611 62 19 19  1  0  0
77  3 117032 66758464 1760452 14768672    0    0     0 654480 198720 1129595 59 18 22  1  0  0
75  4 117032 66747944 1760452 14768680    0    0     0 786792 198960 1114969 60 17 22  1  0  0
63  5 117032 66749888 1760452 14768692    0    0     0 740684 201477 1168918 62 18 19  1  0  0
85  2 117032 66752660 1760452 14768704    0    0     0 707624 197968 1112887 59 18 22  1  0  0
 6  6 117032 66763592 1760460 14768716    0    0     0 785704 202587 1161140 62 18 20  1  0  0
80  2 117032 66768976 1760460 14768724    0    0     0 726276 201699 1169305 61 19 20  1  0  0
12  4 117032 66768468 1760460 14768736    0    0     0 718840 199398 1160225 63 18 19  1  0  0
87  2 117032 66774336 1760460 14768744    0    0     0 755348 199676 1154801 60 18 21  1  0  0
32  3 117032 66769692 1760460 14768824    0    0     0 743572 201763 1162524 63 18 18  1  0  0
80  3 117032 66764524 1760464 14768836    0    0     0 712144 201389 1167830 61 19 20  1  0  0
80  5 117032 66777032 1760464 14768844    0    0     0 759244 203719 1148255 62 18 19  1  0  0
 8  3 117032 66767368 1760464 14768852    0    0     0 724864 201829 1174360 61 19 20  1  0  0
procs -----------memory---------- ---swap-- -----io---- -system-- -------cpu-------
 r  b   swpd   free   buff  cache   si   so    bi    bo   in   cs us sy id wa st gu
33  3 117032 66763536 1760464 14768860    0    0     0 740416 201218 1147079 62 18 19  1  0  0
25  3 117032 66767864 1760464 14768876    0    0     0 673468 199478 1162567 60 19 20  1  0  0
69  5 117032 66760564 1760472 14768880    0    0     0 727884 199449 1119291 60 18 22  1  0  0
53  4 117032 66769124 1760472 14768888    0    0     0 766992 198444 1122276 60 18 21  1  0  0
26  4 117032 66764472 1760472 14768896    0    0     0 704200 199181 1130466 61 18 20  1  0  0
85  4 117032 66756636 1760472 14768904    0    0     0 753568 200855 1125879 60 18 21  1  0  0
79  4 117032 66756672 1760472 14768920    0    0     0 759528 201230 1168490 62 19 19  1  0  0
 8  2 117032 66763608 1760480 14768928    0    0     0 727784 201803 1155019 61 19 20  1  0  0
90  1 117032 66764404 1760480 14768940    0    0     0 724416 196765 1135314 62 18 20  1  0  0
 7  4 117032 66766908 1760480 14768948    0    0     0 1371936 225854 1076156 54 17 27  1  0  0
19  4 117032 66771048 1760480 14768956    0    0     0 731532 201347 1160619 62 18 19  1  0  0
79  4 117032 66775160 1760480 14768972    0    0     0 739368 203155 1153411 61 19 20  1  0  0
10  3 117032 66764736 1760484 14768976    0    0     0 732368 200835 1151898 62 18 19  1  0  0
 8  5 117032 66769668 1760484 14768984    0    0     0 744724 202129 1166251 60 19 20  1  0  0
 9  4 117032 66765272 1760484 14769000    0    0     0 673600 195967 1142706 61 18 21  1  0  0
70  3 117032 66767972 1760484 14769012    0    0     0 790104 199736 1125648 60 18 21  1  0  0
 7  3 117032 66765116 1760484 14769024    0    0     0 734152 201604 1157273 62 19 19  1  0  0
48  2 117032 66758932 1760488 14769032    0    0     0 656620 198613 1157724 61 18 20  1  0  0
51  5 117032 66758628 1760488 14769040    0    0     0 794852 202953 1120014 60 18 22  1  0  0
75  3 117032 66761244 1760488 14769044    0    0     0 749936 200712 1160865 62 18 20  1  0  0
28  2 117032 66771696 1760488 14769056    0    0     0 717040 201453 1171921 61 19 20  1  0  0
procs -----------memory---------- ---swap-- -----io---- -system-- -------cpu-------
 r  b   swpd   free   buff  cache   si   so    bi    bo   in   cs us sy id wa st gu
74  2 117032 66767120 1760488 14769060    0    0     0 754664 198996 1151796 62 18 19  1  0  0
67  2 117032 66774300 1760488 14769080    0    0     0 737048 204289 1188992 62 19 19  1  0  0
73  4 117032 66771456 1760488 14769088    0    0     0 715036 202124 1165377 63 18 18  1  0  0
63  2 117032 66769104 1760488 14769096    0    0     0 715748 200639 1152152 60 18 21  1  0  0
32  4 117032 66767416 1760488 14769108    0    0     0 760216 203912 1158581 62 18 19  1  0  0
75  4 117032 66767536 1760488 14769120    0    0     0 719116 201421 1169233 61 19 20  1  0  0
37  5 117032 66760892 1760492 14769128    0    0     0 703820 201551 1155673 62 18 19  1  0  0
80  4 117032 66755632 1760492 14769136    0    0     0 655132 195401 1115536 60 18 22  1  0  0
26  4 117032 66759748 1760492 14769144    0    0     0 813436 201103 1115201 60 17 22  1  0  0
86  3 117032 66761496 1760492 14769156    0    0     0 740160 201531 1152922 62 18 19  1  0  0
 8  2 117032 66763480 1760492 14769164    0    0     0 662396 198019 1131945 59 18 22  1  0  0
64  6 117032 66774624 1760492 14769176    0    0     0 813672 206759 1148118 61 18 20  1  0  0
14  3 117032 66779356 1760496 14769184    0    0     0 717372 200259 1154830 62 18 19  1  0  0
31  3 117032 66771556 1760496 14769192    0    0     0 702700 200260 1150575 60 18 21  1  0  0
24  3 117032 66771436 1760496 14769208    0    0     0 785528 201580 1150889 62 18 19  1  0  0
24  4 117032 66772992 1760496 14769212    0    0     0 730664 202712 1173794 61 19 20  1  0  0
10  3 117032 66773288 1760496 14769224    0    0     0 727336 202227 1150822 62 19 18  1  0  0
82  5 117032 66771044 1760500 14769232    0    0     0 729296 201989 1157830 60 19 20  1  0  0
 6  4 117032 66765260 1760500 14769244    0    0     0 721008 201718 1151061 62 18 19  1  0  0
13  4 117032 66759976 1760500 14769252    0    0     0 767932 203208 1159153 62 18 19  1  0  0
35  4 117032 66758196 1760500 14769260    0    0     0 633904 196499 1133993 59 18 22  1  0  0
procs -----------memory---------- ---swap-- -----io---- -system-- -------cpu-------
 r  b   swpd   free   buff  cache   si   so    bi    bo   in   cs us sy id wa st gu
52  4 117032 66759860 1760500 14769264    0    0     0 800308 199238 1137590 61 18 21  1  0  0
19  6 117032 66772896 1760504 14769284    0    0     0 736480 203392 1177995 61 19 20  1  0  0
 2  6 117032 66761376 1760504 14769296    0    0     0 748920 202998 1163195 62 18 19  1  0  0
10  5 117032 66761048 1760504 14769304    0    0     0 651316 196891 1138887 60 19 21  1  0  0
20  3 117032 66763976 1760504 14769312    0    0     0 795520 205154 1148248 61 18 20  1  0  0
55  4 117032 66760556 1760504 14769324    0    0     0 712188 200306 1157006 60 18 21  1  0  0
 5  5 117032 66765192 1760504 14769336    0    0     0 759644 198655 1142863 61 18 20  1  0  0
 4  4 117032 66773916 1760504 14769344    0    0     0 730388 201578 1157812 61 19 20  1  0  0
86  4 117032 66774000 1760504 14769352    0    0     0 734844 201185 1155150 62 18 19  1  0  0
85  2 117032 66779388 1760504 14769360    0    0     0 705704 201396 1175037 61 19 20  1  0  0
72  2 117032 66782740 1760504 14769372    0    0     0 740664 201633 1166480 62 18 19  1  0  0
 9  2 117032 66776996 1760512 14769384    0    0     0 736900 201125 1155416 60 19 20  1  0  0
49  6 117032 66768056 1760512 14769392    0    0     0 645328 196211 1143374 61 18 20  1  0  0
29  5 117032 66760004 1760512 14769400    0    0     0 794532 202986 1119836 59 18 22  1  0  0
86  4 117032 66757824 1760512 14769476    0    0     0 754788 197645 1147174 62 18 19  1  0  0
82  3 117032 66768228 1760512 14769492    0    0     0 734988 199933 1152927 60 18 21  1  0  0
 8  4 117032 66768288 1760520 14769504    0    0     0 708160 201374 1151383 62 18 19  1  0  0
51  5 117032 66767056 1760520 14769512    0    0     0 690984 197333 1139190 61 18 20  1  0  0
32  5 117032 66764976 1760520 14769520    0    0     0 800276 202568 1177718 62 18 19  1  0  0
 6  4 117032 66764732 1760520 14769528    0    0     0 721280 198980 1153596 60 18 21  1  0  0
49  1 117032 66766544 1760520 14769540    0    0     0 764264 200566 1163556 63 18 19  1  0  0
procs -----------memory---------- ---swap-- -----io---- -system-- -------cpu-------
 r  b   swpd   free   buff  cache   si   so    bi    bo   in   cs us sy id wa st gu
46  3 117032 66757900 1760524 14769552    0    0     0 717184 200888 1169611 61 19 20  1  0  0
56  4 117032 66757140 1760524 14769560    0    0     0 734192 201114 1185178 62 19 18  1  0  0
60  3 117032 66753900 1760524 14769568    0    0     0 708716 200826 1161069 60 18 21  1  0  0
43  4 117032 66764404 1760524 14769576    0    0     0 765192 203124 1169070 62 18 19  1  0  0
78  3 117032 66771244 1760524 14769588    0    0     0 689760 199212 1152669 60 18 21  1  0  0
75  4 117032 66756708 1760532 14769600    0    0     0 721492 200496 1128207 61 18 20  1  0  0
 6  4 117032 66759316 1760532 14769608    0    0     0 738308 201231 1134567 61 18 20  1  0  0
 9  5 117032 66764164 1760532 14769616    0    0     0 768460 199979 1127250 61 18 21  1  0  0
84  2 117032 66767884 1760532 14769624    0    0     0 757656 204417 1172199 61 19 20  1  0  0
 5  4 117032 66763896 1760532 14769632    0    0     0 626828 195760 1135090 62 18 20  1  0  0
77  3 117032 66770252 1760540 14769648    0    0     0 797448 204465 1137254 61 18 21  1  0  0
18  5 117032 66767740 1760540 14769648    0    0     0 740052 201879 1155411 61 18 20  1  0  0
77  6 117032 66762436 1760540 14769668    0    0     0 678952 197908 1137305 61 18 20  1  0  0
11  3 117032 66768928 1760540 14769680    0    0     0 819020 203825 1143500 62 18 20  1  0  0
83  5 117032 66763384 1760540 14769688    0    0     0 722436 201484 1181571 61 19 19  1  0  0
45  5 117032 66770296 1760544 14769700    0    0     0 715496 199357 1155175 62 18 19  1  0  0
12  4 117032 66771956 1760544 14769708    0    0     0 1361200 225730 1088499 55 17 26  1  0  0
 3  5 117032 66768064 1760544 14769720    0    0     0 674968 198560 1156299 62 18 19  1  0  0
67  5 117032 66762452 1760544 14769728    0    0     0 771844 200361 1140834 60 18 21  1  0  0
76  4 117032 66758780 1760544 14769736    0    0     0 692352 197919 1138764 61 18 20  1  0  0
 3  5 117032 66763400 1760548 14769748    0    0     0 802320 201369 1134825 61 18 20  1  0  0
procs -----------memory---------- ---swap-- -----io---- -system-- -------cpu-------
 r  b   swpd   free   buff  cache   si   so    bi    bo   in   cs us sy id wa st gu
 7  3 117032 66762440 1760548 14769756    0    0     0 742052 202136 1186744 62 19 19  1  0  0
13  4 117032 66765300 1760548 14769772    0    0     0 632780 194799 1127567 61 18 20  1  0  0
 2  5 117032 66768508 1760548 14769780    0    0     0 810780 203489 1148960 61 18 20  1  0  0
79  3 117032 66769240 1760548 14769788    0    0     0 703164 199167 1159022 60 19 21  1  0  0
79  2 117032 66764596 1760556 14769796    0    0     0 793756 201804 1139375 62 18 19  1  0  0
16  2 117032 66772372 1760556 14769804    0    0     0 725860 203446 1183133 62 19 19  0  0  0
41  4 117032 66762744 1760556 14769816    0    0     0 731060 203554 1173675 63 18 18  1  0  0
88  3 117032 66760016 1760556 14769824    0    0     0 698816 200155 1160358 61 19 20  1  0  0
77  7 117032 66764088 1760556 14769832    0    0     0 760748 201883 1182034 62 19 19  1  0  0
56  0 117032 66764380 1760564 14769844    0    0     0 751104 204290 1188520 61 19 19  1  0  0
 6  5 117032 66759776 1760564 14769852    0    0     0 619024 193514 1140871 62 18 20  1  0  0
87  3 117032 66757640 1760564 14769864    0    0     0 779232 199769 1127168 60 18 22  1  0  0
 7  3 117032 66755656 1760564 14769872    0    0     0 760164 197307 1125070 61 18 21  1  0  0
56  4 117032 66760288 1760564 14769880    0    0     0 773968 203150 1155543 62 18 19  1  0  0
 8  3 117032 66762304 1760572 14769888    0    0     0 698756 199502 1166110 61 19 20  1  0  0
 6  5 117032 66760856 1760572 14769900    0    0     0 690160 197263 1134992 61 18 21  1  0  0
 5  3 117032 66759244 1760572 14769912    0    0     0 779136 202613 1150153 61 18 20  1  0  0
57  5 117032 66768804 1760572 14769920    0    0     0 754496 198637 1147684 62 18 19  1  0  0
83  0 117032 66768936 1760572 14769928    0    0     0 744604 202654 1170561 61 19 20  1  0  0
10  2 117032 66764980 1760576 14769932    0    0     0 730684 200399 1149875 62 18 20  1  0  0
24  1 117032 66764776 1760576 14769952    0    0     0 727732 202540 1183091 61 19 20  0  0  0
procs -----------memory---------- ---swap-- -----io---- -system-- -------cpu-------
 r  b   swpd   free   buff  cache   si   so    bi    bo   in   cs us sy id wa st gu
15  3 117032 66764916 1760576 14769956    0    0     0 722880 199385 1152924 62 18 19  1  0  0
59  4 117032 66768216 1760576 14769972    0    0     0 728344 200959 1155914 60 18 21  1  0  0
22  3 117032 66768500 1760576 14769980    0    0     0 692208 197807 1141777 61 18 20  1  0  0
76  5 117032 66765152 1760580 14769988    0    0     0 728944 199033 1122334 60 18 22  1  0  0
41  4 117032 66758164 1760580 14770004    0    0     0 710196 197870 1115372 60 18 22  1  0  0
75  5 117032 66759464 1760580 14770012    0    0     0 796804 200501 1139384 60 18 21  1  0  0
72  0 117032 66767000 1760580 14770020    0    0     0 741164 203415 1161451 61 19 20  1  0  0
33  4 117032 66756556 1760580 14770028    0    0     0 641300 194343 1134122 61 18 20  1  0  0
71  4 117032 66754792 1760584 14770044    0    0     0 808044 203524 1140623 60 18 21  1  0  0
 9  5 117032 66763108 1760584 14770056    0    0     0 721648 199139 1161852 61 18 20  1  0  0
72  0 117032 66765396 1760584 14770064    0    0     0 758632 199474 1140622 62 18 20  1  0  0
67  0 117032 66760432 1760584 14770136    0    0     0 727940 202798 1154988 60 19 20  1  0  0
72  0 117032 66765456 1760584 14770148    0    0     0 737924 200718 1157876 62 18 19  1  0  0
73  0 117032 66770952 1760592 14770152    0    0     0 728480 201228 1172084 60 19 20  1  0  0
87  2 117032 66775468 1760592 14770172    0    0     0 734216 200619 1155124 62 18 19  1  0  0
66  0 117032 66768388 1760592 14770180    0    0     0 730048 202597 1163563 60 19 20  1  0  0
10  2 117032 66765168 1760592 14770188    0    0     0 652576 196389 1129675 61 18 21  1  0  0
 5  5 117032 66763848 1760592 14770200    0    0     0 805372 204750 1125798 60 18 21  1  0  0
67  1 117032 66763344 1760592 14770204    0    0     0 728120 199215 1162368 63 18 18  1  0  0
72  0 117032 66764452 1760592 14770216    0    0     0 729076 202334 1174037 61 19 20  1  0  0
31  3 117032 66765860 1760592 14770224    0    0     0 778640 203698 1162637 62 18 19  1  0  0
procs -----------memory---------- ---swap-- -----io---- -system-- -------cpu-------
 r  b   swpd   free   buff  cache   si   so    bi    bo   in   cs us sy id wa st gu
66  0 117032 66769664 1760592 14770232    0    0     0 1302568 221548 1059995 54 16 28  1  0  0
71  0 117032 66773488 1760592 14770240    0    0     0 727628 197953 1169445 63 18 18  1  0  0
67  0 117032 66769844 1760592 14770252    0    0     0 728332 200906 1173458 61 19 20  1  0  0
74  0 117032 66767500 1760596 14770260    0    0     0 734360 200694 1157691 62 18 19  1  0  0
70  1 117032 66770220 1760596 14770272    0    0     0 729172 202368 1176000 62 19 19  1  0  0
67  0 117032 66775664 1760596 14770280    0    0     0 733856 202512 1153125 63 18 19  1  0  0
69  1 117032 66778740 1760596 14770292    0    0     0 730064 202777 1184647 61 19 20  1  0  0
67  0 117032 66773032 1760596 14770300    0    0     0 735888 200894 1153465 62 18 20  1  0  0
 6  4 117032 66771436 1760600 14770308    0    0     0 713068 199809 1140958 59 18 22  1  0  0
67  5 117032 66766132 1760600 14770320    0    0     0 729596 200651 1131947 61 18 21  1  0  0
70  0 117032 66761856 1760600 14770328    0    0     0 747860 199695 1138265 61 18 20  1  0  0
69  0 117032 66768908 1760600 14770344    0    0     0 730384 203435 1200690 62 19 19  1  0  0
73  0 117032 66756060 1760600 14770352    0    0     0 739708 200144 1153166 62 19 19  1  0  0
71  6 117032 66762536 1760604 14770360    0    0     0 716472 199137 1123043 59 18 23  1  0  0
85  2 117032 66766300 1760604 14770368    0    0     0 734140 200529 1136848 61 18 20  1  0  0
72  0 117032 66775368 1760604 14770380    0    0     0 732884 200602 1141880 62 18 19  1  0  0
64  1 117032 66776948 1760604 14770388    0    0     0 727660 203419 1175829 61 19 20  1  0  0
70  0 117032 66772768 1760604 14770396    0    0     0 735976 202842 1163272 62 19 18  1  0  0
70  0 117032 66778872 1760608 14770404    0    0     0 729020 202799 1164856 61 19 20  1  0  0
69  0 117032 66765448 1760608 14770416    0    0     0 733936 202506 1156839 62 19 18  1  0  0
69  1 117032 66770080 1760608 14770428    0    0     0 728056 202109 1155014 60 18 21  1  0  0
procs -----------memory---------- ---swap-- -----io---- -system-- -------cpu-------
 r  b   swpd   free   buff  cache   si   so    bi    bo   in   cs us sy id wa st gu
71  0 117032 66763748 1760608 14770436    0    0     0 730396 200858 1123476 61 18 21  1  0  0
 3  5 117032 66759504 1760608 14770448    0    0     0 692544 198632 1121625 60 18 21  1  0  0
72  1 117032 66765684 1760616 14770456    0    0     0 758252 200188 1110478 60 18 21  1  0  0
72  0 117032 66769532 1760616 14770472    0    0     0 733156 202076 1143646 62 18 19  1  0  0
63  1 117032 66768900 1760616 14770480    0    0     0 728492 202275 1165271 61 19 20  1  0  0
74  3 117032 66761636 1760616 14770488    0    0     0 704496 198281 1123406 60 18 21  1  0  0
69  1 117032 66773284 1760616 14770500    0    0     0 763812 200684 1133716 61 18 21  1  0  0
70  0 117032 66766792 1760620 14770508    0    0     0 726556 198207 1156554 62 18 19  1  0  0
69  1 117032 66771900 1760620 14770528    0    0     0 728372 201093 1158944 60 19 20  1  0  0
75  0 117032 66763052 1760620 14770536    0    0     0 738356 199972 1161999 62 18 19  1  0  0
71  0 117032 66769844 1760620 14770540    0    0     0 728276 202671 1171318 61 19 20  1  0  0
68  0 117032 66769256 1760620 14770548    0    0     0 736332 199631 1143021 62 18 19  1  0  0
66  0 117032 66766148 1760628 14770556    0    0     0 725812 201144 1167159 61 19 20  1  0  0
68  1 117032 66769180 1760628 14770572    0    0     0 732120 200980 1140893 62 18 19  1  0  0
78  0 117032 66767340 1760628 14770580    0    0     0 723876 199357 1136469 59 18 22  1  0  0
71  0 117032 66765912 1760628 14770588    0    0     0 728912 199975 1120424 61 18 20  1  0  0
67  0 117032 66765180 1760628 14770596    0    0     0 724692 199603 1145879 62 18 19  1  0  0
68  0 117032 66769804 1760636 14770604    0    0     0 727548 201883 1155438 60 19 20  1  0  0
71  1 117032 66769880 1760636 14770616    0    0     0 730344 200339 1124579 60 18 21  1  0  0
69  1 117032 66766480 1760636 14770628    0    0     0 728136 200519 1133094 61 18 21  1  0  0
72  1 117032 66762008 1760636 14770636    0    0     0 734772 200136 1156401 61 18 20  1  0  0
procs -----------memory---------- ---swap-- -----io---- -system-- -------cpu-------
 r  b   swpd   free   buff  cache   si   so    bi    bo   in   cs us sy id wa st gu
73  0 117032 66762056 1760636 14770648    0    0     0 730228 197325 1157866 62 18 19  1  0  0
70  0 117032 66765388 1760640 14770660    0    0     0 726868 201796 1164681 61 19 20  1  0  0
76  2 117032 66768040 1760640 14770668    0    0     0 891328 207127 1147491 61 18 20  1  0  0
65  1 117032 66763612 1760640 14770680    0    0     0 1198096 219487 1084000 56 17 26  1  0  0
65  0 117032 66758992 1760640 14770688    0    0     0 736968 201376 1163887 62 19 19  1  0  0
71  0 117032 66755552 1760640 14770696    0    0     0 726944 200998 1153610 60 18 21  1  0  0
76  0 117032 66758032 1760644 14770704    0    0     0 732528 199982 1116433 59 18 22  1  0  0
77  0 117032 66755556 1760644 14770712    0    0     0 721576 197183 1140856 61 18 20  1  0  0
74  0 117032 66774912 1760644 14770812    0    0     0 738588 201635 1174966 63 19 18  1  0  0
75  0 117032 66771400 1760644 14770820    0    0     0 730676 202324 1187115 61 19 19  0  0  0
71  0 117032 66766256 1760644 14770832    0    0     0 739112 199283 1137581 61 18 20  1  0  0
72  0 117032 66763140 1760644 14770840    0    0     0 740200 201371 1163968 62 19 19  1  0  0
74  0 117032 66761624 1760644 14770852    0    0     0 725620 199000 1130299 60 18 22  1  0  0
72  0 117032 66758392 1760644 14770864    0    0     0 735124 199226 1178564 63 19 18  1  0  0
68  1 117032 66760300 1760644 14770872    0    0     0 728664 201970 1175990 61 19 20  1  0  0
71  0 117032 66773912 1760644 14770884    0    0     0 741816 202149 1179223 63 19 18  1  0  0
72  1 117032 66768208 1760644 14770892    0    0     0 729140 201991 1164119 60 19 21  1  0  0
67  0 117032 66766964 1760652 14770900    0    0     0 738944 201325 1161568 62 18 19  1  0  0
71  0 117032 66766584 1760652 14770912    0    0     0 729688 201573 1168060 61 19 20  1  0  0
70  0 117032 66769064 1760652 14770924    0    0     0 730912 199746 1116777 60 18 22  1  0  0
77  0 117032 66765628 1760652 14770932    0    0     0 721864 197123 1119371 61 18 21  1  0  0
procs -----------memory---------- ---swap-- -----io---- -system-- -------cpu-------
 r  b   swpd   free   buff  cache   si   so    bi    bo   in   cs us sy id wa st gu
70  0 117032 66767524 1760652 14770940    0    0     0 732920 201148 1151484 61 18 20  1  0  0
73  0 117032 66765880 1760660 14770948    0    0     0 738488 201676 1147384 62 18 19  1  0  0
70  0 117032 66772536 1760660 14770960    0    0     0 726444 201606 1159063 60 19 20  1  0  0
68  0 117032 66762560 1760660 14770972    0    0     0 733492 199796 1131713 61 18 20  1  0  0
68  0 117032 66766540 1760660 14770980    0    0     0 735068 198761 1147341 62 18 20  1  0  0
69  0 117032 66764916 1760660 14770988    0    0     0 720896 198596 1148278 61 18 20  1  0  0
68  0 117032 66769596 1760660 14770996    0    0     0 735876 201846 1161312 62 18 19  1  0  0
70  0 117032 66770588 1760660 14771008    0    0     0 729296 201689 1164115 61 19 20  1  0  0
66  1 117032 66770520 1760660 14771020    0    0     0 736524 202253 1186619 63 18 18  1  0  0
73  0 117032 66767632 1760660 14771028    0    0     0 728464 200426 1163897 60 19 20  1  0  0
72  0 117032 66768856 1760660 14771040    0    0     0 734644 202076 1151318 62 18 19  1  0  0
74  0 117032 66766232 1760664 14771048    0    0     0 728748 201755 1165503 60 19 20  1  0  0
71  1 117032 66769264 1760664 14771056    0    0     0 726532 199079 1096253 59 17 23  1  0  0
70  1 117032 66764404 1760664 14771072    0    0     0 720668 197218 1117537 61 18 21  1  0  0
72  1 117032 66766336 1760664 14771080    0    0     0 735156 201726 1156300 62 18 19  1  0  0
71  0 117032 66767420 1760664 14771088    0    0     0 728776 202931 1185001 61 19 19  1  0  0
70  0 117032 66761420 1760668 14771100    0    0     0 730140 197726 1105124 60 18 22  1  0  0
65  1 117032 66762056 1760668 14771112    0    0     0 731840 201708 1158332 62 18 19  1  0  0
70  1 117032 66766820 1760668 14771124    0    0     0 725664 200415 1145604 60 18 21  1  0  0
75  0 117032 66765376 1760668 14771132    0    0     0 726640 197658 1138398 62 18 19  1  0  0
71  1 117032 66759768 1760668 14771136    0    0     0 731188 203227 1181307 62 19 19  1  0  0
procs -----------memory---------- ---swap-- -----io---- -system-- -------cpu-------
 r  b   swpd   free   buff  cache   si   so    bi    bo   in   cs us sy id wa st gu
66  0 117032 66763236 1760668 14771144    0    0     0 738508 202236 1157193 62 18 19  1  0  0
72  0 117032 66762284 1760668 14771160    0    0     0 729132 201910 1175476 61 19 20  1  0  0
75  0 117032 66764832 1760668 14771172    0    0     0 733828 202076 1144391 62 18 19  1  0  0
69  0 117032 66765272 1760668 14771180    0    0     0 730004 202931 1177357 62 19 19  0  0  0
71  0 117032 66768428 1760668 14771188    0    0     0 730504 199333 1117924 60 18 22  1  0  0
71  1 117032 66760580 1760672 14771200    0    0     0 733716 198686 1126168 60 18 22  1  0  0
66  1 117032 66754564 1760672 14771208    0    0     0 733268 197206 1152130 62 18 19  1  0  0
77  0 117032 66759072 1760672 14771220    0    0     0 733772 200404 1170720 61 19 20  1  0  0
74  0 117032 66755880 1760672 14771228    0    0     0 737752 199037 1134183 61 18 20  1  0  0
66  0 117032 66753428 1760672 14771236    0    0     0 739240 200123 1142463 61 18 20  1  0  0
72  1 117032 66762196 1760676 14771248    0    0     0 741012 201746 1175112 63 18 18  1  0  0
74  0 117032 66757816 1760676 14771256    0    0     0 730168 197460 1136258 59 18 22  1  0  0
69  0 117032 66765384 1760676 14771268    0    0     0 733112 198406 1168262 63 19 18  1  0  0
69  0 117032 66760472 1760676 14771276    0    0     0 735160 200586 1177193 61 19 19  1  0  0
72  0 117032 66762804 1760676 14771284    0    0     0 738840 199843 1148297 61 18 20  1  0  0
69  0 117032 66754060 1760684 14771296    0    0     0 740368 200387 1158905 62 19 19  1  0  0
68  1 117032 66752616 1760684 14771300    0    0     0 734688 200315 1166396 60 19 20  1  0  0
69  0 117032 66758916 1760684 14771312    0    0     0 739300 199565 1156601 63 18 18  1  0  0
67  1 117032 66761196 1760684 14771320    0    0     0 728340 197601 1115215 58 18 23  1  0  0
70  1 117032 66756000 1760684 14771336    0    0     0 737168 199115 1133316 60 18 21  1  0  0
68  1 117032 66764096 1760684 14771344    0    0     0 732892 198145 1146075 62 18 19  1  0  0
procs -----------memory---------- ---swap-- -----io---- -system-- -------cpu-------
 r  b   swpd   free   buff  cache   si   so    bi    bo   in   cs us sy id wa st gu
72  0 117032 66763428 1760692 14771352    0    0     0 732688 199218 1172110 61 18 20  1  0  0
69  0 117032 66754300 1760692 14771364    0    0     0 738476 197529 1115498 60 18 22  1  0  0
71  1 117032 66759380 1760692 14771376    0    0     0 740412 199763 1159919 62 18 20  1  0  0
71  0 117032 66758248 1760692 14771388    0    0     0 733820 199576 1164222 61 18 20  1  0  0
70  0 117032 66766568 1760708 14771380    0    0     0 722888 196718 1135168 63 18 19  1  0  0
71  0 117032 66762604 1760708 14771468    0    0     0 736688 201158 1206927 62 18 19  1  0  0
73  0 117032 66759436 1760708 14771476    0    0     0 737984 201059 1174685 61 19 20  1  0  0
74  0 117032 66767552 1760708 14771488    0    0     0 741360 201254 1181768 63 18 18  1  0  0
71  0 117032 66761016 1760708 14771500    0    0     0 737168 201722 1182363 61 19 20  1  0  0
72  0 117032 66758020 1760708 14771508    0    0     0 739468 199254 1149360 61 18 20  1  0  0
69  0 117032 66759072 1760712 14771516    0    0     0 737456 199681 1143737 61 18 20  1  0  0
73  1 117032 66757356 1760712 14771528    0    0     0 733704 197651 1116853 59 18 22  1  0  0
70  0 117032 66757328 1760712 14771540    0    0     0 731696 197082 1158000 62 18 19  1  0  0
74  0 117032 66763656 1760712 14771548    0    0     0 732856 200893 1167868 61 19 20  1  0  0
73  0 117032 66753212 1760712 14771556    0    0     0 739824 200294 1148023 61 18 20  1  0  0
72  0 117032 66745480 1760720 14771564    0    0     0 739372 199122 1141962 61 18 20  1  0  0
68  0 117032 66744996 1760720 14771572    0    0     0 740288 200699 1154427 62 18 20  1  0  0
69  1 117032 66751112 1760720 14771588    0    0     0 727692 198094 1135868 59 18 22  1  0  0
75  0 117032 66758340 1760720 14771596    0    0     0 734256 198446 1172962 62 18 19  1  0  0
76  0 117032 66757824 1760720 14771604    0    0     0 737716 201905 1196140 62 18 19  1  0  0
68  0 117032 66762572 1760720 14771612    0    0     0 741296 201722 1167889 63 18 18  1  0  0
procs -----------memory---------- ---swap-- -----io---- -system-- -------cpu-------
 r  b   swpd   free   buff  cache   si   so    bi    bo   in   cs us sy id wa st gu
71  0 117032 66761372 1760720 14771620    0    0     0 736852 200370 1165148 60 18 21  1  0  0
65  0 117032 66769232 1760720 14771636    0    0     0 741964 200253 1172331 63 19 18  0  0  0
69  0 117032 66762052 1760720 14771644    0    0     0 738944 199230 1169017 60 18 21  1  0  0
69  0 117032 66762892 1760720 14771656    0    0     0 736436 197970 1138791 61 18 21  1  0  0
72  0 117032 66754832 1760728 14771664    0    0     0 732780 196217 1100292 59 17 23  1  0  0
76  0 117032 66756332 1760728 14771676    0    0     0 729856 197579 1148170 62 18 19  1  0  0
69  1 117032 66761696 1760728 14771688    0    0     0 738908 200650 1162869 62 18 19  1  0  0
74  0 117032 66757148 1760728 14771696    0    0     0 733024 199690 1138304 59 18 21  1  0  0
74  0 117032 66754536 1760728 14771708    0    0     0 738536 209451 1135691 60 18 21  1  0  0
69  0 117032 66755760 1760732 14771712    0    0     0 734092 200436 1147821 61 18 20  1  0  0
73  0 117032 66762056 1760732 14771724    0    0     0 731192 197663 1146342 61 18 20  1  0  0
78  0 117032 66764360 1760732 14771736    0    0     0 741608 201949 1176102 62 19 18  1  0  0
72  0 117032 66762492 1760732 14771744    0    0     0 735308 200099 1177695 61 19 20  1  0  0
67  1 117032 66762332 1760732 14771752    0    0     0 739720 200574 1149272 61 18 20  1  0  0
70  1 117032 66762064 1760736 14771764    0    0     0 735656 200194 1168798 60 18 21  1  0  0
49  0 117032 66759144 1760736 14771772    0    0     0 738228 201320 1145641 61 18 20  1  0  0
66  0 117032 66760388 1760736 14771780    0    0     0 729876 201673 1136337 61 18 20  1  0  0
69  1 117032 66767468 1760736 14771792    0    0     0 719788 196029 1062622 56 17 27  1  0  0
69  0 117032 66763392 1760736 14771800    0    0     0 727100 199374 1153898 62 18 20  1  0  0
69  1 117032 66763976 1760740 14771808    0    0     0 736788 201772 1174797 62 19 19  1  0  0
72  0 117032 66768848 1760740 14771820    0    0     0 729012 201596 1152721 61 19 20  1  0  0
procs -----------memory---------- ---swap-- -----io---- -system-- -------cpu-------
 r  b   swpd   free   buff  cache   si   so    bi    bo   in   cs us sy id wa st gu
71  0 117032 66767248 1760740 14771832    0    0     0 732848 198462 1114567 59 18 22  1  0  0
73  0 117032 66761244 1760740 14771848    0    0     0 735700 200161 1151110 61 18 20  1  0  0
73  0 117032 66756996 1760740 14771856    0    0     0 733040 198278 1129531 60 18 21  1  0  0
67  0 117032 66757440 1760748 14771868    0    0     0 730100 199311 1171074 63 19 18  1  0  0
73  0 117032 66754108 1760748 14771876    0    0     0 730052 202637 1164516 61 19 19  1  0  0
70  0 117032 66753632 1760748 14771880    0    0     0 737784 200917 1170562 63 18 19  1  0  0
74  0 117032 66752532 1760748 14771892    0    0     0 730308 201500 1163104 60 19 20  1  0  0
73  1 117032 66751692 1760748 14771900    0    0     0 735852 200887 1186049 63 18 18  1  0  0
83  3 117032 66754636 1760752 14771912    0    0     0 1110888 215968 1106455 57 18 25  1  0  0
68  0 117032 66755484 1760752 14771920    0    0     0 952592 204965 1081419 57 17 25  1  0  0
64  0 117032 66757080 1760752 14771928    0    0     0 732744 200884 1158589 62 18 19  1  0  0
73  1 117032 66757216 1760752 14771940    0    0     0 729352 201215 1173395 61 19 20  1  0  0
77  0 117032 66750924 1760752 14771952    0    0     0 728056 199173 1132278 61 18 21  1  0  0
74  1 117032 66757448 1760760 14771952    0    0     0 735156 200396 1148099 61 18 21  1  0  0
70  0 117032 66762268 1760760 14771968    0    0     0 730748 199940 1147955 61 18 20  1  0  0
73  0 117032 66763540 1760760 14771976    0    0     0 722148 198920 1146443 61 18 20  1  0  0
67  0 117032 66762424 1760760 14771988    0    0     0 733880 201130 1170373 62 18 19  1  0  0
72  0 117032 66764508 1760760 14772000    0    0     0 729684 202152 1166510 61 19 19  1  0  0
69  0 117032 66759212 1760760 14772012    0    0     0 735636 200038 1167342 62 18 19  1  0  0
71  0 117032 66758036 1760772 14772020    0    0     0 729856 199208 1149864 60 19 21  1  0  0
69  0 117032 66758336 1760772 14772028    0    0     0 737184 200996 1163277 62 18 19  1  0  0
procs -----------memory---------- ---swap-- -----io---- -system-- -------cpu-------
 r  b   swpd   free   buff  cache   si   so    bi    bo   in   cs us sy id wa st gu
69  0 117032 66759560 1760772 14772044    0    0     0 725192 200029 1137228 60 18 21  1  0  0
69  0 117032 66759732 1760776 14772052    0    0     0 721032 196060 1099826 59 18 23  1  0  0
72  0 117032 66764536 1760776 14772124    0    0     0 703704 189024 1105777 61 17 21  1  0  0
71  0 117032 66758084 1760776 14772132    0    0     0 710052 191658 1108699 60 17 22  1  0  0
72  0 117032 66759052 1760776 14772140    0    0     0 711160 191558 1102610 60 18 22  1  0  0
68  1 117032 66752824 1760776 14772152    0    0     0 710768 191315 1083939 59 17 23  1  0  0
75  1 117032 66749948 1760776 14772164    0    0     0 717284 194100 1123235 61 18 21  1  0  0
74  0 117032 66744468 1760776 14772172    0    0     0 725424 198158 1103122 60 18 21  1  0  0
73  0 117032 66753032 1760776 14772180    0    0     0 733464 198885 1146831 61 18 20  1  0  0
70  0 117032 66756796 1760776 14772192    0    0     0 732364 199788 1135800 62 18 20  1  0  0
73  0 117032 66758088 1760776 14772204    0    0     0 724240 198221 1122225 59 18 22  1  0  0
70  0 117032 66757916 1760776 14772220    0    0     0 730944 197723 1121961 60 18 21  1  0  0
71  0 117032 66752060 1760776 14772228    0    0     0 732512 197957 1143567 61 18 20  1  0  0
 5  0 117032 66751608 1760776 14772236    0    0     0 734204 199289 1155838 61 18 20  1  0  0
73  0 117032 66756392 1760776 14772244    0    0     0 728392 202678 1178395 62 18 19  1  0  0
71  0 117032 66753148 1760776 14772256    0    0     0 727732 197171 1095352 59 17 23  1  0  0
70  0 117032 66748384 1760780 14772268    0    0     0 732080 199381 1166307 62 18 19  1  0  0
70  0 117032 66755424 1760780 14772276    0    0     0 729860 202451 1171740 62 18 19  1  0  0
69  1 117032 66756380 1760780 14772284    0    0     0 733400 199828 1150518 61 18 20  1  0  0
68  1 117032 66757048 1760780 14772296    0    0     0 735724 199944 1150220 61 18 20  1  0  0
72  0 117032 66750960 1760780 14772304    0    0     0 734808 199970 1150144 61 19 20  1  0  0
procs -----------memory---------- ---swap-- -----io---- -system-- -------cpu-------
 r  b   swpd   free   buff  cache   si   so    bi    bo   in   cs us sy id wa st gu
68  0 117032 66760796 1760784 14772316    0    0     0 733780 201260 1168841 62 19 18  1  0  0
70  0 117032 66759732 1760784 14772324    0    0     0 731488 201676 1185205 62 19 19  1  0  0
65  1 117032 66753256 1760784 14772332    0    0     0 732652 201728 1170381 63 19 18  1  0  0
69  0 117032 66753624 1760784 14772344    0    0     0 730288 201147 1165778 61 19 19  1  0  0
73  0 117032 66747532 1760784 14772352    0    0     0 734152 201114 1160032 62 18 19  1  0  0
71  0 117032 66749704 1760788 14772360    0    0     0 731644 201691 1177498 62 19 19  1  0  0
73  1 117032 66745132 1760788 14772372    0    0     0 733232 199084 1144015 61 18 20  1  0  0
77  0 117032 66748332 1760788 14772384    0    0     0 732644 198118 1137002 61 18 20  1  0  0
73  0 117032 66754448 1760788 14772396    0    0     0 727308 196218 1119597 60 17 22  1  0  0
75  1 117032 66753120 1760788 14772404    0    0     0 736288 200933 1158939 62 19 19  1  0  0
69  0 117032 66759724 1760792 14772416    0    0     0 730588 200344 1162250 62 18 20  1  0  0
69  1 117032 66754168 1760792 14772424    0    0     0 732812 198682 1123975 60 18 21  1  0  0
69  0 117032 66751392 1760792 14772436    0    0     0 730464 198999 1137325 61 18 20  1  0  0
71  0 117032 66753228 1760792 14772444    0    0     0 738300 199582 1159531 61 18 20  1  0  0
67  0 117032 66758068 1760792 14772452    0    0     0 734396 199740 1141655 62 18 20  1  0  0
70  1 117032 66754824 1760800 14772456    0    0     0 730360 201739 1172067 61 19 20  1  0  0
72  1 117032 66762616 1760800 14772472    0    0     0 734008 202315 1179729 63 19 18  1  0  0
68  0 117032 66765972 1760800 14772480    0    0     0 729520 201057 1180470 61 19 20  1  0  0
68  0 117032 66762696 1760800 14772488    0    0     0 730500 200064 1150868 62 18 19  1  0  0
70  0 117032 66762312 1760800 14772496    0    0     0 725816 200747 1148070 61 19 20  1  0  0
69  0 117032 66756308 1760800 14772504    0    0     0 732896 201272 1166850 62 18 19  1  0  0
procs -----------memory---------- ---swap-- -----io---- -system-- -------cpu-------
 r  b   swpd   free   buff  cache   si   so    bi    bo   in   cs us sy id wa st gu
71  0 117032 66756996 1760808 14772512    0    0     0 720920 196834 1113656 58 18 23  1  0  0
66  1 117032 66758856 1760808 14772532    0    0     0 726180 197511 1136863 61 18 21  1  0  0
67  0 117032 66750100 1760808 14772540    0    0     0 736008 200656 1163817 61 18 20  1  0  0
75  0 117032 66757844 1760808 14772548    0    0     0 729356 200737 1174319 61 19 20  1  0  0
74  0 117032 66756972 1760808 14772556    0    0     0 729116 199273 1126429 61 18 21  1  0  0
69  0 117032 66750964 1760812 14772572    0    0     0 728292 199097 1119695 61 18 20  1  0  0
74  0 117032 66748948 1760812 14772580    0    0     0 732448 198398 1133361 61 18 20  1  0  0
77  1 117032 66750152 1760812 14772588    0    0     0 737032 200228 1145600 61 18 20  1  0  0
69  0 117032 66755768 1760812 14772596    0    0     0 737772 200315 1172346 63 18 18  1  0  0
72  0 117032 66753304 1760812 14772604    0    0     0 729952 202133 1164858 61 19 19  1  0  0
72  0 117032 66743596 1760812 14772620    0    0     0 733828 199959 1148772 62 18 19  1  0  0
66  0 117032 66752336 1760812 14772624    0    0     0 728460 200385 1138350 60 18 21  1  0  0
72  0 117032 66756604 1760812 14772632    0    0     0 731968 201046 1141339 62 18 20  1  0  0
73  1 117032 66757660 1760812 14772640    0    0     0 729952 199293 1149440 61 18 20  1  0  0
74  1 117032 66750432 1760812 14772648    0    0     0 728096 197724 1136883 61 18 21  1  0  0
74  0 117032 66742956 1760816 14772664    0    0     0 737776 201173 1166860 62 18 19  1  0  0
71  0 117032 66749404 1760816 14772676    0    0     0 729448 201729 1171288 61 19 20  1  0  0
75  3 117032 66752616 1760816 14772688    0    0     0 1144600 214460 1071516 56 17 26  1  0  0
72  0 117032 66752172 1760816 14772700    0    0     0 939160 210665 1138269 60 18 22  1  0  0
76  0 117032 66750512 1760816 14772712    0    0     0 734724 200939 1140565 61 18 20  1  0  0
64  1 117032 66746564 1760824 14772788    0    0     0 736552 200889 1155253 62 18 19  1  0  0
procs -----------memory---------- ---swap-- -----io---- -system-- -------cpu-------
 r  b   swpd   free   buff  cache   si   so    bi    bo   in   cs us sy id wa st gu
76  0 117032 66751932 1760824 14772796    0    0     0 730396 201655 1166829 61 18 19  1  0  0
69  1 117032 66754272 1760824 14772804    0    0     0 735616 201863 1169836 63 18 19  1  0  0
76  0 117032 66760588 1760824 14772812    0    0     0 730688 201196 1172015 61 18 20  1  0  0
70  0 117032 66760796 1760824 14772824    0    0     0 732384 200559 1158310 62 19 19  1  0  0
71  0 117032 66761908 1760832 14772836    0    0     0 730004 200709 1155569 61 19 20  1  0  0
78  1 117032 66763848 1760832 14772844    0    0     0 725152 196036 1097377 59 17 23  1  0  0
73  0 117032 66753980 1760832 14772852    0    0     0 730028 198731 1139918 61 18 20  1  0  0
67  1 117032 66752588 1760832 14772864    0    0     0 731584 201162 1141194 61 18 20  1  0  0
71  0 117032 66746152 1760832 14772868    0    0     0 729176 202830 1162138 61 19 19  1  0  0
71  0 117032 66744848 1760836 14772876    0    0     0 731452 200151 1141813 62 18 20  1  0  0
70  1 117032 66745380 1760836 14772888    0    0     0 735428 200461 1152460 61 18 20  1  0  0
68  0 117032 66751072 1760836 14772900    0    0     0 726524 200256 1130782 61 18 20  1  0  0
71  0 117032 66750716 1760836 14772912    0    0     0 732188 199791 1145323 61 18 20  1  0  0
70  1 117032 66747224 1760836 14772920    0    0     0 733212 200917 1171665 62 18 19  1  0  0
74  0 117032 66750456 1760844 14772928    0    0     0 729600 201747 1173551 61 19 19  1  0  0
67  0 117032 66749484 1760844 14772940    0    0     0 733932 200943 1158837 62 19 19  1  0  0
72  0 117032 66755536 1760844 14772948    0    0     0 729436 201613 1153514 60 19 20  1  0  0
70  0 117032 66752904 1760844 14772960    0    0     0 732140 201169 1156016 61 18 20  1  0  0
75  0 117032 66751252 1760844 14772968    0    0     0 724788 197678 1117080 60 18 22  1  0  0
71  1 117032 66750660 1760852 14772976    0    0     0 707648 190434 1066083 58 17 25  1  0  0
70  0 117032 66750660 1760852 14772988    0    0     0 710716 190763 1109682 60 17 22  1  0  0
procs -----------memory---------- ---swap-- -----io---- -system-- -------cpu-------
 r  b   swpd   free   buff  cache   si   so    bi    bo   in   cs us sy id wa st gu
67  0 117032 66751904 1760852 14772996    0    0     0 711456 192585 1105963 60 18 21  1  0  0
61  0 117032 66751832 1760852 14773008    0    0     0 711864 193677 1124936 61 18 20  1  0  0
70  0 117032 66744000 1760852 14773016    0    0     0 709120 192365 1123977 59 18 22  1  0  0
70  0 117032 66742796 1760864 14773012    0    0     0 719140 196107 1089194 59 17 23  1  0  0
72  0 117032 66740020 1760864 14773032    0    0     0 725492 197226 1108974 60 18 22  1  0  0
76  0 117032 66732856 1760864 14773044    0    0     0 728076 198610 1142753 61 18 20  1  0  0
68  1 117032 66738044 1760864 14773052    0    0     0 727480 198749 1133299 61 18 21  1  0  0
68  1 117032 66742780 1760864 14773064    0    0     0 729276 197948 1136481 61 18 21  1  0  0
66  1 117032 66740160 1760868 14773068    0    0     0 727828 198385 1127271 61 18 21  1  0  0
72  1 117032 66734584 1760868 14773084    0    0     0 728956 197833 1134640 61 18 20  1  0  0
70  1 117032 66736604 1760868 14773096    0    0     0 722916 197440 1112040 60 18 21  1  0  0
71  0 117032 66737820 1760868 14773104    0    0     0 725600 197713 1119728 60 18 21  1  0  0
72  0 117032 66734940 1760868 14773112    0    0     0 730340 197427 1112869 59 17 22  1  0  0
71  0 117032 66743204 1760872 14773116    0    0     0 729716 197763 1115752 60 18 22  1  0  0
73  1 117032 66741568 1760872 14773140    0    0     0 733848 197981 1137627 61 18 20  1  0  0
70  1 117032 66744372 1760872 14773148    0    0     0 730992 198114 1146110 61 18 21  1  0  0
71  0 117032 66748396 1760872 14773156    0    0     0 727132 196193 1106520 59 18 22  1  0  0
71  0 117032 66743684 1760872 14773164    0    0     0 727444 198248 1120892 60 18 22  1  0  0
71  0 117032 66754732 1760872 14773172    0    0     0 729780 197132 1105003 59 17 23  1  0  0
69  0 117032 66753960 1760880 14773188    0    0     0 733244 197810 1136306 60 18 21  1  0  0
71  0 117032 66748492 1760880 14773196    0    0     0 730888 197951 1124275 60 18 21  1  0  0
procs -----------memory---------- ---swap-- -----io---- -system-- -------cpu-------
 r  b   swpd   free   buff  cache   si   so    bi    bo   in   cs us sy id wa st gu
70  0 117032 66749364 1760880 14773200    0    0     0 734724 198628 1154356 61 18 20  1  0  0
70  0 117032 66753388 1760880 14773212    0    0     0 730012 199464 1133571 61 18 20  1  0  0
67  0 117032 66750936 1760880 14773224    0    0     0 730540 198097 1125542 60 18 21  1  0  0
72  1 117032 66745168 1760884 14773236    0    0     0 731520 198205 1127197 60 18 21  1  0  0
74  0 117032 66742704 1760884 14773248    0    0     0 726544 196075 1102300 59 17 23  1  0  0
68  1 117032 66742972 1760884 14773256    0    0     0 725520 197316 1114701 60 18 22  1  0  0
70  0 117032 66741604 1760884 14773264    0    0     0 731124 198160 1134580 61 18 21  1  0  0
69  0 117032 66742336 1760884 14773276    0    0     0 733192 199083 1138189 61 18 20  1  0  0
69  0 117032 66751688 1760892 14773284    0    0     0 731064 198465 1132957 61 18 20  1  0  0
69  1 117032 66745748 1760892 14773296    0    0     0 730344 199647 1146889 62 18 20  1  0  0
72  0 117032 66749276 1760892 14773304    0    0     0 722484 196913 1123416 59 18 22  1  0  0
71  0 117032 66748528 1760892 14773316    0    0     0 725992 197298 1102541 59 18 22  1  0  0
67  0 117032 66744656 1760892 14773324    0    0     0 729328 198762 1134235 60 18 21  1  0  0
70  0 117032 66747048 1760896 14773332    0    0     0 731788 198925 1147612 61 18 20  1  0  0
63  0 117032 66748960 1760896 14773344    0    0     0 732072 198665 1141936 62 18 20  1  0  0
68  0 117032 66752832 1760896 14773352    0    0     0 725708 199386 1142054 60 18 21  1  0  0
71  0 117032 66750880 1760896 14773360    0    0     0 725088 197917 1116610 61 18 20  1  0  0
72  0 117032 66743276 1760896 14773444    0    0     0 733072 198885 1136701 61 18 20  1  0  0
66  1 117032 66744100 1760900 14773448    0    0     0 724136 195997 1084543 58 17 24  1  0  0
70  0 117032 66749868 1760900 14773460    0    0     0 726704 198221 1127477 60 18 21  1  0  0
70  1 117032 66749240 1760900 14773468    0    0     0 728112 198778 1130625 61 18 21  1  0  0
