procs -----------memory---------- ---swap-- -----io---- -system-- -------cpu-------
 r  b   swpd   free   buff  cache   si   so    bi    bo   in   cs us sy id wa st gu
 4  0 111936 122043288 2213968 40825604    0    1 29712 28077 13283    5  3  1 96  1  0  0
32  0 111936 121982732 2213972 40825676    0    0     0 320156 98042 45212 38  1 61  0  0  0
36  0 111936 121874296 2213972 40825676    0    0     0 390740 164879 610004 30  7 63  0  0  0
36  0 111936 121873332 2213972 40825688    0    0     0 469108 185582 971234 37 10 52  0  0  0
37  0 111936 121871140 2213972 40825696    0    0     0 350240 172454 957553 35 10 55  0  0  0
40  0 111936 121857504 2213972 40825704    0    0     0 355656 184150 957069 35 10 55  0  0  0
35  0 111936 121853064 2213976 40825712    0    0     0 354240 169592 960643 35 10 55  0  0  0
36  0 111936 121850464 2213976 40825728    0    0     0 359920 170798 959780 35 10 55  1  0  0
36  0 111936 121848620 2213976 40825736    0    0     0 362724 169490 959469 35 10 55  1  0  0
34  0 111936 121852676 2213976 40825744    0    0     0 364536 180420 964142 35 10 55  1  0  0
36  0 111936 121845032 2213976 40825752    0    0     0 363760 174282 968642 35 10 55  1  0  0
41  0 111936 121832884 2213976 40825768    0    0     0 364460 169702 959480 35 10 55  1  0  0
38  0 111936 121831988 2213976 40825776    0    0     0 347432 170239 955315 35 10 55  1  0  0
38  0 111936 121840904 2213976 40825784    0    0     0 347732 170391 950157 35 10 55  1  0  0
35  0 111936 121845788 2213976 40825792    0    0     0 350340 170904 956750 35 10 55  1  0  0
37  0 111936 121845408 2213976 40825800    0    0     0 349244 169578 949974 35 10 55  1  0  0
37  0 111936 121846604 2213980 40825812    0    0     0 345476 168934 949514 35 10 55  1  0  0
35  1 111936 121841960 2213980 40825824    0    0     0 347028 170859 954332 35 10 55  1  0  0
34  0 111936 121840280 2213980 40825832    0    0     0 351512 170913 964908 35 10 55  1  0  0
34  0 111936 121840676 2213984 40825836    0    0     0 348240 170361 961289 35 10 55  1  0  0
36  1 111936 121844260 2213984 40825848    0    0     0 353264 167517 963907 35 10 55  0  0  0
procs -----------memory---------- ---swap-- -----io---- -system-- -------cpu-------
 r  b   swpd   free   buff  cache   si   so    bi    bo   in   cs us sy id wa st gu
36  0 111936 121855728 2213984 40825860    0    0     0 344864 154273 966778 35 10 55  0  0  0
36  1 111936 121865820 2213984 40825868    0    0     0 347944 153111 959364 35 10 55  0  0  0
34  1 111936 121873676 2213984 40825876    0    0     0 349252 156670 959516 35 10 55  1  0  0
36  0 111936 121876800 2213984 40825884    0    0     0 358692 159500 968085 35 10 55  0  0  0
34  1 111936 121891428 2213984 40825896    0    0     0 350212 152854 953024 35 10 55  1  0  0
36  1 111936 121898024 2213984 40825908    0    0     0 351304 156768 964289 35 10 55  1  0  0
34  1 111936 121900684 2213984 40825916    0    0     0 355680 155153 962564 35 10 55  1  0  0
34  0 111936 121898832 2213984 40825924    0    0     0 350112 152336 953231 35 10 55  0  0  0
34  1 111936 121906444 2213984 40825932    0    0     0 354168 153132 960902 35 10 55  0  0  0
35  1 111936 121901196 2213984 40825944    0    0     0 355740 154180 958481 35 10 55  1  0  0
34  0 111936 121898284 2213984 40825960    0    0     0 358244 154943 955167 35 10 55  1  0  0
37  1 111936 121898704 2213984 40825968    0    0     0 364004 157408 960601 35 10 55  1  0  0
36  0 111936 121903300 2213984 40825980    0    0     0 359756 155989 960102 35 10 55  1  0  0
35  0 111936 121902488 2213984 40825992    0    0     0 354768 153930 960381 35 10 55  0  0  0
35  0 111936 121905448 2213984 40826000    0    0     0 361736 158626 966576 35 10 55  1  0  0
35  0 111936 121910624 2213984 40826008    0    0     0 361944 154985 954981 35 10 55  1  0  0
36  0 111936 121915488 2213984 40826016    0    0     0 358276 154353 952884 34 10 55  1  0  0
37  1 111936 121915024 2213984 40826024    0    0     0 357260 155446 958430 35 10 55  1  0  0
37  0 111936 121913832 2213984 40826036    0    0     0 361648 158156 971343 35 10 54  0  0  0
41  1 111936 121920132 2213984 40826048    0    0     0 363832 156319 971882 35 10 55  0  0  0
44  0 111936 121911456 2213984 40826056    0    0     0 360264 154619 973519 35 10 54  0  0  0
procs -----------memory---------- ---swap-- -----io---- -system-- -------cpu-------
 r  b   swpd   free   buff  cache   si   so    bi    bo   in   cs us sy id wa st gu
37  0 111936 121913432 2213984 40826068    0    0     0 392924 157306 966276 35 10 55  1  0  0
34  0 111936 121918972 2213984 40826080    0    0     0 391720 154899 955784 35 10 55  1  0  0
36  1 111936 121924116 2213984 40826088    0    0     0 392840 157793 960261 35 10 55  1  0  0
35  0 111936 121928040 2213984 40826096    0    0     0 393248 154953 969718 35 10 55  1  0  0
35  0 111936 121926592 2213984 40826112    0    0     0 390088 153539 952704 35 10 55  1  0  0
36  1 111936 121927160 2213984 40826116    0    0     0 389164 153344 962074 35 10 55  1  0  0
34  1 111936 121925132 2213984 40826132    0    0     0 398992 158417 958189 35 10 55  1  0  0
35  0 111936 121924204 2213984 40826140    0    0     0 398652 156630 961063 35 10 55  1  0  0
36  0 111936 121925076 2213984 40826148    0    0     0 400184 158401 958274 35 10 55  1  0  0
40  1 111936 121930644 2213984 40826156    0    0     0 399204 160403 956546 35 10 55  1  0  0
42  0 111936 121930720 2213984 40826168    0    0     0 400376 157040 968083 35 10 55  1  0  0
40  1 111936 121929280 2213984 40826180    0    0     0 391592 157790 954572 35 10 55  1  0  0
34  7 111936 121935324 2213984 40826184    0    0     0 409640 154381 962808 35 10 55  0  0  0
25  6 111936 121929860 2213984 40826192    0    0     0 401992 158833 964282 35 10 55  0  0  0
22  4 111936 121932964 2213984 40826200    0    0     0 402180 156558 967762 35 10 54  1  0  0
16  7 111936 121936408 2213984 40826276    0    0     0 399220 155531 969548 35 10 55  1  0  0
 6  3 111936 121934500 2213984 40826288    0    0     0 406944 158374 973315 35 10 54  1  0  0
16  3 111936 121929648 2213984 40826296    0    0     0 405320 158231 966144 35 10 54  1  0  0
17  1 111936 121933372 2213984 40826304    0    0     0 408256 158126 964925 35 10 55  1  0  0
25  1 111936 121936652 2213984 40826312    0    0     0 404788 157086 968961 35 10 55  0  0  0
38  1 111936 121934192 2213984 40826328    0    0     0 408528 158239 962170 35 10 55  1  0  0
procs -----------memory---------- ---swap-- -----io---- -system-- -------cpu-------
 r  b   swpd   free   buff  cache   si   so    bi    bo   in   cs us sy id wa st gu
45  1 111936 121933000 2213984 40826340    0    0     0 410040 159071 961960 35 10 55  1  0  0
38  3 111936 121932272 2213988 40826344    0    0     0 410688 156687 949639 34 10 55  1  0  0
29  4 111936 121934452 2213988 40826360    0    0     0 406248 156611 958141 35 10 55  1  0  0
32  3 111936 121940736 2213988 40826368    0    0     0 405080 156739 968122 35 10 54  0  0  0
20  2 111936 121936544 2213988 40826384    0    0     0 398912 157052 954890 35 10 55  1  0  0
11  2 111936 121937556 2213988 40826392    0    0     0 414800 159583 964009 35 10 55  1  0  0
18  4 111936 121937940 2213988 40826400    0    0     0 411672 156453 957716 35 10 55  1  0  0
 1  5 111936 121936284 2213988 40826408    0    0     0 399180 158327 961975 35 10 55  1  0  0
 4  6 111936 121930980 2213988 40826412    0    0     0 403768 155120 926782 34 10 56  1  0  0
15  3 111936 121926412 2213988 40826424    0    0     0 439496 159017 953291 34 10 55  1  0  0
50  1 111936 121920228 2213988 40826436    0    0     0 437760 160741 970834 35 10 54  0  0  0
26  2 111936 121915760 2213988 40826444    0    0     0 430404 159068 967260 35 10 54  0  0  0
46  1 111936 121919952 2213988 40826456    0    0     0 428740 158562 968940 35 10 54  0  0  0
14  3 111936 121922440 2213988 40826464    0    0     0 438104 160808 978313 35 10 54  0  0  0
26  3 111936 121923264 2213988 40826472    0    0     0 433480 156490 965593 35 10 55  0  0  0
38  3 111936 121930872 2213988 40826484    0    0     0 435744 156744 971451 35 10 54  1  0  0
16  4 111936 121925424 2213988 40826492    0    0     0 437336 161668 973347 35 10 54  0  0  0
22  4 111936 121925092 2213988 40826500    0    0     0 437020 161042 967211 35 10 55  1  0  0
29  3 111936 121925212 2213988 40826516    0    0     0 449424 163051 969837 35 10 54  0  0  0
20  3 111936 121925336 2213988 40826524    0    0     0 445608 164481 977498 35 10 54  0  0  0
36  3 111936 121923744 2213988 40826536    0    0     0 436992 159081 975352 35 10 54  0  0  0
procs -----------memory---------- ---swap-- -----io---- -system-- -------cpu-------
 r  b   swpd   free   buff  cache   si   so    bi    bo   in   cs us sy id wa st gu
36  3 111936 121927268 2213992 40826544    0    0     0 440308 160182 976028 35 10 55  1  0  0
44  3 111936 121929680 2213992 40826556    0    0     0 438212 159841 967364 35 10 55  0  0  0
41  2 111936 121922956 2213992 40826564    0    0     0 443136 159068 968184 35 10 54  1  0  0
29  3 111936 121927404 2213992 40826572    0    0     0 449432 159093 971779 35 10 54  1  0  0
40  2 111936 121927396 2213992 40826580    0    0     0 437420 160634 976386 35 10 54  0  0  0
21  3 111936 121927452 2213996 40826584    0    0     0 445092 160938 968803 35 10 55  0  0  0
37  2 111936 121929404 2213996 40826600    0    0     0 435060 156890 978587 35 10 54  0  0  0
41  3 111936 121931744 2213996 40826608    0    0     0 441244 159744 976256 35 10 54  0  0  0
 8  3 111936 121939236 2213996 40826616    0    0     0 437784 158793 968789 35 10 54  0  0  0
45  2 111936 121945256 2213996 40826632    0    0     0 438280 159052 968315 35 10 55  0  0  0
 6  3 111936 121947548 2213996 40826640    0    0     0 456292 163130 968410 35 10 54  1  0  0
37  4 111936 121947464 2213996 40826648    0    0     0 425752 158203 958563 35 10 55  1  0  0
 1  5 111936 121948464 2213996 40826660    0    0     0 446232 159709 957965 35 10 55  1  0  0
32  4 111936 121945408 2213996 40826672    0    0     0 463648 163727 977978 35 10 54  1  0  0
21  3 111936 121943788 2213996 40826688    0    0     0 445652 161179 961666 35 10 55  1  0  0
11  2 111936 121942864 2213996 40826696    0    0     0 454564 161979 972472 35 10 54  1  0  0
37  4 111936 121936696 2213996 40826708    0    0     0 454444 162522 966988 35 10 55  1  0  0
35  4 111936 121933616 2213996 40826716    0    0     0 421188 159143 959746 34 10 55  1  0  0
37  5 111936 121927484 2213996 40826724    0    0     0 464960 162281 950618 35 10 55  1  0  0
36  2 111936 121930580 2213996 40826736    0    0     0 482300 161734 962467 35 10 55  1  0  0
10  3 111936 121929456 2213996 40826752    0    0     0 458108 159954 961236 35 10 54  1  0  0
procs -----------memory---------- ---swap-- -----io---- -system-- -------cpu-------
 r  b   swpd   free   buff  cache   si   so    bi    bo   in   cs us sy id wa st gu
28  3 111936 121926276 2213996 40826760    0    0     0 465012 161307 964371 35 10 54  1  0  0
37  5 111936 121914756 2213996 40826768    0    0     0 474508 161188 972527 35 10 54  1  0  0
15  3 111936 121922712 2213996 40826768    0    0     0 463008 160217 955576 35 10 55  1  0  0
37  4 111936 121926984 2213996 40826784    0    0     0 471400 159715 969038 35 10 55  1  0  0
41  3 111936 121926276 2213996 40826800    0    0     0 460220 158573 968400 35 10 54  0  0  0
34  3 111936 121931316 2213996 40826808    0    0     0 473104 162567 968628 35 10 54  1  0  0
47  3 111936 121932216 2213996 40826816    0    0     0 460640 160159 964183 35 10 55  0  0  0
17  3 111936 121937168 2213996 40826816    0    0     0 468780 161093 965794 35 10 55  1  0  0
21  4 111936 121935120 2213996 40826832    0    0     0 455708 163955 964805 35 10 55  1  0  0
26  4 111936 121934304 2213996 40826848    0    0     0 481260 162176 966368 35 10 54  1  0  0
44  2 111936 121930024 2213996 40826856    0    0     0 491196 162145 966309 35 10 54  1  0  0
 7  4 111936 121928136 2213996 40826864    0    0     0 507064 161581 954817 35 10 55  1  0  0
29  3 111936 121930180 2213996 40826940    0    0     0 495392 160347 957649 35 10 55  1  0  0
35  3 111936 121925824 2213996 40826952    0    0     0 500416 165222 971479 35 10 54  1  0  0
 7  4 111936 121936064 2213996 40826968    0    0     0 487580 161293 953970 35 10 55  1  0  0
18  3 111936 121934440 2213996 40826976    0    0     0 478620 161398 962175 35 10 55  1  0  0
28  4 111936 121923104 2213996 40826984    0    0     0 478808 161958 960397 35 10 55  1  0  0
42  5 111936 121929832 2213996 40826988    0    0     0 483796 160265 968735 35 10 55  1  0  0
14  2 111936 121928428 2213996 40827004    0    0     0 457056 160785 958016 35 10 55  1  0  0
18  3 111936 121920628 2213996 40827016    0    0     0 488312 160414 951305 35 10 55  1  0  0
 6  3 111936 121920492 2213996 40827024    0    0     0 472644 160668 963323 35 10 55  1  0  0
procs -----------memory---------- ---swap-- -----io---- -system-- -------cpu-------
 r  b   swpd   free   buff  cache   si   so    bi    bo   in   cs us sy id wa st gu
40  2 111936 121920364 2213996 40827032    0    0     0 482492 161757 960089 34 10 55  1  0  0
10  2 111936 121920944 2213996 40827040    0    0     0 477988 160748 974862 35 10 55  1  0  0
11  2 111936 121928712 2213996 40827052    0    0     0 452944 158727 959315 35 10 55  1  0  0
43  0 111936 121928232 2214000 40827064    0    0     0 482232 162739 945916 34 10 55  1  0  0
25  3 111936 121930408 2214000 40827076    0    0     0 472876 157919 952477 35 10 55  1  0  0
43  3 111936 121927692 2214000 40827076    0    0     0 480336 162604 979882 35 10 55  1  0  0
 9  2 111936 121929932 2214000 40827084    0    0     0 480232 161311 967526 35 10 55  1  0  0
 8  3 111936 121933208 2214000 40827096    0    0     0 483496 162526 978009 35 10 54  1  0  0
26  3 111936 121927592 2214000 40827108    0    0     0 481276 162140 971275 35 10 55  1  0  0
11  3 111936 121933208 2214000 40827124    0    0     0 472116 160474 955145 35 10 55  1  0  0
40  3 111936 121922780 2214000 40827124    0    0     0 478788 160030 966905 35 10 54  1  0  0
31  4 111936 121923676 2214000 40827132    0    0     0 488672 163321 973587 35 10 54  1  0  0
 8  3 111936 121932856 2214000 40827144    0    0     0 482100 161127 973436 35 10 54  1  0  0
42  2 111936 121936840 2214000 40827152    0    0     0 478376 162407 964291 35 10 55  1  0  0
39  2 111936 121939388 2214000 40827160    0    0     0 457064 160723 969100 35 10 55  1  0  0
 4  4 111936 121937448 2214000 40827168    0    0     0 466520 158289 965078 35 10 55  1  0  0
 7  2 111936 121938916 2214000 40827180    0    0     0 467056 163111 961885 35 10 55  1  0  0
17  3 111936 121939660 2214000 40827196    0    0     0 487320 160723 960393 35 10 55  1  0  0
12  2 111936 121941872 2214000 40827196    0    0     0 480764 160244 971578 35 10 55  1  0  0
25  3 111936 121940320 2214000 40827208    0    0     0 471112 161350 969801 35 10 55  1  0  0
35  3 111936 121938280 2214000 40827224    0    0     0 470212 161410 966207 35 10 55  1  0  0
procs -----------memory---------- ---swap-- -----io---- -system-- -------cpu-------
 r  b   swpd   free   buff  cache   si   so    bi    bo   in   cs us sy id wa st gu
16  4 111936 121932920 2214000 40827232    0    0     0 470384 162123 967363 35 10 54  1  0  0
21  3 111936 121926592 2214000 40827240    0    0     0 472256 160476 963328 35 10 55  1  0  0
37  3 111936 121925736 2214000 40827248    0    0     0 476924 160008 975553 35 10 54  1  0  0
 6  3 111936 121924652 2214008 40827260    0    0     0 427532 156860 962356 35 10 55  1  0  0
39  2 111936 121929072 2214008 40827272    0    0     0 465372 159308 954555 34 10 55  1  0  0
 9  4 111936 121930448 2214008 40827280    0    0     0 487412 159350 969428 35 10 55  1  0  0
39  2 111936 121939880 2214008 40827292    0    0     0 447712 158116 963363 35 10 55  1  0  0
39  3 111936 121934584 2214008 40827300    0    0     0 477852 160254 948569 34 10 55  1  0  0
22  2 111936 121935644 2214008 40827312    0    0     0 472804 161793 955245 35 10 55  1  0  0
 6  3 111936 121934232 2214008 40827324    0    0     0 401020 157539 950112 35 10 55  1  0  0
21  4 111936 121936300 2214016 40827320    0    0     0 490812 159892 941239 34 10 56  1  0  0
 8  3 111936 121934972 2214016 40827336    0    0     0 490056 163009 960774 35 10 55  1  0  0
26  4 111936 121928564 2214016 40827352    0    0     0 463184 162393 966951 35 10 54  1  0  0
40  2 111936 121924936 2214020 40827360    0    0     0 466480 164052 976288 35 10 55  1  0  0
 7  2 111936 121928128 2214020 40827376    0    0     0 471892 162560 972342 35 10 54  1  0  0
 8  3 111936 121936296 2214020 40827384    0    0     0 463440 160658 966731 35 10 55  1  0  0
40  2 111936 121933452 2214020 40827376    0    0     0 463236 160310 955875 35 10 55  1  0  0
39  4 111936 121934976 2214020 40827392    0    0     0 464028 161334 969081 35 10 54  1  0  0
45  1 111936 121935064 2214024 40827396    0    0     0 470144 159783 970271 35 10 54  1  0  0
30  3 111936 121932092 2214024 40827408    0    0     0 483084 161899 977929 35 10 55  1  0  0
33  3 111936 121923596 2214024 40827416    0    0     0 460268 160824 977943 35 10 55  0  0  0
procs -----------memory---------- ---swap-- -----io---- -system-- -------cpu-------
 r  b   swpd   free   buff  cache   si   so    bi    bo   in   cs us sy id wa st gu
 7  4 111936 121921512 2214024 40827424    0    0     0 453864 160061 968684 35 10 55  1  0  0
14  5 111936 121921448 2214024 40827436    0    0     0 458096 160407 971525 35 10 54  1  0  0
 8  4 111936 121923368 2214024 40827448    0    0     0 460120 160960 967244 35 10 55  1  0  0
15  3 111936 121920448 2214024 40827456    0    0     0 479336 163368 974110 35 10 54  1  0  0
 8  3 111936 121922380 2214024 40827464    0    0     0 476976 161605 964037 35 10 55  1  0  0
15  2 111936 121914348 2214024 40827472    0    0     0 464200 162328 971551 35 10 55  1  0  0
17  3 111936 121914252 2214024 40827480    0    0     0 466492 163550 980477 35 10 54  1  0  0
14  2 111936 121907980 2214024 40827492    0    0     0 454756 160033 975820 35 10 54  1  0  0
44  1 111936 121907616 2214024 40827500    0    0     0 473940 162953 979488 35 10 54  1  0  0
43  3 111936 121912120 2214024 40827576    0    0     0 466172 159344 971371 35 10 54  1  0  0
23  2 111936 121909704 2214024 40827584    0    0     0 415976 158406 967588 35 10 54  1  0  0
35  3 111936 121911092 2214024 40827592    0    0     0 460028 162326 954181 34 10 55  1  0  0
18  4 111936 121906844 2214024 40827604    0    0     0 499144 165669 969214 35 10 54  1  0  0
19  3 111936 121915280 2214024 40827616    0    0     0 450508 161030 976044 35 10 55  1  0  0
 6  3 111936 121924040 2214024 40827624    0    0     0 462016 159773 959632 35 10 55  1  0  0
22  3 111936 121931588 2214024 40827632    0    0     0 462352 161034 967755 35 10 55  1  0  0
15  5 111936 121931984 2214024 40827644    0    0     0 436520 158123 964991 35 10 55  1  0  0
 8  4 111936 121926300 2214024 40827656    0    0     0 428788 159091 959225 34 10 55  1  0  0
45  2 111936 121922980 2214024 40827668    0    0     0 467712 159707 949662 35 10 55  1  0  0
27  3 111936 121923980 2214024 40827676    0    0     0 488772 162535 968035 35 10 55  1  0  0
12  2 111936 121917116 2214036 40827684    0    0     0 467764 161313 964781 35 10 55  1  0  0
procs -----------memory---------- ---swap-- -----io---- -system-- -------cpu-------
 r  b   swpd   free   buff  cache   si   so    bi    bo   in   cs us sy id wa st gu
21  2 111936 121921720 2214036 40827696    0    0     0 456172 158519 965801 35 10 54  0  0  0
33  4 111936 121923880 2214036 40827704    0    0     0 458596 161687 962608 35 10 55  1  0  0
 3  3 111936 121923868 2214036 40827716    0    0     0 463484 160525 953575 35 10 55  1  0  0
 6  3 111936 121933464 2214036 40827724    0    0     0 455700 160526 970039 35 10 55  1  0  0
22  3 111936 121937732 2214036 40827732    0    0     0 454112 160006 963025 35 10 55  1  0  0
42  2 111936 121937248 2214036 40827744    0    0     0 485248 160805 973471 35 10 55  1  0  0
11  2 111936 121935016 2214036 40827756    0    0     0 458276 160007 969106 35 10 55  1  0  0
 6  4 111936 121927776 2214036 40827776    0    0     0 439688 158892 962662 35 10 55  1  0  0
 7  3 111936 121925568 2214036 40827776    0    0     0 435704 159969 960002 36 10 54  0  0  0
23  2 111936 121917796 2214036 40827792    0    0     0 454980 159489 965280 35 10 55  1  0  0
 7  3 111936 121914408 2214036 40827808    0    0     0 458356 161829 968904 35 10 54  1  0  0
37  2 111936 121910140 2214036 40827816    0    0     0 478060 162419 960590 35 10 55  1  0  0
12  4 111936 121917656 2214036 40827828    0    0     0 466028 159861 967911 35 10 55  1  0  0
36  3 111936 121925036 2214036 40827832    0    0     0 458200 162774 976030 35 10 55  1  0  0
 5  3 111936 121925536 2214036 40827848    0    0     0 461100 159966 972098 35 10 55  1  0  0
 4  4 111936 121930800 2214036 40827856    0    0     0 444960 159368 965697 35 10 54  1  0  0
25  4 111936 121930064 2214036 40827864    0    0     0 460724 158733 958218 34 10 55  1  0  0
36  3 111936 121932332 2214040 40827872    0    0     0 464260 161674 978390 35 10 54  1  0  0
 7  3 111936 121932928 2214040 40827884    0    0     0 421988 160938 967048 35 10 55  1  0  0
38  2 111936 121923188 2214040 40827892    0    0     0 457940 160157 951357 35 10 55  1  0  0
34  2 111936 121923652 2214040 40827900    0    0     0 486680 161318 961849 35 10 55  1  0  0
procs -----------memory---------- ---swap-- -----io---- -system-- -------cpu-------
 r  b   swpd   free   buff  cache   si   so    bi    bo   in   cs us sy id wa st gu
16  4 111936 121916536 2214040 40827900    0    0     0 433368 158084 955165 35 10 55  1  0  0
43  2 111936 121927104 2214040 40827920    0    0     0 468652 162639 965531 35 10 55  1  0  0
21  3 111936 121928724 2214040 40827924    0    0     0 462448 159421 967671 35 10 55  1  0  0
41  2 111936 121926308 2214040 40827932    0    0     0 418336 157688 962990 35 10 55  1  0  0
 3  4 111936 121932160 2214040 40827948    0    0     0 411064 158219 930651 34  9 56  1  0  0
43  3 111936 121931068 2214040 40827960    0    0     0 471972 157811 932438 34 10 56  1  0  0
20  4 111936 121928628 2214040 40827972    0    0     0 471416 159505 937680 34 10 55  1  0  0
25  3 111936 121931400 2214040 40827984    0    0     0 499216 164162 966980 35 10 55  1  0  0
38  1 111936 121929004 2214040 40827984    0    0     0 462016 160206 973952 35 10 54  1  0  0
37  0 111936 121934556 2214040 40828000    0    0     0 457484 158736 958555 34 10 55  1  0  0
39  0 111936 121940440 2214040 40828008    0    0     0 456064 160784 964100 35 10 55  1  0  0
34  0 111936 121944476 2214040 40828020    0    0     0 458336 160080 962532 35 10 55  1  0  0
37  1 111936 121944228 2214040 40828032    0    0     0 458140 159780 965931 35 10 55  1  0  0
35  0 111936 121938212 2214040 40828040    0    0     0 463756 164540 975230 35 10 55  1  0  0
36  0 111936 121936232 2214040 40828048    0    0     0 456040 160685 972227 35 10 54  1  0  0
40  2 111936 121934932 2214040 40828060    0    0     0 451200 158433 956078 35 10 55  1  0  0
43  2 111936 121934324 2214044 40828060    0    0     0 444988 161220 951023 35 10 55  1  0  0
 6  5 111936 121928484 2214044 40828080    0    0     0 459460 162713 960573 35 10 54  1  0  0
 6  1 111936 121923984 2214044 40828088    0    0     0 447144 159258 950870 34 10 55  1  0  0
39  1 111936 121922480 2214044 40828096    0    0     0 471288 157387 944473 34 10 55  1  0  0
38  2 111936 121920572 2214044 40828108    0    0     0 461492 161240 962777 35 10 55  1  0  0
procs -----------memory---------- ---swap-- -----io---- -system-- -------cpu-------
 r  b   swpd   free   buff  cache   si   so    bi    bo   in   cs us sy id wa st gu
29  1 111936 121924424 2214044 40828116    0    0     0 476692 164048 962439 35 10 55  1  0  0
38  2 111936 121924892 2214044 40828128    0    0     0 449540 157720 957150 35 10 55  1  0  0
20  3 111936 121929512 2214044 40828136    0    0     0 459284 159162 955489 35 10 55  1  0  0
36  3 111936 121929640 2214044 40828144    0    0     0 442984 158471 949899 35 10 55  1  0  0
 6  4 111936 121928868 2214044 40828156    0    0     0 452012 160813 948210 34 10 55  1  0  0
 7  3 111936 121937220 2214044 40828164    0    0     0 462384 156843 933539 34 10 56  1  0  0
26  3 111936 121945480 2214044 40828260    0    0     0 435876 156803 936173 34  9 56  1  0  0
32  5 111936 121942400 2214044 40828272    0    0     0 458700 161567 935077 34  9 56  1  0  0
39  0 111936 121945304 2214044 40828280    0    0     0 480832 163992 957266 35 10 55  1  0  0
37  0 111936 121941304 2214044 40828292    0    0     0 456488 160617 961920 35 10 55  1  0  0
37  0 111936 121932200 2214044 40828292    0    0     0 460880 161586 973524 35 10 54  1  0  0
37  0 111936 121928756 2214044 40828304    0    0     0 455704 160375 956289 35 10 55  1  0  0
37  0 111936 121927084 2214044 40828312    0    0     0 459044 159991 969348 35 10 54  1  0  0
36  0 111936 121924632 2214044 40828332    0    0     0 458736 159932 977342 35 10 54  1  0  0
37  1 111936 121925456 2214044 40828332    0    0     0 462036 161620 970601 35 10 54  1  0  0
40  0 111936 121921564 2214044 40828344    0    0     0 455016 161942 970256 35 10 54  1  0  0
40  0 111936 121928700 2214044 40828364    0    0     0 456332 159188 964398 35 10 55  1  0  0
35  0 111936 121935748 2214044 40828364    0    0     0 452420 159783 965039 35 10 55  0  0  0
37  0 111936 121936712 2214044 40828376    0    0     0 461040 161737 981196 35 10 54  1  0  0
35  1 111936 121933384 2214044 40828392    0    0     0 455000 161281 959058 35 10 55  1  0  0
35  0 111936 121925028 2214044 40828392    0    0     0 455920 158463 971514 35 10 54  0  0  0
procs -----------memory---------- ---swap-- -----io---- -system-- -------cpu-------
 r  b   swpd   free   buff  cache   si   so    bi    bo   in   cs us sy id wa st gu
37  1 111936 121937260 2214048 40828412    0    0     0 457624 161538 970222 35 10 54  1  0  0
38  0 111936 121931524 2214048 40828412    0    0     0 457084 160525 981345 35 10 54  0  0  0
38  0 111936 121941408 2214048 40828424    0    0     0 456728 159711 964391 35 10 55  1  0  0
37  0 111936 121939180 2214048 40828440    0    0     0 455120 160561 962915 35 10 55  1  0  0
35  0 111936 121937452 2214048 40828444    0    0     0 454168 161132 966078 35 10 54  1  0  0
38  0 111936 121933280 2214056 40828448    0    0     0 462328 163881 963312 35 10 55  1  0  0
33  0 111936 121942752 2214056 40828456    0    0     0 457576 161264 965617 35 10 55  1  0  0
37  0 111936 121945892 2214056 40828460    0    0     0 458680 160370 971992 35 10 54  0  0  0
35  1 111936 121943952 2214056 40828472    0    0     0 457184 159407 966866 35 10 55  1  0  0
36  1 111936 121937400 2214056 40828480    0    0     0 455388 160331 963153 35 10 55  0  0  0
35  1 111936 121938144 2214056 40828492    0    0     0 458508 158477 972569 35 10 55  1  0  0
35  0 111936 121936004 2214056 40828500    0    0     0 459908 162149 968718 35 10 54  1  0  0
36  0 111936 121937400 2214056 40828508    0    0     0 457812 161172 960418 35 10 55  1  0  0
36  0 111936 121928376 2214056 40828520    0    0     0 457396 160065 958628 35 10 55  1  0  0
33  1 111936 121923056 2214056 40828528    0    0     0 459452 162108 962752 35 10 55  1  0  0
34  0 111936 121933448 2214060 40828540    0    0     0 456776 161461 965072 35 10 54  1  0  0
36  0 111936 121925912 2214060 40828548    0    0     0 458740 160958 965293 35 10 55  1  0  0
37  0 111936 121928720 2214060 40828560    0    0     0 450720 156006 957716 35 10 55  1  0  0
35  0 111936 121926432 2214060 40828568    0    0     0 457036 160964 966162 35 10 54  1  0  0
37  0 111936 121929512 2214060 40828576    0    0     0 455188 160244 946963 35 10 55  1  0  0
36  1 111936 121929028 2214064 40828588    0    0     0 458892 160299 957936 35 10 55  1  0  0
procs -----------memory---------- ---swap-- -----io---- -system-- -------cpu-------
 r  b   swpd   free   buff  cache   si   so    bi    bo   in   cs us sy id wa st gu
37  1 111936 121925656 2214064 40828596    0    0     0 460524 161339 965901 35 10 55  1  0  0
35  0 111936 121920320 2214064 40828608    0    0     0 457812 158704 965586 35 10 55  1  0  0
36  1 111936 121915628 2214064 40828616    0    0     0 450996 157171 956358 35 10 55  1  0  0
35  0 111936 121920192 2214064 40828628    0    0     0 456352 159861 963209 35 10 55  1  0  0
36  1 111936 121913304 2214064 40828636    0    0     0 463280 159518 969536 35 10 55  1  0  0
36  0 111936 121917464 2214064 40828648    0    0     0 459676 161730 960828 35 10 55  1  0  0
36  0 111936 121922256 2214064 40828660    0    0     0 463580 159338 968706 35 10 55  1  0  0
37  1 111936 121920240 2214064 40828668    0    0     0 461172 160567 958280 35 10 55  1  0  0
35  0 111936 121912816 2214064 40828676    0    0     0 462780 161131 968032 35 10 55  1  0  0
36  0 111936 121918112 2214064 40828688    0    0     0 459852 162579 963313 35 10 55  1  0  0
39  0 111936 121920008 2214064 40828700    0    0     0 454020 158628 948482 35 10 55  1  0  0
34  0 111936 121920688 2214064 40828700    0    0     0 453188 160426 946308 34 10 55  1  0  0
33  1 111936 121919788 2214064 40828716    0    0     0 454972 158692 944483 35 10 55  1  0  0
35  1 111936 121919772 2214064 40828720    0    0     0 448152 156841 932832 34 10 56  1  0  0
36  0 111936 121919748 2214064 40828732    0    0     0 461952 161371 963457 34 10 55  1  0  0
34  0 111936 121922120 2214064 40828752    0    0     0 456600 161513 961693 35 10 55  1  0  0
34  1 111936 121916976 2214064 40828752    0    0     0 453048 159917 958412 35 10 55  1  0  0
35  1 111936 121915932 2214064 40828768    0    0     0 456684 158893 961713 35 10 55  1  0  0
37  0 111936 121910068 2214064 40828780    0    0     0 462224 160631 972336 35 10 55  1  0  0
33  0 111936 121912296 2214064 40828780    0    0     0 459380 159719 953678 34 10 55  1  0  0
34  1 111936 121920676 2214064 40828800    0    0     0 459696 158237 953012 34 10 55  1  0  0
procs -----------memory---------- ---swap-- -----io---- -system-- -------cpu-------
 r  b   swpd   free   buff  cache   si   so    bi    bo   in   cs us sy id wa st gu
39  0 111936 121914712 2214064 40828812    0    0     0 451032 158827 942865 35  9 55  1  0  0
39  0 111936 121919924 2214064 40828812    0    0     0 455532 159223 958001 35 10 55  1  0  0
38  1 111936 121918868 2214064 40828884    0    0     0 454680 159451 957295 35 10 55  1  0  0
36  0 111936 121918636 2214064 40828896    0    0     0 446752 157191 954446 35 10 55  1  0  0
37  0 111936 121929928 2214064 40828916    0    0     0 459896 158051 969262 35 10 55  1  0  0
35  0 111936 121930792 2214064 40828924    0    0     0 459724 159564 958125 35 10 55  1  0  0
34  0 111936 121921188 2214064 40828924    0    0     0 458164 158869 948577 35 10 55  1  0  0
34  0 111936 121915484 2214064 40828944    0    0     0 455452 157556 957327 35 10 55  1  0  0
36  0 111936 121915948 2214064 40828952    0    0     0 457832 159615 962856 35 10 55  1  0  0
35  0 111936 121928176 2214064 40828956    0    0     0 459996 159343 963962 35 10 55  1  0  0
38  1 111936 121928540 2214064 40828972    0    0     0 468900 163964 972494 35 10 54  1  0  0
37  1 111936 121930844 2214064 40828980    0    0     0 469880 161104 970997 35 10 55  1  0  0
35  0 111936 121931356 2214064 40828992    0    0     0 463632 159888 967971 35 10 54  1  0  0
36  0 111936 121929648 2214064 40829004    0    0     0 464992 163155 966707 35 10 55  1  0  0
35  0 111936 121925328 2214068 40829000    0    0     0 458696 159988 972487 35 10 54  0  0  0
37  1 111936 121925920 2214068 40829024    0    0     0 463104 160885 967153 35 10 55  0  0  0
34  1 111936 121932376 2214068 40829036    0    0     0 466896 163428 973300 35 10 55  1  0  0
35  0 111936 121935932 2214068 40829044    0    0     0 463060 158913 970390 35 10 54  1  0  0
35  0 111936 121936672 2214068 40829048    0    0     0 464276 161819 965424 35 10 55  1  0  0
36  1 111936 121931212 2214072 40829056    0    0     0 456020 158811 955589 35 10 55  1  0  0
35  0 111936 121932668 2214072 40829064    0    0     0 463172 162108 963006 35 10 55  1  0  0
procs -----------memory---------- ---swap-- -----io---- -system-- -------cpu-------
 r  b   swpd   free   buff  cache   si   so    bi    bo   in   cs us sy id wa st gu
39  0 111936 121929504 2214072 40829080    0    0     0 466784 163511 973557 35 10 55  1  0  0
35  1 111936 121932296 2214072 40829088    0    0     0 464752 161351 969652 35 10 55  1  0  0
37  0 111936 121932064 2214072 40829100    0    0     0 461792 160902 972703 35 10 54  0  0  0
37  0 111936 121926544 2214072 40829108    0    0     0 465180 160638 971118 35 10 54  1  0  0
37  0 111936 121927388 2214072 40829124    0    0     0 460432 159666 971835 35 10 55  0  0  0
35  0 111936 121928248 2214072 40829132    0    0     0 461056 160368 960210 35 10 55  0  0  0
36  0 111936 121928380 2214072 40829144    0    0     0 464984 159581 958764 35 10 55  1  0  0
39  0 111936 121926320 2214072 40829152    0    0     0 462888 160109 956636 35 10 55  1  0  0
36  0 111936 121922848 2214072 40829160    0    0     0 463672 161905 969746 35 10 54  1  0  0
36  0 111936 121926560 2214072 40829176    0    0     0 463348 159989 965486 35 10 55  1  0  0
40  0 111936 121927996 2214072 40829184    0    0     0 460232 159451 965631 35 10 55  1  0  0
35  0 111936 121930232 2214072 40829192    0    0     0 464616 158451 966360 35 10 55  1  0  0
35  0 111936 121932276 2214072 40829200    0    0     0 461840 160369 969597 35 10 54  1  0  0
38  1 111936 121932676 2214072 40829208    0    0     0 461480 161509 947517 35 10 55  1  0  0
36  0 111936 121925360 2214072 40829216    0    0     0 462616 162278 958826 35 10 55  1  0  0
39  0 111936 121925812 2214072 40829228    0    0     0 463264 161420 967060 35 10 55  1  0  0
33  1 111936 121929076 2214072 40829236    0    0     0 467684 161501 964026 35 10 55  1  0  0
34  0 111936 121926736 2214072 40829244    0    0     0 465144 159974 968503 35 10 54  1  0  0
35  1 111936 121924712 2214072 40829252    0    0     0 467668 161205 974124 35 10 55  1  0  0
35  0 111936 121922456 2214076 40829264    0    0     0 456868 156076 959965 35 10 55  1  0  0
36  0 111936 121922288 2214076 40829276    0    0     0 463080 160835 968971 35 10 54  1  0  0
procs -----------memory---------- ---swap-- -----io---- -system-- -------cpu-------
 r  b   swpd   free   buff  cache   si   so    bi    bo   in   cs us sy id wa st gu
40  1 111936 121921788 2214076 40829284    0    0     0 461692 161646 968989 35 10 54  1  0  0
37  0 111936 121931400 2214076 40829296    0    0     0 468616 160067 979830 35 10 55  1  0  0
39  1 111936 121929236 2214076 40829304    0    0     0 470556 164482 974446 35 10 54  0  0  0
35  0 111936 121935808 2214076 40829320    0    0     0 467832 160068 969480 35 10 55  1  0  0
35  0 111936 121929976 2214076 40829328    0    0     0 459548 158131 963373 35 10 55  1  0  0
40  0 111936 121926568 2214076 40829336    0    0     0 462624 158251 960753 35 10 55  1  0  0
35  0 111936 121927840 2214076 40829344    0    0     0 468084 161283 966698 35 10 55  1  0  0
37  0 111936 121923644 2214076 40829360    0    0     0 464312 162432 966263 35 10 55  1  0  0
36  0 111936 121929592 2214076 40829368    0    0     0 468624 159567 964094 35 10 55  1  0  0
37  1 111936 121930940 2214076 40829380    0    0     0 465728 161428 970219 35 10 55  1  0  0
38  0 111936 121934548 2214076 40829388    0    0     0 466100 160257 964748 35 10 55  1  0  0
37  0 111936 121931016 2214080 40829392    0    0     0 465312 159062 965216 35 10 55  1  0  0
37  0 111936 121931284 2214080 40829404    0    0     0 466752 159770 973944 35 10 54  0  0  0
35  1 111936 121936100 2214080 40829412    0    0     0 460304 158425 956183 35 10 55  1  0  0
37  0 111936 121929164 2214080 40829424    0    0     0 457388 159175 947030 35 10 55  1  0  0
35  0 111936 121924012 2214080 40829436    0    0     0 464588 160237 968524 35 10 54  1  0  0
37  0 111936 121919568 2214080 40829444    0    0     0 459148 158675 960507 35 10 54  1  0  0
34  0 111936 121924068 2214080 40829456    0    0     0 462212 161012 969482 35 10 54  1  0  0
35  0 111936 121927320 2214080 40829464    0    0     0 462956 159494 967198 35 10 55  1  0  0
37  0 111936 121921860 2214080 40829476    0    0     0 463244 161578 966534 35 10 55  1  0  0
36  0 111936 121917592 2214080 40829548    0    0     0 459476 160884 945032 35 10 55  1  0  0
procs -----------memory---------- ---swap-- -----io---- -system-- -------cpu-------
 r  b   swpd   free   buff  cache   si   so    bi    bo   in   cs us sy id wa st gu
36  0 111936 121914260 2214080 40829560    0    0     0 464928 161685 957466 35 10 55  1  0  0
38  0 111936 121912400 2214080 40829572    0    0     0 462964 162251 968416 35 10 54  1  0  0
36  0 111936 121907168 2214080 40829580    0    0     0 464756 162585 974897 35 10 54  1  0  0
35  0 111936 121909092 2214080 40829592    0    0     0 460332 161135 975108 35 10 54  1  0  0
39  0 111936 121914012 2214080 40829600    0    0     0 463776 161395 970156 35 10 55  1  0  0
36  0 111936 121920476 2214080 40829612    0    0     0 455056 156862 957448 34 10 55  1  0  0
37  0 111936 121919372 2214080 40829620    0    0     0 459664 161444 961813 35 10 55  1  0  0
35  0 111936 121915928 2214080 40829624    0    0     0 460104 159133 968969 35 10 55  1  0  0
38  0 111936 121917288 2214080 40829636    0    0     0 461800 162018 964006 35 10 55  1  0  0
41  0 111936 121921328 2214080 40829648    0    0     0 458020 160330 966369 35 10 55  0  0  0
36  0 111936 121918836 2214080 40829656    0    0     0 458036 161862 971552 35 10 54  0  0  0
35  0 111936 121917504 2214080 40829668    0    0     0 457412 159465 967955 35 10 54  1  0  0
37  0 111936 121922876 2214080 40829676    0    0     0 459720 160733 968982 35 10 55  1  0  0
39  0 111936 121917724 2214080 40829688    0    0     0 456644 159626 972093 35 10 54  1  0  0
35  0 111936 121912788 2214080 40829700    0    0     0 465684 160681 980987 35 10 54  1  0  0
34  0 111936 121912876 2214080 40829708    0    0     0 465492 162726 977640 35 10 55  1  0  0
38  1 111936 121922528 2214080 40829716    0    0     0 466220 160564 980720 35 10 55  1  0  0
36  0 111936 121921276 2214080 40829724    0    0     0 462964 162288 980016 35 10 55  1  0  0
35  1 111936 121917868 2214080 40829732    0    0     0 462004 161237 970599 35 10 54  1  0  0
34  0 111936 121917052 2214080 40829748    0    0     0 459476 161884 973030 35 10 55  1  0  0
38  0 111936 121917856 2214080 40829756    0    0     0 459772 159448 969487 35 10 54  1  0  0
procs -----------memory---------- ---swap-- -----io---- -system-- -------cpu-------
 r  b   swpd   free   buff  cache   si   so    bi    bo   in   cs us sy id wa st gu
34  1 111936 121921924 2214084 40829768    0    0     0 453352 158936 948401 35 10 55  1  0  0
35  1 111936 121913472 2214084 40829776    0    0     0 455836 158476 959610 35 10 55  1  0  0
38  1 111936 121917464 2214084 40829784    0    0     0 463452 160143 980360 35 10 54  1  0  0
35  0 111936 121920032 2214084 40829796    0    0     0 460288 159801 965736 35 10 55  1  0  0
37  0 111936 121918088 2214084 40829808    0    0     0 465716 160739 975760 35 10 55  1  0  0
38  0 111936 121923044 2214088 40829816    0    0     0 455100 158997 962111 35  9 55  1  0  0
38  0 111936 121927024 2214088 40829824    0    0     0 456844 157607 960563 35 10 55  1  0  0
34  1 111936 121921588 2214088 40829832    0    0     0 457568 161087 951908 35 10 55  1  0  0
37  0 111936 121916596 2214088 40829848    0    0     0 458204 160905 956327 35 10 55  1  0  0
36  0 111936 121916440 2214088 40829856    0    0     0 455944 157435 961365 35 10 55  1  0  0
33  0 111936 121913300 2214088 40829864    0    0     0 459664 161694 969808 35 10 54  1  0  0
35  0 111936 121913288 2214092 40829872    0    0     0 462348 160503 972184 35 10 55  1  0  0
35  0 111936 121908980 2214092 40829884    0    0     0 456772 157878 959330 35 10 55  1  0  0
33  1 111936 121911296 2214092 40829896    0    0     0 458088 158410 961749 35 10 55  1  0  0
37  0 111936 121908924 2214092 40829908    0    0     0 462456 162326 965300 35 10 54  1  0  0
38  0 111936 121909716 2214092 40829916    0    0     0 454684 159304 962415 35 10 54  1  0  0
34  1 111936 121909620 2214092 40829924    0    0     0 465596 159968 975575 35 10 55  1  0  0
36  1 111936 121915832 2214092 40829936    0    0     0 466276 162689 976116 35 10 54  1  0  0
35  0 111936 121914032 2214092 40829948    0    0     0 460836 160934 957261 35 10 55  1  0  0
41  0 111936 121908924 2214092 40829956    0    0     0 463588 161493 970086 35 10 55  1  0  0
36  1 111936 121922616 2214092 40829968    0    0     0 459664 159787 966388 35 10 55  1  0  0
procs -----------memory---------- ---swap-- -----io---- -system-- -------cpu-------
 r  b   swpd   free   buff  cache   si   so    bi    bo   in   cs us sy id wa st gu
38  0 111936 121913672 2214096 40829980    0    0     0 460428 159058 958909 35 10 55  1  0  0
39  0 111936 121910676 2214096 40829988    0    0     0 463428 158297 961483 35 10 55  1  0  0
42  0 111936 121919280 2214096 40830000    0    0     0 462624 160788 963562 35 10 55  1  0  0
35  1 111936 121922248 2214096 40830008    0    0     0 459024 159280 954301 35 10 55  1  0  0
37  0 111936 121917476 2214096 40830016    0    0     0 459792 159215 961094 35 10 55  1  0  0
36  0 111936 121921992 2214096 40830028    0    0     0 463980 162721 963410 35 10 55  1  0  0
34  1 111936 121920884 2214096 40830036    0    0     0 460676 160508 954324 35 10 55  1  0  0
36  0 111936 121919740 2214096 40830048    0    0     0 451664 158799 925004 34  9 56  1  0  0
37  0 111936 121925120 2214096 40830056    0    0     0 460096 160126 965004 35 10 55  1  0  0
35  1 111936 121924648 2214096 40830064    0    0     0 461180 158657 969476 35 10 55  1  0  0
38  0 111936 121928092 2214096 40830076    0    0     0 464512 159823 970919 35 10 55  1  0  0
39  0 111936 121921572 2214096 40830084    0    0     0 457280 159604 953313 35 10 55  1  0  0
36  0 111936 121930868 2214096 40830092    0    0     0 458128 159071 971433 35 10 55  1  0  0
35  0 111936 121920644 2214096 40830104    0    0     0 462284 161685 966648 35 10 54  0  0  0
37  0 111936 121919808 2214096 40830116    0    0     0 460004 160145 951524 35  9 55  1  0  0
35  0 111936 121918508 2214096 40830128    0    0     0 456692 161002 950666 35 10 55  1  0  0
38  0 111936 121917252 2214096 40830136    0    0     0 458912 159033 961810 35 10 55  1  0  0
35  0 111936 121913788 2214096 40830208    0    0     0 464504 160151 973402 35 10 54  1  0  0
33  1 111936 121914740 2214096 40830220    0    0     0 466136 160839 972393 35 10 55  1  0  0
36  0 111936 121924964 2214096 40830228    0    0     0 470564 162417 965682 34 10 55  1  0  0
38  1 111936 121933432 2214100 40830240    0    0     0 461776 157956 966851 34 10 55  1  0  0
procs -----------memory---------- ---swap-- -----io---- -system-- -------cpu-------
 r  b   swpd   free   buff  cache   si   so    bi    bo   in   cs us sy id wa st gu
36  1 111936 121932376 2214100 40830248    0    0     0 460100 160526 963256 35 10 54  1  0  0
35  0 111936 121928700 2214100 40830256    0    0     0 464144 158569 970630 35 10 55  1  0  0
40  1 111936 121932728 2214100 40830268    0    0     0 467536 161185 961805 35 10 55  1  0  0
36  1 111936 121935580 2214100 40830280    0    0     0 470132 162638 968673 35 10 55  1  0  0
37  0 111936 121937928 2214100 40830288    0    0     0 467000 160517 966372 35 10 55  1  0  0
36  0 111936 121942548 2214100 40830296    0    0     0 462256 159821 964299 35 10 55  1  0  0
35  0 111936 121934192 2214100 40830304    0    0     0 468072 161852 963935 35 10 55  1  0  0
38  0 111936 121936636 2214100 40830316    0    0     0 465576 158375 956231 34 10 55  1  0  0
43  1 111936 121928252 2214100 40830328    0    0     0 467976 162912 968912 35 10 55  1  0  0
36  0 111936 121926060 2214100 40830340    0    0     0 464920 162197 966497 35 10 55  1  0  0
37  1 111936 121919776 2214100 40830348    0    0     0 462340 159856 960856 35 10 55  1  0  0
35  0 111936 121919636 2214100 40830356    0    0     0 463976 160894 945714 34  9 55  1  0  0
37  1 111936 121922916 2214100 40830372    0    0     0 460344 158959 960687 35 10 55  1  0  0
39  1 111936 121919788 2214100 40830376    0    0     0 461020 159302 950824 34 10 55  1  0  0
37  0 111936 121912800 2214104 40830384    0    0     0 456980 158738 930557 34 10 56  1  0  0
34  0 111936 121911532 2214104 40830392    0    0     0 468376 163915 967434 35 10 55  1  0  0
36  0 111936 121920340 2214104 40830400    0    0     0 467664 160894 966256 35 10 55  1  0  0
37  0 111936 121915692 2214104 40830416    0    0     0 468256 162240 970156 35 10 55  1  0  0
34  0 111936 121928060 2214108 40830428    0    0     0 461708 158992 958631 35 10 55  1  0  0
35  0 111936 121923296 2214108 40830436    0    0     0 467524 162066 973726 35 10 55  1  0  0
36  0 111936 121925268 2214108 40830444    0    0     0 465580 160901 973953 35 10 54  1  0  0
procs -----------memory---------- ---swap-- -----io---- -system-- -------cpu-------
 r  b   swpd   free   buff  cache   si   so    bi    bo   in   cs us sy id wa st gu
36  0 111936 121927324 2214108 40830456    0    0     0 459288 161222 948702 35  9 55  1  0  0
35  0 111936 121922752 2214108 40830472    0    0     0 464696 159402 961273 35 10 55  1  0  0
37  0 111936 121914992 2214112 40830480    0    0     0 462508 160874 963263 35 10 55  1  0  0
36  1 111936 121916584 2214112 40830488    0    0     0 461580 160354 961724 35 10 54  1  0  0
40  0 111936 121913864 2214112 40830496    0    0     0 469488 161792 966110 35 10 55  1  0  0
36  1 111936 121912688 2214112 40830512    0    0     0 464784 161090 970926 35 10 55  1  0  0
37  0 111936 121920180 2214112 40830520    0    0     0 467596 162741 971159 35 10 55  1  0  0
35  1 111936 121916012 2214112 40830532    0    0     0 462848 161690 961741 35 10 55  1  0  0
36  0 111936 121914596 2214112 40830540    0    0     0 468340 163305 970617 35 10 55  1  0  0
34  1 111936 121906840 2214112 40830576    0    0     0 461484 159472 965391 35 10 54  1  0  0
34  0 111936 121908344 2214112 40830608    0    0     0 459164 160780 960853 35 10 54  0  0  0
33  1 111936 121910880 2214112 40830616    0    0     0 463748 162408 972471 35 10 54  1  0  0
35  0 111936 121909080 2214112 40830628    0    0     0 460984 159874 960042 34 10 55  1  0  0
36  0 111936 121912072 2214112 40830636    0    0     0 463496 160139 963257 35 10 55  1  0  0
40  0 111936 121909076 2214112 40830648    0    0     0 468728 161749 970460 35 10 54  1  0  0
34  0 111936 121914740 2214112 40830656    0    0     0 468992 160694 968867 35 10 55  1  0  0
36  0 111936 121914088 2214112 40830664    0    0     0 465304 161190 960629 35 10 55  1  0  0
36  0 111936 121913752 2214112 40830676    0    0     0 464976 158519 962301 34 10 55  1  0  0
38  0 111936 121913260 2214112 40830684    0    0     0 464688 160596 960951 35 10 55  1  0  0
36  1 111936 121917592 2214112 40830696    0    0     0 462928 158578 963702 35 10 55  1  0  0
35  1 111936 121915952 2214112 40830708    0    0     0 464944 160739 962451 35 10 55  1  0  0
procs -----------memory---------- ---swap-- -----io---- -system-- -------cpu-------
 r  b   swpd   free   buff  cache   si   so    bi    bo   in   cs us sy id wa st gu
43  1 111936 121910736 2214112 40830716    0    0     0 456400 159159 933886 34 10 56  1  0  0
37  0 111936 121909368 2214116 40830728    0    0     0 461492 159818 941826 34 10 55  1  0  0
42  0 111936 121909244 2214116 40830736    0    0     0 460776 158733 960438 35 10 55  1  0  0
34  0 111936 121911628 2214116 40830744    0    0     0 461432 160323 967556 35 10 55  1  0  0
35  0 111936 121916576 2214116 40830756    0    0     0 460932 159772 960566 35 10 55  1  0  0
40  0 111936 121918868 2214116 40830760    0    0     0 463240 159336 962912 34 10 55  1  0  0
37  0 111936 121918176 2214120 40830772    0    0     0 461524 159664 958087 35 10 55  1  0  0
36  0 111936 121920676 2214120 40830780    0    0     0 455704 158564 958974 35 10 55  1  0  0
36  1 111936 121918548 2214120 40830792    0    0     0 457944 161361 958103 35 10 55  1  0  0
35  0 111936 121911508 2214120 40830800    0    0     0 463308 160893 962600 35 10 55  1  0  0
35  0 111936 121912068 2214120 40830808    0    0     0 456572 159569 966179 35 10 55  1  0  0
37  0 111936 121914128 2214124 40830820    0    0     0 459672 160150 962519 35 10 55  1  0  0
36  0 111936 121916556 2214124 40830828    0    0     0 460180 161119 960499 35 10 55  1  0  0
34  0 111936 121918320 2214124 40830840    0    0     0 456168 159846 957748 35 10 55  1  0  0
33  1 111936 121911476 2214124 40830912    0    0     0 458400 161578 964400 35 10 54  1  0  0
35  1 111936 121911620 2214124 40830924    0    0     0 458320 160717 960497 35 10 54  1  0  0
37  1 111936 121910968 2214124 40830936    0    0     0 463524 160584 968190 35 10 55  1  0  0
38  1 111936 121915580 2214124 40830952    0    0     0 463540 161277 970602 35 10 55  1  0  0
35  0 111936 121917648 2214124 40830960    0    0     0 455736 158042 959090 35 10 55  1  0  0
37  0 111936 121917144 2214124 40830968    0    0     0 457372 158711 956622 35 10 55  1  0  0
37  1 111936 121920712 2214124 40830976    0    0     0 456280 158728 959370 35 10 55  1  0  0
procs -----------memory---------- ---swap-- -----io---- -system-- -------cpu-------
 r  b   swpd   free   buff  cache   si   so    bi    bo   in   cs us sy id wa st gu
35  0 111936 121924752 2214124 40830984    0    0     0 456424 159650 960502 35 10 55  1  0  0
35  0 111936 121921536 2214128 40831000    0    0     0 454376 160098 957171 35  9 55  1  0  0
40  1 111936 121918200 2214128 40831004    0    0     0 453232 159905 957110 35 10 55  1  0  0
38  0 111936 121921124 2214128 40831012    0    0     0 455088 159650 954675 35 10 55  1  0  0
34  1 111936 121919440 2214128 40831020    0    0     0 453904 160069 947875 35 10 55  1  0  0
36  0 111936 121912700 2214128 40831032    0    0     0 454448 160139 954569 34 10 55  1  0  0
35  0 111936 121916912 2214128 40831044    0    0     0 456868 160019 954527 35 10 55  1  0  0
33  1 111936 121912744 2214128 40831060    0    0     0 456324 159507 936488 34 10 56  1  0  0
36  1 111936 121916116 2214128 40831068    0    0     0 456104 160244 952050 35 10 55  1  0  0
39  0 111936 121919664 2214128 40831076    0    0     0 457392 161982 966662 35 10 55  1  0  0
36  0 111936 121914520 2214128 40831084    0    0     0 441616 157424 965866 35 10 54  0  0  0
40  0 111936 121915264 2214128 40831100    0    0     0 437444 155180 958642 35 10 55  0  0  0
36  0 111936 121912908 2214128 40831108    0    0     0 441496 157349 956799 35 10 54  0  0  0
38  0 111936 121915908 2214128 40831116    0    0     0 442000 156587 957568 35 10 55  0  0  0
35  1 111936 121907588 2214128 40831124    0    0     0 440524 157462 963253 35 10 54  0  0  0
36  0 111936 121901404 2214128 40831136    0    0     0 439732 157428 948841 35 10 55  1  0  0
35  0 111936 121909468 2214132 40831148    0    0     0 436864 155467 936938 35 10 55  1  0  0
37  0 111936 121909440 2214132 40831156    0    0     0 442888 157042 948367 35 10 55  1  0  0
36  0 111936 121911480 2214132 40831164    0    0     0 444192 158701 962357 35 10 54  0  0  0
35  1 111936 121913032 2214132 40831168    0    0     0 441828 157594 957265 35 10 54  0  0  0
35  0 111936 121906788 2214132 40831180    0    0     0 441416 157141 953161 35 10 55  0  0  0
procs -----------memory---------- ---swap-- -----io---- -system-- -------cpu-------
 r  b   swpd   free   buff  cache   si   so    bi    bo   in   cs us sy id wa st gu
36  0 111936 121907084 2214132 40831200    0    0     0 439144 158032 954969 35 10 55  0  0  0
37  0 111936 121908812 2214132 40831208    0    0     0 439748 157684 961252 35 10 55  1  0  0
37  1 111936 121910336 2214132 40831216    0    0     0 436908 156229 949985 35 10 55  1  0  0
40  0 111936 121924948 2214132 40831224    0    0     0 440324 156996 954928 35 10 55  0  0  0
35  1 111936 121921516 2214132 40831236    0    0     0 439440 157091 955843 35 10 55  0  0  0
39  0 111936 121919100 2214132 40831252    0    0     0 442760 156100 952124 35 10 55  1  0  0
36  0 111936 121917892 2214132 40831260    0    0     0 439956 156772 951701 35 10 55  0  0  0
40  0 111936 121924604 2214132 40831268    0    0     0 442984 158411 950427 35 10 55  0  0  0
40  1 111936 121928244 2214132 40831280    0    0     0 439408 156216 947082 35 10 55  1  0  0
33  1 111936 121925876 2214132 40831288    0    0     0 440912 156142 950727 35 10 55  1  0  0
38  1 111936 121930144 2214136 40831296    0    0     0 444216 158613 952437 35 10 55  1  0  0
37  0 111936 121935560 2214136 40831308    0    0     0 440280 156320 946663 35 10 55  1  0  0
36  1 111936 121929016 2214136 40831316    0    0     0 442696 163306 939792 35 10 55  1  0  0
34  0 111936 121922384 2214136 40831332    0    0     0 446392 168317 951262 35 10 55  1  0  0
39  0 111936 121917764 2214136 40831340    0    0     0 444612 158703 964126 35 10 54  0  0  0
39  0 111936 121917684 2214140 40831344    0    0     0 438740 156372 917126 34  9 56  1  0  0
34  0 111936 121914480 2214140 40831356    0    0     0 437904 156066 924211 34 10 56  1  0  0
36  0 111936 121919360 2214140 40831372    0    0     0 446372 160541 956436 35 10 54  1  0  0
39  0 111936 121915732 2214140 40831380    0    0     0 444404 171209 959277 35 10 55  1  0  0
34  0 111936 121911980 2214140 40831388    0    0     0 446084 170334 959340 35 10 55  1  0  0
38  0 111936 121914492 2214140 40831396    0    0     0 439220 167292 944979 35 10 55  0  0  0
procs -----------memory---------- ---swap-- -----io---- -system-- -------cpu-------
 r  b   swpd   free   buff  cache   si   so    bi    bo   in   cs us sy id wa st gu
37  0 111936 121906948 2214140 40831408    0    0     0 439404 165701 953434 35 10 55  0  0  0
33  0 111936 121900132 2214140 40831420    0    0     0 447444 167162 949899 35 10 55  0  0  0
38  1 111936 121896232 2214140 40831428    0    0     0 440788 164325 940482 35 10 55  1  0  0
35  0 111936 121890580 2214140 40831436    0    0     0 437472 166623 937475 35 10 55  1  0  0
36  1 111936 121891452 2214140 40831444    0    0     0 439540 165572 942787 35 10 55  1  0  0
35  1 111936 121880424 2214140 40831456    0    0     0 444548 169201 958571 35 10 54  0  0  0
37  0 111936 121880764 2214140 40831468    0    0     0 444084 168236 954819 35 10 55  0  0  0
36  0 111936 121876108 2214140 40831476    0    0     0 442736 167217 955547 35 10 55  0  0  0
38  0 111936 121877092 2214140 40831484    0    0     0 439708 165563 953011 35 10 55  1  0  0
38  0 111936 121873664 2214144 40831492    0    0     0 449464 168298 956816 35 10 55  1  0  0
38  0 111936 121873844 2214144 40831508    0    0     0 443724 161322 959975 35 10 55  0  0  0
37  0 111936 121883252 2214144 40831604    0    0     0 446112 158389 954118 35 10 55  0  0  0
35  1 111936 121883640 2214144 40831608    0    0     0 444548 167023 960627 35 10 54  0  0  0
40  1 111936 121876380 2214144 40831616    0    0     0 449160 166729 960513 35 10 55  0  0  0
36  0 111936 121874192 2214148 40831624    0    0     0 448460 167716 958909 35 10 55  0  0  0
42  0 111936 121874640 2214148 40831636    0    0     0 448380 170618 951320 34 10 55  1  0  0
35  0 111936 121870972 2214148 40831656    0    0     0 445868 160110 954004 35 10 54  0  0  0
35  0 111936 121864096 2214148 40831664    0    0     0 439272 156884 952533 35 10 54  0  0  0
37  0 111936 121871020 2214148 40831672    0    0     0 444252 156398 957385 35 10 55  1  0  0
35  0 111936 121880060 2214152 40831680    0    0     0 440768 155907 946943 35 10 55  0  0  0
36  1 111936 121884864 2214152 40831692    0    0     0 440648 156657 941728 35 10 55  1  0  0
procs -----------memory---------- ---swap-- -----io---- -system-- -------cpu-------
 r  b   swpd   free   buff  cache   si   so    bi    bo   in   cs us sy id wa st gu
37  0 111936 121880352 2214152 40831704    0    0     0 445728 159140 952629 35 10 55  1  0  0
38  1 111936 121891508 2214152 40831712    0    0     0 442256 157053 950615 35 10 54  0  0  0
40  0 111936 121891420 2214152 40831720    0    0     0 441144 157632 927204 34 10 56  1  0  0
37  0 111936 121894572 2214156 40831728    0    0     0 438960 156239 935837 34 10 55  1  0  0
36  1 111936 121892060 2214156 40831740    0    0     0 444896 158662 955953 35 10 55  0  0  0
42  0 111936 121895264 2214156 40831752    0    0     0 441940 158626 952413 35 10 55  1  0  0
36  0 111936 121894892 2214156 40831764    0    0     0 445172 158736 948674 35 10 55  1  0  0
35  0 111936 121897976 2214156 40831772    0    0     0 441508 157094 952378 34 10 55  1  0  0
37  1 111936 121903380 2214156 40831776    0    0     0 444320 158331 957417 35 10 55  0  0  0
34  0 111936 121903676 2214156 40831788    0    0     0 442252 155385 956276 35 10 55  0  0  0
41  0 111936 121903804 2214156 40831804    0    0     0 439764 155669 946103 35 10 55  1  0  0
37  1 111936 121898104 2214156 40831812    0    0     0 440280 156824 938665 35 10 55  1  0  0
44  0 111936 121902476 2214156 40831820    0    0     0 441896 155485 949345 35 10 55  0  0  0
39  0 111936 121907780 2214160 40831832    0    0     0 444924 157096 952303 35 10 55  0  0  0
37  0 111936 121918716 2214160 40831840    0    0     0 448524 158968 955237 35 10 55  1  0  0
38  0 111936 121911372 2214160 40831852    0    0     0 446892 158586 960393 35 10 54  0  0  0
38  0 111936 121923144 2214160 40831860    0    0     0 447732 158372 940651 35 10 55  1  0  0
40  1 111936 121923328 2214160 40831868    0    0     0 440996 156491 953791 35 10 54  0  0  0
42  0 111936 121920780 2214160 40831880    0    0     0 445804 158124 948219 35 10 55  1  0  0
36  0 111936 121914844 2214160 40831888    0    0     0 448816 159069 954214 35 10 55  1  0  0
40  1 111936 121914652 2214160 40831900    0    0     0 445088 158040 944152 35 10 55  1  0  0
procs -----------memory---------- ---swap-- -----io---- -system-- -------cpu-------
 r  b   swpd   free   buff  cache   si   so    bi    bo   in   cs us sy id wa st gu
37  0 111936 121918640 2214160 40831908    0    0     0 444000 157580 947280 35 10 55  0  0  0
37  1 111936 121920896 2214160 40831920    0    0     0 441184 156883 950635 35 10 55  0  0  0
41  1 111936 121922060 2214164 40831924    0    0     0 441028 156408 945105 35 10 55  1  0  0
38  0 111936 121915992 2214164 40831936    0    0     0 442024 156237 938843 34 10 55  1  0  0
37  0 111936 121916796 2214164 40831944    0    0     0 445744 158471 952078 35 10 55  1  0  0
38  0 111936 121918260 2214164 40831952    0    0     0 443108 156799 949043 35 10 55  1  0  0
36  0 111936 121923408 2214164 40831968    0    0     0 443360 155969 951826 35 10 55  1  0  0
35  0 111936 121921648 2214168 40831972    0    0     0 442724 156022 949110 35 10 54  0  0  0
39  0 111936 121917124 2214168 40831984    0    0     0 442212 156082 952038 35 10 55  0  0  0
38  0 111936 121920416 2214168 40831996    0    0     0 443104 156132 937517 34 10 56  1  0  0
38  1 111936 121923888 2214168 40832004    0    0     0 438424 155044 924296 34 10 56  1  0  0
34  0 111936 121921500 2214168 40832016    0    0     0 444192 157004 956063 35 10 54  0  0  0
35  0 111936 121921528 2214168 40832024    0    0     0 446344 157820 962765 35 10 54  0  0  0
38  0 111936 121919828 2214168 40832032    0    0     0 446460 159193 966759 35 10 55  0  0  0
36  1 111936 121923236 2214168 40832040    0    0     0 447880 160313 956316 35 10 55  1  0  0
35  0 111936 121913948 2214168 40832052    0    0     0 450500 161143 959700 35 10 55  0  0  0
37  0 111936 121917012 2214168 40832068    0    0     0 456620 160398 959334 35 10 55  1  0  0
36  1 111936 121923292 2214168 40832076    0    0     0 449492 158822 951709 35 10 55  1  0  0
34  0 111936 121921960 2214172 40832084    0    0     0 441680 157390 942813 35 10 55  1  0  0
40  0 111936 121914604 2214172 40832092    0    0     0 438584 157087 952757 35 10 55  1  0  0
41  0 111936 121919096 2214172 40832104    0    0     0 443796 158363 957077 35 10 55  0  0  0
procs -----------memory---------- ---swap-- -----io---- -system-- -------cpu-------
 r  b   swpd   free   buff  cache   si   so    bi    bo   in   cs us sy id wa st gu
35  0 111936 121918908 2214172 40832112    0    0     0 443308 158570 956559 35 10 55  0  0  0
38  1 111936 121916836 2214172 40832124    0    0     0 441440 156548 951244 34 10 55  1  0  0
38  0 111936 121918116 2214172 40832132    0    0     0 438432 154598 955325 35 10 55  1  0  0
35  0 111936 121920232 2214172 40832140    0    0     0 439668 156665 955212 35 10 55  0  0  0
40  1 111936 121923772 2214172 40832156    0    0     0 435508 154254 949677 35 10 55  1  0  0
37  1 111936 121935044 2214172 40832164    0    0     0 440056 155394 957471 35 10 55  0  0  0
39  1 111936 121931272 2214172 40832172    0    0     0 441936 155839 956653 35 10 55  1  0  0
38  0 111936 121935292 2214172 40832180    0    0     0 441276 155631 961893 35 10 55  0  0  0
36  0 111936 121932540 2214172 40832256    0    0     0 441256 155223 943829 35 10 55  0  0  0
39  0 111936 121927540 2214172 40832272    0    0     0 444184 157344 954594 35 10 55  1  0  0
38  1 111936 121924712 2214172 40832280    0    0     0 441232 157639 952740 35 10 55  0  0  0
37  0 111936 121919192 2214172 40832288    0    0     0 442740 157784 953194 35 10 55  0  0  0
39  0 111936 121917116 2214172 40832296    0    0     0 436624 155743 953079 35 10 55  0  0  0
40  0 111936 121920524 2214172 40832308    0    0     0 436828 156388 949633 35 10 55  0  0  0
36  1 111936 121921012 2214172 40832320    0    0     0 438640 155622 939843 35 10 55  1  0  0
35  1 111936 121921144 2214172 40832328    0    0     0 439144 156688 944587 35 10 55  1  0  0
36  1 111936 121920864 2214172 40832336    0    0     0 439572 156873 951782 35 10 55  0  0  0
35  0 111936 121918948 2214172 40832348    0    0     0 434796 155886 926210 34 10 55  1  0  0
37  1 111936 121918812 2214172 40832356    0    0     0 432160 153574 893677 32  9 58  1  0  0
35  0 111936 121918308 2214172 40832368    0    0     0 437512 155780 942451 35 10 55  1  0  0
39  1 111936 121919416 2214172 40832376    0    0     0 441068 155748 950750 35 10 55  0  0  0
procs -----------memory---------- ---swap-- -----io---- -system-- -------cpu-------
 r  b   swpd   free   buff  cache   si   so    bi    bo   in   cs us sy id wa st gu
40  0 111936 121917308 2214172 40832384    0    0     0 446880 158584 961247 35 10 55  1  0  0
40  1 111936 121919412 2214172 40832392    0    0     0 440796 155577 947588 35 10 55  1  0  0
38  0 111936 121926228 2214172 40832404    0    0     0 440056 155933 951083 35 10 55  1  0  0
37  0 111936 121924444 2214172 40832416    0    0     0 437764 155609 956369 35 10 55  0  0  0
38  1 111936 121928608 2214172 40832428    0    0     0 440588 156866 947565 35 10 55  1  0  0
40  1 111936 121921604 2214172 40832436    0    0     0 437756 156865 942873 35 10 55  1  0  0
37  1 111936 121913808 2214172 40832448    0    0     0 438240 158338 948649 35 10 55  1  0  0
41  0 111936 121918332 2214172 40832456    0    0     0 443340 159220 958876 35 10 55  1  0  0
36  0 111936 121921100 2214172 40832464    0    0     0 438900 157098 943647 35 10 55  1  0  0
38  1 111936 121922364 2214172 40832476    0    0     0 439148 157666 950742 35 10 55  1  0  0
37  1 111936 121921148 2214172 40832484    0    0     0 438636 156256 949369 35 10 55  1  0  0
40  0 111936 121917616 2214176 40832492    0    0     0 439592 158512 953175 35 10 55  1  0  0
39  0 111936 121916876 2214176 40832504    0    0     0 439716 158543 954535 35 10 55  0  0  0
37  0 111936 121916788 2214176 40832512    0    0     0 443160 159244 959635 35 10 55  1  0  0
38  1 111936 121910772 2214176 40832520    0    0     0 441524 158276 946575 35 10 55  1  0  0
35  1 111936 121915544 2214176 40832528    0    0     0 436036 156095 936924 35 10 55  1  0  0
35  0 111936 121913872 2214176 40832540    0    0     0 438140 156697 942832 35 10 55  1  0  0
35  0 111936 121911752 2214176 40832548    0    0     0 438200 156503 947591 35 10 55  1  0  0
37  1 111936 121910576 2214176 40832556    0    0     0 442916 159045 951583 35 10 55  1  0  0
38  0 111936 121906796 2214176 40832568    0    0     0 439756 157690 946459 34 10 55  1  0  0
36  0 111936 121905528 2214176 40832576    0    0     0 433572 154412 940442 35 10 55  1  0  0
procs -----------memory---------- ---swap-- -----io---- -system-- -------cpu-------
 r  b   swpd   free   buff  cache   si   so    bi    bo   in   cs us sy id wa st gu
39  0 111936 121911808 2214176 40832588    0    0     0 433556 155669 933663 34 10 55  1  0  0
36  0 111936 121908704 2214176 40832596    0    0     0 434892 155876 937654 34 10 55  1  0  0
37  1 111936 121903876 2214176 40832604    0    0     0 434196 154099 929768 34 10 56  1  0  0
38  0 111936 121903016 2214176 40832616    0    0     0 436704 154454 947228 35 10 55  0  0  0
36  0 111936 121902388 2214176 40832628    0    0     0 431552 154602 899436 33 10 57  1  0  0
43  1 111936 121904308 2214180 40832632    0    0     0 435436 156403 921247 34  9 56  1  0  0
36  0 111936 121918796 2214180 40832652    0    0     0 443664 158507 962078 35 10 55  0  0  0
38  0 111936 121919220 2214180 40832660    0    0     0 441076 156691 951754 35 10 55  0  0  0
35  0 111936 121926256 2214180 40832672    0    0     0 437228 154208 951049 35 10 55  0  0  0
37  0 111936 121926140 2214180 40832688    0    0     0 435988 156371 949173 35 10 55  0  0  0
34  1 111936 121923212 2214180 40832692    0    0     0 440344 157330 957299 35 10 55  0  0  0
36  0 111936 121923964 2214184 40832700    0    0     0 441492 158211 957842 35 10 54  0  0  0
40  0 111936 121923764 2214184 40832708    0    0     0 440892 157944 951389 35 10 55  1  0  0
41  0 111936 121920980 2214184 40832724    0    0     0 439108 156781 940930 35 10 55  1  0  0
38  1 111936 121921504 2214184 40832736    0    0     0 436096 156318 943923 35 10 55  1  0  0
36  0 111936 121918000 2214184 40832744    0    0     0 443396 158697 958411 35 10 55  0  0  0
33  1 111936 121925892 2214184 40832752    0    0     0 441480 156868 960959 35 10 55  0  0  0
35  0 111936 121924156 2214184 40832760    0    0     0 441128 156175 954851 35 10 55  0  0  0
40  0 111936 121925676 2214184 40832772    0    0     0 444160 156273 951710 35 10 55  0  0  0
36  0 111936 121916856 2214184 40832784    0    0     0 438508 156165 954361 35 10 55  0  0  0
36  1 111936 121915140 2214184 40832792    0    0     0 430428 154571 940277 35 10 55  1  0  0
procs -----------memory---------- ---swap-- -----io---- -system-- -------cpu-------
 r  b   swpd   free   buff  cache   si   so    bi    bo   in   cs us sy id wa st gu
34  0 111936 121915380 2214188 40832800    0    0     0 445272 158983 958337 35 10 55  0  0  0
38  0 111936 121920460 2214188 40832808    0    0     0 440844 157143 950105 35 10 55  0  0  0
34  1 111936 121915860 2214188 40832820    0    0     0 441520 157122 953487 35 10 55  0  0  0
38  0 111936 121919808 2214188 40832832    0    0     0 440944 157043 948390 35 10 55  0  0  0
35  1 111936 121912476 2214188 40832840    0    0     0 445464 158842 964570 35 10 54  0  0  0
37  0 111936 121913872 2214188 40832916    0    0     0 445880 159479 964364 35 10 55  0  0  0
37  0 111936 121912672 2214188 40832928    0    0     0 442276 159320 961082 35 10 54  1  0  0
31  1 111936 121916092 2214188 40832932    0    0     0 441416 156812 957697 35 10 55  0  0  0
35  0 111936 121915636 2214188 40832944    0    0     0 440292 155341 950483 35 10 55  0  0  0
36  0 111936 121916696 2214188 40832952    0    0     0 441360 156888 952843 35 10 55  0  0  0
37  0 111936 121921984 2214188 40832960    0    0     0 441164 156675 962670 35 10 54  0  0  0
34  1 111936 121915260 2214188 40832972    0    0     0 439752 157102 957090 35 10 54  0  0  0
34  0 111936 121915080 2214188 40832980    0    0     0 439088 156331 928908 34 10 56  1  0  0
34  0 111936 121910876 2214188 40832992    0    0     0 437664 156038 923724 34  9 56  1  0  0
35  0 111936 121912812 2214188 40833000    0    0     0 442396 158437 947763 35 10 55  1  0  0
39  0 111936 121912392 2214192 40833012    0    0     0 440896 156876 942183 35 10 55  1  0  0
37  1 111936 121913668 2214192 40833020    0    0     0 439796 156046 951292 35 10 54  0  0  0
37  0 111936 121909768 2214192 40833032    0    0     0 441440 156871 945991 35 10 55  1  0  0
35  1 111936 121917604 2214192 40833044    0    0     0 440484 156689 949485 35 10 55  0  0  0
38  0 111936 121922812 2214192 40833052    0    0     0 443968 157307 948106 35 10 55  0  0  0
39  0 111936 121920196 2214192 40833060    0    0     0 441544 157360 946555 35 10 55  1  0  0
procs -----------memory---------- ---swap-- -----io---- -system-- -------cpu-------
 r  b   swpd   free   buff  cache   si   so    bi    bo   in   cs us sy id wa st gu
36  0 111936 121916652 2214192 40833072    0    0     0 442416 156523 941594 35 10 55  1  0  0
36  0 111936 121910712 2214192 40833080    0    0     0 440828 156099 943277 35 10 55  1  0  0
37  1 111936 121916980 2214192 40833096    0    0     0 446256 158180 948833 35 10 55  1  0  0
38  0 111936 121910492 2214192 40833104    0    0     0 447000 158519 944730 34 10 55  1  0  0
40  0 111936 121910028 2214196 40833112    0    0     0 443540 157441 940001 35 10 55  1  0  0
35  0 111936 121906860 2214196 40833124    0    0     0 442944 156258 947080 35 10 55  0  0  0
43  0 111936 121909640 2214196 40833132    0    0     0 444852 157280 955964 35 10 55  0  0  0
36  1 111936 121919916 2214196 40833144    0    0     0 449000 159722 960389 35 10 55  0  0  0
37  0 111936 121926212 2214196 40833152    0    0     0 448036 158007 968599 35 10 55  0  0  0
36  1 111936 121923672 2214200 40833164    0    0     0 444836 157835 953362 35 10 55  0  0  0
33  1 111936 121925344 2214200 40833172    0    0     0 445064 156846 960906 35 10 55  0  0  0
36  0 111936 121925732 2214200 40833180    0    0     0 441440 155989 954097 35 10 55  0  0  0
38  0 111936 121923456 2214200 40833188    0    0     0 444992 156356 954272 35 10 55  0  0  0
38  1 111936 121924840 2214200 40833200    0    0     0 443748 157150 953907 35 10 55  0  0  0
37  0 111936 121922944 2214200 40833212    0    0     0 445116 159606 956510 35 10 55  1  0  0
35  0 111936 121917040 2214200 40833220    0    0     0 447244 158784 955792 35 10 54  0  0  0
34  1 111936 121918652 2214200 40833228    0    0     0 442440 158133 943806 35 10 55  1  0  0
36  0 111936 121915736 2214200 40833240    0    0     0 443548 156624 945114 35 10 55  1  0  0
36  0 111936 121915496 2214200 40833256    0    0     0 447244 158029 952202 35 10 55  0  0  0
38  0 111936 121920892 2214200 40833264    0    0     0 441352 156694 941817 35 10 55  1  0  0
35  0 111936 121921320 2214200 40833268    0    0     0 437672 156915 921289 34 10 56  1  0  0
procs -----------memory---------- ---swap-- -----io---- -system-- -------cpu-------
 r  b   swpd   free   buff  cache   si   so    bi    bo   in   cs us sy id wa st gu
35  1 111936 121919852 2214200 40833276    0    0     0 448704 160483 959466 35 10 55  0  0  0
40  0 111936 121925504 2214200 40833284    0    0     0 447372 159242 960761 35 10 54  0  0  0
35  1 111936 121933524 2214200 40833300    0    0     0 445140 156751 949226 35 10 55  0  0  0
38  0 111936 121934356 2214204 40833308    0    0     0 445708 158870 957125 35 10 55  1  0  0
35  0 111936 121933276 2214204 40833316    0    0     0 444188 159424 955097 35 10 55  1  0  0
37  0 111936 121932748 2214204 40833324    0    0     0 444824 157287 952867 35 10 55  0  0  0
34  1 111936 121931260 2214204 40833332    0    0     0 439612 156032 953216 35 10 54  0  0  0
37  0 111936 121926428 2214204 40833352    0    0     0 439144 157479 940462 34 10 55  1  0  0
36  0 111936 121920672 2214204 40833360    0    0     0 442168 158722 944723 35 10 55  1  0  0
35  1 111936 121922960 2214204 40833368    0    0     0 439572 155282 950089 35 10 55  1  0  0
37  0 111936 121925004 2214204 40833376    0    0     0 447708 157694 959514 34 10 55  1  0  0
34  0 111936 121924776 2214204 40833388    0    0     0 439268 156761 948390 35 10 55  1  0  0
33  0 111936 121925040 2214204 40833404    0    0     0 441308 157112 949963 35 10 55  1  0  0
37  0 111936 121921620 2214204 40833412    0    0     0 436568 157048 940328 35 10 55  1  0  0
35  0 111936 121918024 2214204 40833420    0    0     0 439128 157746 954199 35 10 55  0  0  0
37  0 111936 121918488 2214204 40833428    0    0     0 442068 158510 945654 35 10 55  1  0  0
36  0 111936 121914784 2214204 40833432    0    0     0 445556 160008 950790 35 10 55  1  0  0
37  1 111936 121911668 2214204 40833448    0    0     0 443012 157906 947746 35 10 55  0  0  0
34  0 111936 121912964 2214204 40833456    0    0     0 441724 158666 951634 35 10 55  1  0  0
36  0 111936 121917740 2214208 40833464    0    0     0 442080 158696 948941 35 10 55  1  0  0
41  0 111936 121915700 2214208 40833472    0    0     0 436852 157617 940829 35 10 55  1  0  0
procs -----------memory---------- ---swap-- -----io---- -system-- -------cpu-------
 r  b   swpd   free   buff  cache   si   so    bi    bo   in   cs us sy id wa st gu
35  1 111936 121915844 2214208 40833484    0    0     0 443232 159664 949442 34 10 55  1  0  0
34  0 111936 121905680 2214208 40833496    0    0     0 441436 158254 937071 35 10 55  1  0  0
38  0 111936 121904384 2214208 40833572    0    0     0 441996 159163 947836 34 10 55  1  0  0
36  0 111936 121898768 2214208 40833580    0    0     0 435804 157563 933627 34 10 55  1  0  0
42  0 111936 121906236 2214208 40833588    0    0     0 435792 156610 933368 34 10 56  1  0  0
37  0 111936 121910856 2214208 40833600    0    0     0 442020 158423 954964 35 10 55  0  0  0
37  0 111936 121915600 2214208 40833608    0    0     0 441944 159407 933615 35 10 55  1  0  0
36  0 111936 121916544 2214208 40833620    0    0     0 440508 159377 933057 34 10 56  1  0  0
42  0 111936 121915068 2214212 40833628    0    0     0 440312 157869 946628 35 10 55  1  0  0
35  1 111936 121917368 2214212 40833640    0    0     0 443312 158885 950581 35 10 55  1  0  0
35  1 111936 121914616 2214212 40833648    0    0     0 442728 159045 953384 35 10 55  1  0  0
35  0 111936 121909396 2214212 40833656    0    0     0 446824 162045 952796 35 10 55  1  0  0
34  1 111936 121910796 2214212 40833668    0    0     0 444252 162862 953741 35 10 55  1  0  0
34  1 111936 121913676 2214220 40833672    0    0     0 441548 158656 953627 35 10 55  0  0  0
36  0 111936 121911236 2214220 40833684    0    0     0 442440 158813 961244 35 10 54  0  0  0
36  0 111936 121912388 2214220 40833692    0    0     0 443324 159235 942017 34 10 55  1  0  0
34  1 111936 121920984 2214220 40833700    0    0     0 442792 159725 938810 34 10 55  1  0  0
35  0 111936 121913380 2214220 40833712    0    0     0 441200 160057 953249 35 10 55  0  0  0
36  0 111936 121922540 2214220 40833724    0    0     0 444884 158034 956790 35 10 55  1  0  0
37  0 111936 121922128 2214220 40833736    0    0     0 442196 158316 947582 35 10 55  1  0  0
39  0 111936 121922944 2214220 40833744    0    0     0 441052 158466 947651 35 10 55  1  0  0
procs -----------memory---------- ---swap-- -----io---- -system-- -------cpu-------
 r  b   swpd   free   buff  cache   si   so    bi    bo   in   cs us sy id wa st gu
37  1 111936 121920380 2214220 40833756    0    0     0 444096 159272 954105 35 10 55  1  0  0
37  0 111936 121916264 2214220 40833768    0    0     0 447208 161426 963519 35 10 55  0  0  0
38  0 111936 121914268 2214224 40833776    0    0     0 441176 157098 957229 35 10 55  0  0  0
36  0 111936 121914156 2214224 40833792    0    0     0 448176 161865 961550 35 10 55  0  0  0
36  0 111936 121910296 2214224 40833800    0    0     0 448532 160126 956636 35 10 54  1  0  0
38  0 111936 121914660 2214224 40833808    0    0     0 441432 158115 949652 35 10 55  0  0  0
37  1 111936 121919424 2214224 40833820    0    0     0 443076 157534 952465 35 10 55  1  0  0
36  0 111936 121920840 2214224 40833832    0    0     0 441680 158264 953159 35 10 55  0  0  0
36  0 111936 121918692 2214224 40833840    0    0     0 443900 159574 954454 35 10 55  1  0  0
37  0 111936 121916304 2214224 40833844    0    0     0 441604 158022 959651 35 10 55  1  0  0
35  0 111936 121913216 2214224 40833852    0    0     0 445008 161351 953477 35 10 55  1  0  0
37  1 111936 121914112 2214224 40833864    0    0     0 446456 161939 949197 35 10 55  1  0  0
39  0 111936 121917484 2214224 40833876    0    0     0 447444 159813 961290 35 10 55  0  0  0
34  0 111936 121919472 2214224 40833884    0    0     0 446444 160386 968483 35 10 54  0  0  0
35  0 111936 121917024 2214224 40833892    0    0     0 439252 157036 934104 34 10 55  1  0  0
41  0 111936 121916032 2214224 40833900    0    0     0 444564 160230 946232 35 10 55  1  0  0
37  1 111936 121920556 2214224 40833908    0    0     0 448532 161180 960941 35 10 54  0  0  0
35  0 111936 121911260 2214224 40833924    0    0     0 441564 157468 952342 35 10 55  1  0  0
38  0 111936 121915448 2214224 40833932    0    0     0 440668 157239 953507 35 10 55  0  0  0
41  0 111936 121921604 2214224 40833940    0    0     0 447216 159341 953673 34 10 55  1  0  0
37  0 111936 121918432 2214224 40833948    0    0     0 444856 157416 948450 35 10 55  1  0  0
procs -----------memory---------- ---swap-- -----io---- -system-- -------cpu-------
 r  b   swpd   free   buff  cache   si   so    bi    bo   in   cs us sy id wa st gu
39  0 111936 121913268 2214224 40833960    0    0     0 448780 159413 956253 35 10 55  0  0  0
36  0 111936 121915616 2214224 40833976    0    0     0 439980 156691 925466 34 10 56  1  0  0
35  0 111936 121912400 2214228 40833984    0    0     0 439468 157857 926302 34 10 56  1  0  0
36  0 111936 121916280 2214228 40833992    0    0     0 449356 161125 949394 34 10 55  1  0  0
34  1 111936 121912292 2214228 40834000    0    0     0 441312 157265 936828 34 10 55  1  0  0
36  0 111936 121916876 2214228 40834008    0    0     0 441488 157305 942065 34 10 56  1  0  0
36  0 111936 121914980 2214228 40834020    0    0     0 444760 158542 946451 34 10 56  1  0  0
39  0 111936 121919244 2214232 40834032    0    0     0 441968 158442 940936 35 10 55  1  0  0
39  0 111936 121921252 2214232 40834040    0    0     0 441012 157410 933669 34 10 55  1  0  0
39  0 111936 121917028 2214232 40834048    0    0     0 444976 159477 943216 35 10 55  1  0  0
34  1 111936 121919920 2214232 40834064    0    0     0 438284 157485 931227 35 10 55  1  0  0
33  1 111936 121915768 2214232 40834076    0    0     0 436288 157130 944599 35 10 55  1  0  0
35  1 111936 121914956 2214232 40834084    0    0     0 438304 157532 945677 35 10 55  1  0  0
34  0 111936 121915480 2214232 40834092    0    0     0 439344 158655 943799 35 10 55  1  0  0
36  0 111936 121921020 2214232 40834104    0    0     0 437492 157548 934723 34 10 56  1  0  0
36  0 111936 121915456 2214232 40834112    0    0     0 439176 155920 913458 33 10 57  1  0  0
34  1 111936 121912996 2214232 40834124    0    0     0 438372 157203 931387 34 10 56  1  0  0
35  1 111936 121913072 2214232 40834132    0    0     0 438836 156834 928582 34  9 56  1  0  0
37  0 111936 121911388 2214232 40834140    0    0     0 437176 157755 922535 34  9 56  1  0  0
35  0 111936 121911624 2214232 40834152    0    0     0 437700 159318 920941 34  9 56  1  0  0
44  1 111936 121916560 2214232 40834228    0    0     0 438920 157876 918878 34 10 56  1  0  0
procs -----------memory---------- ---swap-- -----io---- -system-- -------cpu-------
 r  b   swpd   free   buff  cache   si   so    bi    bo   in   cs us sy id wa st gu
36  0 111936 121921428 2214232 40834240    0    0     0 443528 158096 946004 35 10 55  1  0  0
37  0 111936 121919632 2214232 40834248    0    0     0 432556 155075 881090 32  9 58  1  0  0
37  0 111936 121917600 2214232 40834256    0    0     0 441392 158592 923496 34 10 56  1  0  0
36  0 111936 121914540 2214232 40834264    0    0     0 441876 157169 949027 34 10 55  1  0  0
34  1 111936 121918760 2214232 40834272    0    0     0 445104 157767 951806 35 10 55  1  0  0
36  1 111936 121920584 2214232 40834280    0    0     0 442940 157030 946741 35 10 55  1  0  0
34  1 111936 121917376 2214232 40834292    0    0     0 438224 155494 937197 35 10 55  1  0  0
37  0 111936 121914568 2214232 40834304    0    0     0 441884 157271 945596 35 10 55  1  0  0
42  0 111936 121905308 2214232 40834312    0    0     0 443764 158547 961140 35 10 54  0  0  0
39  0 111936 121900064 2214232 40834320    0    0     0 437372 157215 919032 34  9 56  1  0  0
35  0 111936 121897192 2214232 40834332    0    0     0 435040 155448 925500 34 10 55  1  0  0
42  0 111936 121896876 2214236 40834340    0    0     0 446880 159483 960763 35 10 55  0  0  0
35  0 111936 121902832 2214236 40834352    0    0     0 442132 155234 947901 35 10 55  0  0  0
33  0 111936 121902020 2214236 40834364    0    0     0 439992 156713 944373 35 10 55  1  0  0
34  0 111936 121897940 2214236 40834372    0    0     0 445872 158364 955619 35 10 55  1  0  0
38  0 111936 121897428 2214236 40834380    0    0     0 450844 160478 960203 35 10 55  1  0  0
35  1 111936 121899856 2214236 40834392    0    0     0 442052 157736 947739 35 10 55  1  0  0
38  0 111936 121897084 2214236 40834404    0    0     0 441780 158436 941679 35 10 55  1  0  0
36  0 111936 121895420 2214236 40834416    0    0     0 438524 157694 941946 35 10 55  1  0  0
38  1 111936 121892932 2214236 40834424    0    0     0 439816 158052 943416 35 10 55  1  0  0
39  0 111936 121905988 2214236 40834436    0    0     0 437524 157108 943942 35 10 55  1  0  0
procs -----------memory---------- ---swap-- -----io---- -system-- -------cpu-------
 r  b   swpd   free   buff  cache   si   so    bi    bo   in   cs us sy id wa st gu
35  0 111936 121905176 2214236 40834448    0    0     0 439788 159432 940071 35 10 55  1  0  0
33  0 111936 121904956 2214236 40834460    0    0     0 435088 155512 934317 35 10 55  1  0  0
35  0 111936 121910132 2214236 40834468    0    0     0 439272 158044 939960 34 10 55  1  0  0
38  0 111936 121905116 2214236 40834476    0    0     0 440364 158603 941467 35 10 55  1  0  0
38  0 111936 121905512 2214236 40834484    0    0     0 438264 155895 935243 34 10 55  1  0  0
37  0 111936 121898948 2214236 40834500    0    0     0 436916 155950 930946 34 10 56  1  0  0
38  1 111936 121895208 2214240 40834508    0    0     0 433852 156201 923438 34 10 56  1  0  0
40  0 111936 121900708 2214240 40834516    0    0     0 437144 157160 924674 34  9 56  1  0  0
36  0 111936 121914460 2214240 40834524    0    0     0 435508 157103 939369 35 10 55  1  0  0
38  1 111936 121914296 2214240 40834532    0    0     0 435008 157025 920380 34 10 56  1  0  0
44  0 111936 121912220 2214240 40834548    0    0     0 432612 154836 922224 34 10 56  1  0  0
35  0 111936 121918360 2214240 40834556    0    0     0 438404 157627 944592 35 10 55  1  0  0
36  0 111936 121914696 2214240 40834564    0    0     0 439080 159652 943188 34 10 55  1  0  0
37  1 111936 121915092 2214240 40834572    0    0     0 437028 158333 935610 35 10 55  1  0  0
34  0 111936 121919352 2214240 40834584    0    0     0 435716 157221 944024 35 10 55  1  0  0
40  0 111936 121920472 2214240 40834592    0    0     0 437276 157744 938320 34 10 55  1  0  0
37  0 111936 121919932 2214240 40834600    0    0     0 436160 155864 936369 35 10 55  1  0  0
36  0 111936 121915212 2214240 40834608    0    0     0 431200 155214 920814 34 10 56  1  0  0
35  1 111936 121913832 2214240 40834616    0    0     0 431328 156671 923595 34 10 56  1  0  0
34  1 111936 121916776 2214240 40834628    0    0     0 437228 157815 937787 34 10 55  1  0  0
39  0 111936 121923884 2214240 40834636    0    0     0 435004 154740 929664 34 10 56  1  0  0
procs -----------memory---------- ---swap-- -----io---- -system-- -------cpu-------
 r  b   swpd   free   buff  cache   si   so    bi    bo   in   cs us sy id wa st gu
36  1 111936 121923144 2214240 40834648    0    0     0 436428 157126 919970 34  9 56  1  0  0
37  0 111936 121927348 2214240 40834656    0    0     0 435196 155879 916570 34  9 56  1  0  0
38  0 111936 121926100 2214240 40834664    0    0     0 431624 153959 912324 34  9 56  1  0  0
35  1 111936 121926500 2214240 40834676    0    0     0 429472 153231 911699 34  9 56  1  0  0
34  1 111936 121919624 2214240 40834684    0    0     0 436004 158188 940830 34 10 55  1  0  0
37  1 111936 121919820 2214240 40834696    0    0     0 435932 157231 933302 34 10 55  1  0  0
35  0 111936 121915444 2214240 40834704    0    0     0 433660 155485 927095 34 10 55  1  0  0
34  1 111936 121919828 2214240 40834716    0    0     0 439664 158966 950184 35 10 55  1  0  0
33  0 111936 121920216 2214240 40834732    0    0     0 438956 158393 949297 35 10 55  1  0  0
39  0 111936 121923492 2214240 40834740    0    0     0 433500 154629 942039 34 10 55  1  0  0
34  0 111936 121916320 2214240 40834752    0    0     0 432684 154319 935366 34 10 56  1  0  0
36  1 111936 121914992 2214240 40834756    0    0     0 436772 154838 939051 34 10 56  1  0  0
39  0 111936 121913764 2214240 40834768    0    0     0 433056 155090 944876 34 10 55  1  0  0
35  0 111936 121919776 2214240 40834776    0    0     0 435176 157000 934176 34 10 55  1  0  0
39  0 111936 121927560 2214240 40834784    0    0     0 428956 154410 919419 34 10 56  1  0  0
42  0 111936 121924480 2214244 40834796    0    0     0 433340 156405 928444 34 10 56  1  0  0
39  1 111936 121921420 2214244 40834808    0    0     0 440012 157889 950406 35 10 55  1  0  0
40  0 111936 121916408 2214244 40834908    0    0     0 435360 156107 926959 34 10 56  1  0  0
38  0 111936 121917456 2214244 40834916    0    0     0 431096 154188 923336 34 10 56  1  0  0
36  1 111936 121914540 2214244 40834924    0    0     0 433704 155973 938301 34 10 55  1  0  0
36  1 111936 121913516 2214244 40834936    0    0     0 432888 155941 934930 34 10 55  1  0  0
procs -----------memory---------- ---swap-- -----io---- -system-- -------cpu-------
 r  b   swpd   free   buff  cache   si   so    bi    bo   in   cs us sy id wa st gu
36  0 111936 121910016 2214244 40834944    0    0     0 430096 154664 937352 34 10 55  1  0  0
37  0 111936 121915840 2214244 40834956    0    0     0 428448 154191 923131 34 10 56  1  0  0
41  0 111936 121916520 2214244 40834964    0    0     0 431464 155583 923666 34 10 56  1  0  0
36  1 111936 121907316 2214244 40834972    0    0     0 437444 158199 945506 35 10 55  1  0  0
35  0 111936 121912848 2214244 40834984    0    0     0 432416 156012 918093 34  9 56  1  0  0
37  0 111936 121909296 2214244 40834992    0    0     0 437352 157952 936651 34 10 56  1  0  0
34  1 111936 121908888 2214244 40835004    0    0     0 438664 157625 949239 35 10 55  1  0  0
34  0 111936 121909312 2214244 40835012    0    0     0 436488 157117 959433 35 10 54  0  0  0
36  0 111936 121924096 2214244 40835016    0    0     0 433008 153740 945576 35 10 55  0  0  0
37  1 111936 121921432 2214244 40835024    0    0     0 432264 155277 944114 35 10 55  0  0  0
36  0 111936 121921572 2214244 40835040    0    0     0 434028 155215 951230 35 10 55  0  0  0
36  1 111936 121918512 2214244 40835048    0    0     0 434016 158456 952950 35 10 55  0  0  0
40  0 111936 121920868 2214244 40835056    0    0     0 419284 153392 942736 35 10 55  1  0  0
36  0 111936 121919056 2214244 40835064    0    0     0 432004 156599 947435 35 10 55  0  0  0
35  0 111936 121911688 2214248 40835068    0    0     0 429704 155343 957898 35 10 54  0  0  0
35  0 111936 121910620 2214248 40835088    0    0     0 437488 158760 958982 35 10 55  0  0  0
38  0 111936 121909616 2214248 40835096    0    0     0 435320 157655 952460 35 10 55  1  0  0
38  0 111936 121912740 2214248 40835104    0    0     0 432056 155383 951887 35 10 55  0  0  0
38  0 111936 121912816 2214248 40835116    0    0     0 428768 154695 935659 35 10 55  0  0  0
35  0 111936 121911248 2214248 40835132    0    0     0 433272 155608 947819 35 10 55  1  0  0
36  0 111936 121916288 2214248 40835144    0    0     0 433892 155484 942647 35 10 55  0  0  0
procs -----------memory---------- ---swap-- -----io---- -system-- -------cpu-------
 r  b   swpd   free   buff  cache   si   so    bi    bo   in   cs us sy id wa st gu
36  0 111936 121911992 2214248 40835152    0    0     0 437352 157509 941669 35 10 55  1  0  0
37  0 111936 121912424 2214248 40835160    0    0     0 434060 157478 937897 35 10 55  1  0  0
40  0 111936 121907944 2214248 40835168    0    0     0 438756 160615 951323 35 10 55  1  0  0
36  0 111936 121907724 2214248 40835180    0    0     0 437860 159125 960089 35 10 55  0  0  0
38  0 111936 121914400 2214248 40835188    0    0     0 437076 156931 947902 35 10 55  1  0  0
39  1 111936 121908160 2214248 40835196    0    0     0 435944 158103 944596 35 10 55  1  0  0
35  0 111936 121911952 2214248 40835204    0    0     0 436672 157089 956779 35 10 55  0  0  0
35  0 111936 121904780 2214248 40835212    0    0     0 432372 156252 950268 35 10 55  0  0  0
36  0 111936 121912556 2214248 40835224    0    0     0 434824 154586 948609 35 10 55  1  0  0
34  1 111936 121907580 2214248 40835236    0    0     0 441240 159495 954402 35 10 55  0  0  0
34  1 111936 121913248 2214248 40835244    0    0     0 438564 156261 954123 34 10 55  1  0  0
37  0 111936 121914284 2214248 40835252    0    0     0 437560 156925 953031 35 10 55  0  0  0
36  0 111936 121914436 2214248 40835264    0    0     0 440604 159295 955290 35 10 55  1  0  0
38  0 111936 121909220 2214248 40835272    0    0     0 434168 156172 935451 34 10 56  1  0  0
40  0 111936 121906708 2214252 40835288    0    0     0 436280 158128 938945 34 10 55  1  0  0
36  1 111936 121910044 2214252 40835296    0    0     0 439808 159831 955078 35 10 55  1  0  0
39  0 111936 121914164 2214252 40835304    0    0     0 434852 155734 937542 34 10 56  1  0  0
35  1 111936 121910144 2214252 40835312    0    0     0 441304 158180 943232 34 10 55  1  0  0
38  0 111936 121909804 2214252 40835324    0    0     0 434676 154341 933719 35 10 55  1  0  0
37  1 111936 121913872 2214252 40835336    0    0     0 435656 156066 938976 34 10 55  1  0  0
38  0 111936 121914048 2214252 40835344    0    0     0 435880 158810 931516 34 10 55  1  0  0
procs -----------memory---------- ---swap-- -----io---- -system-- -------cpu-------
 r  b   swpd   free   buff  cache   si   so    bi    bo   in   cs us sy id wa st gu
37  0 111936 121910332 2214252 40835348    0    0     0 426228 154142 933799 35 10 55  1  0  0
39  0 111936 121919072 2214252 40835360    0    0     0 435864 153402 940066 35 10 55  1  0  0
36  1 111936 121920784 2214252 40835368    0    0     0 437920 154337 937483 34 10 56  1  0  0
35  1 111936 121922404 2214252 40835376    0    0     0 438956 155428 942009 34 10 56  1  0  0
36  0 111936 121920992 2214252 40835392    0    0     0 434968 157166 935605 34 10 55  1  0  0
36  1 111936 121915928 2214252 40835400    0    0     0 434396 155631 928905 34 10 56  1  0  0
37  0 111936 121912972 2214252 40835412    0    0     0 437020 156963 931180 34 10 55  1  0  0
38  0 111936 121916680 2214252 40835424    0    0     0 435092 154816 923429 34 10 56  1  0  0
35  0 111936 121917616 2214252 40835436    0    0     0 440996 158378 944500 35 10 55  1  0  0
35  0 111936 121914388 2214252 40835448    0    0     0 442172 159240 942454 34 10 55  1  0  0
36  0 111936 121912768 2214252 40835460    0    0     0 438064 156896 948657 35 10 55  1  0  0
39  0 111936 121921308 2214252 40835468    0    0     0 439900 157178 945571 35 10 55  1  0  0
37  0 111936 121914896 2214252 40835476    0    0     0 434032 154526 920396 34 10 56  1  0  0
42  0 111936 121919112 2214252 40835484    0    0     0 435904 156075 916857 34 10 56  1  0  0
35  0 111936 121920540 2214252 40835564    0    0     0 442152 156655 945080 35 10 55  1  0  0
39  0 111936 121924200 2214252 40835576    0    0     0 440000 156141 946975 35 10 55  1  0  0
36  0 111936 121921020 2214252 40835584    0    0     0 443272 156883 952061 35 10 55  1  0  0
37  1 111936 121922504 2214252 40835592    0    0     0 441828 156594 948476 35 10 55  1  0  0
35  1 111936 121918668 2214252 40835596    0    0     0 436984 155048 933301 34 10 55  1  0  0
