Linux 6.8.0-60-generic (beast-node4.tp.int.percona.com) 	08/24/2026 	_x86_64_	(80 CPU)

06:57:59 AM  CPU    %usr   %nice    %sys %iowait    %irq   %soft  %steal  %guest  %gnice   %idle
06:58:00 AM  all   86.20    0.00    3.31    0.54    0.00    0.10    0.00    0.00    0.00    9.85
06:58:00 AM    0   79.80    0.00    4.04    1.01    0.00    0.00    0.00    0.00    0.00   15.15
06:58:00 AM    1   83.00    0.00    4.00    2.00    0.00    0.00    0.00    0.00    0.00   11.00
06:58:00 AM    2   85.57    0.00    3.09    0.00    0.00    0.00    0.00    0.00    0.00   11.34
06:58:00 AM    3   82.00    0.00    4.00    2.00    0.00    0.00    0.00    0.00    0.00   12.00
06:58:00 AM    4   82.83    0.00    2.02    1.01    0.00    0.00    0.00    0.00    0.00   14.14
06:58:00 AM    5   82.65    0.00    5.10    1.02    0.00    0.00    0.00    0.00    0.00   11.22
06:58:00 AM    6   82.83    0.00    3.03    1.01    0.00    0.00    0.00    0.00    0.00   13.13
06:58:00 AM    7   84.00    0.00    4.00    1.00    0.00    0.00    0.00    0.00    0.00   11.00
06:58:00 AM    8   83.00    0.00    3.00    1.00    0.00    0.00    0.00    0.00    0.00   13.00
06:58:00 AM    9   82.00    0.00    5.00    1.00    0.00    0.00    0.00    0.00    0.00   12.00
06:58:00 AM   10   84.85    0.00    3.03    1.01    0.00    0.00    0.00    0.00    0.00   11.11
06:58:00 AM   11   84.00    0.00    4.00    1.00    0.00    0.00    0.00    0.00    0.00   11.00
06:58:00 AM   12   85.00    0.00    3.00    1.00    0.00    0.00    0.00    0.00    0.00   11.00
06:58:00 AM   13   81.00    0.00    4.00    1.00    0.00    1.00    0.00    0.00    0.00   13.00
06:58:00 AM   14   87.00    0.00    4.00    1.00    0.00    0.00    0.00    0.00    0.00    8.00
06:58:00 AM   15   84.00    0.00    4.00    0.00    0.00    0.00    0.00    0.00    0.00   12.00
06:58:00 AM   16   86.87    0.00    3.03    2.02    0.00    0.00    0.00    0.00    0.00    8.08
06:58:00 AM   17   84.85    0.00    3.03    1.01    0.00    0.00    0.00    0.00    0.00   11.11
06:58:00 AM   18   84.00    0.00    4.00    1.00    0.00    0.00    0.00    0.00    0.00   11.00
06:58:00 AM   19   84.85    0.00    3.03    1.01    0.00    0.00    0.00    0.00    0.00   11.11
06:58:00 AM   20   86.87    0.00    3.03    0.00    0.00    0.00    0.00    0.00    0.00   10.10
06:58:00 AM   21   89.11    0.00    3.96    0.99    0.00    0.00    0.00    0.00    0.00    5.94
06:58:00 AM   22   85.00    0.00    6.00    0.00    0.00    0.00    0.00    0.00    0.00    9.00
06:58:00 AM   23   91.92    0.00    2.02    0.00    0.00    0.00    0.00    0.00    0.00    6.06
06:58:00 AM   24   91.18    0.00    1.96    0.98    0.00    0.00    0.00    0.00    0.00    5.88
06:58:00 AM   25   89.00    0.00    3.00    0.00    0.00    0.00    0.00    0.00    0.00    8.00
06:58:00 AM   26   91.09    0.00    2.97    0.00    0.00    0.00    0.00    0.00    0.00    5.94
06:58:00 AM   27   86.00    0.00    3.00    0.00    0.00    1.00    0.00    0.00    0.00   10.00
06:58:00 AM   28   89.80    0.00    1.02    0.00    0.00    0.00    0.00    0.00    0.00    9.18
06:58:00 AM   29   89.90    0.00    2.02    0.00    0.00    0.00    0.00    0.00    0.00    8.08
06:58:00 AM   30   88.78    0.00    2.04    0.00    0.00    0.00    0.00    0.00    0.00    9.18
06:58:00 AM   31   85.00    0.00    4.00    0.00    0.00    0.00    0.00    0.00    0.00   11.00
06:58:00 AM   32   89.90    0.00    3.03    0.00    0.00    0.00    0.00    0.00    0.00    7.07
06:58:00 AM   33   88.00    0.00    3.00    0.00    0.00    0.00    0.00    0.00    0.00    9.00
06:58:00 AM   34   88.12    0.00    1.98    0.00    0.00    0.99    0.00    0.00    0.00    8.91
06:58:00 AM   35   88.89    0.00    3.03    1.01    0.00    0.00    0.00    0.00    0.00    7.07
06:58:00 AM   36   87.13    0.00    2.97    0.00    0.00    0.99    0.00    0.00    0.00    8.91
06:58:00 AM   37   88.89    0.00    1.01    0.00    0.00    0.00    0.00    0.00    0.00   10.10
06:58:00 AM   38   91.92    0.00    1.01    0.00    0.00    0.00    0.00    0.00    0.00    7.07
06:58:00 AM   39   89.00    0.00    2.00    0.00    0.00    0.00    0.00    0.00    0.00    9.00
06:58:00 AM   40   84.85    0.00    3.03    1.01    0.00    0.00    0.00    0.00    0.00   11.11
06:58:00 AM   41   84.00    0.00    3.00    1.00    0.00    0.00    0.00    0.00    0.00   12.00
06:58:00 AM   42   81.00    0.00    3.00    1.00    0.00    0.00    0.00    0.00    0.00   15.00
06:58:00 AM   43   87.76    0.00    4.08    0.00    0.00    0.00    0.00    0.00    0.00    8.16
06:58:00 AM   44   84.69    0.00    2.04    1.02    0.00    0.00    0.00    0.00    0.00   12.24
06:58:00 AM   45   85.26    0.00    3.16    0.00    0.00    0.00    0.00    0.00    0.00   11.58
06:58:00 AM   46   82.00    0.00    5.00    1.00    0.00    0.00    0.00    0.00    0.00   12.00
06:58:00 AM   47   82.65    0.00    5.10    1.02    0.00    0.00    0.00    0.00    0.00   11.22
06:58:00 AM   48   82.83    0.00    5.05    2.02    0.00    0.00    0.00    0.00    0.00   10.10
06:58:00 AM   49   82.65    0.00    3.06    1.02    0.00    0.00    0.00    0.00    0.00   13.27
06:58:00 AM   50   86.87    0.00    3.03    1.01    0.00    1.01    0.00    0.00    0.00    8.08
06:58:00 AM   51   80.81    0.00    6.06    1.01    0.00    0.00    0.00    0.00    0.00   12.12
06:58:00 AM   52   82.83    0.00    4.04    0.00    0.00    0.00    0.00    0.00    0.00   13.13
06:58:00 AM   53   83.00    0.00    6.00    1.00    0.00    0.00    0.00    0.00    0.00   10.00
06:58:00 AM   54   80.81    0.00    5.05    2.02    0.00    0.00    0.00    0.00    0.00   12.12
06:58:00 AM   55   87.76    0.00    3.06    0.00    0.00    0.00    0.00    0.00    0.00    9.18
06:58:00 AM   56   84.85    0.00    4.04    1.01    0.00    0.00    0.00    0.00    0.00   10.10
06:58:00 AM   57   83.84    0.00    4.04    1.01    0.00    0.00    0.00    0.00    0.00   11.11
06:58:00 AM   58   83.00    0.00    5.00    1.00    0.00    0.00    0.00    0.00    0.00   11.00
06:58:00 AM   59   86.87    0.00    3.03    0.00    0.00    0.00    0.00    0.00    0.00   10.10
06:58:00 AM   60   85.00    0.00    2.00    0.00    0.00    1.00    0.00    0.00    0.00   12.00
06:58:00 AM   61   89.11    0.00    2.97    0.00    0.00    0.00    0.00    0.00    0.00    7.92
06:58:00 AM   62   85.86    0.00    3.03    0.00    0.00    0.00    0.00    0.00    0.00   11.11
06:58:00 AM   63   87.88    0.00    3.03    0.00    0.00    0.00    0.00    0.00    0.00    9.09
06:58:00 AM   64   86.87    0.00    2.02    0.00    0.00    0.00    0.00    0.00    0.00   11.11
06:58:00 AM   65   86.73    0.00    4.08    0.00    0.00    0.00    0.00    0.00    0.00    9.18
06:58:00 AM   66   92.00    0.00    2.00    0.00    0.00    0.00    0.00    0.00    0.00    6.00
06:58:00 AM   67   84.00    0.00    4.00    1.00    0.00    0.00    0.00    0.00    0.00   11.00
06:58:00 AM   68   91.09    0.00    1.98    0.99    0.00    0.00    0.00    0.00    0.00    5.94
06:58:00 AM   69   87.88    0.00    4.04    0.00    0.00    0.00    0.00    0.00    0.00    8.08
06:58:00 AM   70   89.80    0.00    3.06    0.00    0.00    0.00    0.00    0.00    0.00    7.14
06:58:00 AM   71   90.00    0.00    2.00    0.00    0.00    1.00    0.00    0.00    0.00    7.00
06:58:00 AM   72   89.00    0.00    4.00    0.00    0.00    0.00    0.00    0.00    0.00    7.00
06:58:00 AM   73   90.00    0.00    3.00    0.00    0.00    0.00    0.00    0.00    0.00    7.00
06:58:00 AM   74   82.83    0.00    5.05    0.00    0.00    0.00    0.00    0.00    0.00   12.12
06:58:00 AM   75   90.82    0.00    3.06    0.00    0.00    0.00    0.00    0.00    0.00    6.12
06:58:00 AM   76   87.88    0.00    3.03    0.00    0.00    0.00    0.00    0.00    0.00    9.09
06:58:00 AM   77   90.91    0.00    2.02    0.00    0.00    0.00    0.00    0.00    0.00    7.07
06:58:00 AM   78   90.91    0.00    2.02    0.00    0.00    0.00    0.00    0.00    0.00    7.07
06:58:00 AM   79   89.11    0.00    2.97    0.00    0.00    0.99    0.00    0.00    0.00    6.93

06:58:00 AM  CPU    %usr   %nice    %sys %iowait    %irq   %soft  %steal  %guest  %gnice   %idle
06:58:01 AM  all   97.53    0.00    1.66    0.01    0.00    0.02    0.00    0.00    0.00    0.77
06:58:01 AM    0   96.97    0.00    3.03    0.00    0.00    0.00    0.00    0.00    0.00    0.00
06:58:01 AM    1   94.06    0.00    2.97    0.00    0.00    0.00    0.00    0.00    0.00    2.97
06:58:01 AM    2   98.00    0.00    2.00    0.00    0.00    0.00    0.00    0.00    0.00    0.00
06:58:01 AM    3   96.04    0.00    1.98    0.00    0.00    0.99    0.00    0.00    0.00    0.99
06:58:01 AM    4   96.00    0.00    2.00    0.00    0.00    0.00    0.00    0.00    0.00    2.00
06:58:01 AM    5   95.96    0.00    1.01    0.00    0.00    0.00    0.00    0.00    0.00    3.03
06:58:01 AM    6   95.00    0.00    4.00    0.00    0.00    0.00    0.00    0.00    0.00    1.00
06:58:01 AM    7   97.00    0.00    2.00    0.00    0.00    0.00    0.00    0.00    0.00    1.00
06:58:01 AM    8   96.00    0.00    3.00    0.00    0.00    0.00    0.00    0.00    0.00    1.00
06:58:01 AM    9   97.00    0.00    2.00    0.00    0.00    0.00    0.00    0.00    0.00    1.00
06:58:01 AM   10   98.00    0.00    1.00    0.00    0.00    0.00    0.00    0.00    0.00    1.00
06:58:01 AM   11   96.97    0.00    1.01    0.00    0.00    0.00    0.00    0.00    0.00    2.02
06:58:01 AM   12   97.98    0.00    1.01    0.00    0.00    0.00    0.00    0.00    0.00    1.01
06:58:01 AM   13   96.97    0.00    1.01    0.00    0.00    0.00    0.00    0.00    0.00    2.02
06:58:01 AM   14   97.98    0.00    2.02    0.00    0.00    0.00    0.00    0.00    0.00    0.00
06:58:01 AM   15   97.00    0.00    1.00    0.00    0.00    0.00    0.00    0.00    0.00    2.00
06:58:01 AM   16   96.04    0.00    1.98    0.00    0.00    0.00    0.00    0.00    0.00    1.98
06:58:01 AM   17   93.07    0.00    4.95    0.00    0.00    0.00    0.00    0.00    0.00    1.98
06:58:01 AM   18   96.97    0.00    2.02    0.00    0.00    0.00    0.00    0.00    0.00    1.01
06:58:01 AM   19   96.00    0.00    3.00    0.00    0.00    0.00    0.00    0.00    0.00    1.00
06:58:01 AM   20   99.00    0.00    1.00    0.00    0.00    0.00    0.00    0.00    0.00    0.00
06:58:01 AM   21   96.00    0.00    4.00    0.00    0.00    0.00    0.00    0.00    0.00    0.00
06:58:01 AM   22   98.00    0.00    2.00    0.00    0.00    0.00    0.00    0.00    0.00    0.00
06:58:01 AM   23   97.98    0.00    2.02    0.00    0.00    0.00    0.00    0.00    0.00    0.00
06:58:01 AM   24   99.00    0.00    0.00    0.00    0.00    0.00    0.00    0.00    0.00    1.00
06:58:01 AM   25  100.00    0.00    0.00    0.00    0.00    0.00    0.00    0.00    0.00    0.00
06:58:01 AM   26   98.02    0.00    0.99    0.00    0.00    0.99    0.00    0.00    0.00    0.00
06:58:01 AM   27   99.00    0.00    1.00    0.00    0.00    0.00    0.00    0.00    0.00    0.00
06:58:01 AM   28   99.00    0.00    1.00    0.00    0.00    0.00    0.00    0.00    0.00    0.00
06:58:01 AM   29   99.01    0.00    0.99    0.00    0.00    0.00    0.00    0.00    0.00    0.00
06:58:01 AM   30   98.02    0.00    1.98    0.00    0.00    0.00    0.00    0.00    0.00    0.00
06:58:01 AM   31  100.00    0.00    0.00    0.00    0.00    0.00    0.00    0.00    0.00    0.00
06:58:01 AM   32   98.02    0.00    0.99    0.00    0.00    0.00    0.00    0.00    0.00    0.99
06:58:01 AM   33  100.00    0.00    0.00    0.00    0.00    0.00    0.00    0.00    0.00    0.00
06:58:01 AM   34  100.00    0.00    0.00    0.00    0.00    0.00    0.00    0.00    0.00    0.00
06:58:01 AM   35   98.02    0.00    0.00    0.00    0.00    0.00    0.00    0.00    0.00    1.98
06:58:01 AM   36   99.00    0.00    1.00    0.00    0.00    0.00    0.00    0.00    0.00    0.00
06:58:01 AM   37  100.00    0.00    0.00    0.00    0.00    0.00    0.00    0.00    0.00    0.00
06:58:01 AM   38   97.00    0.00    3.00    0.00    0.00    0.00    0.00    0.00    0.00    0.00
06:58:01 AM   39   99.00    0.00    1.00    0.00    0.00    0.00    0.00    0.00    0.00    0.00
06:58:01 AM   40   96.00    0.00    2.00    0.00    0.00    0.00    0.00    0.00    0.00    2.00
06:58:01 AM   41   95.96    0.00    3.03    0.00    0.00    0.00    0.00    0.00    0.00    1.01
06:58:01 AM   42   98.99    0.00    1.01    0.00    0.00    0.00    0.00    0.00    0.00    0.00
06:58:01 AM   43   97.00    0.00    2.00    0.00    0.00    0.00    0.00    0.00    0.00    1.00
06:58:01 AM   44   95.00    0.00    3.00    0.00    0.00    0.00    0.00    0.00    0.00    2.00
06:58:01 AM   45   96.04    0.00    1.98    0.99    0.00    0.00    0.00    0.00    0.00    0.99
06:58:01 AM   46   95.00    0.00    2.00    0.00    0.00    0.00    0.00    0.00    0.00    3.00
06:58:01 AM   47   96.04    0.00    1.98    0.00    0.00    0.00    0.00    0.00    0.00    1.98
06:58:01 AM   48   94.06    0.00    3.96    0.00    0.00    0.00    0.00    0.00    0.00    1.98
06:58:01 AM   49   98.00    0.00    1.00    0.00    0.00    0.00    0.00    0.00    0.00    1.00
06:58:01 AM   50   98.00    0.00    1.00    0.00    0.00    0.00    0.00    0.00    0.00    1.00
06:58:01 AM   51   97.98    0.00    1.01    0.00    0.00    0.00    0.00    0.00    0.00    1.01
06:58:01 AM   52   97.00    0.00    3.00    0.00    0.00    0.00    0.00    0.00    0.00    0.00
06:58:01 AM   53   94.95    0.00    1.01    0.00    0.00    0.00    0.00    0.00    0.00    4.04
06:58:01 AM   54   97.00    0.00    2.00    0.00    0.00    0.00    0.00    0.00    0.00    1.00
06:58:01 AM   55   98.00    0.00    1.00    0.00    0.00    0.00    0.00    0.00    0.00    1.00
06:58:01 AM   56   96.97    0.00    2.02    0.00    0.00    0.00    0.00    0.00    0.00    1.01
06:58:01 AM   57   95.96    0.00    4.04    0.00    0.00    0.00    0.00    0.00    0.00    0.00
06:58:01 AM   58   91.92    0.00    6.06    0.00    0.00    0.00    0.00    0.00    0.00    2.02
06:58:01 AM   59   94.95    0.00    3.03    0.00    0.00    0.00    0.00    0.00    0.00    2.02
06:58:01 AM   60   98.00    0.00    2.00    0.00    0.00    0.00    0.00    0.00    0.00    0.00
06:58:01 AM   61   98.02    0.00    0.99    0.00    0.00    0.00    0.00    0.00    0.00    0.99
06:58:01 AM   62   99.01    0.00    0.99    0.00    0.00    0.00    0.00    0.00    0.00    0.00
06:58:01 AM   63   99.00    0.00    1.00    0.00    0.00    0.00    0.00    0.00    0.00    0.00
06:58:01 AM   64   99.01    0.00    0.99    0.00    0.00    0.00    0.00    0.00    0.00    0.00
06:58:01 AM   65   96.04    0.00    2.97    0.00    0.00    0.00    0.00    0.00    0.00    0.99
06:58:01 AM   66   99.00    0.00    1.00    0.00    0.00    0.00    0.00    0.00    0.00    0.00
06:58:01 AM   67   99.00    0.00    1.00    0.00    0.00    0.00    0.00    0.00    0.00    0.00
06:58:01 AM   68   99.01    0.00    0.99    0.00    0.00    0.00    0.00    0.00    0.00    0.00
06:58:01 AM   69   99.01    0.00    0.99    0.00    0.00    0.00    0.00    0.00    0.00    0.00
06:58:01 AM   70   99.00    0.00    1.00    0.00    0.00    0.00    0.00    0.00    0.00    0.00
06:58:01 AM   71   99.00    0.00    1.00    0.00    0.00    0.00    0.00    0.00    0.00    0.00
06:58:01 AM   72   99.00    0.00    1.00    0.00    0.00    0.00    0.00    0.00    0.00    0.00
06:58:01 AM   73   99.00    0.00    1.00    0.00    0.00    0.00    0.00    0.00    0.00    0.00
06:58:01 AM   74   99.01    0.00    0.99    0.00    0.00    0.00    0.00    0.00    0.00    0.00
06:58:01 AM   75   99.01    0.00    0.99    0.00    0.00    0.00    0.00    0.00    0.00    0.00
06:58:01 AM   76   99.00    0.00    1.00    0.00    0.00    0.00    0.00    0.00    0.00    0.00
06:58:01 AM   77   98.02    0.00    0.99    0.00    0.00    0.00    0.00    0.00    0.00    0.99
06:58:01 AM   78   99.01    0.00    0.99    0.00    0.00    0.00    0.00    0.00    0.00    0.00
06:58:01 AM   79   99.00    0.00    1.00    0.00    0.00    0.00    0.00    0.00    0.00    0.00

06:58:01 AM  CPU    %usr   %nice    %sys %iowait    %irq   %soft  %steal  %guest  %gnice   %idle
06:58:02 AM  all   98.18    0.00    1.34    0.01    0.00    0.00    0.00    0.00    0.00    0.47
06:58:02 AM    0   98.02    0.00    0.99    0.00    0.00    0.00    0.00    0.00    0.00    0.99
06:58:02 AM    1  100.00    0.00    0.00    0.00    0.00    0.00    0.00    0.00    0.00    0.00
06:58:02 AM    2   95.10    0.00    2.94    0.98    0.00    0.00    0.00    0.00    0.00    0.98
06:58:02 AM    3   96.97    0.00    2.02    0.00    0.00    0.00    0.00    0.00    0.00    1.01
06:58:02 AM    4   98.02    0.00    0.99    0.00    0.00    0.00    0.00    0.00    0.00    0.99
06:58:02 AM    5   96.08    0.00    2.94    0.00    0.00    0.00    0.00    0.00    0.00    0.98
06:58:02 AM    6   99.01    0.00    0.99    0.00    0.00    0.00    0.00    0.00    0.00    0.00
06:58:02 AM    7   97.03    0.00    2.97    0.00    0.00    0.00    0.00    0.00    0.00    0.00
06:58:02 AM    8   98.00    0.00    2.00    0.00    0.00    0.00    0.00    0.00    0.00    0.00
06:58:02 AM    9   98.04    0.00    0.98    0.00    0.00    0.00    0.00    0.00    0.00    0.98
06:58:02 AM   10  100.00    0.00    0.00    0.00    0.00    0.00    0.00    0.00    0.00    0.00
06:58:02 AM   11   97.03    0.00    2.97    0.00    0.00    0.00    0.00    0.00    0.00    0.00
06:58:02 AM   12   97.06    0.00    1.96    0.00    0.00    0.00    0.00    0.00    0.00    0.98
06:58:02 AM   13   95.05    0.00    4.95    0.00    0.00    0.00    0.00    0.00    0.00    0.00
06:58:02 AM   14   99.01    0.00    0.00    0.00    0.00    0.00    0.00    0.00    0.00    0.99
06:58:02 AM   15   95.00    0.00    3.00    0.00    0.00    0.00    0.00    0.00    0.00    2.00
06:58:02 AM   16   99.01    0.00    0.99    0.00    0.00    0.00    0.00    0.00    0.00    0.00
06:58:02 AM   17   98.00    0.00    0.00    0.00    0.00    0.00    0.00    0.00    0.00    2.00
06:58:02 AM   18   95.05    0.00    3.96    0.00    0.00    0.00    0.00    0.00    0.00    0.99
06:58:02 AM   19   97.00    0.00    2.00    0.00    0.00    0.00    0.00    0.00    0.00    1.00
06:58:02 AM   20   99.02    0.00    0.98    0.00    0.00    0.00    0.00    0.00    0.00    0.00
06:58:02 AM   21  100.00    0.00    0.00    0.00    0.00    0.00    0.00    0.00    0.00    0.00
06:58:02 AM   22   98.02    0.00    1.98    0.00    0.00    0.00    0.00    0.00    0.00    0.00
06:58:02 AM   23   95.05    0.00    4.95    0.00    0.00    0.00    0.00    0.00    0.00    0.00
06:58:02 AM   24  100.00    0.00    0.00    0.00    0.00    0.00    0.00    0.00    0.00    0.00
06:58:02 AM   25   99.02    0.00    0.98    0.00    0.00    0.00    0.00    0.00    0.00    0.00
06:58:02 AM   26   99.01    0.00    0.99    0.00    0.00    0.00    0.00    0.00    0.00    0.00
06:58:02 AM   27   97.06    0.00    1.96    0.00    0.00    0.00    0.00    0.00    0.00    0.98
06:58:02 AM   28   99.02    0.00    0.98    0.00    0.00    0.00    0.00    0.00    0.00    0.00
06:58:02 AM   29  100.00    0.00    0.00    0.00    0.00    0.00    0.00    0.00    0.00    0.00
06:58:02 AM   30  100.00    0.00    0.00    0.00    0.00    0.00    0.00    0.00    0.00    0.00
06:58:02 AM   31   99.01    0.00    0.99    0.00    0.00    0.00    0.00    0.00    0.00    0.00
06:58:02 AM   32  100.00    0.00    0.00    0.00    0.00    0.00    0.00    0.00    0.00    0.00
06:58:02 AM   33   99.01    0.00    0.99    0.00    0.00    0.00    0.00    0.00    0.00    0.00
06:58:02 AM   34  100.00    0.00    0.00    0.00    0.00    0.00    0.00    0.00    0.00    0.00
06:58:02 AM   35  100.00    0.00    0.00    0.00    0.00    0.00    0.00    0.00    0.00    0.00
06:58:02 AM   36   99.01    0.00    0.99    0.00    0.00    0.00    0.00    0.00    0.00    0.00
06:58:02 AM   37  100.00    0.00    0.00    0.00    0.00    0.00    0.00    0.00    0.00    0.00
06:58:02 AM   38  100.00    0.00    0.00    0.00    0.00    0.00    0.00    0.00    0.00    0.00
06:58:02 AM   39  100.00    0.00    0.00    0.00    0.00    0.00    0.00    0.00    0.00    0.00
06:58:02 AM   40  100.00    0.00    0.00    0.00    0.00    0.00    0.00    0.00    0.00    0.00
06:58:02 AM   41   99.01    0.00    0.99    0.00    0.00    0.00    0.00    0.00    0.00    0.00
06:58:02 AM   42   92.16    0.00    6.86    0.00    0.00    0.00    0.00    0.00    0.00    0.98
06:58:02 AM   43   95.00    0.00    5.00    0.00    0.00    0.00    0.00    0.00    0.00    0.00
06:58:02 AM   44   97.03    0.00    0.99    0.00    0.00    0.00    0.00    0.00    0.00    1.98
06:58:02 AM   45   96.04    0.00    2.97    0.00    0.00    0.00    0.00    0.00    0.00    0.99
06:58:02 AM   46   96.04    0.00    3.96    0.00    0.00    0.00    0.00    0.00    0.00    0.00
06:58:02 AM   47   97.00    0.00    1.00    0.00    0.00    0.00    0.00    0.00    0.00    2.00
06:58:02 AM   48   97.00    0.00    2.00    0.00    0.00    0.00    0.00    0.00    0.00    1.00
06:58:02 AM   49   99.01    0.00    0.00    0.00    0.00    0.00    0.00    0.00    0.00    0.99
06:58:02 AM   50   99.00    0.00    1.00    0.00    0.00    0.00    0.00    0.00    0.00    0.00
06:58:02 AM   51   95.05    0.00    2.97    0.00    0.00    0.00    0.00    0.00    0.00    1.98
06:58:02 AM   52   97.03    0.00    1.98    0.00    0.00    0.00    0.00    0.00    0.00    0.99
06:58:02 AM   53   95.05    0.00    3.96    0.00    0.00    0.00    0.00    0.00    0.00    0.99
06:58:02 AM   54   97.00    0.00    3.00    0.00    0.00    0.00    0.00    0.00    0.00    0.00
06:58:02 AM   55   96.04    0.00    2.97    0.00    0.00    0.00    0.00    0.00    0.00    0.99
06:58:02 AM   56   95.10    0.00    2.94    0.00    0.00    0.00    0.00    0.00    0.00    1.96
06:58:02 AM   57   98.04    0.00    0.00    0.00    0.00    0.00    0.00    0.00    0.00    1.96
06:58:02 AM   58   97.03    0.00    1.98    0.00    0.00    0.00    0.00    0.00    0.00    0.99
06:58:02 AM   59   96.08    0.00    1.96    0.00    0.00    0.00    0.00    0.00    0.00    1.96
06:58:02 AM   60  100.00    0.00    0.00    0.00    0.00    0.00    0.00    0.00    0.00    0.00
06:58:02 AM   61  100.00    0.00    0.00    0.00    0.00    0.00    0.00    0.00    0.00    0.00
06:58:02 AM   62  100.00    0.00    0.00    0.00    0.00    0.00    0.00    0.00    0.00    0.00
06:58:02 AM   63   99.01    0.00    0.99    0.00    0.00    0.00    0.00    0.00    0.00    0.00
06:58:02 AM   64  100.00    0.00    0.00    0.00    0.00    0.00    0.00    0.00    0.00    0.00
06:58:02 AM   65   99.01    0.00    0.99    0.00    0.00    0.00    0.00    0.00    0.00    0.00
06:58:02 AM   66  100.00    0.00    0.00    0.00    0.00    0.00    0.00    0.00    0.00    0.00
06:58:02 AM   67   99.02    0.00    0.00    0.00    0.00    0.00    0.00    0.00    0.00    0.98
06:58:02 AM   68   99.01    0.00    0.00    0.00    0.00    0.00    0.00    0.00    0.00    0.99
06:58:02 AM   69   99.01    0.00    0.99    0.00    0.00    0.00    0.00    0.00    0.00    0.00
06:58:02 AM   70  100.00    0.00    0.00    0.00    0.00    0.00    0.00    0.00    0.00    0.00
06:58:02 AM   71   99.01    0.00    0.00    0.00    0.00    0.00    0.00    0.00    0.00    0.99
06:58:02 AM   72   99.02    0.00    0.98    0.00    0.00    0.00    0.00    0.00    0.00    0.00
06:58:02 AM   73   99.02    0.00    0.98    0.00    0.00    0.00    0.00    0.00    0.00    0.00
06:58:02 AM   74  100.00    0.00    0.00    0.00    0.00    0.00    0.00    0.00    0.00    0.00
06:58:02 AM   75  100.00    0.00    0.00    0.00    0.00    0.00    0.00    0.00    0.00    0.00
06:58:02 AM   76   99.01    0.00    0.99    0.00    0.00    0.00    0.00    0.00    0.00    0.00
06:58:02 AM   77  100.00    0.00    0.00    0.00    0.00    0.00    0.00    0.00    0.00    0.00
06:58:02 AM   78   98.02    0.00    1.98    0.00    0.00    0.00    0.00    0.00    0.00    0.00
06:58:02 AM   79  100.00    0.00    0.00    0.00    0.00    0.00    0.00    0.00    0.00    0.00

06:58:02 AM  CPU    %usr   %nice    %sys %iowait    %irq   %soft  %steal  %guest  %gnice   %idle
06:58:03 AM  all   96.71    0.00    1.58    0.04    0.00    0.00    0.00    0.00    0.00    1.68
06:58:03 AM    0   96.00    0.00    2.00    0.00    0.00    0.00    0.00    0.00    0.00    2.00
06:58:03 AM    1   96.00    0.00    2.00    0.00    0.00    0.00    0.00    0.00    0.00    2.00
06:58:03 AM    2   96.97    0.00    2.02    0.00    0.00    0.00    0.00    0.00    0.00    1.01
06:58:03 AM    3   96.00    0.00    2.00    0.00    0.00    0.00    0.00    0.00    0.00    2.00
06:58:03 AM    4   98.99    0.00    0.00    0.00    0.00    0.00    0.00    0.00    0.00    1.01
06:58:03 AM    5   93.07    0.00    3.96    0.00    0.00    0.00    0.00    0.00    0.00    2.97
06:58:03 AM    6   98.99    0.00    0.00    0.00    0.00    0.00    0.00    0.00    0.00    1.01
06:58:03 AM    7   94.00    0.00    3.00    0.00    0.00    0.00    0.00    0.00    0.00    3.00
06:58:03 AM    8   94.00    0.00    1.00    0.00    0.00    0.00    0.00    0.00    0.00    5.00
06:58:03 AM    9   94.00    0.00    3.00    0.00    0.00    0.00    0.00    0.00    0.00    3.00
06:58:03 AM   10   96.04    0.00    0.99    0.00    0.00    0.00    0.00    0.00    0.00    2.97
06:58:03 AM   11   93.07    0.00    2.97    0.00    0.00    0.00    0.00    0.00    0.00    3.96
06:58:03 AM   12   98.99    0.00    0.00    0.00    0.00    0.00    0.00    0.00    0.00    1.01
06:58:03 AM   13   91.00    0.00    5.00    0.00    0.00    0.00    0.00    0.00    0.00    4.00
06:58:03 AM   14   93.00    0.00    3.00    0.00    0.00    0.00    0.00    0.00    0.00    4.00
06:58:03 AM   15   93.00    0.00    4.00    0.00    0.00    0.00    0.00    0.00    0.00    3.00
06:58:03 AM   16   97.00    0.00    1.00    0.00    0.00    0.00    0.00    0.00    0.00    2.00
06:58:03 AM   17   96.00    0.00    2.00    0.00    0.00    0.00    0.00    0.00    0.00    2.00
06:58:03 AM   18   95.00    0.00    3.00    0.00    0.00    0.00    0.00    0.00    0.00    2.00
06:58:03 AM   19   94.00    0.00    3.00    0.00    0.00    0.00    0.00    0.00    0.00    3.00
06:58:03 AM   20   99.00    0.00    0.00    0.00    0.00    0.00    0.00    0.00    0.00    1.00
06:58:03 AM   21   98.00    0.00    1.00    0.00    0.00    0.00    0.00    0.00    0.00    1.00
06:58:03 AM   22   99.00    0.00    0.00    0.00    0.00    0.00    0.00    0.00    0.00    1.00
06:58:03 AM   23   98.02    0.00    0.99    0.00    0.00    0.00    0.00    0.00    0.00    0.99
06:58:03 AM   24  100.00    0.00    0.00    0.00    0.00    0.00    0.00    0.00    0.00    0.00
06:58:03 AM   25  100.00    0.00    0.00    0.00    0.00    0.00    0.00    0.00    0.00    0.00
06:58:03 AM   26   98.00    0.00    0.00    0.00    0.00    0.00    0.00    0.00    0.00    2.00
06:58:03 AM   27   98.99    0.00    0.00    0.00    0.00    0.00    0.00    0.00    0.00    1.01
06:58:03 AM   28   99.00    0.00    0.00    0.00    0.00    0.00    0.00    0.00    0.00    1.00
06:58:03 AM   29   96.04    0.00    2.97    0.00    0.00    0.00    0.00    0.00    0.00    0.99
06:58:03 AM   30   99.00    0.00    0.00    0.00    0.00    0.00    0.00    0.00    0.00    1.00
06:58:03 AM   31   99.00    0.00    0.00    0.00    0.00    0.00    0.00    0.00    0.00    1.00
06:58:03 AM   32   94.00    0.00    5.00    0.00    0.00    0.00    0.00    0.00    0.00    1.00
06:58:03 AM   33   99.00    0.00    0.00    0.00    0.00    0.00    0.00    0.00    0.00    1.00
06:58:03 AM   34   99.00    0.00    0.00    0.00    0.00    0.00    0.00    0.00    0.00    1.00
06:58:03 AM   35   98.00    0.00    1.00    0.00    0.00    0.00    0.00    0.00    0.00    1.00
06:58:03 AM   36   98.00    0.00    1.00    0.00    0.00    0.00    0.00    0.00    0.00    1.00
06:58:03 AM   37   97.03    0.00    0.99    0.00    0.00    0.00    0.00    0.00    0.00    1.98
06:58:03 AM   38   98.02    0.00    0.99    0.00    0.00    0.00    0.00    0.00    0.00    0.99
06:58:03 AM   39   98.00    0.00    1.00    0.00    0.00    0.00    0.00    0.00    0.00    1.00
06:58:03 AM   40   96.97    0.00    1.01    0.00    0.00    0.00    0.00    0.00    0.00    2.02
06:58:03 AM   41   97.00    0.00    1.00    0.00    0.00    0.00    0.00    0.00    0.00    2.00
06:58:03 AM   42   96.97    0.00    0.00    1.01    0.00    0.00    0.00    0.00    0.00    2.02
06:58:03 AM   43   95.10    0.00    1.96    0.00    0.00    0.00    0.00    0.00    0.00    2.94
06:58:03 AM   44   94.06    0.00    3.96    0.99    0.00    0.00    0.00    0.00    0.00    0.99
06:58:03 AM   45   90.10    0.00    7.92    0.00    0.00    0.00    0.00    0.00    0.00    1.98
06:58:03 AM   46   98.00    0.00    1.00    0.00    0.00    0.00    0.00    0.00    0.00    1.00
06:58:03 AM   47   96.00    0.00    2.00    0.00    0.00    0.00    0.00    0.00    0.00    2.00
06:58:03 AM   48   94.06    0.00    2.97    0.00    0.00    0.00    0.00    0.00    0.00    2.97
06:58:03 AM   49   96.97    0.00    2.02    0.00    0.00    0.00    0.00    0.00    0.00    1.01
06:58:03 AM   50   93.00    0.00    2.00    0.00    0.00    0.00    0.00    0.00    0.00    5.00
06:58:03 AM   51   94.00    0.00    4.00    0.00    0.00    0.00    0.00    0.00    0.00    2.00
06:58:03 AM   52   92.00    0.00    5.00    0.00    0.00    0.00    0.00    0.00    0.00    3.00
06:58:03 AM   53   95.00    0.00    4.00    0.00    0.00    0.00    0.00    0.00    0.00    1.00
06:58:03 AM   54   96.00    0.00    3.00    0.00    0.00    0.00    0.00    0.00    0.00    1.00
06:58:03 AM   55   95.00    0.00    1.00    1.00    0.00    0.00    0.00    0.00    0.00    3.00
06:58:03 AM   56   95.96    0.00    3.03    0.00    0.00    0.00    0.00    0.00    0.00    1.01
06:58:03 AM   57   95.96    0.00    2.02    0.00    0.00    0.00    0.00    0.00    0.00    2.02
06:58:03 AM   58   91.00    0.00    6.00    0.00    0.00    0.00    0.00    0.00    0.00    3.00
06:58:03 AM   59   98.99    0.00    0.00    0.00    0.00    0.00    0.00    0.00    0.00    1.01
06:58:03 AM   60   97.00    0.00    1.00    0.00    0.00    0.00    0.00    0.00    0.00    2.00
06:58:03 AM   61   99.00    0.00    0.00    0.00    0.00    0.00    0.00    0.00    0.00    1.00
06:58:03 AM   62   98.02    0.00    0.99    0.00    0.00    0.00    0.00    0.00    0.00    0.99
06:58:03 AM   63   99.00    0.00    0.00    0.00    0.00    0.00    0.00    0.00    0.00    1.00
06:58:03 AM   64   97.98    0.00    0.00    0.00    0.00    0.00    0.00    0.00    0.00    2.02
06:58:03 AM   65   99.00    0.00    0.00    0.00    0.00    0.00    0.00    0.00    0.00    1.00
06:58:03 AM   66   97.00    0.00    1.00    0.00    0.00    0.00    0.00    0.00    0.00    2.00
06:58:03 AM   67   98.99    0.00    0.00    0.00    0.00    0.00    0.00    0.00    0.00    1.01
06:58:03 AM   68   98.99    0.00    1.01    0.00    0.00    0.00    0.00    0.00    0.00    0.00
06:58:03 AM   69   98.00    0.00    1.00    0.00    0.00    0.00    0.00    0.00    0.00    1.00
06:58:03 AM   70   97.03    0.00    0.99    0.00    0.00    0.00    0.00    0.00    0.00    1.98
06:58:03 AM   71   99.00    0.00    1.00    0.00    0.00    0.00    0.00    0.00    0.00    0.00
06:58:03 AM   72   98.99    0.00    0.00    0.00    0.00    0.00    0.00    0.00    0.00    1.01
06:58:03 AM   73  100.00    0.00    0.00    0.00    0.00    0.00    0.00    0.00    0.00    0.00
06:58:03 AM   74   99.00    0.00    0.00    0.00    0.00    0.00    0.00    0.00    0.00    1.00
06:58:03 AM   75   99.00    0.00    0.00    0.00    0.00    0.00    0.00    0.00    0.00    1.00
06:58:03 AM   76   98.00    0.00    0.00    0.00    0.00    0.00    0.00    0.00    0.00    2.00
06:58:03 AM   77  100.00    0.00    0.00    0.00    0.00    0.00    0.00    0.00    0.00    0.00
06:58:03 AM   78   92.00    0.00    6.00    0.00    0.00    0.00    0.00    0.00    0.00    2.00
06:58:03 AM   79   99.00    0.00    0.00    0.00    0.00    0.00    0.00    0.00    0.00    1.00

06:58:03 AM  CPU    %usr   %nice    %sys %iowait    %irq   %soft  %steal  %guest  %gnice   %idle
06:58:04 AM  all   98.21    0.00    1.42    0.00    0.00    0.00    0.00    0.00    0.00    0.37
06:58:04 AM    0   97.03    0.00    1.98    0.00    0.00    0.00    0.00    0.00    0.00    0.99
06:58:04 AM    1   99.01    0.00    0.00    0.00    0.00    0.00    0.00    0.00    0.00    0.99
06:58:04 AM    2   97.03    0.00    1.98    0.00    0.00    0.00    0.00    0.00    0.00    0.99
06:58:04 AM    3   97.03    0.00    2.97    0.00    0.00    0.00    0.00    0.00    0.00    0.00
06:58:04 AM    4   98.02    0.00    0.99    0.00    0.00    0.00    0.00    0.00    0.00    0.99
06:58:04 AM    5   96.97    0.00    3.03    0.00    0.00    0.00    0.00    0.00    0.00    0.00
06:58:04 AM    6   97.06    0.00    1.96    0.00    0.00    0.00    0.00    0.00    0.00    0.98
06:58:04 AM    7   97.03    0.00    1.98    0.00    0.00    0.00    0.00    0.00    0.00    0.99
06:58:04 AM    8   98.00    0.00    1.00    0.00    0.00    0.00    0.00    0.00    0.00    1.00
06:58:04 AM    9   98.00    0.00    2.00    0.00    0.00    0.00    0.00    0.00    0.00    0.00
06:58:04 AM   10   95.96    0.00    3.03    0.00    0.00    0.00    0.00    0.00    0.00    1.01
06:58:04 AM   11  100.00    0.00    0.00    0.00    0.00    0.00    0.00    0.00    0.00    0.00
06:58:04 AM   12   97.03    0.00    1.98    0.00    0.00    0.00    0.00    0.00    0.00    0.99
06:58:04 AM   13   99.00    0.00    0.00    0.00    0.00    0.00    0.00    0.00    0.00    1.00
06:58:04 AM   14   93.07    0.00    6.93    0.00    0.00    0.00    0.00    0.00    0.00    0.00
06:58:04 AM   15   98.00    0.00    1.00    0.00    0.00    0.00    0.00    0.00    0.00    1.00
06:58:04 AM   16   92.08    0.00    6.93    0.00    0.00    0.00    0.00    0.00    0.00    0.99
06:58:04 AM   17   98.02    0.00    0.99    0.00    0.00    0.00    0.00    0.00    0.00    0.99
06:58:04 AM   18   92.08    0.00    6.93    0.00    0.00    0.00    0.00    0.00    0.00    0.99
06:58:04 AM   19   99.01    0.00    0.00    0.00    0.00    0.00    0.00    0.00    0.00    0.99
06:58:04 AM   20  100.00    0.00    0.00    0.00    0.00    0.00    0.00    0.00    0.00    0.00
06:58:04 AM   21  100.00    0.00    0.00    0.00    0.00    0.00    0.00    0.00    0.00    0.00
06:58:04 AM   22   99.01    0.00    0.99    0.00    0.00    0.00    0.00    0.00    0.00    0.00
06:58:04 AM   23   99.00    0.00    1.00    0.00    0.00    0.00    0.00    0.00    0.00    0.00
06:58:04 AM   24   99.02    0.00    0.98    0.00    0.00    0.00    0.00    0.00    0.00    0.00
06:58:04 AM   25  100.00    0.00    0.00    0.00    0.00    0.00    0.00    0.00    0.00    0.00
06:58:04 AM   26   99.01    0.00    0.99    0.00    0.00    0.00    0.00    0.00    0.00    0.00
06:58:04 AM   27  100.00    0.00    0.00    0.00    0.00    0.00    0.00    0.00    0.00    0.00
06:58:04 AM   28  100.00    0.00    0.00    0.00    0.00    0.00    0.00    0.00    0.00    0.00
06:58:04 AM   29   99.00    0.00    1.00    0.00    0.00    0.00    0.00    0.00    0.00    0.00
06:58:04 AM   30  100.00    0.00    0.00    0.00    0.00    0.00    0.00    0.00    0.00    0.00
06:58:04 AM   31  100.00    0.00    0.00    0.00    0.00    0.00    0.00    0.00    0.00    0.00
06:58:04 AM   32   99.01    0.00    0.99    0.00    0.00    0.00    0.00    0.00    0.00    0.00
06:58:04 AM   33   99.01    0.00    0.99    0.00    0.00    0.00    0.00    0.00    0.00    0.00
06:58:04 AM   34   99.02    0.00    0.98    0.00    0.00    0.00    0.00    0.00    0.00    0.00
06:58:04 AM   35  100.00    0.00    0.00    0.00    0.00    0.00    0.00    0.00    0.00    0.00
06:58:04 AM   36   99.01    0.00    0.99    0.00    0.00    0.00    0.00    0.00    0.00    0.00
06:58:04 AM   37   94.00    0.00    6.00    0.00    0.00    0.00    0.00    0.00    0.00    0.00
06:58:04 AM   38  100.00    0.00    0.00    0.00    0.00    0.00    0.00    0.00    0.00    0.00
06:58:04 AM   39   98.02    0.00    1.98    0.00    0.00    0.00    0.00    0.00    0.00    0.00
06:58:04 AM   40   96.08    0.00    2.94    0.00    0.00    0.00    0.00    0.00    0.00    0.98
06:58:04 AM   41   99.01    0.00    0.00    0.00    0.00    0.00    0.00    0.00    0.00    0.99
06:58:04 AM   42   98.00    0.00    0.00    0.00    0.00    0.00    0.00    0.00    0.00    2.00
06:58:04 AM   43   93.00    0.00    6.00    0.00    0.00    0.00    0.00    0.00    0.00    1.00
06:58:04 AM   44   98.02    0.00    1.98    0.00    0.00    0.00    0.00    0.00    0.00    0.00
06:58:04 AM   45   98.99    0.00    1.01    0.00    0.00    0.00    0.00    0.00    0.00    0.00
06:58:04 AM   46   97.00    0.00    2.00    0.00    0.00    0.00    0.00    0.00    0.00    1.00
06:58:04 AM   47   97.98    0.00    1.01    0.00    0.00    0.00    0.00    0.00    0.00    1.01
06:58:04 AM   48   99.00    0.00    1.00    0.00    0.00    0.00    0.00    0.00    0.00    0.00
06:58:04 AM   49   98.04    0.00    0.98    0.00    0.00    0.00    0.00    0.00    0.00    0.98
06:58:04 AM   50   99.00    0.00    1.00    0.00    0.00    0.00    0.00    0.00    0.00    0.00
06:58:04 AM   51   99.01    0.00    0.00    0.00    0.00    0.00    0.00    0.00    0.00    0.99
06:58:04 AM   52   99.00    0.00    1.00    0.00    0.00    0.00    0.00    0.00    0.00    0.00
06:58:04 AM   53   96.08    0.00    2.94    0.00    0.00    0.00    0.00    0.00    0.00    0.98
06:58:04 AM   54   96.04    0.00    3.96    0.00    0.00    0.00    0.00    0.00    0.00    0.00
06:58:04 AM   55   95.05    0.00    2.97    0.00    0.00    0.00    0.00    0.00    0.00    1.98
06:58:04 AM   56   97.00    0.00    1.00    0.00    0.00    0.00    0.00    0.00    0.00    2.00
06:58:04 AM   57   98.02    0.00    1.98    0.00    0.00    0.00    0.00    0.00    0.00    0.00
06:58:04 AM   58   95.05    0.00    4.95    0.00    0.00    0.00    0.00    0.00    0.00    0.00
06:58:04 AM   59   95.05    0.00    3.96    0.00    0.00    0.00    0.00    0.00    0.00    0.99
06:58:04 AM   60  100.00    0.00    0.00    0.00    0.00    0.00    0.00    0.00    0.00    0.00
06:58:04 AM   61   99.01    0.00    0.99    0.00    0.00    0.00    0.00    0.00    0.00    0.00
06:58:04 AM   62  100.00    0.00    0.00    0.00    0.00    0.00    0.00    0.00    0.00    0.00
06:58:04 AM   63  100.00    0.00    0.00    0.00    0.00    0.00    0.00    0.00    0.00    0.00
06:58:04 AM   64  100.00    0.00    0.00    0.00    0.00    0.00    0.00    0.00    0.00    0.00
06:58:04 AM   65   99.01    0.00    0.99    0.00    0.00    0.00    0.00    0.00    0.00    0.00
06:58:04 AM   66   96.04    0.00    3.96    0.00    0.00    0.00    0.00    0.00    0.00    0.00
06:58:04 AM   67   99.00    0.00    1.00    0.00    0.00    0.00    0.00    0.00    0.00    0.00
06:58:04 AM   68  100.00    0.00    0.00    0.00    0.00    0.00    0.00    0.00    0.00    0.00
06:58:04 AM   69  100.00    0.00    0.00    0.00    0.00    0.00    0.00    0.00    0.00    0.00
06:58:04 AM   70  100.00    0.00    0.00    0.00    0.00    0.00    0.00    0.00    0.00    0.00
06:58:04 AM   71  100.00    0.00    0.00    0.00    0.00    0.00    0.00    0.00    0.00    0.00
06:58:04 AM   72  100.00    0.00    0.00    0.00    0.00    0.00    0.00    0.00    0.00    0.00
06:58:04 AM   73  100.00    0.00    0.00    0.00    0.00    0.00    0.00    0.00    0.00    0.00
06:58:04 AM   74   99.01    0.00    0.99    0.00    0.00    0.00    0.00    0.00    0.00    0.00
06:58:04 AM   75  100.00    0.00    0.00    0.00    0.00    0.00    0.00    0.00    0.00    0.00
06:58:04 AM   76  100.00    0.00    0.00    0.00    0.00    0.00    0.00    0.00    0.00    0.00
06:58:04 AM   77   99.01    0.00    0.99    0.00    0.00    0.00    0.00    0.00    0.00    0.00
06:58:04 AM   78  100.00    0.00    0.00    0.00    0.00    0.00    0.00    0.00    0.00    0.00
06:58:04 AM   79   99.01    0.00    0.99    0.00    0.00    0.00    0.00    0.00    0.00    0.00

06:58:04 AM  CPU    %usr   %nice    %sys %iowait    %irq   %soft  %steal  %guest  %gnice   %idle
06:58:05 AM  all   96.86    0.00    1.71    0.05    0.00    0.00    0.00    0.00    0.00    1.38
06:58:05 AM    0   95.96    0.00    3.03    0.00    0.00    0.00    0.00    0.00    0.00    1.01
06:58:05 AM    1   99.00    0.00    0.00    0.00    0.00    0.00    0.00    0.00    0.00    1.00
06:58:05 AM    2   97.03    0.00    0.99    0.00    0.00    0.00    0.00    0.00    0.00    1.98
06:58:05 AM    3   97.03    0.00    0.99    0.00    0.00    0.00    0.00    0.00    0.00    1.98
06:58:05 AM    4   88.00    0.00   11.00    0.00    0.00    0.00    0.00    0.00    0.00    1.00
06:58:05 AM    5   96.04    0.00    2.97    0.00    0.00    0.00    0.00    0.00    0.00    0.99
06:58:05 AM    6   98.00    0.00    1.00    0.00    0.00    0.00    0.00    0.00    0.00    1.00
06:58:05 AM    7   98.00    0.00    0.00    0.00    0.00    0.00    0.00    0.00    0.00    2.00
06:58:05 AM    8   97.00    0.00    2.00    1.00    0.00    0.00    0.00    0.00    0.00    0.00
06:58:05 AM    9   98.00    0.00    0.00    0.00    0.00    0.00    0.00    0.00    0.00    2.00
06:58:05 AM   10   98.02    0.00    0.99    0.00    0.00    0.00    0.00    0.00    0.00    0.99
06:58:05 AM   11   98.99    0.00    1.01    0.00    0.00    0.00    0.00    0.00    0.00    0.00
06:58:05 AM   12   98.00    0.00    2.00    0.00    0.00    0.00    0.00    0.00    0.00    0.00
06:58:05 AM   13   97.00    0.00    1.00    0.00    0.00    0.00    0.00    0.00    0.00    2.00
06:58:05 AM   14   97.03    0.00    0.99    0.99    0.00    0.00    0.00    0.00    0.00    0.99
06:58:05 AM   15   97.03    0.00    1.98    0.99    0.00    0.00    0.00    0.00    0.00    0.00
06:58:05 AM   16   97.98    0.00    1.01    0.00    0.00    0.00    0.00    0.00    0.00    1.01
06:58:05 AM   17   96.00    0.00    3.00    0.00    0.00    0.00    0.00    0.00    0.00    1.00
06:58:05 AM   18   99.00    0.00    0.00    0.00    0.00    0.00    0.00    0.00    0.00    1.00
06:58:05 AM   19   97.03    0.00    0.99    0.00    0.00    0.00    0.00    0.00    0.00    1.98
06:58:05 AM   20   97.03    0.00    0.00    0.00    0.00    0.00    0.00    0.00    0.00    2.97
06:58:05 AM   21   97.98    0.00    1.01    0.00    0.00    0.00    0.00    0.00    0.00    1.01
06:58:05 AM   22   99.00    0.00    0.00    0.00    0.00    0.00    0.00    0.00    0.00    1.00
06:58:05 AM   23   98.02    0.00    0.99    0.00    0.00    0.00    0.00    0.00    0.00    0.99
06:58:05 AM   24   95.00    0.00    3.00    0.00    0.00    0.00    0.00    0.00    0.00    2.00
06:58:05 AM   25   96.04    0.00    1.98    0.00    0.00    0.00    0.00    0.00    0.00    1.98
06:58:05 AM   26   95.00    0.00    3.00    0.00    0.00    0.00    0.00    0.00    0.00    2.00
06:58:05 AM   27   96.00    0.00    3.00    0.00    0.00    0.00    0.00    0.00    0.00    1.00
06:58:05 AM   28   98.02    0.00    0.99    0.00    0.00    0.00    0.00    0.00    0.00    0.99
06:58:05 AM   29   98.02    0.00    0.99    0.00    0.00    0.00    0.00    0.00    0.00    0.99
06:58:05 AM   30   93.07    0.00    4.95    0.00    0.00    0.00    0.00    0.00    0.00    1.98
06:58:05 AM   31   95.96    0.00    3.03    0.00    0.00    0.00    0.00    0.00    0.00    1.01
06:58:05 AM   32   98.99    0.00    0.00    0.00    0.00    0.00    0.00    0.00    0.00    1.01
06:58:05 AM   33   95.00    0.00    4.00    0.00    0.00    0.00    0.00    0.00    0.00    1.00
06:58:05 AM   34   97.98    0.00    0.00    0.00    0.00    0.00    0.00    0.00    0.00    2.02
06:58:05 AM   35   99.00    0.00    0.00    0.00    0.00    0.00    0.00    0.00    0.00    1.00
06:58:05 AM   36   96.97    0.00    1.01    0.00    0.00    0.00    0.00    0.00    0.00    2.02
06:58:05 AM   37   94.06    0.00    2.97    0.00    0.00    0.00    0.00    0.00    0.00    2.97
06:58:05 AM   38   98.02    0.00    0.99    0.00    0.00    0.00    0.00    0.00    0.00    0.99
06:58:05 AM   39   94.00    0.00    5.00    0.00    0.00    0.00    0.00    0.00    0.00    1.00
06:58:05 AM   40   98.00    0.00    1.00    0.00    0.00    0.00    0.00    0.00    0.00    1.00
06:58:05 AM   41   98.99    0.00    0.00    0.00    0.00    0.00    0.00    0.00    0.00    1.01
06:58:05 AM   42   98.02    0.00    0.99    0.00    0.00    0.00    0.00    0.00    0.00    0.99
06:58:05 AM   43   97.03    0.00    0.99    0.99    0.00    0.00    0.00    0.00    0.00    0.99
06:58:05 AM   44   96.97    0.00    2.02    0.00    0.00    0.00    0.00    0.00    0.00    1.01
06:58:05 AM   45   96.04    0.00    1.98    0.00    0.00    0.00    0.00    0.00    0.00    1.98
06:58:05 AM   46   96.04    0.00    2.97    0.00    0.00    0.00    0.00    0.00    0.00    0.99
06:58:05 AM   47   97.06    0.00    0.98    0.00    0.00    0.00    0.00    0.00    0.00    1.96
06:58:05 AM   48   95.00    0.00    3.00    0.00    0.00    0.00    0.00    0.00    0.00    2.00
06:58:05 AM   49   95.96    0.00    3.03    0.00    0.00    0.00    0.00    0.00    0.00    1.01
06:58:05 AM   50   97.03    0.00    0.99    0.00    0.00    0.00    0.00    0.00    0.00    1.98
06:58:05 AM   51   97.00    0.00    2.00    0.00    0.00    0.00    0.00    0.00    0.00    1.00
06:58:05 AM   52   99.01    0.00    0.00    0.00    0.00    0.00    0.00    0.00    0.00    0.99
06:58:05 AM   53   98.99    0.00    0.00    0.00    0.00    0.00    0.00    0.00    0.00    1.01
06:58:05 AM   54   96.00    0.00    3.00    0.00    0.00    0.00    0.00    0.00    0.00    1.00
06:58:05 AM   55   98.99    0.00    0.00    0.00    0.00    0.00    0.00    0.00    0.00    1.01
06:58:05 AM   56   98.02    0.00    0.99    0.00    0.00    0.00    0.00    0.00    0.00    0.99
06:58:05 AM   57   97.03    0.00    0.99    0.00    0.00    0.00    0.00    0.00    0.00    1.98
06:58:05 AM   58   97.00    0.00    1.00    0.00    0.00    0.00    0.00    0.00    0.00    2.00
06:58:05 AM   59   98.00    0.00    1.00    0.00    0.00    0.00    0.00    0.00    0.00    1.00
06:58:05 AM   60   96.04    0.00    1.98    0.00    0.00    0.00    0.00    0.00    0.00    1.98
06:58:05 AM   61   97.03    0.00    0.99    0.00    0.00    0.00    0.00    0.00    0.00    1.98
06:58:05 AM   62   97.98    0.00    1.01    0.00    0.00    0.00    0.00    0.00    0.00    1.01
06:58:05 AM   63   98.00    0.00    1.00    0.00    0.00    0.00    0.00    0.00    0.00    1.00
06:58:05 AM   64   96.04    0.00    0.99    0.00    0.00    0.00    0.00    0.00    0.00    2.97
06:58:05 AM   65   98.00    0.00    0.00    0.00    0.00    0.00    0.00    0.00    0.00    2.00
06:58:05 AM   66   92.00    0.00    7.00    0.00    0.00    0.00    0.00    0.00    0.00    1.00
06:58:05 AM   67   93.14    0.00    4.90    0.00    0.00    0.00    0.00    0.00    0.00    1.96
06:58:05 AM   68   97.03    0.00    0.99    0.00    0.00    0.00    0.00    0.00    0.00    1.98
06:58:05 AM   69   99.00    0.00    0.00    0.00    0.00    0.00    0.00    0.00    0.00    1.00
06:58:05 AM   70   98.02    0.00    0.99    0.00    0.00    0.00    0.00    0.00    0.00    0.99
06:58:05 AM   71   93.00    0.00    5.00    0.00    0.00    0.00    0.00    0.00    0.00    2.00
06:58:05 AM   72   97.00    0.00    2.00    0.00    0.00    0.00    0.00    0.00    0.00    1.00
06:58:05 AM   73   97.03    0.00    0.99    0.00    0.00    0.00    0.00    0.00    0.00    1.98
06:58:05 AM   74   97.03    0.00    0.99    0.00    0.00    0.00    0.00    0.00    0.00    1.98
06:58:05 AM   75   97.03    0.00    0.99    0.00    0.00    0.00    0.00    0.00    0.00    1.98
06:58:05 AM   76   97.98    0.00    1.01    0.00    0.00    0.00    0.00    0.00    0.00    1.01
06:58:05 AM   77   98.00    0.00    0.00    0.00    0.00    0.00    0.00    0.00    0.00    2.00
06:58:05 AM   78   97.00    0.00    1.00    0.00    0.00    0.00    0.00    0.00    0.00    2.00
06:58:05 AM   79   92.93    0.00    6.06    0.00    0.00    0.00    0.00    0.00    0.00    1.01

06:58:05 AM  CPU    %usr   %nice    %sys %iowait    %irq   %soft  %steal  %guest  %gnice   %idle
06:58:06 AM  all   81.05    0.00    4.60    0.59    0.00    0.35    0.00    0.00    0.00   13.40
06:58:06 AM    0   65.66    0.00    8.08    2.02    0.00    1.01    0.00    0.00    0.00   23.23
06:58:06 AM    1   82.65    0.00    4.08    1.02    0.00    0.00    0.00    0.00    0.00   12.24
06:58:06 AM    2   75.26    0.00   11.34    2.06    0.00    0.00    0.00    0.00    0.00   11.34
06:58:06 AM    3   91.84    0.00    3.06    0.00    0.00    0.00    0.00    0.00    0.00    5.10
06:58:06 AM    4   88.00    0.00    3.00    1.00    0.00    0.00    0.00    0.00    0.00    8.00
06:58:06 AM    5   77.78    0.00    2.02    3.03    0.00    1.01    0.00    0.00    0.00   16.16
06:58:06 AM    6   87.76    0.00    5.10    0.00    0.00    0.00    0.00    0.00    0.00    7.14
06:58:06 AM    7   74.49    0.00    9.18    5.10    0.00    0.00    0.00    0.00    0.00   11.22
06:58:06 AM    8   89.11    0.00    2.97    0.00    0.00    0.99    0.00    0.00    0.00    6.93
06:58:06 AM    9   88.89    0.00    4.04    0.00    0.00    1.01    0.00    0.00    0.00    6.06
06:58:06 AM   10   70.10    0.00    4.12    1.03    0.00    0.00    0.00    0.00    0.00   24.74
06:58:06 AM   11   88.12    0.00    3.96    0.99    0.00    0.99    0.00    0.00    0.00    5.94
06:58:06 AM   12   81.00    0.00    4.00    1.00    0.00    1.00    0.00    0.00    0.00   13.00
06:58:06 AM   13   83.00    0.00    6.00    0.00    0.00    0.00    0.00    0.00    0.00   11.00
06:58:06 AM   14   88.00    0.00    5.00    1.00    0.00    0.00    0.00    0.00    0.00    6.00
06:58:06 AM   15   74.75    0.00    4.04    1.01    0.00    1.01    0.00    0.00    0.00   19.19
06:58:06 AM   16   81.00    0.00    6.00    1.00    0.00    1.00    0.00    0.00    0.00   11.00
06:58:06 AM   17   84.85    0.00    4.04    0.00    0.00    1.01    0.00    0.00    0.00   10.10
06:58:06 AM   18   90.00    0.00    4.00    1.00    0.00    0.00    0.00    0.00    0.00    5.00
06:58:06 AM   19   70.10    0.00    9.28    1.03    0.00    0.00    0.00    0.00    0.00   19.59
06:58:06 AM   20   75.76    0.00    5.05    0.00    0.00    0.00    0.00    0.00    0.00   19.19
06:58:06 AM   21   71.43    0.00    4.08    1.02    0.00    0.00    0.00    0.00    0.00   23.47
06:58:06 AM   22   89.00    0.00    4.00    0.00    0.00    1.00    0.00    0.00    0.00    6.00
06:58:06 AM   23   77.00    0.00    4.00    0.00    0.00    1.00    0.00    0.00    0.00   18.00
06:58:06 AM   24   86.87    0.00    3.03    0.00    0.00    1.01    0.00    0.00    0.00    9.09
06:58:06 AM   25   85.86    0.00    4.04    0.00    0.00    0.00    0.00    0.00    0.00   10.10
06:58:06 AM   26   88.89    0.00    4.04    0.00    0.00    0.00    0.00    0.00    0.00    7.07
06:58:06 AM   27   75.51    0.00    4.08    0.00    0.00    0.00    0.00    0.00    0.00   20.41
06:58:06 AM   28   75.76    0.00    5.05    0.00    0.00    0.00    0.00    0.00    0.00   19.19
06:58:06 AM   29   87.76    0.00    5.10    1.02    0.00    0.00    0.00    0.00    0.00    6.12
06:58:06 AM   30   81.82    0.00    4.04    0.00    0.00    1.01    0.00    0.00    0.00   13.13
06:58:06 AM   31   86.00    0.00    4.00    0.00    0.00    1.00    0.00    0.00    0.00    9.00
06:58:06 AM   32   69.70    0.00    4.04    0.00    0.00    0.00    0.00    0.00    0.00   26.26
06:58:06 AM   33   75.76    0.00    3.03    0.00    0.00    1.01    0.00    0.00    0.00   20.20
06:58:06 AM   34   82.00    0.00    4.00    0.00    0.00    1.00    0.00    0.00    0.00   13.00
06:58:06 AM   35   85.86    0.00    4.04    1.01    0.00    0.00    0.00    0.00    0.00    9.09
06:58:06 AM   36   87.00    0.00    4.00    1.00    0.00    0.00    0.00    0.00    0.00    8.00
06:58:06 AM   37   88.00    0.00    4.00    0.00    0.00    1.00    0.00    0.00    0.00    7.00
06:58:06 AM   38   81.44    0.00    3.09    0.00    0.00    0.00    0.00    0.00    0.00   15.46
06:58:06 AM   39   69.07    0.00    4.12    1.03    0.00    0.00    0.00    0.00    0.00   25.77
06:58:06 AM   40   74.23    0.00    5.15    4.12    0.00    1.03    0.00    0.00    0.00   15.46
06:58:06 AM   41   86.73    0.00    5.10    0.00    0.00    0.00    0.00    0.00    0.00    8.16
06:58:06 AM   42   80.81    0.00    4.04    1.01    0.00    0.00    0.00    0.00    0.00   14.14
06:58:06 AM   43   88.00    0.00    5.00    0.00    0.00    0.00    0.00    0.00    0.00    7.00
06:58:06 AM   44   81.00    0.00   12.00    0.00    0.00    0.00    0.00    0.00    0.00    7.00
06:58:06 AM   45   68.69    0.00    7.07    3.03    0.00    0.00    0.00    0.00    0.00   21.21
06:58:06 AM   46   90.82    0.00    2.04    0.00    0.00    0.00    0.00    0.00    0.00    7.14
06:58:06 AM   47   74.49    0.00    8.16    1.02    0.00    0.00    0.00    0.00    0.00   16.33
06:58:06 AM   48   87.13    0.00    2.97    0.00    0.00    0.99    0.00    0.00    0.00    8.91
06:58:06 AM   49   76.00    0.00    9.00    0.00    0.00    1.00    0.00    0.00    0.00   14.00
06:58:06 AM   50   82.83    0.00    6.06    0.00    0.00    0.00    0.00    0.00    0.00   11.11
06:58:06 AM   51   78.57    0.00    5.10    0.00    0.00    0.00    0.00    0.00    0.00   16.33
06:58:06 AM   52   89.90    0.00    2.02    0.00    0.00    1.01    0.00    0.00    0.00    7.07
06:58:06 AM   53   83.84    0.00    4.04    0.00    0.00    0.00    0.00    0.00    0.00   12.12
06:58:06 AM   54   84.85    0.00    5.05    0.00    0.00    0.00    0.00    0.00    0.00   10.10
06:58:06 AM   55   76.77    0.00    4.04    1.01    0.00    1.01    0.00    0.00    0.00   17.17
06:58:06 AM   56   89.11    0.00    2.97    0.99    0.00    0.99    0.00    0.00    0.00    5.94
06:58:06 AM   57   66.67    0.00    9.09    1.01    0.00    0.00    0.00    0.00    0.00   23.23
06:58:06 AM   58   91.84    0.00    3.06    0.00    0.00    0.00    0.00    0.00    0.00    5.10
06:58:06 AM   59   82.83    0.00    6.06    1.01    0.00    0.00    0.00    0.00    0.00   10.10
06:58:06 AM   60   84.85    0.00    2.02    2.02    0.00    0.00    0.00    0.00    0.00   11.11
06:58:06 AM   61   74.23    0.00    3.09    3.09    0.00    0.00    0.00    0.00    0.00   19.59
06:58:06 AM   62   86.00    0.00    4.00    0.00    0.00    1.00    0.00    0.00    0.00    9.00
06:58:06 AM   63   82.65    0.00    3.06    0.00    0.00    0.00    0.00    0.00    0.00   14.29
06:58:06 AM   64   73.47    0.00    4.08    0.00    0.00    0.00    0.00    0.00    0.00   22.45
06:58:06 AM   65   78.00    0.00    4.00    1.00    0.00    1.00    0.00    0.00    0.00   16.00
06:58:06 AM   66   87.76    0.00    4.08    0.00    0.00    0.00    0.00    0.00    0.00    8.16
06:58:06 AM   67   82.65    0.00    3.06    0.00    0.00    0.00    0.00    0.00    0.00   14.29
06:58:06 AM   68   74.75    0.00    5.05    0.00    0.00    0.00    0.00    0.00    0.00   20.20
06:58:06 AM   69   78.00    0.00    3.00    0.00    0.00    1.00    0.00    0.00    0.00   18.00
06:58:06 AM   70   74.23    0.00    3.09    0.00    0.00    0.00    0.00    0.00    0.00   22.68
06:58:06 AM   71   73.74    0.00    4.04    0.00    0.00    0.00    0.00    0.00    0.00   22.22
06:58:06 AM   72   87.88    0.00    4.04    0.00    0.00    0.00    0.00    0.00    0.00    8.08
06:58:06 AM   73   67.71    0.00    6.25    1.04    0.00    0.00    0.00    0.00    0.00   25.00
06:58:06 AM   74   86.73    0.00    3.06    0.00    0.00    1.02    0.00    0.00    0.00    9.18
06:58:06 AM   75   78.79    0.00    4.04    0.00    0.00    1.01    0.00    0.00    0.00   16.16
06:58:06 AM   76   87.00    0.00    4.00    0.00    0.00    0.00    0.00    0.00    0.00    9.00
06:58:06 AM   77   84.00    0.00    6.00    0.00    0.00    0.00    0.00    0.00    0.00   10.00
06:58:06 AM   78   83.51    0.00    2.06    0.00    0.00    0.00    0.00    0.00    0.00   14.43
06:58:06 AM   79   67.68    0.00    4.04    0.00    0.00    0.00    0.00    0.00    0.00   28.28

06:58:06 AM  CPU    %usr   %nice    %sys %iowait    %irq   %soft  %steal  %guest  %gnice   %idle
06:58:07 AM  all   19.61    0.00   30.81    1.47    0.00    1.99    0.00    0.00    0.00   46.12
06:58:07 AM    0   18.95    0.00   32.63    0.00    0.00    2.11    0.00    0.00    0.00   46.32
06:58:07 AM    1   20.21    0.00   29.79    0.00    0.00    2.13    0.00    0.00    0.00   47.87
06:58:07 AM    2   20.41    0.00   33.67    0.00    0.00    2.04    0.00    0.00    0.00   43.88
06:58:07 AM    3   18.09    0.00   32.98    0.00    0.00    2.13    0.00    0.00    0.00   46.81
06:58:07 AM    4   21.28    0.00   30.85    0.00    0.00    1.06    0.00    0.00    0.00   46.81
06:58:07 AM    5   16.67    0.00   34.38    2.08    0.00    2.08    0.00    0.00    0.00   44.79
06:58:07 AM    6   22.68    0.00   29.90    1.03    0.00    2.06    0.00    0.00    0.00   44.33
06:58:07 AM    7   19.39    0.00   32.65    0.00    0.00    3.06    0.00    0.00    0.00   44.90
06:58:07 AM    8   16.67    0.00   31.25    0.00    0.00    2.08    0.00    0.00    0.00   50.00
06:58:07 AM    9   21.65    0.00   30.93    1.03    0.00    2.06    0.00    0.00    0.00   44.33
06:58:07 AM   10   20.41    0.00   30.61    0.00    0.00    1.02    0.00    0.00    0.00   47.96
06:58:07 AM   11   20.83    0.00   31.25    0.00    0.00    2.08    0.00    0.00    0.00   45.83
06:58:07 AM   12   23.16    0.00   30.53    0.00    0.00    1.05    0.00    0.00    0.00   45.26
06:58:07 AM   13   20.83    0.00   30.21    1.04    0.00    2.08    0.00    0.00    0.00   45.83
06:58:07 AM   14   21.43    0.00   31.63    0.00    0.00    2.04    0.00    0.00    0.00   44.90
06:58:07 AM   15   20.00    0.00   32.63    0.00    0.00    2.11    0.00    0.00    0.00   45.26
06:58:07 AM   16   20.21    0.00   34.04    1.06    0.00    1.06    0.00    0.00    0.00   43.62
06:58:07 AM   17   20.62    0.00   32.99    1.03    0.00    2.06    0.00    0.00    0.00   43.30
06:58:07 AM   18   20.83    0.00   31.25    0.00    0.00    2.08    0.00    0.00    0.00   45.83
06:58:07 AM   19   20.83    0.00   31.25    0.00    0.00    3.12    0.00    0.00    0.00   44.79
06:58:07 AM   20   20.83    0.00   28.12    2.08    0.00    2.08    0.00    0.00    0.00   46.88
06:58:07 AM   21   19.59    0.00   29.90    0.00    0.00    3.09    0.00    0.00    0.00   47.42
06:58:07 AM   22   17.89    0.00   30.53    2.11    0.00    2.11    0.00    0.00    0.00   47.37
06:58:07 AM   23   16.84    0.00   31.58    3.16    0.00    1.05    0.00    0.00    0.00   47.37
06:58:07 AM   24   17.89    0.00   32.63    1.05    0.00    1.05    0.00    0.00    0.00   47.37
06:58:07 AM   25   21.88    0.00   30.21    2.08    0.00    2.08    0.00    0.00    0.00   43.75
06:58:07 AM   26   18.75    0.00   29.17    1.04    0.00    2.08    0.00    0.00    0.00   48.96
06:58:07 AM   27   17.02    0.00   29.79    2.13    0.00    2.13    0.00    0.00    0.00   48.94
06:58:07 AM   28   17.89    0.00   30.53    2.11    0.00    2.11    0.00    0.00    0.00   47.37
06:58:07 AM   29   18.37    0.00   32.65    3.06    0.00    2.04    0.00    0.00    0.00   43.88
06:58:07 AM   30   18.75    0.00   32.29    3.12    0.00    1.04    0.00    0.00    0.00   44.79
06:58:07 AM   31   20.83    0.00   29.17    2.08    0.00    2.08    0.00    0.00    0.00   45.83
06:58:07 AM   32   18.75    0.00   31.25    2.08    0.00    1.04    0.00    0.00    0.00   46.88
06:58:07 AM   33   19.79    0.00   31.25    2.08    0.00    1.04    0.00    0.00    0.00   45.83
06:58:07 AM   34   18.09    0.00   28.72    4.26    0.00    2.13    0.00    0.00    0.00   46.81
06:58:07 AM   35   18.75    0.00   30.21    1.04    0.00    2.08    0.00    0.00    0.00   47.92
06:58:07 AM   36   19.59    0.00   29.90    2.06    0.00    2.06    0.00    0.00    0.00   46.39
06:58:07 AM   37   21.05    0.00   29.47    1.05    0.00    2.11    0.00    0.00    0.00   46.32
06:58:07 AM   38   20.41    0.00   30.61    2.04    0.00    1.02    0.00    0.00    0.00   45.92
06:58:07 AM   39   16.67    0.00   29.17    3.12    0.00    2.08    0.00    0.00    0.00   48.96
06:58:07 AM   40   22.11    0.00   31.58    1.05    0.00    2.11    0.00    0.00    0.00   43.16
06:58:07 AM   41   17.71    0.00   30.21    1.04    0.00    2.08    0.00    0.00    0.00   48.96
06:58:07 AM   42   20.00    0.00   32.63    0.00    0.00    2.11    0.00    0.00    0.00   45.26
06:58:07 AM   43   17.20    0.00   31.18    0.00    0.00    2.15    0.00    0.00    0.00   49.46
06:58:07 AM   44   19.79    0.00   33.33    1.04    0.00    2.08    0.00    0.00    0.00   43.75
06:58:07 AM   45   19.79    0.00   33.33    0.00    0.00    3.12    0.00    0.00    0.00   43.75
06:58:07 AM   46   19.39    0.00   27.55    1.02    0.00    3.06    0.00    0.00    0.00   48.98
06:58:07 AM   47   19.79    0.00   32.29    3.12    0.00    2.08    0.00    0.00    0.00   42.71
06:58:07 AM   48   18.75    0.00   31.25    1.04    0.00    2.08    0.00    0.00    0.00   46.88
06:58:07 AM   49   19.79    0.00   32.29    1.04    0.00    2.08    0.00    0.00    0.00   44.79
06:58:07 AM   50   19.59    0.00   34.02    1.03    0.00    2.06    0.00    0.00    0.00   43.30
06:58:07 AM   51   20.62    0.00   28.87    1.03    0.00    2.06    0.00    0.00    0.00   47.42
06:58:07 AM   52   19.79    0.00   32.29    1.04    0.00    1.04    0.00    0.00    0.00   45.83
06:58:07 AM   53   18.95    0.00   27.37    1.05    0.00    3.16    0.00    0.00    0.00   49.47
06:58:07 AM   54   22.11    0.00   26.32    3.16    0.00    2.11    0.00    0.00    0.00   46.32
06:58:07 AM   55   20.62    0.00   30.93    1.03    0.00    1.03    0.00    0.00    0.00   46.39
06:58:07 AM   56   17.58    0.00   31.87    1.10    0.00    2.20    0.00    0.00    0.00   47.25
06:58:07 AM   57   21.88    0.00   28.12    0.00    0.00    3.12    0.00    0.00    0.00   46.88
06:58:07 AM   58   19.79    0.00   28.12    1.04    0.00    2.08    0.00    0.00    0.00   48.96
06:58:07 AM   59   19.59    0.00   30.93    1.03    0.00    2.06    0.00    0.00    0.00   46.39
06:58:07 AM   60   21.51    0.00   29.03    3.23    0.00    1.08    0.00    0.00    0.00   45.16
06:58:07 AM   61   19.79    0.00   32.29    1.04    0.00    2.08    0.00    0.00    0.00   44.79
06:58:07 AM   62   20.83    0.00   27.08    2.08    0.00    1.04    0.00    0.00    0.00   48.96
06:58:07 AM   63   17.71    0.00   30.21    3.12    0.00    2.08    0.00    0.00    0.00   46.88
06:58:07 AM   64   19.39    0.00   31.63    1.02    0.00    3.06    0.00    0.00    0.00   44.90
06:58:07 AM   65   20.41    0.00   31.63    3.06    0.00    1.02    0.00    0.00    0.00   43.88
06:58:07 AM   66   19.59    0.00   29.90    4.12    0.00    2.06    0.00    0.00    0.00   44.33
06:58:07 AM   67   19.15    0.00   32.98    0.00    0.00    2.13    0.00    0.00    0.00   45.74
06:58:07 AM   68   20.41    0.00   31.63    3.06    0.00    2.04    0.00    0.00    0.00   42.86
06:58:07 AM   69   20.83    0.00   31.25    2.08    0.00    1.04    0.00    0.00    0.00   44.79
06:58:07 AM   70   18.95    0.00   29.47    2.11    0.00    1.05    0.00    0.00    0.00   48.42
06:58:07 AM   71   18.75    0.00   33.33    3.12    0.00    3.12    0.00    0.00    0.00   41.67
06:58:07 AM   72   21.65    0.00   26.80    2.06    0.00    2.06    0.00    0.00    0.00   47.42
06:58:07 AM   73   18.56    0.00   28.87    4.12    0.00    3.09    0.00    0.00    0.00   45.36
06:58:07 AM   74   17.17    0.00   32.32    3.03    0.00    1.01    0.00    0.00    0.00   46.46
06:58:07 AM   75   15.79    0.00   31.58    2.11    0.00    2.11    0.00    0.00    0.00   48.42
06:58:07 AM   76   21.65    0.00   27.84    3.09    0.00    2.06    0.00    0.00    0.00   45.36
06:58:07 AM   77   18.09    0.00   30.85    2.13    0.00    2.13    0.00    0.00    0.00   46.81
06:58:07 AM   78   19.79    0.00   28.12    1.04    0.00    2.08    0.00    0.00    0.00   48.96
06:58:07 AM   79   18.56    0.00   30.93    2.06    0.00    3.09    0.00    0.00    0.00   45.36

06:58:07 AM  CPU    %usr   %nice    %sys %iowait    %irq   %soft  %steal  %guest  %gnice   %idle
06:58:08 AM  all    3.80    0.00    4.94    1.99    0.00    0.18    0.00    0.00    0.00   89.09
06:58:08 AM    0    8.16    0.00    6.12   17.35    0.00    0.00    0.00    0.00    0.00   68.37
06:58:08 AM    1    5.10    0.00    5.10    9.18    0.00    0.00    0.00    0.00    0.00   80.61
06:58:08 AM    2    3.00    0.00    5.00    0.00    0.00    0.00    0.00    0.00    0.00   92.00
06:58:08 AM    3    4.04    0.00    5.05    0.00    0.00    0.00    0.00    0.00    0.00   90.91
06:58:08 AM    4    4.04    0.00    5.05    0.00    0.00    1.01    0.00    0.00    0.00   89.90
06:58:08 AM    5    2.04    0.00    5.10    0.00    0.00    0.00    0.00    0.00    0.00   92.86
06:58:08 AM    6    2.04    0.00    4.08    0.00    0.00    0.00    0.00    0.00    0.00   93.88
06:58:08 AM    7    3.06    0.00    5.10    0.00    0.00    0.00    0.00    0.00    0.00   91.84
06:58:08 AM    8    5.05    0.00    7.07    1.01    0.00    0.00    0.00    0.00    0.00   86.87
06:58:08 AM    9    3.00    0.00    5.00    0.00    0.00    1.00    0.00    0.00    0.00   91.00
06:58:08 AM   10    3.06    0.00    4.08    1.02    0.00    0.00    0.00    0.00    0.00   91.84
06:58:08 AM   11    4.04    0.00    4.04    0.00    0.00    0.00    0.00    0.00    0.00   91.92
06:58:08 AM   12    3.00    0.00    5.00    0.00    0.00    0.00    0.00    0.00    0.00   92.00
06:58:08 AM   13    3.03    0.00    5.05    0.00    0.00    0.00    0.00    0.00    0.00   91.92
06:58:08 AM   14    4.04    0.00    4.04    1.01    0.00    0.00    0.00    0.00    0.00   90.91
06:58:08 AM   15    3.03    0.00    5.05    0.00    0.00    0.00    0.00    0.00    0.00   91.92
06:58:08 AM   16    9.18    0.00    7.14    1.02    0.00    0.00    0.00    0.00    0.00   82.65
06:58:08 AM   17    4.04    0.00    5.05    0.00    0.00    1.01    0.00    0.00    0.00   89.90
06:58:08 AM   18    3.03    0.00    5.05    0.00    0.00    0.00    0.00    0.00    0.00   91.92
06:58:08 AM   19    2.00    0.00    6.00    0.00    0.00    1.00    0.00    0.00    0.00   91.00
06:58:08 AM   20    4.12    0.00    4.12    0.00    0.00    0.00    0.00    0.00    0.00   91.75
06:58:08 AM   21    3.96    0.00    5.94    0.00    0.00    0.00    0.00    0.00    0.00   90.10
06:58:08 AM   22    2.04    0.00    4.08    0.00    0.00    0.00    0.00    0.00    0.00   93.88
06:58:08 AM   23    2.02    0.00    5.05    0.00    0.00    0.00    0.00    0.00    0.00   92.93
06:58:08 AM   24    2.02    0.00    5.05    0.00    0.00    0.00    0.00    0.00    0.00   92.93
06:58:08 AM   25    3.00    0.00    5.00    0.00    0.00    0.00    0.00    0.00    0.00   92.00
06:58:08 AM   26    2.04    0.00    5.10    0.00    0.00    0.00    0.00    0.00    0.00   92.86
06:58:08 AM   27   12.12    0.00    7.07   20.20    0.00    0.00    0.00    0.00    0.00   60.61
06:58:08 AM   28    3.06    0.00    4.08    1.02    0.00    0.00    0.00    0.00    0.00   91.84
06:58:08 AM   29    2.02    0.00    5.05    1.01    0.00    0.00    0.00    0.00    0.00   91.92
06:58:08 AM   30   10.42    0.00    5.21   22.92    0.00    0.00    0.00    0.00    0.00   61.46
06:58:08 AM   31    4.00    0.00    4.00    1.00    0.00    0.00    0.00    0.00    0.00   91.00
06:58:08 AM   32    3.03    0.00    5.05    0.00    0.00    0.00    0.00    0.00    0.00   91.92
06:58:08 AM   33    2.04    0.00    5.10    0.00    0.00    0.00    0.00    0.00    0.00   92.86
06:58:08 AM   34    2.02    0.00    5.05    0.00    0.00    0.00    0.00    0.00    0.00   92.93
06:58:08 AM   35    2.04    0.00    4.08    0.00    0.00    1.02    0.00    0.00    0.00   92.86
06:58:08 AM   36    3.00    0.00    5.00    0.00    0.00    0.00    0.00    0.00    0.00   92.00
06:58:08 AM   37    3.03    0.00    4.04    2.02    0.00    0.00    0.00    0.00    0.00   90.91
06:58:08 AM   38    3.00    0.00    5.00    0.00    0.00    0.00    0.00    0.00    0.00   92.00
06:58:08 AM   39    3.03    0.00    5.05    0.00    0.00    0.00    0.00    0.00    0.00   91.92
06:58:08 AM   40    3.03    0.00    6.06    0.00    0.00    0.00    0.00    0.00    0.00   90.91
06:58:08 AM   41    5.00    0.00    5.00    0.00    0.00    0.00    0.00    0.00    0.00   90.00
06:58:08 AM   42    4.08    0.00    5.10    0.00    0.00    0.00    0.00    0.00    0.00   90.82
06:58:08 AM   43    3.03    0.00    4.04    0.00    0.00    1.01    0.00    0.00    0.00   91.92
06:58:08 AM   44   17.35    0.00    5.10    0.00    0.00    0.00    0.00    0.00    0.00   77.55
06:58:08 AM   45    3.06    0.00    4.08    0.00    0.00    0.00    0.00    0.00    0.00   92.86
06:58:08 AM   46    2.04    0.00    5.10    0.00    0.00    0.00    0.00    0.00    0.00   92.86
06:58:08 AM   47    3.00    0.00    5.00    0.00    0.00    1.00    0.00    0.00    0.00   91.00
06:58:08 AM   48    3.12    0.00    5.21    0.00    0.00    0.00    0.00    0.00    0.00   91.67
06:58:08 AM   49    3.06    0.00    4.08    0.00    0.00    0.00    0.00    0.00    0.00   92.86
06:58:08 AM   50    3.03    0.00    5.05    0.00    0.00    0.00    0.00    0.00    0.00   91.92
06:58:08 AM   51    4.00    0.00    5.00    0.00    0.00    0.00    0.00    0.00    0.00   91.00
06:58:08 AM   52    3.06    0.00    4.08    0.00    0.00    0.00    0.00    0.00    0.00   92.86
06:58:08 AM   53    3.03    0.00    4.04    0.00    0.00    0.00    0.00    0.00    0.00   92.93
06:58:08 AM   54    3.06    0.00    5.10    0.00    0.00    0.00    0.00    0.00    0.00   91.84
06:58:08 AM   55    2.04    0.00    4.08    0.00    0.00    1.02    0.00    0.00    0.00   92.86
06:58:08 AM   56    6.00    0.00    7.00    1.00    0.00    1.00    0.00    0.00    0.00   85.00
06:58:08 AM   57    2.04    0.00    5.10    0.00    0.00    0.00    0.00    0.00    0.00   92.86
06:58:08 AM   58    1.02    0.00    5.10    0.00    0.00    1.02    0.00    0.00    0.00   92.86
06:58:08 AM   59    2.06    0.00    5.15    0.00    0.00    0.00    0.00    0.00    0.00   92.78
06:58:08 AM   60    3.03    0.00    5.05    0.00    0.00    0.00    0.00    0.00    0.00   91.92
06:58:08 AM   61    2.04    0.00    5.10    0.00    0.00    0.00    0.00    0.00    0.00   92.86
06:58:08 AM   62    3.00    0.00    4.00    0.00    0.00    1.00    0.00    0.00    0.00   92.00
06:58:08 AM   63    3.00    0.00    5.00    0.00    0.00    0.00    0.00    0.00    0.00   92.00
06:58:08 AM   64    3.03    0.00    4.04    0.00    0.00    0.00    0.00    0.00    0.00   92.93
06:58:08 AM   65    2.02    0.00    5.05    0.00    0.00    0.00    0.00    0.00    0.00   92.93
06:58:08 AM   66    3.09    0.00    4.12    2.06    0.00    0.00    0.00    0.00    0.00   90.72
06:58:08 AM   67   14.89    0.00    7.45   40.43    0.00    0.00    0.00    0.00    0.00   37.23
06:58:08 AM   68    1.02    0.00    4.08    0.00    0.00    1.02    0.00    0.00    0.00   93.88
06:58:08 AM   69    4.08    0.00    5.10    1.02    0.00    0.00    0.00    0.00    0.00   89.80
06:58:08 AM   70    2.00    0.00    4.00    1.00    0.00    1.00    0.00    0.00    0.00   92.00
06:58:08 AM   71    4.00    0.00    3.00    1.00    0.00    0.00    0.00    0.00    0.00   92.00
06:58:08 AM   72    3.03    0.00    4.04    0.00    0.00    0.00    0.00    0.00    0.00   92.93
06:58:08 AM   73    3.00    0.00    6.00    0.00    0.00    0.00    0.00    0.00    0.00   91.00
06:58:08 AM   74    3.06    0.00    3.06    0.00    0.00    0.00    0.00    0.00    0.00   93.88
06:58:08 AM   75    3.06    0.00    4.08    0.00    0.00    0.00    0.00    0.00    0.00   92.86
06:58:08 AM   76    2.00    0.00    5.00    1.00    0.00    0.00    0.00    0.00    0.00   92.00
06:58:08 AM   77    7.07    0.00    6.06   15.15    0.00    1.01    0.00    0.00    0.00   70.71
06:58:08 AM   78    9.28    0.00    7.22   20.62    0.00    0.00    0.00    0.00    0.00   62.89
06:58:08 AM   79    3.06    0.00    4.08    0.00    0.00    0.00    0.00    0.00    0.00   92.86
