procs -----------memory---------- ---swap-- -----io---- -system-- -------cpu-------
 r  b   swpd   free   buff  cache   si   so    bi    bo   in   cs us sy id wa st gu
 4  0 110632 158280708 1775708 23365408    0    2 40116 35984 13484    7  4  1 95  1  0  0
33  0 110632 158224852 1775708 23365468    0    0     0 320004 95401 44174 20  1 79  0  0  0
19 15 110632 158172496 1775708 23365512    0    0 244928 325132 137950 163600 28  3 66  3  0  0
16 23 110632 158150596 1775708 23365528    0    0 1161712 490820 228179 571525 19  7 54 20  0  0
19 18 110632 158163476 1775708 23365548    0    0 1062672 544940 235995 605835 20  7 54 19  0  0
12 25 110632 158158516 1775708 23365568    0    0 1066896 587460 233767 600265 20  7 54 19  0  0
18 18 110632 158157308 1775708 23365596    0    0 1052288 607920 234220 607591 20  6 55 20  0  0
19 16 110632 158164608 1775712 23365604    0    0 1058400 555064 233008 609461 21  6 54 19  0  0
20 18 110632 158159664 1775712 23365620    0    0 1052464 552016 232243 611629 21  7 54 19  0  0
25 12 110632 158153288 1775712 23365640    0    0 1061200 561920 232967 610251 21  7 54 19  0  0
23 19 110632 158158420 1775712 23365664    0    0 1047344 553676 232294 609316 21  6 54 19  0  0
14 24 110632 158157184 1775712 23365684    0    0 1027440 539200 227386 588117 20  6 54 20  0  0
30  9 110632 158151156 1775716 23365700    0    0 1029696 538912 228238 578458 20  6 54 20  0  0
18 17 110632 158147356 1775716 23365720    0    0 1049456 547972 228344 583866 19  5 55 20  0  0
21 17 110632 158167556 1775716 23365732    0    0 1049728 540284 229939 596581 20  6 54 20  0  0
19 20 110632 158172796 1775716 23365748    0    0 1063248 557308 232200 612268 20  7 54 19  0  0
24 11 110632 158182888 1775716 23365776    0    0 1054432 550676 233658 606867 20  7 54 19  0  0
15 21 110632 158169652 1775720 23365792    0    0 1072880 558308 232942 605799 20  7 54 19  0  0
23 16 110632 158152144 1775720 23365816    0    0 1039872 554148 231173 597495 20  7 54 19  0  0
21 15 110632 158153092 1775720 23365832    0    0 1049712 555148 232612 600146 20  6 54 19  0  0
17 18 110632 158154672 1775720 23365848    0    0 1067440 553520 231923 602908 20  6 55 20  0  0
procs -----------memory---------- ---swap-- -----io---- -system-- -------cpu-------
 r  b   swpd   free   buff  cache   si   so    bi    bo   in   cs us sy id wa st gu
19 21 110632 158152336 1775720 23365932    0    0 1048656 550792 231140 606841 20  7 54 19  0  0
29 10 110632 158166232 1775724 23365948    0    0 1046096 550876 230797 610627 20  6 54 19  0  0
26 15 110632 158166732 1775724 23365968    0    0 1055296 560852 232862 615045 20  7 54 19  0  0
26 16 110632 158157616 1775724 23365988    0    0 1059584 557208 232330 609722 21  7 54 19  0  0
26 10 110632 158155496 1775724 23366012    0    0 1055264 557980 232541 607542 21  7 54 19  0  0
24 13 110632 158160392 1775724 23366036    0    0 1069632 562956 231951 601916 20  6 55 20  0  0
24 16 110632 158171832 1775732 23366036    0    0 1051936 557612 230873 606579 21  6 54 19  0  0
32  2 110632 158176428 1775732 23366060    0    0 1058432 563608 232800 610971 20  7 54 19  0  0
32  5 110632 158167552 1775732 23366084    0    0 1043440 556980 229370 591552 20  6 54 20  0  0
15 22 110632 158174988 1775732 23366104    0    0 1026768 552192 228880 583622 20  6 54 20  0  0
30  8 110632 158192824 1775732 23366132    0    0 1030144 544040 227831 581052 19  6 54 20  0  0
16 20 110632 158174720 1775740 23366144    0    0 1023440 543628 228724 589315 20  6 54 20  0  0
11 27 110632 158176868 1775740 23366164    0    0 1061104 556344 232184 602333 20  5 55 20  0  0
18 18 110632 158159728 1775740 23366184    0    0 1074640 575720 233762 604959 20  7 54 20  0  0
25  4 110632 158165812 1775740 23366204    0    0 1058848 569372 233055 605478 20  7 54 19  0  0
17 21 110632 158144236 1775740 23366224    0    0 1036848 564572 229748 591144 20  7 54 20  0  0
21 15 110632 158158012 1775744 23366236    0    0 1022304 558252 226878 574115 19  6 54 20  0  0
10 27 110632 158175864 1775744 23366264    0    0 1030048 560704 228661 584043 20  6 54 20  0  0
29  8 110632 158181024 1775744 23366288    0    0 1025616 553692 227266 585401 19  6 55 20  0  0
19 18 110632 158163624 1775744 23366300    0    0 1043168 560908 229202 585549 19  6 55 20  0  0
21 17 110632 158162236 1775744 23366312    0    0 987760 535824 222432 565376 19  6 54 21  0  0
procs -----------memory---------- ---swap-- -----io---- -system-- -------cpu-------
 r  b   swpd   free   buff  cache   si   so    bi    bo   in   cs us sy id wa st gu
29  7 110632 158162452 1775748 23366332    0    0 1038720 554948 229468 587858 20  6 54 20  0  0
19 18 110632 158164712 1775748 23366360    0    0 1042736 561408 229556 588711 19  6 54 20  0  0
30  5 110632 158164988 1775748 23366380    0    0 1025024 549752 228237 585924 20  6 54 20  0  0
18 16 110632 158169208 1775748 23366400    0    0 1035840 561788 228997 584947 19  6 54 20  0  0
45  6 110632 158169096 1775748 23366416    0    0 1023680 574400 227583 582203 19  5 55 20  0  0
19 19 110632 158162848 1775756 23366428    0    0 1016928 604908 229377 582091 20  6 54 20  0  0
18 17 110632 158160932 1775756 23366456    0    0 1009056 609676 229351 584307 19  6 54 20  0  0
28 13 110632 158163656 1775756 23366472    0    0 1023488 611152 230668 586130 20  6 54 20  0  0
27  8 110632 158165016 1775756 23366500    0    0 996112 589348 226559 568109 19  6 54 21  0  0
18 18 110632 158168924 1775756 23366516    0    0 1017312 602172 230765 592396 20  6 54 20  0  0
23  9 110632 158154812 1775760 23366536    0    0 1027632 596172 228526 578710 19  6 54 20  0  0
19 19 110632 158149860 1775760 23366560    0    0 1025152 607272 230143 581023 19  5 55 21  0  0
14 25 110632 158145212 1775760 23366564    0    0 1017360 595276 228563 584824 20  6 54 20  0  0
25 11 110632 158166664 1775760 23366584    0    0 1003504 584904 227245 570557 19  6 54 21  0  0
14 24 110632 158165088 1775760 23366604    0    0 1019408 588636 228383 572455 19  6 54 21  0  0
22 15 110632 158163364 1775764 23366628    0    0 1004384 577136 226430 576857 19  6 54 20  0  0
16 19 110632 158154084 1775764 23366648    0    0 998192 581756 226988 574668 19  6 54 21  0  0
33  4 110632 158157372 1775764 23366668    0    0 1016240 596604 228540 582096 19  6 54 21  0  0
26 12 110632 158151724 1775764 23366680    0    0 1015856 597000 228643 582414 19  6 54 20  0  0
10 26 110632 158151328 1775764 23366696    0    0 1016992 597060 230028 583115 19  7 54 20  0  0
25 10 110632 158160108 1775764 23366724    0    0 1022848 582356 228558 580465 19  6 54 20  0  0
procs -----------memory---------- ---swap-- -----io---- -system-- -------cpu-------
 r  b   swpd   free   buff  cache   si   so    bi    bo   in   cs us sy id wa st gu
18 18 110632 158160172 1775764 23366744    0    0 1030448 593152 229089 576876 19  6 54 21  0  0
19 19 110632 158150028 1775764 23366764    0    0 1021664 601084 229853 579140 20  6 54 20  0  0
25 15 110632 158147748 1775764 23366780    0    0 1026368 601680 231349 582863 20  6 54 20  0  0
13 23 110632 158170876 1775764 23366808    0    0 1032896 607888 230902 576738 19  5 55 21  0  0
30  6 110632 158174148 1775764 23366820    0    0 1000832 573852 225624 563536 19  6 54 21  0  0
23 15 110632 158174480 1775764 23366840    0    0 1004224 587884 228399 586368 20  7 54 20  0  0
14 25 110632 158160764 1775764 23366860    0    0 1031504 592180 230674 591596 20  6 54 20  0  0
23 13 110632 158150128 1775764 23366880    0    0 1016784 593568 231486 594746 20  6 54 20  0  0
19 18 110632 158153148 1775764 23366896    0    0 1019568 580188 230021 586328 20  6 54 20  0  0
21 17 110632 158163108 1775772 23366912    0    0 1012592 583336 227224 574272 19  6 54 21  0  0
20 19 110632 158151936 1775772 23366936    0    0 1024176 585920 229404 581447 19  5 55 21  0  0
31  6 110632 158168432 1775772 23366944    0    0 1015136 586992 228883 577705 19  6 54 20  0  0
23 16 110632 158159732 1775772 23366968    0    0 997488 590340 227048 568256 19  6 54 21  0  0
30 21 110632 158157316 1775772 23366992    0    0 1006560 586460 228263 573623 19  6 54 20  0  0
24 10 110632 158161264 1775772 23367008    0    0 1021920 592780 229334 575015 19  6 54 20  0  0
15 22 110632 158163516 1775772 23367036    0    0 1011360 592260 230057 585422 20  6 54 20  0  0
17 17 110632 158171512 1775772 23367056    0    0 1017568 596008 230067 577399 19  6 54 21  0  0
26 14 110632 158163876 1775772 23367072    0    0 1013040 590556 227896 577250 19  5 55 21  0  0
13 23 110632 158158636 1775772 23367152    0    0 1019088 590432 230292 586742 20  7 54 20  0  0
15 22 110632 158157428 1775772 23367168    0    0 1012128 586136 228396 582078 20  6 54 20  0  0
19 17 110632 158160392 1775772 23367192    0    0 1009664 585212 230454 578971 20  6 54 20  0  0
procs -----------memory---------- ---swap-- -----io---- -system-- -------cpu-------
 r  b   swpd   free   buff  cache   si   so    bi    bo   in   cs us sy id wa st gu
19 19 110632 158175124 1775772 23367216    0    0 1015184 595740 229589 576643 19  7 54 20  0  0
20 15 110632 158165048 1775772 23367236    0    0 1020400 595396 230090 580996 19  6 54 20  0  0
16 18 110632 158169468 1775772 23367252    0    0 1023344 598432 229990 578271 19  6 55 21  0  0
17 24 110632 158168984 1775780 23367252    0    0 1033216 599316 229865 580504 19  6 54 21  0  0
20 20 110632 158176920 1775780 23367280    0    0 1029264 592644 232805 593790 20  6 54 20  0  0
17 21 110632 158163084 1775780 23367300    0    0 1025424 597604 231166 591907 20  7 54 20  0  0
29  3 110632 158172416 1775780 23367320    0    0 1028912 595904 232089 593182 20  7 54 20  0  0
18 19 110632 158154020 1775780 23367340    0    0 1029264 605740 231718 593349 20  7 54 20  0  0
22  9 110632 158150080 1775784 23367352    0    0 1011728 588680 230503 581613 20  6 54 20  0  0
19 20 110632 158152560 1775784 23367384    0    0 1039840 596308 230288 586294 19  5 55 21  0  0
25 10 110632 158163308 1775784 23367396    0    0 1020528 597392 231481 594733 20  6 54 20  0  0
20 17 110632 158161848 1775784 23367416    0    0 1026192 605192 233402 596696 20  7 54 20  0  0
14 25 110632 158164968 1775784 23367436    0    0 1030464 598420 232901 596395 20  7 54 20  0  0
21 16 110632 158149140 1775788 23367456    0    0 1046208 605184 233301 591990 20  7 54 20  0  0
23 16 110632 158158424 1775788 23367480    0    0 1029440 599680 232010 590114 20  7 54 20  0  0
15 22 110632 158163788 1775788 23367512    0    0 1049376 601880 231134 590464 19  6 54 20  0  0
24 15 110632 158161372 1775788 23367524    0    0 1035024 610516 232058 592077 19  5 55 20  0  0
20 18 110632 158151788 1775788 23367536    0    0 1038944 603084 232111 594861 20  7 54 20  0  0
13 24 110632 158171204 1775796 23367548    4    0 1040116 607976 232950 596717 20  7 54 20  0  0
24 12 110632 158163036 1775796 23367584    0    0 1029952 594488 231972 599772 20  7 54 20  0  0
17 20 110632 158157944 1775796 23367604    0    0 1038048 609528 233039 591348 20  6 54 20  0  0
procs -----------memory---------- ---swap-- -----io---- -system-- -------cpu-------
 r  b   swpd   free   buff  cache   si   so    bi    bo   in   cs us sy id wa st gu
18 19 110632 158157280 1775796 23367624    0    0 1032496 595532 232296 599731 20  7 54 20  0  0
12 23 110632 158162960 1775796 23367636    0    0 1046624 610304 232930 594755 19  6 55 20  0  0
20 18 110632 158168204 1775796 23367648    0    0 1022176 599692 231209 584502 20  6 54 20  0  0
24 13 110632 158171288 1775796 23367672    0    0 1028400 601456 232342 592029 20  7 54 20  0  0
14 23 110632 158173908 1775796 23367692    0    0 980464 575340 224764 561819 19  6 54 21  0  0
16 20 110632 158158456 1775796 23367708    0    0 1025984 590532 229367 575863 19  7 54 21  0  0
22 14 110632 158160112 1775796 23367728    0    0 1034688 603416 232123 592036 20  7 54 20  0  0
14 22 110632 158160000 1775796 23367748    0    0 1027984 588660 232580 593052 20  6 54 20  0  0
16 23 110632 158160784 1775796 23367768    0    0 1057920 610344 233044 588789 19  5 55 21  0  0
19 17 110632 158178380 1775796 23367784    0    0 1032800 601240 232145 591117 20  6 54 20  0  0
12 26 110632 158178224 1775796 23367804    0    0 1033680 598592 230965 587530 20  6 54 20  0  0
28 20 110632 158181696 1775796 23367828    0    0 1035536 609548 232741 590853 20  6 54 20  0  0
19 17 110632 158167436 1775804 23367848    0    0 1041712 603344 232407 582457 19  7 54 20  0  0
17 20 110632 158159592 1775804 23367872    0    0 1047808 604768 232309 590250 19  7 54 20  0  0
22 15 110632 158174040 1775804 23367896    0    0 1041648 610772 231934 591839 20  6 54 20  0  0
28  8 110632 158171320 1775804 23367908    0    0 1049248 611620 232526 585342 19  6 55 20  0  0
19 17 110632 158157604 1775804 23367924    0    0 1033952 604680 231901 591227 20  6 54 20  0  0
27  8 110632 158169536 1775804 23367944    0    0 1030528 604932 233287 593306 20  6 54 20  0  0
22 13 110632 158165692 1775804 23367960    0    0 1032528 603988 231674 588161 20  6 54 20  0  0
26 14 110632 158156796 1775804 23367988    0    0 1024432 602260 232238 589751 20  6 54 20  0  0
15 20 110632 158160488 1775804 23368008    0    0 1034704 600992 230969 588262 19  6 54 20  0  0
procs -----------memory---------- ---swap-- -----io---- -system-- -------cpu-------
 r  b   swpd   free   buff  cache   si   so    bi    bo   in   cs us sy id wa st gu
24 12 110632 158159696 1775804 23368028    0    0 1029360 601216 230312 583917 19  6 55 21  0  0
22 17 110632 158151904 1775812 23368032    0    0 1011536 588140 228498 580383 20  6 54 20  0  0
24 12 110632 158163848 1775812 23368056    0    0 1025184 595592 231496 586153 20  7 54 20  0  0
28  7 110632 158169476 1775812 23368076    0    0 1036384 597968 231185 592927 20  6 54 20  0  0
23 16 110632 158169948 1775812 23368096    0    0 1035664 598580 231458 590848 20  7 54 20  0  0
32  4 110632 158159268 1775812 23368120    0    0 1031728 597172 232528 592927 20  6 54 20  0  0
31  5 110632 158159828 1775820 23368136    0    0 1031792 596192 231793 591786 20  6 54 20  0  0
21 16 110632 158161568 1775820 23368160    0    0 1011872 588072 227046 565059 19  5 55 21  0  0
14 21 110632 158162348 1775820 23368172    0    0 1032960 598260 230971 592525 20  6 54 20  0  0
29 13 110632 158145888 1775820 23368192    0    0 1042016 600656 231857 587066 19  7 54 20  0  0
19 17 110632 158144504 1775820 23368216    0    0 1033568 600424 232281 592654 20  7 54 20  0  0
26 12 110632 158137004 1775824 23368228    0    0 1048192 605472 232722 588488 20  6 54 20  0  0
14 22 110632 158167736 1775824 23368252    0    0 1034944 600052 232398 589459 20  7 54 20  0  0
16 13 110632 158166052 1775824 23368276    0    0 1030304 599644 232261 591504 20  6 54 20  0  0
21 20 110632 158161252 1775824 23368288    0    0 1042688 606856 230749 588680 19  6 54 21  0  0
27  6 110632 158163160 1775824 23368392    0    0 1034736 601152 230665 584968 19  6 54 20  0  0
16 20 110632 158153432 1775832 23368404    0    0 1022704 595304 229547 582228 19  6 54 20  0  0
16 21 110632 158161156 1775832 23368432    0    0 1020912 593128 231138 588230 20  6 54 20  0  0
24 11 110632 158154204 1775832 23368456    0    0 1034064 594084 231242 580822 20  6 54 20  0  0
22 15 110632 158153428 1775832 23368476    0    0 1023760 600772 231021 588126 20  6 54 20  0  0
14 20 110632 158149680 1775832 23368504    0    0 1044704 597876 230870 590555 19  6 55 20  0  0
procs -----------memory---------- ---swap-- -----io---- -system-- -------cpu-------
 r  b   swpd   free   buff  cache   si   so    bi    bo   in   cs us sy id wa st gu
28 13 110632 158160676 1775840 23368504    0    0 1038944 602584 232023 588494 20  6 54 20  0  0
17 21 110632 158155604 1775840 23368528    0    0 1051072 612180 232153 585553 20  7 54 20  0  0
16 20 110632 158161688 1775840 23368548    0    0 1028400 591292 232112 594916 20  6 54 20  0  0
13 24 110632 158163688 1775840 23368576    0    0 1029392 602756 232532 592795 20  6 54 20  0  0
25 13 110632 158155780 1775840 23368592    0    0 1026736 598344 230770 587284 20  7 54 20  0  0
18 20 110632 158170568 1775844 23368608    0    0 1038400 606336 232181 593517 20  7 54 20  0  0
19 15 110632 158158640 1775844 23368628    0    0 1045824 608404 231477 587856 19  5 55 20  0  0
23 14 110632 158146760 1775844 23368648    0    0 1050640 607176 231725 585873 19  7 54 20  0  0
20 17 110632 158146720 1775848 23368668    0    0 1030112 605080 231938 591800 20  7 54 20  0  0
25 12 110632 158143472 1775848 23368696    0    0 1034224 602208 232120 595419 20  7 54 20  0  0
15 20 110632 158153604 1775852 23368708    0    0 1011984 588052 226378 562924 19  6 54 21  0  0
19 17 110632 158141852 1775852 23368732    0    0 1034816 594416 228390 571402 19  6 54 21  0  0
18 18 110632 158159864 1775852 23368752    0    0 1006640 589864 229582 588986 20  6 54 20  0  0
21 16 110632 158151304 1775860 23368764    0    0 1041088 596344 232248 584625 19  5 55 21  0  0
21 18 110632 158157016 1775860 23368784    0    0 1023072 593056 229840 576761 19  6 54 20  0  0
20 17 110632 158155992 1775868 23368792    0    0 1030656 597696 231673 587404 20  6 54 20  0  0
25 17 110632 158157880 1775868 23368828    0    0 1029696 595400 231843 591485 20  7 54 20  0  0
24 13 110632 158164844 1775868 23368848    0    0 1030608 598248 231938 588093 20  6 54 20  0  0
25 12 110632 158166960 1775868 23368872    0    0 1035632 601164 232078 596025 20  7 54 20  0  0
23 14 110632 158162812 1775868 23368892    0    0 1034912 602368 232213 590601 20  6 55 20  0  0
22 19 110632 158170772 1775868 23368900    0    0 1035184 602860 232223 587277 20  6 54 20  0  0
procs -----------memory---------- ---swap-- -----io---- -system-- -------cpu-------
 r  b   swpd   free   buff  cache   si   so    bi    bo   in   cs us sy id wa st gu
18 22 110632 158162104 1775868 23368924    0    0 1026000 604876 232400 588930 20  7 54 20  0  0
27 16 110632 158161220 1775868 23368944    0    0 1034832 590184 230679 584124 20  6 54 20  0  0
25 16 110632 158168368 1775868 23368968    0    0 1040896 599224 232159 589710 20  6 54 20  0  0
21 16 110632 158154468 1775868 23368988    0    0 1033680 605044 232945 596229 20  6 54 20  0  0
19 16 110632 158156836 1775872 23369004    0    0 1045984 603724 232556 589196 20  6 54 20  0  0
16 22 110632 158154724 1775872 23369024    0    0 1050560 604616 231927 591333 19  5 55 20  0  0
25 14 110632 158144768 1775872 23369036    0    0 1038336 604224 231869 590164 20  6 54 20  0  0
32  6 110632 158156892 1775872 23369056    0    0 1030864 600536 231312 583941 20  7 54 20  0  0
25 12 110632 158153440 1775876 23369068    0    0 1034208 599296 231289 584723 20  6 54 20  0  0
17 21 110632 158167572 1775880 23369088    0    0 993648 568236 224204 563815 19  6 54 21  0  0
19 17 110632 158171668 1775880 23369116    0    0 992176 579460 225968 565669 19  6 54 21  0  0
13 23 110632 158153992 1775880 23369132    0    0 992576 574672 224438 562279 19  6 54 21  0  0
17 18 110632 158149764 1775880 23369152    0    0 1048576 603552 231343 584522 19  5 55 21  0  0
21 17 110632 158136084 1775880 23369168    0    0 1031968 594476 231302 590780 20  6 54 20  0  0
28 11 110632 158140020 1775884 23369184    0    0 1043984 593824 232582 589414 20  6 54 20  0  0
20 18 110632 158151848 1775884 23369208    0    0 1034960 608824 233086 592539 20  7 54 20  0  0
17 21 110632 158151760 1775884 23369224    0    0 1036880 609032 231639 588471 19  7 54 20  0  0
25 11 110632 158149272 1775884 23369248    0    0 1027856 598808 231869 593354 20  6 54 20  0  0
27  6 110632 158151536 1775884 23369268    0    0 1033424 602736 232322 590766 19  6 55 20  0  0
23 16 110632 158144204 1775892 23369276    0    0 1037616 598024 231341 583882 20  6 54 20  0  0
20 17 110632 158158608 1775892 23369300    0    0 1033728 598744 231871 593584 20  7 54 20  0  0
procs -----------memory---------- ---swap-- -----io---- -system-- -------cpu-------
 r  b   swpd   free   buff  cache   si   so    bi    bo   in   cs us sy id wa st gu
22 15 110632 158146176 1775892 23369320    0    0 1037104 596572 231638 592512 20  6 54 20  0  0
18 19 110632 158145692 1775892 23369340    0    0 1030320 595668 230155 575874 19  7 54 20  0  0
17 20 110632 158165520 1775892 23369364    0    0 1019024 596584 229235 574966 19  6 54 21  0  0
45  8 110632 158166044 1775896 23369376    0    0 1026704 602784 231381 588916 19  7 54 20  0  0
12 25 110632 158161316 1775896 23369400    0    0 1034800 596848 229384 586177 19  5 55 21  0  0
15 23 110632 158155076 1775896 23369408    0    0 989552 576328 225134 560844 19  6 54 21  0  0
26  9 110632 158163808 1775896 23369432    0    0 983792 564376 221267 555566 18  6 54 21  0  0
31  8 110632 158157768 1775900 23369464    0    0 976272 557996 220448 550610 18  6 54 22  0  0
27 12 110632 158141264 1775904 23369480    0    0 1003680 573012 226001 574048 19  6 54 21  0  0
29  6 110632 158157508 1775904 23369500    0    0 1025488 588080 229819 588358 19  7 54 20  0  0
18 17 110632 158174920 1775908 23369516    0    0 1030032 594004 230624 585109 19  6 54 20  0  0
30  8 110632 158175292 1775908 23369540    0    0 1037456 600068 230469 580440 19  6 55 21  0  0
20 17 110632 158170464 1775908 23369620    0    0 1021424 593972 229528 583476 20  6 54 20  0  0
29  6 110632 158170488 1775908 23369640    0    0 1025328 588196 229943 584089 19  6 54 20  0  0
31 18 110632 158167604 1775908 23369656    0    0 1026016 595220 231917 596490 20  6 54 20  0  0
13 24 110632 158169716 1775908 23369676    0    0 1027120 595680 229994 585906 19  6 54 20  0  0
25  8 110632 158153888 1775908 23369700    0    0 1011488 579436 226219 576881 19  6 54 20  0  0
13 25 110632 158155812 1775908 23369720    0    0 1025872 589548 230168 591674 20  6 55 20  0  0
29  8 110632 158150468 1775908 23369732    0    0 1024688 582088 227978 573369 19  6 54 21  0  0
18 18 110632 158156024 1775908 23369748    0    0 1023392 589548 229721 584612 20  7 54 20  0  0
18 18 110632 158161676 1775916 23369760    0    0 1032608 589456 228717 585393 20  6 54 20  0  0
procs -----------memory---------- ---swap-- -----io---- -system-- -------cpu-------
 r  b   swpd   free   buff  cache   si   so    bi    bo   in   cs us sy id wa st gu
17 21 110632 158162296 1775916 23369788    0    0 1024480 584880 230502 589187 20  7 54 20  0  0
11 27 110632 158151456 1775916 23369808    0    0 1020688 581868 231257 581707 20  6 54 20  0  0
12 25 110632 158173452 1775916 23369832    0    0 1004288 589024 227397 565327 19  6 54 21  0  0
19 17 110632 158178012 1775916 23369848    0    0 1021408 590876 225804 569616 18  5 55 21  0  0
20 16 110632 158167696 1775916 23369860    0    0 1001824 582312 226944 572733 19  6 54 21  0  0
 8 27 110632 158156452 1775916 23369876    0    0 975744 544504 218656 540128 18  6 54 22  0  0
17 21 110632 158160328 1775916 23369908    0    0 993968 575288 225084 561918 19  6 54 21  0  0
12 25 110632 158163768 1775916 23369928    0    0 998864 559872 223185 569681 19  6 54 21  0  0
21 19 110632 158169456 1775916 23369952    0    0 980096 574004 222242 553022 18  6 54 21  0  0
17 20 110632 158160296 1775916 23369972    0    0 1012480 564984 226395 569471 19  6 54 21  0  0
17 20 110632 158153056 1775916 23369984    0    0 1009584 579104 226368 565867 19  5 55 21  0  0
14 23 110632 158158852 1775916 23369996    0    0 998368 570380 224674 564777 19  7 54 21  0  0
15 21 110632 158154116 1775916 23370020    0    0 1027104 584916 229471 582270 19  6 54 20  0  0
17 19 110632 158155624 1775916 23370040    0    0 1022176 593412 231709 593184 20  7 54 20  0  0
20 14 110632 158163008 1775916 23370060    0    0 1033472 581184 230688 592269 20  7 54 19  0  0
15 23 110632 158172768 1775916 23370080    0    0 1028976 594916 233394 592661 20  6 54 20  0  0
20 16 110632 158177932 1775916 23370100    0    0 1038080 593116 232101 594760 20  6 55 20  0  0
14 22 110632 158164824 1775916 23370112    0    0 1048064 596304 232133 589328 20  6 54 20  0  0
25 15 110632 158164148 1775916 23370132    0    0 1018560 600300 229658 578499 20  7 54 20  0  0
12 24 110632 158152296 1775916 23370152    0    0 995840 573340 226127 573508 19  6 54 20  0  0
23 13 110632 158162880 1775916 23370172    0    0 979104 553528 223593 563139 19  6 54 21  0  0
procs -----------memory---------- ---swap-- -----io---- -system-- -------cpu-------
 r  b   swpd   free   buff  cache   si   so    bi    bo   in   cs us sy id wa st gu
20 21 110632 158165848 1775916 23370192    0    0 978800 565760 223177 559811 19  6 54 21  0  0
10 26 110632 158163712 1775916 23370216    0    0 1011680 585620 228948 580952 20  6 54 20  0  0
22 23 110632 158165840 1775916 23370240    0    0 1043216 591340 231655 587186 19  5 55 20  0  0
17 21 110632 158160416 1775916 23370248    0    0 1037152 592136 230656 590012 20  6 54 20  0  0
10 26 110632 158155472 1775920 23370264    0    0 1038560 607352 231512 587334 19  7 54 20  0  0
24 14 110632 158157612 1775920 23370288    0    0 1036816 600844 232305 591127 20  6 54 20  0  0
18 24 110632 158157872 1775920 23370312    0    0 1044112 593500 230929 590384 20  6 54 20  0  0
21 19 110632 158171544 1775920 23370332    0    0 1026736 590264 231623 592053 20  7 54 20  0  0
16 19 110632 158170864 1775920 23370348    0    0 1027968 585892 231369 591167 20  6 54 20  0  0
14 23 110632 158164432 1775920 23370364    0    0 1047056 602580 232010 587842 19  5 55 20  0  0
14 25 110632 158172644 1775920 23370376    0    0 1031536 581128 231203 592284 20  6 54 20  0  0
18 20 110632 158162856 1775920 23370404    0    0 1038736 610564 231792 593735 20  6 54 20  0  0
23 14 110632 158153708 1775920 23370420    0    0 1028672 592528 231104 589474 20  7 54 20  0  0
29 11 110632 158171016 1775920 23370436    0    0 1036624 593440 231877 591203 20  6 54 20  0  0
27  8 110632 158172040 1775924 23370456    0    0 1036880 604424 232497 587377 20  6 54 20  0  0
24  9 110632 158166032 1775924 23370488    0    0 1019328 585388 226728 573174 18  6 55 21  0  0
23 13 110632 158157876 1775924 23370504    0    0 1007696 573660 225740 571158 19  6 55 21  0  0
21 17 110632 158146520 1775924 23370516    0    0 992208 566292 224105 562647 19  6 54 21  0  0
23 13 110632 158162380 1775924 23370536    0    0 985840 563568 224616 565766 19  6 54 21  0  0
17 21 110632 158175392 1775928 23370548    0    0 1025952 590924 231884 595868 20  6 54 20  0  0
16 23 110632 158182104 1775928 23370580    0    0 1030560 595732 231785 590572 20  7 54 20  0  0
procs -----------memory---------- ---swap-- -----io---- -system-- -------cpu-------
 r  b   swpd   free   buff  cache   si   so    bi    bo   in   cs us sy id wa st gu
25 14 110632 158160816 1775928 23370596    0    0 1030256 592752 230157 593696 20  7 54 20  0  0
19 18 110632 158155724 1775928 23370620    0    0 1042512 610332 232231 589966 19  6 55 20  0  0
26  8 110632 158164108 1775928 23370632    0    0 1041408 593948 231198 588211 20  6 54 20  0  0
20 18 110632 158159844 1775928 23370648    0    0 1033424 591980 232872 589264 20  6 54 20  0  0
15 22 110632 158161208 1775928 23370668    0    0 1033376 593232 230750 592065 20  6 54 20  0  0
18 17 110632 158161264 1775928 23370696    0    0 1034192 588468 229604 590668 19  7 54 20  0  0
20 13 110632 158153564 1775932 23370708    0    0 1018800 589784 230700 599270 20  7 54 20  0  0
21 17 110632 158154960 1775932 23370728    0    0 1023024 597792 232427 594900 20  7 54 19  0  0
22 14 110632 158145292 1775936 23370748    0    0 1049200 595516 231773 587275 19  5 55 20  0  0
31  2 110632 158181028 1775936 23370832    0    0 1026832 592880 231344 594592 20  6 54 20  0  0
23 13 110632 158182500 1775936 23370852    0    0 1026944 596412 230220 593587 20  7 54 20  0  0
16 20 110632 158173144 1775936 23370872    0    0 1000352 579008 224839 557553 19  6 54 21  0  0
21 16 110632 158167468 1775936 23370892    0    0 1004784 580192 227429 573560 19  6 54 21  0  0
18 19 110632 158165444 1775940 23370916    0    0 1010880 586324 226939 574037 19  6 54 21  0  0
30 20 110632 158165256 1775940 23370932    0    0 1004528 585064 225895 569440 19  6 54 21  0  0
22 15 110632 158175580 1775940 23370948    0    0 1014976 586572 226879 568472 19  5 55 21  0  0
12 22 110632 158170920 1775940 23370968    0    0 1017856 589332 227847 578530 19  6 54 20  0  0
21 14 110632 158170968 1775940 23370980    0    0 1032992 597940 231339 584762 20  6 54 20  0  0
20 15 110632 158166048 1775940 23371008    0    0 1017312 590472 229664 586516 20  6 54 20  0  0
31  9 110632 158157592 1775940 23371024    0    0 1029552 592888 230069 582065 20  7 54 20  0  0
32  8 110632 158159132 1775940 23371044    0    0 1020016 587220 230476 584898 20  6 54 20  0  0
procs -----------memory---------- ---swap-- -----io---- -system-- -------cpu-------
 r  b   swpd   free   buff  cache   si   so    bi    bo   in   cs us sy id wa st gu
15 21 110632 158161264 1775940 23371068    0    0 1041248 602396 229966 579028 19  6 55 21  0  0
17 22 110632 158169688 1775940 23371084    0    0 1028272 590540 228049 580423 19  6 54 21  0  0
20 16 110632 158157968 1775948 23371092    0    0 1023184 585344 228663 572836 19  6 54 20  0  0
20 17 110632 158149344 1775948 23371128    0    0 1017392 583656 229662 584642 20  6 54 20  0  0
24 14 110632 158151736 1775948 23371144    0    0 1034960 595508 230346 578925 19  6 54 20  0  0
16 21 110632 158155716 1775948 23371164    0    0 1017344 587436 229753 584190 20  6 54 20  0  0
16 19 110632 158156616 1775948 23371188    0    0 1021328 596180 229790 592184 20  6 54 20  0  0
24 17 110632 158155824 1775956 23371196    0    0 1029488 591228 229669 584284 19  5 55 20  0  0
16 21 110632 158147228 1775956 23371212    0    0 988720 570820 225240 575272 19  6 54 20  0  0
20 18 110632 158165124 1775956 23371232    0    0 993808 572732 224220 563224 19  6 54 21  0  0
15 23 110632 158168108 1775956 23371256    0    0 992656 581580 225433 566000 19  6 54 21  0  0
25 19 110632 158169100 1775956 23371280    0    0 1015840 587028 229780 578399 19  6 54 20  0  0
22 17 110632 158165044 1775964 23371284    0    0 1030544 586048 229969 585168 19  7 54 20  0  0
35 17 110632 158173136 1775964 23371316    0    0 1027808 592612 231395 596684 20  6 54 20  0  0
34  4 110632 158169172 1775964 23371328    0    0 1053040 599956 231857 594439 19  6 55 20  0  0
21 19 110632 158162316 1775964 23371348    0    0 1039872 596984 232129 592104 20  6 54 20  0  0
19 18 110632 158159584 1775964 23371368    0    0 1032160 597656 232803 591749 20  6 54 20  0  0
26  7 110632 158161560 1775968 23371396    0    0 1036880 594340 232849 596265 20  7 54 20  0  0
19 17 110632 158156632 1775968 23371408    0    0 1045504 597456 231109 588994 19  7 54 20  0  0
14 24 110632 158160584 1775968 23371428    0    0 1025744 588980 230794 597152 20  7 54 20  0  0
19 18 110632 158164776 1775968 23371448    0    0 1045488 600220 233068 596218 20  6 55 20  0  0
procs -----------memory---------- ---swap-- -----io---- -system-- -------cpu-------
 r  b   swpd   free   buff  cache   si   so    bi    bo   in   cs us sy id wa st gu
21 14 110632 158165528 1775968 23371472    0    0 1040096 600548 231595 596426 20  6 54 20  0  0
26 11 110632 158162484 1775968 23371484    0    0 1045728 598024 231373 589721 20  7 54 20  0  0
36 17 110632 158158584 1775968 23371500    0    0 1038000 603024 231529 592618 20  7 54 20  0  0
25  8 110632 158163968 1775968 23371524    0    0 1029024 588132 231167 590881 20  6 54 20  0  0
30  9 110632 158143984 1775968 23371556    0    0 1025152 588876 227731 579373 19  7 54 21  0  0
16 22 110632 158163412 1775968 23371564    0    0 998112 568276 225244 568487 19  6 54 21  0  0
23 17 110632 158180548 1775968 23371584    0    0 982880 562080 223003 561071 19  5 55 21  0  0
30  3 110632 158170640 1775968 23371608    0    0 970368 556628 220430 545396 19  6 54 21  0  0
16 22 110632 158168892 1775968 23371620    0    0 1009392 579524 228912 586722 20  6 54 20  0  0
23 14 110632 158161856 1775968 23371644    0    0 1029216 596868 231281 586741 19  6 54 20  0  0
30  6 110632 158157716 1775968 23371656    0    0 1023648 585564 230731 596792 20  7 54 20  0  0
21 16 110632 158150728 1775972 23371672    0    0 1023392 595540 231543 587884 20  7 54 20  0  0
17 21 110632 158152384 1775972 23371704    0    0 1045248 601228 232515 591751 19  6 54 20  0  0
19 17 110632 158151384 1775972 23371716    0    0 1040384 601360 231813 592665 20  5 55 20  0  0
19 20 110632 158160956 1775972 23371736    0    0 1031728 590916 232067 590618 20  6 54 20  0  0
34  6 110632 158163596 1775972 23371760    0    0 1040432 594240 230009 591389 19  6 54 20  0  0
25 14 110632 158165816 1775972 23371772    0    0 1039808 594812 231047 586385 20  6 54 20  0  0
24 15 110632 158160056 1775976 23371800    0    0 1030112 601308 231754 586435 20  6 54 20  0  0
22 13 110632 158146508 1775976 23371824    0    0 1031280 594328 231951 590072 20  6 54 20  0  0
24 10 110632 158147428 1775976 23371836    0    0 1041568 596956 231663 594159 19  6 55 20  0  0
33  1 110632 158146284 1775976 23371860    0    0 1043664 603516 232255 582637 19  6 54 20  0  0
procs -----------memory---------- ---swap-- -----io---- -system-- -------cpu-------
 r  b   swpd   free   buff  cache   si   so    bi    bo   in   cs us sy id wa st gu
20 19 110632 158152540 1775976 23371860    0    0 1043072 600664 232165 591613 20  7 54 20  0  0
12 24 110632 158162948 1775976 23371884    0    0 1050496 600588 231740 584289 20  7 54 20  0  0
24 11 110632 158151904 1775976 23371916    0    0 1034656 594564 231195 586380 20  6 54 20  0  0
20 19 110632 158146824 1775976 23371924    0    0 1029776 592364 230670 586901 20  6 54 20  0  0
23 15 110632 158151772 1775976 23371952    0    0 1036496 591172 230411 580436 19  6 54 20  0  0
23 13 110632 158162112 1775976 23371976    0    0 1033936 601096 230698 583227 19  5 55 21  0  0
15 20 110632 158165896 1775980 23372044    0    0 1026064 592868 231426 585462 20  6 54 20  0  0
26  6 110632 158164808 1775980 23372068    0    0 1031824 595300 231589 591354 20  7 54 20  0  0
28 15 110632 158158084 1775980 23372088    0    0 1023088 586560 231890 597333 20  7 54 19  0  0
21 18 110632 158167748 1775980 23372108    0    0 1041456 597544 231094 589235 19  6 54 20  0  0
18 20 110632 158143796 1775980 23372144    0    0 1035440 585836 231340 590714 19  7 54 20  0  0
19 16 110632 158147220 1775980 23372148    0    0 1037168 590920 231514 588467 20  6 54 20  0  0
19 13 110632 158147220 1775980 23372172    0    0 1039824 593800 232241 587829 19  5 55 20  0  0
10 27 110632 158157360 1775980 23372184    0    0 1030096 600216 232014 594300 20  7 54 20  0  0
15 20 110632 158155052 1775980 23372204    0    0 1034784 595988 231288 588241 20  6 54 20  0  0
31  3 110632 158151312 1775980 23372228    0    0 1032784 602824 232629 593107 20  7 54 20  0  0
26 10 110632 158167252 1775984 23372248    0    0 1043488 606688 231969 594287 19  7 54 20  0  0
26 14 110632 158169748 1775984 23372252    0    0 1031952 599192 231953 591970 20  6 54 20  0  0
19 15 110632 158165264 1775984 23372288    0    0 1037408 596144 230871 588799 19  6 55 20  0  0
31 17 110632 158162144 1775984 23372300    0    0 1034736 597016 229752 590514 19  6 54 20  0  0
19 19 110632 158168552 1775984 23372320    0    0 1045568 601688 232345 589198 20  6 54 20  0  0
procs -----------memory---------- ---swap-- -----io---- -system-- -------cpu-------
 r  b   swpd   free   buff  cache   si   so    bi    bo   in   cs us sy id wa st gu
19 20 110632 158148776 1775988 23372332    0    0 1037200 595772 229750 580117 19  7 54 21  0  0
26  9 110632 158156164 1775988 23372348    0    0 1008592 583884 229788 595011 20  6 54 20  0  0
18 17 110632 158162572 1775988 23372384    0    0 1029728 598220 230597 589972 19  7 54 20  0  0
18 20 110632 158165328 1775988 23372408    0    0 1036736 604004 231436 588917 20  6 54 20  0  0
17 18 110632 158157556 1775988 23372416    0    0 1029088 597716 231241 594096 20  5 55 20  0  0
16 23 110632 158156220 1775996 23372428    0    0 1030672 597908 230299 588923 20  6 54 20  0  0
16 19 110632 158164836 1775996 23372460    0    0 1047328 608244 231516 586719 19  7 54 20  0  0
22 15 110632 158153100 1775996 23372472    0    0 1033888 590920 231132 592212 20  7 54 20  0  0
17 21 110632 158162584 1775996 23372504    0    0 1034816 604396 230601 585106 19  7 54 20  0  0
20 18 110632 158144936 1775996 23372516    0    0 1035872 595936 230170 580555 19  6 54 20  0  0
20 17 110632 158153820 1776000 23372532    0    0 1022608 589744 230042 584838 19  6 54 20  0  0
30  6 110632 158150640 1776000 23372556    0    0 1043328 597396 230668 580792 19  5 55 21  0  0
31  7 110632 158155916 1776000 23372568    0    0 1026176 592036 229872 582157 19  7 54 20  0  0
22 13 110632 158148136 1776000 23372592    0    0 1024448 588780 230898 593515 20  7 54 20  0  0
21 14 110632 158162592 1776004 23372608    0    0 1048272 603264 233687 603370 20  7 54 19  0  0
31  4 110632 158147320 1776012 23372628    0    0 1025440 584720 229333 584742 20  6 54 20  0  0
20 19 110632 158160180 1776012 23372652    0    0 1016912 577732 227219 580678 19  6 54 20  0  0
19 17 110632 158157416 1776012 23372676    0    0 1022000 575332 227237 571126 19  6 54 21  0  0
20 16 110632 158162996 1776012 23372692    0    0 1024800 584700 228299 580424 19  5 55 21  0  0
24 13 110632 158156120 1776012 23372712    0    0 1041456 606460 234626 595844 20  7 54 20  0  0
25 14 110632 158157988 1776012 23372732    0    0 1043232 606076 233234 601928 20  7 54 20  0  0
procs -----------memory---------- ---swap-- -----io---- -system-- -------cpu-------
 r  b   swpd   free   buff  cache   si   so    bi    bo   in   cs us sy id wa st gu
16 20 110632 158165988 1776012 23372748    0    0 1036368 602552 232748 607354 20  7 54 19  0  0
19 19 110632 158165584 1776012 23372772    0    0 1055376 610460 232947 600421 20  7 54 20  0  0
17 20 110632 158171620 1776012 23372788    0    0 1070464 618276 234650 593364 20  7 54 20  0  0
21 10 110632 158169520 1776012 23372812    0    0 1049984 607760 233278 594440 20  6 55 20  0  0
10 27 110632 158170620 1776012 23372824    0    0 1053120 609764 233840 595923 20  6 54 20  0  0
33  1 110632 158163196 1776012 23372844    0    0 1057168 603560 233668 599177 20  7 54 20  0  0
28 12 110632 158154168 1776012 23372860    0    0 1049520 604156 232878 599103 20  7 54 20  0  0
17 20 110632 158165464 1776012 23372884    0    0 1058288 616416 234789 595053 20  7 54 20  0  0
21 19 110632 158164476 1776012 23372908    0    0 1058624 611500 234089 603292 20  7 54 20  0  0
19 16 110632 158156692 1776012 23372920    0    0 1056720 602544 233460 598130 20  6 54 20  0  0
14 22 110632 158156364 1776012 23372940    0    0 1061536 616372 234229 598393 20  5 55 20  0  0
27  8 110632 158162848 1776012 23372952    0    0 1022016 579288 227160 573557 19  6 54 21  0  0
18 20 110632 158156708 1776012 23372976    0    0 1010432 585664 227539 572548 19  6 54 20  0  0
16 21 110632 158162192 1776012 23372996    0    0 1017680 584740 228107 569450 19  6 54 21  0  0
14 25 110632 158167108 1776012 23373024    0    0 1027536 590864 231216 598353 20  6 54 20  0  0
24  8 110632 158164068 1776012 23373040    0    0 1046736 604332 233245 591001 20  6 54 20  0  0
12 22 110632 158156036 1776012 23373052    0    0 1062880 612228 233524 597020 20  6 54 20  0  0
29  9 110632 158161372 1776012 23373068    0    0 1064640 620388 234945 595147 19  6 55 20  0  0
18 19 110632 158166480 1776012 23373096    0    0 1040848 605796 232981 597717 20  7 54 20  0  0
25  9 110632 158151228 1776016 23373108    0    0 1055424 604212 235120 597578 20  7 54 19  0  0
23 18 110632 158158460 1776016 23373132    0    0 1053968 606188 234655 603014 20  7 54 19  0  0
procs -----------memory---------- ---swap-- -----io---- -system-- -------cpu-------
 r  b   swpd   free   buff  cache   si   so    bi    bo   in   cs us sy id wa st gu
17 24 110632 158165132 1776016 23373152    0    0 1060960 607056 233599 597462 20  7 54 20  0  0
24 12 110632 158165608 1776016 23373164    0    0 1050816 598928 233685 601449 20  7 54 20  0  0
26  8 110632 158169860 1776016 23373188    0    0 1051536 598392 233562 596013 20  6 55 20  0  0
20 21 110632 158164320 1776024 23373256    0    0 1060384 608604 234880 601903 20  6 54 20  0  0
22 13 110632 158161640 1776024 23373280    0    0 1053744 602240 234522 604865 20  7 54 19  0  0
12 25 110632 158154864 1776024 23373304    0    0 1053072 608484 234182 600524 20  7 54 20  0  0
20 21 110632 158151228 1776024 23373320    0    0 1059648 610268 234588 602797 20  7 54 20  0  0
17 20 110632 158155148 1776024 23373344    0    0 1026208 594204 230072 583113 20  6 54 20  0  0
17 22 110632 158159904 1776032 23373360    0    0 1036144 588748 229223 574510 19  6 54 21  0  0
17 18 110632 158159768 1776032 23373384    0    0 1018624 582208 227393 570013 19  5 55 21  0  0
22 16 110632 158163880 1776032 23373404    0    0 1024528 582484 228315 572980 19  6 54 21  0  0
18 19 110632 158165428 1776032 23373424    0    0 1054944 607844 234730 597789 20  7 54 20  0  0
25 10 110632 158151736 1776032 23373444    0    0 1046160 598424 233142 602685 20  7 54 20  0  0
28  8 110632 158147840 1776036 23373464    0    0 1044992 607360 234665 602270 20  7 54 19  0  0
22 14 110632 158147756 1776036 23373480    0    0 1039328 608708 235081 606525 20  7 54 19  0  0
17 19 110632 158145964 1776036 23373512    0    0 1051840 615996 234787 602880 20  7 54 20  0  0
29  5 110632 158149012 1776036 23373524    0    0 1068480 608736 233211 601559 19  5 55 20  0  0
21 12 110632 158155268 1776036 23373536    0    0 1039680 600016 233946 603014 20  7 54 19  0  0
22 20 110632 158157180 1776044 23373552    0    0 1055024 599972 232514 601045 20  7 54 20  0  0
25  8 110632 158149228 1776044 23373580    0    0 1057776 598496 234055 602390 20  6 54 20  0  0
20 20 110632 158143236 1776044 23373600    0    0 1058464 600364 233435 599264 20  7 54 20  0  0
procs -----------memory---------- ---swap-- -----io---- -system-- -------cpu-------
 r  b   swpd   free   buff  cache   si   so    bi    bo   in   cs us sy id wa st gu
29 11 110632 158141812 1776044 23373620    0    0 1046368 607832 233794 602366 20  7 54 19  0  0
19 14 110632 158155392 1776044 23373644    0    0 1055856 612800 234002 596972 20  6 54 20  0  0
21 14 110632 158165664 1776048 23373648    0    0 1058000 616520 235726 596620 20  6 55 20  0  0
29  7 110632 158159300 1776048 23373672    0    0 1041936 594076 232350 593589 20  7 54 20  0  0
16 19 110632 158153868 1776048 23373692    0    0 1032512 589308 229596 573519 19  6 54 21  0  0
29 10 110632 158150344 1776048 23373712    0    0 1022144 578948 225974 562891 19  6 54 21  0  0
26  9 110632 158162112 1776048 23373740    0    0 1022784 579020 227740 580431 19  6 54 21  0  0
16 21 110632 158148848 1776052 23373752    0    0 1027696 586568 229029 580654 19  6 54 20  0  0
18 19 110632 158142428 1776052 23373780    0    0 1016352 591524 228953 571326 18  6 55 21  0  0
15 21 110632 158162508 1776052 23373792    0    0 1025632 602172 229103 580805 19  6 54 21  0  0
25 16 110632 158157588 1776052 23373820    0    0 1022864 587420 228812 582985 19  6 54 20  0  0
12  2 110632 158157264 1776052 23373840    0    0 1016096 581912 227401 574478 19  6 54 20  0  0
31  8 110632 158159252 1776060 23373848    0    0 1027408 582944 228519 582687 19  6 54 20  0  0
24 14 110632 158149796 1776060 23373888    0    0 1009632 590600 228989 580714 19  6 54 20  0  0
30 10 110632 158157500 1776060 23373912    0    0 1026464 588180 229275 582947 19  6 54 20  0  0
21 13 110632 158161856 1776060 23373920    0    0 1032960 587456 228574 576888 19  5 55 21  0  0
16 19 110632 158155200 1776060 23373932    0    0 1026864 586236 230772 591618 20  6 54 20  0  0
19 18 110632 158155596 1776060 23373948    0    0 1015776 579076 227153 579442 19  6 54 20  0  0
25 12 110632 158155620 1776060 23373972    0    0 1024880 589488 232195 597478 20  7 54 20  0  0
19 16 110632 158138364 1776060 23373996    0    0 1015408 597024 228831 571511 19  7 54 20  0  0
18 18 110632 158144104 1776060 23374016    0    0 1027392 601436 231617 591348 20  7 54 20  0  0
procs -----------memory---------- ---swap-- -----io---- -system-- -------cpu-------
 r  b   swpd   free   buff  cache   si   so    bi    bo   in   cs us sy id wa st gu
20 17 110632 158150824 1776060 23374032    0    0 1047216 598464 231454 590919 20  6 54 20  0  0
11 25 110632 158143380 1776064 23374048    0    0 1041184 592188 230060 589333 19  5 55 20  0  0
15 22 110632 158150720 1776064 23374072    0    0 1041216 597352 231495 585683 20  6 54 20  0  0
18 19 110632 158147552 1776064 23374092    0    0 1042464 595532 231980 591404 20  7 54 20  0  0
27  8 110632 158151484 1776064 23374108    0    0 1043392 585404 230686 587273 20  6 54 20  0  0
25 10 110632 158155192 1776064 23374128    0    0 1029120 601064 230700 586348 19  7 54 20  0  0
22 17 110632 158157076 1776072 23374144    0    0 1045904 602704 233480 593624 20  7 54 20  0  0
29  7 110632 158163776 1776072 23374168    0    0 1052336 604424 232524 594820 19  6 54 20  0  0
18 22 110632 158166652 1776072 23374184    0    0 1036720 598108 232310 595436 20  6 55 20  0  0
21 16 110632 158167112 1776072 23374204    0    0 1043312 597200 232311 589302 20  7 54 20  0  0
17 18 110632 158162572 1776072 23374228    0    0 1047376 597524 232890 588330 20  7 54 20  0  0
26  6 110632 158154104 1776076 23374244    0    0 1036576 596384 233095 595542 20  7 54 20  0  0
21 18 110632 158154024 1776076 23374268    0    0 1044336 590408 231920 594357 20  7 54 20  0  0
23 21 110632 158135616 1776076 23374288    0    0 1040064 600356 232833 590648 20  7 54 20  0  0
18 18 110632 158138964 1776076 23374300    0    0 1053648 600984 232466 586848 19  5 55 20  0  0
23  7 110632 158151080 1776076 23374320    0    0 1050208 598576 232476 596707 20  6 54 20  0  0
18 18 110632 158151524 1776076 23374336    0    0 1035344 594088 231938 591543 20  7 54 20  0  0
20 19 110632 158157304 1776076 23374356    0    0 1048656 598192 232177 592949 20  7 54 20  0  0
28  9 110632 158159340 1776076 23374372    0    0 1048720 603324 232366 589871 19  7 54 20  0  0
25 14 110632 158154664 1776076 23374400    0    0 1047088 600624 232484 588656 20  7 54 20  0  0
28  8 110632 158159416 1776076 23374416    0    0 1040640 583056 230136 589480 20  6 54 20  0  0
procs -----------memory---------- ---swap-- -----io---- -system-- -------cpu-------
 r  b   swpd   free   buff  cache   si   so    bi    bo   in   cs us sy id wa st gu
27 12 110632 158155880 1776084 23374520    0    0 1046720 597928 231769 590202 19  5 55 20  0  0
27  9 110632 158141532 1776084 23374540    0    0 1032320 596952 230481 587339 20  7 54 20  0  0
36 15 110632 158148012 1776084 23374556    0    0 1033072 606188 232003 593198 20  7 54 20  0  0
19 17 110632 158157820 1776084 23374584    0    0 1046720 605644 232942 594485 20  7 54 20  0  0
15 19 110632 158154660 1776084 23374600    0    0 1042304 606536 233446 590828 20  7 54 20  0  0
18 20 110632 158137924 1776088 23374620    0    0 1037632 589524 231822 596298 20  7 54 20  0  0
16 21 110632 158161300 1776088 23374632    0    0 1050992 602980 232280 590426 20  6 54 20  0  0
22 14 110632 158167520 1776088 23374656    0    0 1042784 597580 231825 595120 20  5 55 20  0  0
19 20 110632 158171620 1776088 23374680    0    0 1040608 595152 232282 596094 20  6 54 20  0  0
31 16 110632 158157636 1776088 23374684    0    0 1041568 599496 232709 591804 20  7 54 20  0  0
22 16 110632 158160064 1776096 23374744    0    0 1044944 596156 231742 593700 20  7 53 20  0  0
25 16 110632 158135864 1776096 23374784    0    0 1029824 594304 232835 597395 20  7 54 19  0  0
29  7 110632 158147880 1776096 23374800    0    0 1046336 597444 232123 593433 20  7 54 20  0  0
14 25 110632 158145732 1776096 23374828    0    0 1050704 598236 232170 593207 19  6 55 20  0  0
20 16 110632 158149384 1776096 23374840    0    0 1029072 581628 227828 581384 19  6 55 20  0  0
29 10 110632 158145952 1776104 23374848    0    0 1027216 582240 229955 583638 19  7 54 20  0  0
21 18 110632 158166628 1776104 23374884    0    0 1008384 588416 228327 582062 19  6 54 20  0  0
15 23 110632 158164256 1776104 23374900    0    0 1017088 582380 229053 588403 19  6 54 20  0  0
27 11 110632 158170236 1776104 23374920    0    0 1035808 590472 228785 582468 19  6 54 20  0  0
23 15 110632 158154472 1776104 23374940    0    0 1004496 574760 227020 584429 20  6 54 20  0  0
29  5 110632 158156600 1776108 23374952    0    0 1033680 578260 227466 578028 19  5 55 21  0  0
procs -----------memory---------- ---swap-- -----io---- -system-- -------cpu-------
 r  b   swpd   free   buff  cache   si   so    bi    bo   in   cs us sy id wa st gu
25 17 110632 158167052 1776108 23374972    0    0 1045216 599940 229502 579792 19  6 54 21  0  0
18 21 110632 158173808 1776108 23375000    0    0 1022288 591068 229017 581327 20  6 54 20  0  0
20 17 110632 158157916 1776108 23375020    0    0 1028144 585692 230622 587145 20  7 54 20  0  0
19 19 110632 158162548 1776108 23375032    0    0 1024768 592400 229053 578162 19  6 54 20  0  0
23 15 110632 158154988 1776108 23375056    0    0 1019440 596928 229232 577997 19  6 54 20  0  0
20 15 110632 158163532 1776108 23375072    0    0 1028464 592840 229161 579748 19  6 54 20  0  0
23 17 110632 158164640 1776108 23375092    0    0 1039568 596788 229018 580256 19  5 55 21  0  0
18 21 110632 158168060 1776108 23375112    0    0 1038928 587956 228960 584204 19  7 54 20  0  0
24 11 110632 158159896 1776108 23375128    0    0 1013680 572336 225740 565909 19  7 54 21  0  0
16 20 110632 158144332 1776108 23375152    0    0 1028592 594852 229985 587564 19  7 54 20  0  0
27 13 110632 158158500 1776112 23375160    0    0 1037680 589312 231826 591778 20  7 54 20  0  0
21 15 110632 158155928 1776112 23375192    0    0 1044192 599184 230925 586193 20  7 54 20  0  0
17 17 110632 158172876 1776112 23375212    0    0 1049120 598528 232043 590736 19  6 54 20  0  0
24 12 110632 158164428 1776112 23375224    0    0 987744 560612 220639 550022 18  5 55 22  0  0
25 17 110632 158162536 1776116 23375244    0    0 1041600 603392 231467 582192 20  6 54 20  0  0
12 24 110632 158154424 1776116 23375264    0    0 1037360 602808 233120 590187 20  7 54 20  0  0
24 13 110632 158152704 1776116 23375284    0    0 1041072 599872 231055 587279 19  7 54 20  0  0
30  7 110632 158154256 1776116 23375300    0    0 1046656 610524 232903 588154 19  7 54 20  0  0
24 16 110632 158151932 1776116 23375316    0    0 1055200 606580 232323 590692 20  6 54 20  0  0
22 15 110632 158148504 1776116 23375340    0    0 1051856 604588 233278 593225 20  6 55 20  0  0
32 18 110632 158152284 1776116 23375352    0    0 1035760 605272 232903 594244 20  6 54 20  0  0
procs -----------memory---------- ---swap-- -----io---- -system-- -------cpu-------
 r  b   swpd   free   buff  cache   si   so    bi    bo   in   cs us sy id wa st gu
28  8 110632 158151016 1776116 23375368    0    0 1046368 605464 232109 593363 20  7 54 20  0  0
22 13 110632 158139940 1776116 23375396    0    0 1042128 604624 232100 597598 20  7 54 20  0  0
18 16 110632 158146008 1776116 23375420    0    0 1053008 603960 233244 594579 20  6 54 20  0  0
25 15 110632 158139600 1776116 23375440    0    0 1047936 603104 232325 595304 20  7 54 20  0  0
15 19 110632 158140508 1776116 23375460    0    0 1031264 586828 230909 593910 20  6 54 20  0  0
28 11 110632 158144200 1776116 23375476    0    0 1050784 603980 232829 599103 19  5 55 20  0  0
21 16 110632 158148640 1776116 23375488    0    0 1061088 600704 233262 588758 20  6 54 20  0  0
20 15 110632 158154220 1776116 23375520    0    0 1046640 603644 231813 595148 20  7 54 20  0  0
32  6 110632 158157632 1776116 23375540    0    0 1038736 595268 231868 597173 20  6 54 20  0  0
17 18 110632 158162112 1776116 23375556    0    0 1031152 599572 231358 590145 20  7 54 20  0  0
30 11 110632 158143680 1776116 23375584    0    0 1033056 596772 232850 598230 20  6 54 20  0  0
19 23 110632 158140084 1776116 23375600    0    0 1027904 598748 231574 599257 20  6 54 20  0  0
20 18 110632 158145808 1776116 23375616    0    0 1061872 601596 231365 590089 19  6 55 20  0  0
20 18 110632 158152704 1776116 23375632    0    0 1045456 603880 231125 588250 19  6 54 20  0  0
26  8 110632 158155668 1776116 23375652    0    0 1037984 590224 232403 593400 20  7 54 20  0  0
23 10 110632 158152572 1776116 23375672    0    0 1044560 598668 232904 590657 20  6 54 20  0  0
20 17 110632 158148956 1776120 23375700    0    0 1048496 602024 232135 587770 19  6 54 20  0  0
19 18 110632 158142132 1776120 23375708    0    0 1052304 604436 232135 593874 20  7 54 20  0  0
13 23 110632 158141252 1776120 23375800    0    0 1056272 601020 232328 591506 19  6 55 20  0  0
25 15 110632 158145900 1776120 23375808    0    0 1050896 590608 231434 593913 19  6 55 20  0  0
20 16 110632 158146008 1776120 23375824    0    0 1053968 603028 233089 590655 20  7 54 20  0  0
procs -----------memory---------- ---swap-- -----io---- -system-- -------cpu-------
 r  b   swpd   free   buff  cache   si   so    bi    bo   in   cs us sy id wa st gu
17 13 110632 158142964 1776120 23375852    0    0 1042352 586872 231613 595122 20  7 54 20  0  0
20 15 110632 158153912 1776120 23375868    0    0 1039568 596188 232179 594282 20  7 54 20  0  0
21 18 110632 158163092 1776120 23375888    0    0 1046272 600388 232870 601827 20  7 54 20  0  0
15 23 110632 158151432 1776120 23375912    0    0 1052432 594572 233036 600353 20  7 54 20  0  0
21 17 110632 158151052 1776120 23375924    0    0 1038000 602272 230204 583851 19  5 55 21  0  0
16 22 110632 158155224 1776124 23375948    0    0 1042752 592656 232107 589700 20  6 54 20  0  0
22 20 110632 158146524 1776124 23375960    0    0 1041248 604592 232674 594818 19  7 54 20  0  0
20 20 110632 158148556 1776124 23375988    0    0 1046736 586068 232046 597157 20  7 54 20  0  0
15 21 110632 158149748 1776124 23376004    0    0 1049968 606192 232814 596058 19  7 54 20  0  0
19 22 110632 158152340 1776124 23376020    0    0 1024432 581140 231065 596333 20  7 54 19  0  0
23 16 110632 158159160 1776124 23376044    0    0 1049456 586804 231783 590419 20  6 54 20  0  0
 8 28 110632 158153800 1776124 23376064    0    0 1041216 590872 229380 580493 19  5 55 21  0  0
21 15 110632 158147944 1776124 23376080    0    0 1035520 591948 230087 592622 20  6 54 20  0  0
23 19 110632 158160992 1776124 23376100    0    0 1052384 598320 231354 590904 20  7 54 20  0  0
17 23 110632 158172320 1776124 23376128    0    0 1058352 605908 232612 594617 20  6 54 20  0  0
19 18 110632 158161308 1776128 23376140    0    0 1032256 595832 231276 599404 20  7 54 20  0  0
16 21 110632 158153820 1776128 23376164    0    0 1045360 603148 231691 598715 20  7 54 20  0  0
11 24 110632 158149884 1776128 23376180    0    0 1050976 615976 234251 593083 19  6 54 20  0  0
21 20 110632 158162216 1776128 23376196    0    0 1048656 591260 231057 593927 20  6 55 20  0  0
17 19 110632 158143580 1776128 23376216    0    0 1049920 599436 232654 591948 20  7 54 20  0  0
14 24 110632 158144416 1776128 23376240    0    0 1044080 596872 232170 598344 20  6 54 20  0  0
procs -----------memory---------- ---swap-- -----io---- -system-- -------cpu-------
 r  b   swpd   free   buff  cache   si   so    bi    bo   in   cs us sy id wa st gu
18 19 110632 158161712 1776128 23376256    0    0 1045360 604328 232798 595439 20  7 54 20  0  0
12 27 110632 158161968 1776128 23376276    0    0 1040400 606360 230848 589926 20  7 54 20  0  0
 8 29 110632 158172904 1776128 23376296    0    0 1047616 592084 230899 583818 19  6 54 20  0  0
19 20 110632 158163416 1776128 23376312    0    0 1039680 588380 229856 578214 19  6 55 21  0  0
17 18 110632 158162816 1776132 23376324    0    0 1048240 586444 230093 591530 19  6 54 21  0  0
14 26 110632 158154584 1776132 23376344    0    0 1037232 599164 232660 598798 20  7 54 20  0  0
21 20 110632 158153456 1776132 23376368    0    0 1033792 585048 231340 595934 20  7 54 20  0  0
36  9 110632 158154420 1776132 23376392    0    0 1031840 610164 233235 598004 20  7 54 20  0  0
18 20 110632 158158812 1776132 23376412    0    0 1054016 603380 231994 592837 20  7 54 20  0  0
21 16 110632 158151304 1776132 23376432    0    0 1047584 589416 231785 597219 20  7 54 20  0  0
18 18 110632 158158592 1776132 23376448    0    0 1052144 594468 232052 594906 20  5 55 20  0  0
16 22 110632 158143000 1776132 23376464    0    0 1046144 597128 231666 592762 20  6 54 20  0  0
22 17 110632 158153860 1776132 23376484    0    0 1046464 620948 233002 595958 20  6 54 20  0  0
20 19 110632 158154140 1776132 23376500    0    0 1057456 607388 233162 594099 20  7 54 20  0  0
15 24 110632 158144628 1776132 23376516    0    0 1037216 596592 231640 593392 20  7 54 20  0  0
16 22 110632 158140128 1776132 23376548    0    0 1045120 596368 231858 595416 19  7 54 20  0  0
19 18 110632 158150284 1776132 23376564    0    0 1049424 597340 233021 591530 20  6 54 20  0  0
17 21 110632 158150396 1776132 23376576    0    0 1057136 607704 232758 592553 19  5 55 20  0  0
18 20 110632 158149144 1776132 23376596    0    0 1036464 585628 231596 599005 20  7 54 20  0  0
19 20 110632 158155892 1776136 23376604    0    0 1056688 590784 231857 588249 19  7 54 20  0  0
27 11 110632 158150560 1776136 23376636    0    0 1042896 595476 232051 591568 20  7 54 20  0  0
procs -----------memory---------- ---swap-- -----io---- -system-- -------cpu-------
 r  b   swpd   free   buff  cache   si   so    bi    bo   in   cs us sy id wa st gu
23 14 110632 158165788 1776136 23376660    0    0 1053152 618660 233292 590664 19  7 54 20  0  0
14 23 110632 158162844 1776136 23376680    0    0 1045056 594528 233079 593794 20  7 54 20  0  0
13 23 110632 158152804 1776136 23376696    0    0 1057120 606312 231818 585316 19  6 54 20  0  0
23 17 110632 158155384 1776144 23376700    0    0 1044336 602712 230884 589761 19  6 54 20  0  0
17 20 110632 158156440 1776144 23376736    0    0 1044032 591592 232536 593341 20  7 54 20  0  0
21 19 110632 158145348 1776144 23376756    0    0 1033408 593772 231144 586442 20  6 54 20  0  0
23 13 110632 158155264 1776144 23376780    0    0 1026720 575312 228667 583779 20  6 54 20  0  0
23 13 110632 158130048 1776144 23376796    0    0 1022912 582376 230303 589633 20  7 54 20  0  0
16 22 110632 158155740 1776144 23376812    0    0 1037264 586852 229342 585944 19  7 54 20  0  0
13 23 110632 158164116 1776144 23376832    0    0 1036288 592664 227963 582141 19  6 55 21  0  0
11 24 110632 158171328 1776144 23376848    0    0 1031840 590464 228234 584837 19  6 54 21  0  0
22 18 110632 158148696 1776144 23376868    0    0 1029408 590128 230707 581225 20  6 54 20  0  0
19 15 110632 158141448 1776144 23376888    0    0 1026128 590332 230203 583368 20  7 54 20  0  0
13 23 110632 158141892 1776148 23376908    0    0 1010688 580004 228996 588297 20  6 54 20  0  0
16 23 110632 158146848 1776148 23377000    0    0 1039552 587228 229180 581182 19  6 54 20  0  0
18 19 110632 158157276 1776148 23377016    0    0 1022544 593548 231576 589164 19  7 54 20  0  0
12 20 110632 158151748 1776148 23377028    0    0 1045232 597828 229462 584558 19  5 55 21  0  0
19 18 110632 158143416 1776148 23377044    0    0 1042928 586592 230176 572945 19  6 54 21  0  0
18 18 110632 158147292 1776156 23377060    0    0 1038208 592168 231290 595134 20  7 54 20  0  0
21 16 110632 158152508 1776156 23377088    0    0 1019712 586212 228310 578738 19  6 54 20  0  0
26 13 110632 158147376 1776156 23377108    0    0 1037232 592272 230792 588469 20  7 54 20  0  0
procs -----------memory---------- ---swap-- -----io---- -system-- -------cpu-------
 r  b   swpd   free   buff  cache   si   so    bi    bo   in   cs us sy id wa st gu
21 19 110632 158128012 1776156 23377128    0    0 1008624 580508 226089 575648 19  6 54 21  0  0
20 17 110632 158146260 1776156 23377152    0    0 1036032 587072 229170 580997 19  6 54 20  0  0
21 16 110632 158142096 1776168 23377160    0    0 1041712 592348 229089 577229 19  5 55 21  0  0
29  6 110632 158150132 1776168 23377180    0    0 1017840 587308 229675 589000 19  7 54 20  0  0
16 21 110632 158147892 1776168 23377192    0    0 1037824 595776 229881 580482 19  7 54 20  0  0
33 14 110632 158144968 1776168 23377216    0    0 1040800 594864 230569 586049 19  7 54 20  0  0
27 16 110632 158128608 1776168 23377240    0    0 1031760 588100 229722 592486 19  7 54 20  0  0
20 17 110632 158130308 1776176 23377256    0    0 1030320 586684 229334 582420 19  6 54 20  0  0
17 20 110632 158142596 1776176 23377272    0    0 1025040 590428 228478 585197 19  6 55 20  0  0
20 16 110632 158152548 1776176 23377288    0    0 1033072 584692 229037 586461 19  6 55 20  0  0
16 22 110632 158142440 1776176 23377312    0    0 1038240 593168 230250 587382 19  7 54 20  0  0
20 18 110632 158157868 1776176 23377328    0    0 1039392 597364 231699 593716 20  6 54 20  0  0
16 22 110632 158146068 1776184 23377348    0    0 1039696 591376 232795 594787 20  7 54 20  0  0
20 18 110632 158148284 1776184 23377364    0    0 1042160 595092 231631 589112 20  7 54 20  0  0
25 17 110632 158142376 1776184 23377388    0    0 1050368 595236 232599 592857 20  7 54 20  0  0
17 19 110632 158138476 1776184 23377408    0    0 1047648 598452 232206 592024 19  6 55 20  0  0
20 16 110632 158158616 1776184 23377428    0    0 1045600 595480 231622 589502 20  6 54 20  0  0
17 20 110632 158148676 1776188 23377448    0    0 1039424 601572 231777 594244 20  7 54 20  0  0
11 27 110632 158151404 1776188 23377464    0    0 1037792 593892 231348 590701 19  7 54 20  0  0
18 17 110632 158146532 1776188 23377496    0    0 1046000 603076 232176 591561 20  7 54 20  0  0
31  9 110632 158155332 1776188 23377516    0    0 1027248 586496 232178 603649 20  6 54 19  0  0
procs -----------memory---------- ---swap-- -----io---- -system-- -------cpu-------
 r  b   swpd   free   buff  cache   si   so    bi    bo   in   cs us sy id wa st gu
20 17 110632 158151724 1776188 23377536    0    0 1045312 592452 232624 592540 20  7 54 20  0  0
24 13 110632 158159152 1776196 23377548    0    0 1054720 591164 231623 588941 19  5 55 20  0  0
21 17 110632 158151568 1776196 23377564    0    0 1045376 595044 232519 596355 20  6 54 20  0  0
15 21 110632 158162072 1776196 23377588    0    0 1045888 600700 232755 595501 20  7 54 20  0  0
20 15 110632 158150244 1776196 23377608    0    0 1059456 598412 231360 590660 19  7 54 20  0  0
16 19 110632 158150528 1776196 23377628    0    0 1036688 591760 231614 597719 20  7 54 20  0  0
20 15 110632 158149596 1776200 23377648    0    0 1045152 598748 232540 596321 20  6 54 20  0  0
24 11 110632 158142860 1776200 23377664    0    0 1055280 604760 233036 595106 19  6 54 20  0  0
15 21 110632 158135252 1776200 23377680    0    0 1045968 604432 232489 600689 20  5 55 20  0  0
15 23 110632 158144792 1776200 23377700    0    0 1031440 597532 231864 592293 20  6 54 20  0  0
21 15 110632 158159208 1776200 23377720    0    0 1042960 593156 232182 595016 20  7 54 20  0  0
22 16 110632 158156612 1776200 23377736    0    0 1036672 590380 231746 598325 20  7 54 20  0  0
20 17 110632 158160908 1776200 23377756    0    0 1048384 592568 231020 595439 20  7 54 20  0  0
27 10 110632 158150992 1776200 23377784    0    0 1055280 594156 231530 588760 19  7 54 20  0  0
17 18 110632 158151348 1776200 23377800    0    0 1048064 596660 232748 589925 19  6 55 20  0  0
19 18 110632 158160264 1776200 23377812    0    0 1046672 594564 231841 596815 20  6 54 20  0  0
23 18 110632 158154876 1776200 23377828    0    0 1040800 593308 231590 595481 20  7 54 20  0  0
26  8 110632 158154696 1776200 23377852    0    0 1046048 600700 231991 592796 19  7 54 20  0  0
15 22 110632 158144044 1776200 23377868    0    0 1046336 599388 231834 593043 20  7 54 20  0  0
28  8 110632 158156944 1776200 23377888    0    0 1053408 594792 231801 593046 20  7 54 20  0  0
38 17 110632 158165888 1776200 23377908    0    0 1037984 599424 232586 594048 20  7 54 20  0  0
procs -----------memory---------- ---swap-- -----io---- -system-- -------cpu-------
 r  b   swpd   free   buff  cache   si   so    bi    bo   in   cs us sy id wa st gu
23 13 110632 158165448 1776204 23377916    0    0 1053840 608004 233218 592830 19  6 55 20  0  0
14 22 110632 158150416 1776204 23377940    0    0 1050704 603204 231332 588278 19  6 54 20  0  0
22 16 110632 158147664 1776204 23377956    0    0 1041296 594920 232392 589668 20  7 54 20  0  0
24  9 110632 158134716 1776204 23377984    0    0 1035680 589908 231122 603232 20  7 54 20  0  0
 1  0 110632 158150124 1776204 23378000    0    0 994544 572896 225638 573002 19  6 55 20  0  0
21 17 110632 158160440 1776212 23378020    0    0 959360 550500 220319 554134 18  6 57 18  0  0
20 17 110632 158147836 1776212 23378048    0    0 1041520 596352 231397 588835 19  7 54 20  0  0
16 19 110632 158146356 1776212 23378056    0    0 1050224 601144 232052 590133 19  5 55 21  0  0
21 17 110632 158152716 1776212 23378080    0    0 1044336 592692 232190 585251 20  6 54 20  0  0
40 13 110632 158151448 1776212 23378096    0    0 1035824 595924 230971 588645 20  7 54 20  0  0
13 24 110632 158147592 1776220 23378112    0    0 1042800 597568 232690 585923 19  7 54 20  0  0
20 17 110632 158143864 1776220 23378200    0    0 1031840 594380 229689 587760 19  6 54 20  0  0
18 21 110632 158153972 1776220 23378220    0    0 1029648 597316 229533 588029 19  6 54 20  0  0
24 11 110632 158140380 1776220 23378244    0    0 1050352 603640 231604 592781 19  6 54 20  0  0
24  9 110632 158151572 1776220 23378248    0    0 1036784 593160 229611 591492 19  5 55 20  0  0
17 25 110632 158147952 1776220 23378272    0    0 1041280 596820 231090 588017 19  7 54 20  0  0
32  6 110632 158145164 1776228 23378296    0    0 1043376 600020 230554 589267 19  7 54 20  0  0
17 17 110632 158139356 1776228 23378312    0    0 1039456 595852 231833 588185 19  6 54 20  0  0
27  8 110632 158141620 1776228 23378336    0    0 1041664 590040 230956 592635 20  7 54 20  0  0
24 10 110632 158138800 1776228 23378352    0    0 1043184 600596 231263 584615 19  6 54 20  0  0
23 12 110632 158136496 1776228 23378372    0    0 1048368 599260 230961 586253 19  6 55 20  0  0
procs -----------memory---------- ---swap-- -----io---- -system-- -------cpu-------
 r  b   swpd   free   buff  cache   si   so    bi    bo   in   cs us sy id wa st gu
18 19 110632 158140632 1776236 23378384    0    0 1048128 598616 230924 585783 19  6 54 20  0  0
17 18 110632 158156728 1776236 23378404    0    0 1053936 590320 231395 583332 19  7 54 20  0  0
23 14 110632 158149844 1776236 23378432    0    0 1041488 591740 231914 585174 20  7 54 20  0  0
24 13 110632 158153360 1776236 23378452    0    0 1038256 591332 231481 587856 20  7 54 20  0  0
19 19 110632 158158072 1776236 23378472    0    0 1033552 598200 231585 592406 20  7 54 20  0  0
30  8 110632 158155948 1776244 23378492    0    0 1046400 598236 232306 590583 20  6 54 20  0  0
15 19 110632 158156448 1776244 23378504    0    0 1037392 600224 231721 591347 19  5 55 20  0  0
17 21 110632 158147672 1776244 23378524    0    0 1025984 589532 230750 597608 20  6 54 20  0  0
25  8 110632 158137444 1776244 23378552    0    0 1023136 584136 229856 587414 19  7 54 20  0  0
37  7 110632 158146348 1776244 23378572    0    0 1023552 595688 232253 593823 20  7 54 20  0  0
14 23 110632 158138424 1776244 23378584    0    0 1037536 594184 231915 587931 20  7 54 20  0  0
18 19 110632 158143192 1776244 23378604    0    0 1037744 589048 231517 591606 19  7 54 20  0  0
24  9 110632 158142816 1776244 23378628    0    0 1045904 589904 231734 585706 19  6 54 20  0  0
17 18 110632 158143852 1776244 23378644    0    0 1048352 594280 230871 591270 20  5 55 20  0  0
21 15 110632 158147312 1776244 23378664    0    0 1036720 594152 231572 592533 20  7 54 20  0  0
31  7 110632 158145660 1776252 23378684    0    0 1044368 595848 231263 589210 20  7 54 20  0  0
24 13 110632 158135124 1776252 23378704    0    0 1041840 600676 232239 587572 20  6 54 20  0  0
32 16 110632 158149852 1776252 23378728    0    0 1030864 594328 231515 591653 20  6 54 20  0  0
22 13 110632 158151512 1776252 23378748    0    0 1028656 587708 230622 590765 20  7 54 20  0  0
14 19 110632 158139828 1776252 23378768    0    0 1030016 590688 230459 589435 20  6 54 20  0  0
19 22 110632 158156840 1776256 23378776    0    0 1043472 591108 229951 586484 19  6 55 21  0  0
procs -----------memory---------- ---swap-- -----io---- -system-- -------cpu-------
 r  b   swpd   free   buff  cache   si   so    bi    bo   in   cs us sy id wa st gu
28 14 110632 158149932 1776256 23378800    0    0 1039104 579528 231456 590211 19  7 54 20  0  0
38 13 110632 158157464 1776256 23378820    0    0 1039328 592908 232217 593832 20  7 54 20  0  0
19 20 110632 158153728 1776256 23378840    0    0 1031904 591212 231815 593296 20  7 54 20  0  0
34 11 110632 158161900 1776256 23378860    0    0 1034272 597688 231129 595164 20  7 54 20  0  0
16 22 110632 158159928 1776260 23378880    0    0 1032656 589816 231550 593944 20  7 54 20  0  0
29  8 110632 158161672 1776260 23378896    0    0 1032592 593700 230279 584218 19  5 55 21  0  0
23 15 110632 158151468 1776260 23378908    0    0 1036960 598772 231338 589195 20  6 54 20  0  0
28 12 110632 158139548 1776260 23378928    0    0 1040304 587292 230314 584126 20  7 54 20  0  0
28 10 110632 158148316 1776260 23378948    0    0 1029312 584516 231568 586031 20  6 54 20  0  0
18 20 110632 158167076 1776272 23378968    0    0 1032528 591784 231363 590596 20  7 54 20  0  0
25 14 110632 158153532 1776272 23378988    0    0 1038128 587960 230706 596188 20  7 54 20  0  0
21 15 110632 158139304 1776272 23379008    0    0 1039648 594752 230638 594602 20  7 54 20  0  0
21 15 110632 158137468 1776272 23379024    0    0 1056688 602708 231469 581620 19  5 55 21  0  0
17 21 110632 158151596 1776272 23379040    0    0 1049872 600824 232258 582719 19  6 54 20  0  0
24  9 110632 158141584 1776280 23379060    0    0 1032560 592420 231214 591610 20  7 54 20  0  0
18 18 110632 158139960 1776280 23379084    0    0 1038656 591852 231372 588203 19  7 54 20  0  0
46  9 110632 158143716 1776280 23379104    0    0 1029280 592052 230792 587974 20  6 54 20  0  0
19 19 110632 158147224 1776280 23379124    0    0 1041536 604256 231221 577964 19  6 54 21  0  0
21 15 110632 158146952 1776280 23379148    0    0 1037856 594188 230875 589023 19  6 54 20  0  0
18 23 110632 158147108 1776284 23379156    0    0 1044768 587108 231955 591401 19  5 55 20  0  0
20 19 110632 158149600 1776284 23379176    0    0 1040160 595072 232096 592219 19  7 54 20  0  0
procs -----------memory---------- ---swap-- -----io---- -system-- -------cpu-------
 r  b   swpd   free   buff  cache   si   so    bi    bo   in   cs us sy id wa st gu
12 26 110632 158148924 1776284 23379192    0    0 1038480 588408 231549 586425 20  6 54 20  0  0
25 11 110632 158152740 1776284 23379216    0    0 1044496 598904 231699 585493 19  7 54 20  0  0
28 11 110632 158147436 1776284 23379240    0    0 1034640 591196 230479 584927 19  7 54 20  0  0
27  9 110632 158145364 1776288 23379256    0    0 1043584 601228 232304 588171 19  6 54 20  0  0
27  9 110632 158137908 1776288 23379272    0    0 1047056 592524 230152 587537 19  6 55 20  0  0
22 16 110632 158153612 1776288 23379284    0    0 1038544 602216 231751 588731 19  6 55 20  0  0
17 20 110632 158169584 1776288 23379308    0    0 1038976 594916 231337 587552 19  7 54 20  0  0
21 19 110632 158162160 1776288 23379340    0    0 1038384 596980 231306 590258 19  7 54 20  0  0
18 17 110632 158160880 1776292 23379424    0    0 1049312 600492 231631 592886 20  7 54 20  0  0
21 18 110632 158148736 1776292 23379440    0    0 1010528 574192 226577 570934 19  6 54 20  0  0
14 23 110632 158140356 1776292 23379460    0    0 1011296 574756 226051 564149 19  6 54 21  0  0
15 23 110632 158137932 1776292 23379476    0    0 1021184 585736 228422 574541 19  5 55 21  0  0
30  4 110632 158137276 1776292 23379496    0    0 1017616 575176 226782 570873 19  6 54 21  0  0
26 10 110632 158160348 1776292 23379516    0    0 1022576 580916 228449 575632 19  6 54 21  0  0
17 23 110632 158149880 1776292 23379532    0    0 1017712 581256 228552 578965 19  7 54 21  0  0
25 14 110632 158151308 1776292 23379552    0    0 1036368 598604 232465 589716 20  6 54 20  0  0
19 19 110632 158145588 1776292 23379580    0    0 1039744 595272 232102 587974 20  7 54 20  0  0
16 20 110632 158146084 1776292 23379600    0    0 1035936 591720 230782 590193 19  7 54 20  0  0
17 21 110632 158140080 1776300 23379612    0    0 1051152 600224 230522 590485 19  5 55 20  0  0
25 12 110632 158145092 1776300 23379628    0    0 1030192 592240 230871 588867 20  7 54 20  0  0
29  8 110632 158146764 1776300 23379644    0    0 1036320 596268 231214 586367 19  7 54 20  0  0
procs -----------memory---------- ---swap-- -----io---- -system-- -------cpu-------
 r  b   swpd   free   buff  cache   si   so    bi    bo   in   cs us sy id wa st gu
18 17 110632 158153516 1776300 23379668    0    0 1034752 597576 231903 586669 19  7 54 20  0  0
22 17 110632 158147032 1776300 23379688    0    0 1041712 600920 232107 589887 20  6 54 20  0  0
29 13 110632 158138808 1776308 23379708    0    0 1052992 610856 232142 587592 19  6 54 20  0  0
13 21 110632 158145332 1776308 23379724    0    0 1037536 593964 231910 590560 20  6 54 20  0  0
19 18 110632 158157892 1776308 23379740    0    0 1029344 583604 230097 593907 20  6 55 20  0  0
31  5 110632 158153852 1776308 23379760    0    0 1017904 582640 227035 575703 19  7 54 21  0  0
31  8 110632 158142808 1776308 23379784    0    0 998704 567044 224976 562440 19  6 54 21  0  0
25 13 110632 158151948 1776308 23379804    0    0 996288 572068 224734 565713 19  6 54 21  0  0
13 25 110632 158142064 1776308 23379824    0    0 1020336 580692 228485 582321 19  6 54 20  0  0
32 13 110632 158140580 1776308 23379848    0    0 1041856 584600 231175 589854 20  7 54 20  0  0
 9 26 110632 158147032 1776308 23379864    0    0 1051680 593164 231076 583048 19  6 55 21  0  0
14 22 110632 158141812 1776308 23379880    0    0 1039152 595476 230962 585990 19  6 55 20  0  0
22 16 110632 158148556 1776312 23379900    0    0 1042208 593860 232696 590777 20  7 54 20  0  0
18 22 110632 158152480 1776312 23379920    0    0 1049632 604884 232256 587575 19  7 54 20  0  0
20 19 110632 158145604 1776312 23379948    0    0 1034304 591356 231296 588367 20  6 54 20  0  0
20 19 110632 158145648 1776312 23379964    0    0 1049600 601048 231769 586772 19  7 54 20  0  0
22 16 110632 158130540 1776312 23379980    0    0 1036016 585828 232088 587548 19  7 54 20  0  0
23 16 110632 158122400 1776312 23379996    0    0 1039408 588224 230435 585205 19  5 55 21  0  0
15 21 110632 158145240 1776312 23380016    0    0 1038064 592140 231459 588170 20  6 54 20  0  0
28 10 110632 158142452 1776312 23380036    0    0 1035984 584912 231327 587556 20  6 54 20  0  0
22 15 110632 158143312 1776312 23380056    0    0 1052944 600040 231901 587068 19  7 54 20  0  0
procs -----------memory---------- ---swap-- -----io---- -system-- -------cpu-------
 r  b   swpd   free   buff  cache   si   so    bi    bo   in   cs us sy id wa st gu
18 21 110632 158142152 1776312 23380076    0    0 1029264 588568 230951 587165 20  6 54 20  0  0
25 10 110632 158142832 1776312 23380096    0    0 999744 570088 226207 565453 19  6 54 21  0  0
21 19 110632 158133064 1776312 23380120    0    0 996880 575164 225412 565852 19  6 54 21  0  0
30  7 110632 158130780 1776312 23380132    0    0 1008528 573340 223784 562570 18  5 55 21  0  0
32  8 110632 158149868 1776312 23380148    0    0 1025088 584764 229113 583503 20  6 54 20  0  0
24 13 110632 158144568 1776312 23380168    0    0 1035984 582024 231044 588051 19  6 54 20  0  0
16 21 110632 158161032 1776312 23380188    0    0 1027952 597032 231824 591704 20  7 54 20  0  0
19 18 110632 158147192 1776312 23380208    0    0 1029728 582516 230068 586938 19  6 54 20  0  0
19 21 110632 158143040 1776312 23380232    0    0 1043536 587008 230226 589953 19  7 54 20  0  0
17 19 110632 158148312 1776312 23380248    0    0 1044464 591248 230760 586641 19  6 54 20  0  0
29  7 110632 158145676 1776312 23380256    0    0 1038608 594304 232129 590163 20  5 55 20  0  0
18 18 110632 158141708 1776312 23380284    0    0 1029408 591176 231280 593058 20  7 54 20  0  0
11 26 110632 158136380 1776312 23380300    0    0 1049488 596472 232009 582462 19  7 54 20  0  0
25 10 110632 158156492 1776312 23380316    0    0 1034032 591892 230253 586416 19  7 54 20  0  0
31  4 110632 158162856 1776312 23380336    0    0 1020688 587220 230317 588524 20  6 54 20  0  0
16 20 110632 158158788 1776312 23380356    0    0 1038960 592044 231026 586015 19  6 54 20  0  0
18 20 110632 158149744 1776312 23380376    0    0 1038064 594920 231869 590867 19  6 55 20  0  0
15 21 110632 158158908 1776312 23380388    0    0 1033824 583392 231181 589176 19  6 55 20  0  0
18 18 110632 158149048 1776312 23380408    0    0 1018800 581740 228167 576904 19  6 54 21  0  0
27 17 110632 158153116 1776312 23380428    0    0 998768 588740 226303 567227 19  6 54 21  0  0
22 16 110632 158145320 1776312 23380448    0    0 1009856 569260 225290 568530 19  6 54 21  0  0
procs -----------memory---------- ---swap-- -----io---- -system-- -------cpu-------
 r  b   swpd   free   buff  cache   si   so    bi    bo   in   cs us sy id wa st gu
18 16 110632 158141844 1776312 23380476    0    0 1014080 573224 226970 568890 19  6 54 21  0  0
28  7 110632 158151288 1776320 23380492    0    0 996176 561948 225708 567583 19  6 54 21  0  0
24 14 110632 158154452 1776320 23380512    0    0 1000768 570988 224382 565414 18  5 55 21  0  0
23 17 110632 158155856 1776320 23380524    0    0 1002832 567816 224045 564144 19  6 54 21  0  0
26  8 110632 158142272 1776320 23380548    0    0 1000272 564552 224295 561574 19  6 54 21  0  0
22 16 110632 158134860 1776320 23380656    0    0 995888 577944 226233 570573 19  6 54 21  0  0
20 15 110632 158139120 1776324 23380676    0    0 1008528 570992 225165 571207 19  6 54 21  0  0
25 12 110632 158148876 1776324 23380696    0    0 1019040 578944 226553 566401 19  6 54 21  0  0
21 13 110632 158148856 1776324 23380724    0    0 1015664 580444 226848 575677 19  6 54 21  0  0
24 18 110632 158144296 1776324 23380728    0    0 1039552 589944 230261 589089 19  5 55 21  0  0
29  5 110632 158131264 1776324 23380744    0    0 1030896 598860 230698 595267 19  7 54 20  0  0
24 14 110632 158145616 1776324 23380768    0    0 1027056 595212 230655 594198 19  7 54 20  0  0
22 18 110632 158142532 1776324 23380788    0    0 1034864 590236 230280 592059 19  7 54 20  0  0
21 10 110632 158147648 1776324 23380808    0    0 1018192 581476 227465 577733 19  7 54 21  0  0
14 21 110632 158133676 1776324 23380832    0    0 1006880 575084 226714 570869 19  6 54 21  0  0
20 14 110632 158124908 1776324 23380848    0    0 1024592 568488 225809 566980 18  6 55 21  0  0
15 22 110632 158122452 1776324 23380864    0    0 1018608 586080 225867 562413 18  5 55 21  0  0
15 22 110632 158137608 1776324 23380884    0    0 1013424 572792 225984 565924 19  6 54 21  0  0
20 18 110632 158150012 1776324 23380904    0    0 1005968 568264 227360 573066 19  6 54 20  0  0
23 14 110632 158156680 1776324 23380924    0    0 1019440 586608 226610 567397 18  6 54 21  0  0
16 20 110632 158137128 1776324 23380944    0    0 1006608 574636 226728 573935 19  6 54 21  0  0
procs -----------memory---------- ---swap-- -----io---- -system-- -------cpu-------
 r  b   swpd   free   buff  cache   si   so    bi    bo   in   cs us sy id wa st gu
16 21 110632 158137780 1776332 23380964    0    0 993616 567756 223810 563751 19  6 54 21  0  0
26  7 110632 158149448 1776332 23380980    0    0 1026240 580792 226472 563179 18  6 55 21  0  0
21 17 110632 158160644 1776332 23380996    0    0 1008688 581776 226680 573768 19  6 54 21  0  0
20 17 110632 158156664 1776332 23381016    0    0 1013584 568492 226767 571633 19  6 54 21  0  0
17 19 110632 158158524 1776332 23381036    0    0 1016064 583736 228199 571551 19  6 54 21  0  0
20 14 110632 158138124 1776332 23381056    0    0 1033616 581880 229204 580725 19  6 54 20  0  0
15 22 110632 158134288 1776332 23381080    0    0 1036528 588108 231076 589031 20  7 54 20  0  0
30  8 110632 158150308 1776332 23381100    0    0 1037648 588528 230946 586367 19  6 54 20  0  0
45  7 110632 158148468 1776332 23381108    0    0 1021472 593116 228977 573258 19  5 55 21  0  0
27  5 110632 158150596 1776332 23381124    0    0 1012544 571592 226679 576546 19  7 54 21  0  0
16 19 110632 158159024 1776332 23381156    0    0 1007728 581396 226419 573463 19  6 54 21  0  0
17 20 110632 158151696 1776332 23381180    0    0 1009952 569744 225960 575417 19  6 54 21  0  0
21 16 110632 158140500 1776332 23381200    0    0 1009280 570588 225685 572822 19  6 54 21  0  0
24 13 110632 158146720 1776332 23381220    0    0 1039776 594196 231560 594058 20  7 54 20  0  0
23 11 110632 158139412 1776332 23381236    0    0 1044304 585608 230671 589316 19  6 54 20  0  0
21 14 110632 158148608 1776336 23381252    0    0 1048784 596016 231022 587300 19  6 55 21  0  0
 8 27 110632 158142968 1776336 23381272    0    0 1026272 596564 231101 586458 20  6 54 20  0  0
18 16 110632 158122388 1776336 23381288    0    0 1027568 590036 230874 586322 19  7 54 20  0  0
30  4 110632 158134460 1776336 23381308    0    0 1032080 580360 229907 588886 20  6 54 20  0  0
15 20 110632 158148344 1776336 23381332    0    0 1046864 598896 231263 587729 19  7 54 20  0  0
26  7 110632 158153396 1776344 23381356    0    0 1042704 580756 231030 587590 20  7 54 20  0  0
procs -----------memory---------- ---swap-- -----io---- -system-- -------cpu-------
 r  b   swpd   free   buff  cache   si   so    bi    bo   in   cs us sy id wa st gu
17 19 110632 158156440 1776344 23381372    0    0 1057088 587920 232132 585376 19  6 55 21  0  0
19 19 110632 158151876 1776344 23381384    0    0 1045072 594684 231081 591538 19  6 54 20  0  0
15 22 110632 158139016 1776344 23381400    0    0 1040144 589244 231238 597371 20  7 54 20  0  0
24 14 110632 158156720 1776344 23381428    0    0 1035936 591240 230865 589292 20  6 54 20  0  0
12 27 110632 158159256 1776348 23381448    0    0 1032208 593916 229845 582296 19  7 54 20  0  0
28 10 110632 158140716 1776348 23381472    0    0 1007680 574176 225116 566542 19  6 54 21  0  0
19 18 110632 158142724 1776348 23381492    0    0 1011632 575568 226744 570104 19  6 54 21  0  0
18 19 110632 158135136 1776348 23381504    0    0 1025040 581268 226952 566669 18  5 55 21  0  0
22 15 110632 158142116 1776348 23381524    0    0 1020048 577500 225986 569490 19  6 54 21  0  0
19 18 110632 158136304 1776348 23381548    0    0 1014752 576432 225666 574613 19  6 54 21  0  0
18 17 110632 158154512 1776348 23381568    0    0 1009440 576048 227520 573863 19  6 54 21  0  0
19 17 110632 158144604 1776348 23381588    0    0 1011152 579176 227025 571984 19  6 54 21  0  0
24 14 110632 158159372 1776348 23381604    0    0 998416 577984 226743 567392 19  6 54 21  0  0
11 23 110632 158147860 1776348 23381628    0    0 1002480 580212 224943 559730 18  6 54 21  0  0
22 15 110632 158135372 1776356 23381636    0    0 986736 569156 223390 558704 18  5 55 21  0  0
21 18 110632 158128120 1776356 23381660    0    0 996160 565872 223303 559309 18  6 54 21  0  0
18 17 110632 158120836 1776356 23381680    0    0 985184 562680 222246 550584 18  6 54 21  0  0
22 13 110632 158142048 1776356 23381696    0    0 1005264 565584 223696 558956 19  6 54 21  0  0
24 12 110632 158148692 1776356 23381720    0    0 1017728 579912 228186 574132 19  6 54 21  0  0
28 13 110632 158144760 1776356 23381732    0    0 1008208 574384 225490 577618 19  6 54 20  0  0
25 12 110632 158142280 1776356 23381756    0    0 1031808 582804 227967 577639 19  5 55 21  0  0
procs -----------memory---------- ---swap-- -----io---- -system-- -------cpu-------
 r  b   swpd   free   buff  cache   si   so    bi    bo   in   cs us sy id wa st gu
25 13 110632 158133984 1776356 23381772    0    0 1008432 577484 224065 558635 19  6 54 21  0  0
17 21 110632 158131828 1776356 23381792    0    0 992656 566776 222993 552109 18  6 54 22  0  0
15 23 110632 158140208 1776356 23381880    0    0 988512 556424 222080 550299 18  6 54 22  0  0
22 15 110632 158146028 1776364 23381892    0    0 988560 560288 223663 551234 18  6 54 21  0  0
18 20 110632 158154184 1776364 23381924    0    0 1007616 552080 224879 571191 19  6 54 21  0  0
22 13 110632 158138040 1776364 23381944    0    0 1012160 581644 228239 575269 19  6 54 20  0  0
19 19 110632 158132520 1776364 23381960    0    0 1031312 573508 227175 573064 19  5 55 21  0  0
22 15 110632 158149132 1776364 23381976    0    0 1014448 588796 228673 578830 19  6 54 20  0  0
14 26 110632 158149324 1776364 23381992    0    0 1026720 567100 227287 574240 19  6 54 21  0  0
20 18 110632 158149856 1776364 23382016    0    0 1008720 575980 227247 577987 19  6 54 20  0  0
20 19 110632 158148800 1776364 23382044    0    0 1025296 569708 228485 584291 19  6 54 20  0  0
19 17 110632 158153912 1776364 23382064    0    0 1029696 569460 226767 580590 19  6 54 21  0  0
19 16 110632 158139800 1776364 23382080    0    0 1036832 577384 228638 576359 19  6 54 21  0  0
19 19 110632 158145408 1776368 23382084    0    0 1030848 572628 227749 576125 19  5 55 21  0  0
20 18 110632 158141176 1776368 23382116    0    0 1040352 601872 230290 576583 19  7 54 21  0  0
21 18 110632 158130144 1776368 23382132    0    0 1033552 550796 227758 588236 20  6 54 20  0  0
15 23 110632 158143136 1776368 23382152    0    0 1019984 586512 228606 585885 19  7 54 20  0  0
17 21 110632 158152328 1776368 23382168    0    0 1043904 579292 228050 579246 19  7 54 21  0  0
15 21 110632 158148488 1776372 23382180    0    0 1001760 576056 224782 561813 19  6 54 21  0  0
17 20 110632 158162880 1776372 23382208    0    0 1009120 561068 224886 562436 19  5 55 21  0  0
11 26 110632 158160156 1776372 23382220    0    0 1006352 564632 224258 556738 19  6 55 21  0  0
procs -----------memory---------- ---swap-- -----io---- -system-- -------cpu-------
 r  b   swpd   free   buff  cache   si   so    bi    bo   in   cs us sy id wa st gu
13 26 110632 158145392 1776372 23382240    0    0 1003904 559796 223650 562431 18  6 54 21  0  0
20 21 110632 158152252 1776372 23382264    0    0 1021488 572208 227071 573441 19  6 54 21  0  0
14 23 110632 158153364 1776380 23382276    0    0 1027792 582256 229003 580017 19  7 54 20  0  0
13 23 110632 158134480 1776380 23382304    0    0 1023808 587348 227745 577822 19  7 54 20  0  0
18 18 110632 158126256 1776380 23382328    0    0 1034512 575020 229019 583576 19  6 54 20  0  0
21 18 110632 158121204 1776380 23382340    0    0 1041728 596308 229930 579751 19  5 55 21  0  0
18 21 110632 158148124 1776380 23382356    0    0 1025984 574156 228312 577340 19  6 54 20  0  0
20 20 110632 158144524 1776388 23382368    0    0 1025040 583696 228662 584298 19  6 54 20  0  0
13 25 110632 158150364 1776388 23382400    0    0 1026112 574672 227278 576492 19  6 54 21  0  0
18 18 110632 158152408 1776388 23382424    0    0 1025744 571436 228002 579906 19  6 54 20  0  0
18 23 110632 158148844 1776388 23382440    0    0 1031728 561616 228390 586853 20  7 54 20  0  0
 6 29 110632 158142176 1776388 23382460    0    0 1032064 591152 228710 573377 19  6 54 21  0  0
21 19 110632 158151968 1776392 23382464    0    0 1037456 576224 227863 582095 19  5 55 21  0  0
10 26 110632 158153932 1776392 23382488    0    0 1012896 577404 227667 586705 20  6 54 20  0  0
11 26 110632 158167568 1776392 23382512    0    0 1040080 565152 228711 580297 19  6 54 20  0  0
18 21 110632 158148692 1776392 23382528    0    0 997680 577336 224158 557479 19  6 54 21  0  0
17 21 110632 158143608 1776392 23382548    0    0 985440 564240 223774 565730 19  6 54 21  0  0
17 22 110632 158151264 1776400 23382564    0    0 1015904 567704 225290 557740 18  6 54 21  0  0
14 21 110632 158147204 1776400 23382592    0    0 993888 568876 223644 560842 18  6 55 21  0  0
17 22 110632 158154720 1776400 23382604    0    0 1021920 565236 227270 581661 19  6 55 20  0  0
11 25 110632 158153208 1776400 23382624    0    0 1013376 585084 228723 582226 19  6 54 20  0  0
procs -----------memory---------- ---swap-- -----io---- -system-- -------cpu-------
 r  b   swpd   free   buff  cache   si   so    bi    bo   in   cs us sy id wa st gu
 9 29 110632 158143808 1776400 23382652    0    0 1023040 570952 228090 580992 19  7 54 20  0  0
27 11 110632 158150032 1776404 23382668    0    0 1014176 571704 227469 586217 19  6 54 20  0  0
21 17 110632 158142468 1776404 23382688    0    0 1031888 586000 229554 582928 19  7 54 20  0  0
15 22 110632 158143544 1776404 23382712    0    0 1029072 583232 228431 582188 19  6 54 20  0  0
18 20 110632 158143524 1776404 23382724    0    0 1028784 574672 229104 580166 19  5 55 20  0  0
32 18 110632 158133420 1776404 23382744    0    0 1021280 576520 227875 577092 19  6 54 21  0  0
16 21 110632 158142472 1776412 23382752    0    0 1015552 571476 226472 578395 19  6 54 20  0  0
31 15 110632 158127676 1776412 23382780    0    0 1015440 583028 228405 584835 19  7 54 20  0  0
20 19 110632 158143084 1776412 23382800    0    0 1032752 581600 228795 581695 19  6 54 20  0  0
20 16 110632 158151856 1776412 23382824    0    0 1025600 576132 229343 584752 19  7 54 20  0  0
21 12 110632 158147344 1776412 23382840    0    0 1023040 574992 228160 581539 19  6 54 20  0  0
25  7 110632 158139408 1776416 23382852    0    0 1032720 584576 227899 571510 18  5 55 21  0  0
16 23 110632 158143008 1776416 23382872    0    0 998224 568776 222856 561364 19  6 54 21  0  0
15 21 110632 158148304 1776416 23382892    0    0 988800 563356 223990 562250 19  6 54 21  0  0
21 15 110632 158153988 1776416 23382920    0    0 996656 562000 223551 563850 18  6 54 21  0  0
23 16 110632 158142864 1776416 23382936    0    0 1007184 569540 225603 563506 19  6 54 21  0  0
19 18 110632 158153392 1776420 23382952    0    0 1015280 576364 227990 583095 19  6 54 20  0  0
24 13 110632 158157664 1776420 23382972    0    0 1028832 584480 227845 575329 19  6 55 21  0  0
26 14 110632 158154992 1776420 23382988    0    0 1026656 584884 228195 580233 19  6 55 21  0  0
19 20 110632 158148112 1776428 23383016    0    0 1029376 584956 227796 582413 19  7 54 20  0  0
26 14 110632 158152928 1776428 23383100    0    0 1035760 588868 229145 575524 19  6 54 21  0  0
procs -----------memory---------- ---swap-- -----io---- -system-- -------cpu-------
 r  b   swpd   free   buff  cache   si   so    bi    bo   in   cs us sy id wa st gu
17 21 110632 158141720 1776428 23383116    0    0 1034896 584420 228166 582024 19  6 54 20  0  0
18 20 110632 158144824 1776428 23383140    0    0 1020736 580264 227278 580541 19  6 54 20  0  0
27 15 110632 158142500 1776428 23383160    0    0 1027040 578004 227294 576526 19  6 54 21  0  0
44 11 110632 158134588 1776428 23383180    0    0 1029312 586428 227502 576577 19  5 55 21  0  0
17 20 110632 158134844 1776428 23383188    0    0 1027552 579488 228995 576269 19  6 54 21  0  0
19 18 110632 158149680 1776428 23383204    0    0 1035776 581672 228070 575693 19  6 54 21  0  0
23 16 110632 158158416 1776428 23383232    0    0 1024576 582704 228839 585249 19  7 54 20  0  0
32  7 110632 158152564 1776428 23383252    0    0 1022560 576608 228018 576337 19  6 54 20  0  0
20 19 110632 158140068 1776428 23383272    0    0 1011440 576048 225600 566226 19  6 54 21  0  0
23 15 110632 158145212 1776428 23383292    0    0 1001920 566716 225578 566672 19  6 54 21  0  0
33  4 110632 158142724 1776428 23383304    0    0 1000272 574740 224603 564708 18  5 55 21  0  0
17 22 110632 158139184 1776428 23383332    0    0 1005744 572660 224316 558116 18  6 54 21  0  0
17 22 110632 158132448 1776428 23383352    0    0 1002096 569044 224199 569424 19  6 54 21  0  0
18 19 110632 158118608 1776428 23383380    0    0 1019824 583652 229951 582580 19  6 54 20  0  0
31  6 110632 158128832 1776436 23383396    0    0 1028464 581804 227788 582557 19  6 54 20  0  0
25 14 110632 158133108 1776436 23383416    0    0 1030112 582008 228009 579006 19  7 54 21  0  0
15 23 110632 158150748 1776436 23383436    0    0 1028240 580400 228950 580496 19  6 55 21  0  0
31  7 110632 158147460 1776436 23383444    0    0 1026432 581960 229281 583897 19  6 55 21  0  0
30  8 110632 158152800 1776440 23383464    0    0 1031776 582052 228736 581357 19  6 54 21  0  0
19 19 110632 158142832 1776440 23383488    0    0 1014016 578704 227683 576326 19  6 54 20  0  0
24 14 110632 158147308 1776440 23383508    0    0 1026016 570668 227647 578667 19  6 54 20  0  0
procs -----------memory---------- ---swap-- -----io---- -system-- -------cpu-------
 r  b   swpd   free   buff  cache   si   so    bi    bo   in   cs us sy id wa st gu
14 22 110632 158143592 1776440 23383524    0    0 1024848 582028 227619 579846 19  6 54 21  0  0
17 21 110632 158126840 1776440 23383544    0    0 1022608 575392 229095 584253 20  6 54 20  0  0
23 16 110632 158131972 1776440 23383564    0    0 1030960 584320 228589 578039 19  5 55 21  0  0
21 12 110632 158141628 1776444 23383580    0    0 1035136 585888 229187 578619 19  6 54 21  0  0
20 16 110632 158135600 1776444 23383604    0    0 1003920 573880 225194 571757 19  6 54 21  0  0
18 23 110632 158133072 1776444 23383628    0    0 992736 564852 225111 565565 19  6 54 21  0  0
22 15 110632 158147076 1776444 23383648    0    0 1009360 571796 224261 558425 18  6 54 21  0  0
24 16 110632 158142072 1776444 23383672    0    0 1000720 569028 223614 558783 19  6 54 21  0  0
13 21 110632 158125368 1776448 23383696    0    0 1002896 564884 224142 562386 18  6 54 21  0  0
31  7 110632 158126856 1776448 23383708    0    0 1031280 587468 228316 580859 19  5 55 21  0  0
24 13 110632 158155392 1776448 23383724    0    0 1023200 584028 227450 577443 19  6 54 21  0  0
48  5 110632 158162120 1776448 23383744    0    0 1019920 586028 228470 582615 19  6 54 20  0  0
33  5 110632 158140644 1776448 23383760    0    0 1020320 577988 228447 576582 19  6 54 20  0  0
24 13 110632 158151364 1776452 23383788    0    0 1010320 578728 228075 588807 20  6 54 20  0  0
20 19 110632 158143248 1776452 23383804    0    0 1026912 580780 229286 582065 19  6 54 20  0  0
21 14 110632 158145940 1776452 23383828    0    0 1032880 588436 228628 577400 19  6 55 21  0  0
25 14 110632 158151420 1776452 23383840    0    0 1018416 578644 226814 578336 19  5 55 21  0  0
34  4 110632 158142136 1776452 23383856    0    0 1021104 580304 228418 579619 19  6 54 20  0  0
26 14 110632 158138996 1776460 23383880    0    0 1012928 585312 227880 579798 19  6 54 21  0  0
22 17 110632 158128464 1776460 23383896    0    0 1020416 580620 229520 578393 19  6 54 20  0  0
