procs -----------memory---------- ---swap-- -----io---- -system-- -------cpu-------
 r  b   swpd   free   buff  cache   si   so    bi    bo   in   cs us sy id wa st gu
 4  0 111936 121899156 2214640 40845792    0    1 29711 28097 13290    5  3  1 96  1  0  0
129  0 111936 121845820 2214640 40845868    0    0     0 79972 87083 32038 95  1  4  0  0  0
114  0 111936 121840312 2214640 40845872    0    0     0 223244 91835 35564 99  1  0  0  0  0
95  0 111936 121834552 2214640 40845884    0    0     0 249680 92900 39874 98  1  1  0  0  0
112  0 111936 121817104 2214640 40845892    0    0     0 241892 125823 39685 98  1  1  0  0  0
120  0 111936 121803760 2214644 40845896    0    0     0 205216 94050 36454 98  1  0  0  0  0
99  0 111936 121790868 2214644 40845916    0    0     0 231236 104745 37229 98  1  0  0  0  0
145  0 111936 121099160 2214644 40845924    0    0     0 387876 484799 414577 65 20 15  0  0  0
150  0 111936 120952304 2214644 40845932    0    0     0 365668 173478 831029 80 20  0  0  0  0
145  0 111936 120961692 2214644 40845940    0    0     0 414320 286067 864871 78 21  1  0  0  0
133  0 111936 120970756 2214648 40845952    0    0     0 411228 289163 893133 77 22  2  0  0  0
162  0 111936 120980056 2214648 40845968    0    0     0 422276 170487 891658 77 22  1  0  0  0
150  0 111936 120990988 2214648 40845976    0    0     0 428528 147313 890157 78 21  1  0  0  0
142  0 111936 121012096 2214648 40845984    0    0     0 428656 150549 893447 78 21  1  0  0  0
144  0 111936 121023464 2214648 40845992    0    0     0 426904 146835 889237 78 21  1  0  0  0
146  0 111936 121046864 2214648 40846000    0    0     0 432440 147235 888255 78 21  1  0  0  0
126  0 111936 121062092 2214648 40846016    0    0     0 430968 150316 894140 78 21  1  0  0  0
150  0 111936 121077560 2214648 40846024    0    0     0 431212 150455 901031 77 21  1  0  0  0
147  0 111936 121105180 2214648 40846032    0    0     0 436336 149577 891385 77 22  1  0  0  0
148  0 111936 121113236 2214648 40846036    0    0     0 434512 148785 894304 78 21  1  0  0  0
160  0 111936 121122572 2214648 40846048    0    0     0 438728 170951 892258 78 21  1  0  0  0
procs -----------memory---------- ---swap-- -----io---- -system-- -------cpu-------
 r  b   swpd   free   buff  cache   si   so    bi    bo   in   cs us sy id wa st gu
94 51 111936 121134448 2214648 40846060    0    0     0 424096 239030 888607 78 21  1  0  0  0
139  0 111936 121142484 2214648 40846068    0    0     0 363472 254681 886014 78 21  1  0  0  0
121  1 111936 121138108 2214648 40846076    0    0     0 362452 237434 885490 78 21  1  0  0  0
136  0 111936 121150776 2214648 40846084    0    0     0 363868 242001 893685 78 21  1  0  0  0
141  0 111936 121158788 2214648 40846096    0    0     0 364152 236492 878353 78 21  1  0  0  0
124  0 111936 121165068 2214648 40846108    0    0     0 367540 234856 887610 78 21  1  0  0  0
127  0 111936 121170500 2214648 40846116    0    0     0 368676 234512 889452 77 21  1  0  0  0
141  0 111936 121174208 2214648 40846124    0    0     0 367208 241120 883937 78 21  1  0  0  0
148  1 111936 121185188 2214648 40846136    0    0     0 371052 228021 868834 78 21  1  0  0  0
145  0 111936 121187444 2214648 40846144    0    0     0 383516 144112 871674 78 21  1  0  0  0
150  0 111936 121193944 2214648 40846160    0    0     0 385196 143463 868533 78 21  1  0  0  0
91  0 111936 121200380 2214648 40846232    0    0     0 385392 143016 871608 78 21  1  0  0  0
143  0 111936 121212464 2214648 40846240    0    0     0 392020 145301 873573 78 21  1  0  0  0
145  0 111936 121220380 2214648 40846252    0    0     0 392636 146117 871405 78 21  1  0  0  0
145  0 111936 121235684 2214648 40846260    0    0     0 389520 149813 869930 77 21  2  0  0  0
140  0 111936 121244452 2214648 40846272    0    0     0 390544 148686 869514 78 21  1  0  0  0
152  0 111936 121243788 2214648 40846284    0    0     0 392660 142979 863367 78 21  0  0  0  0
148  0 111936 121246228 2214648 40846296    0    0     0 394444 145672 869579 78 21  1  0  0  0
147  0 111936 121243032 2214648 40846304    0    0     0 396956 152166 861998 78 21  1  0  0  0
150  0 111936 121241764 2214648 40846316    0    0     0 394496 145409 865145 78 21  1  0  0  0
148  0 111936 121243428 2214648 40846324    0    0     0 393068 144058 857732 78 21  1  0  0  0
procs -----------memory---------- ---swap-- -----io---- -system-- -------cpu-------
 r  b   swpd   free   buff  cache   si   so    bi    bo   in   cs us sy id wa st gu
153  0 111936 121242080 2214648 40846336    0    0     0 396668 148901 869876 78 21  1  0  0  0
152  0 111936 121251392 2214648 40846344    0    0     0 400976 149181 870706 77 21  2  0  0  0
143  0 111936 121248244 2214648 40846356    0    0     0 397024 144119 869474 79 21  1  0  0  0
146  0 111936 121252716 2214648 40846364    0    0     0 401240 146740 871025 78 21  1  0  0  0
127  0 111936 121254252 2214648 40846372    0    0     0 405016 144894 860464 78 21  0  0  0  0
146  0 111936 121249148 2214648 40846388    0    0     0 405824 147468 865872 78 21  1  0  0  0
108  0 111936 121254608 2214648 40846396    0    0     0 395524 157810 863033 78 21  1  0  0  0
126  0 111936 121246956 2214648 40846408    0    0     0 401652 145522 861679 78 21  1  0  0  0
143  0 111936 121251972 2214648 40846416    0    0     0 401688 144253 861935 78 21  0  0  0  0
124  0 111936 121246060 2214648 40846424    0    0     0 400336 143208 858503 78 21  1  0  0  0
144  1 111936 121251012 2214648 40846436    0    0     0 441848 149541 867145 78 21  1  0  0  0
137  0 111936 121248060 2214648 40846448    0    0     0 434512 146719 865590 78 21  1  0  0  0
146  0 111936 121253184 2214648 40846452    0    0     0 440600 146691 865536 78 21  1  0  0  0
141  0 111936 121249332 2214648 40846460    0    0     0 450596 146719 864968 78 21  1  0  0  0
132  0 111936 121254312 2214648 40846468    0    0     0 439064 147551 866051 78 21  1  0  0  0
139  0 111936 121264572 2214648 40846484    0    0     0 441740 151214 864369 76 21  2  0  0  0
138  0 111936 121267960 2214648 40846496    0    0     0 440220 146899 860743 77 21  2  0  0  0
149  0 111936 121270540 2214648 40846504    0    0     0 434424 149986 840419 74 20  6  0  0  0
149  0 111936 121269324 2214648 40846512    0    0     0 451572 146769 865025 78 21  1  0  0  0
154  0 111936 121267136 2214648 40846520    0    0     0 452004 147182 866350 78 21  1  0  0  0
143  0 111936 121266764 2214648 40846540    0    0     0 449692 147753 861900 78 21  1  0  0  0
procs -----------memory---------- ---swap-- -----io---- -system-- -------cpu-------
 r  b   swpd   free   buff  cache   si   so    bi    bo   in   cs us sy id wa st gu
132  0 111936 121264200 2214648 40846548    0    0     0 446840 146735 865235 78 21  1  0  0  0
147  0 111936 121260756 2214648 40846548    0    0     0 445984 146140 865370 79 21  1  0  0  0
144  0 111936 121264660 2214648 40846564    0    0     0 448692 150834 863531 76 21  3  0  0  0
148  0 111936 121261416 2214648 40846572    0    0     0 451776 148867 869502 78 21  1  0  0  0
153  0 111936 121258820 2214648 40846584    0    0     0 445924 145492 860729 78 21  1  0  0  0
112  0 111936 121260688 2214648 40846600    0    0     0 446264 143368 862886 78 21  0  0  0  0
141  0 111936 121256848 2214648 40846608    0    0     0 453456 147207 863282 78 21  1  0  0  0
127  0 111936 121257132 2214648 40846616    0    0     0 457340 146907 867704 78 21  1  0  0  0
132  1 111936 121254928 2214648 40846620    0    0     0 449168 145602 860515 78 21  1  0  0  0
145  0 111936 121265272 2214648 40846632    0    0     0 450428 146364 860042 78 21  1  0  0  0
155  0 111936 121265592 2214648 40846644    0    0     0 457296 147394 865416 78 21  0  0  0  0
102  0 111936 121266416 2214648 40846652    0    0     0 454632 147247 863645 78 21  1  0  0  0
129  0 111936 121261824 2214652 40846656    0    0     0 451348 144689 862770 78 21  0  0  0  0
142  0 111936 121258024 2214652 40846668    0    0     0 456708 145635 860908 78 21  0  0  0  0
142  0 111936 121261200 2214652 40846680    0    0     0 455420 146435 862293 78 21  1  0  0  0
151  1 111936 121245816 2214652 40846692    0    0     0 456832 168169 863465 78 21  1  0  0  0
151  0 111936 121238064 2214652 40846704    0    0     0 452076 145955 863662 78 21  0  0  0  0
150  0 111936 121241892 2214656 40846708    0    0     0 456252 146955 862722 78 21  1  0  0  0
145  0 111936 121240680 2214656 40846724    0    0     0 452464 146052 860052 78 21  1  0  0  0
144  0 111936 121243472 2214656 40846732    0    0     0 482608 148235 866022 78 21  0  0  0  0
151  0 111936 121240804 2214656 40846744    0    0     0 490524 149587 863276 78 21  1  0  0  0
procs -----------memory---------- ---swap-- -----io---- -system-- -------cpu-------
 r  b   swpd   free   buff  cache   si   so    bi    bo   in   cs us sy id wa st gu
149  0 111936 121244416 2214656 40846752    0    0     0 489224 149036 868565 78 21  1  0  0  0
146  1 111936 121241400 2214656 40846760    0    0     0 486788 148888 866697 78 21  1  0  0  0
147  0 111936 121249280 2214656 40846772    0    0     0 487192 154779 869089 76 21  4  0  0  0
140  0 111936 121246704 2214656 40846780    0    0     0 483516 147482 865211 78 21  1  0  0  0
128  0 111936 121248580 2214656 40846788    0    0     0 486792 148157 862165 78 21  1  0  0  0
149  0 111936 121243348 2214656 40846796    0    0     0 487748 147691 862980 78 21  1  0  0  0
113  0 111936 121241308 2214656 40846804    0    0     0 487948 148769 865451 78 21  1  0  0  0
148  1 111936 121238580 2214656 40846816    0    0     0 494920 147916 864567 78 21  1  0  0  0
152  0 111936 121240768 2214656 40846892    0    0     0 533688 150198 868882 78 21  1  0  0  0
150  1 111936 121243616 2214656 40846904    0    0     0 554728 151962 869649 78 21  1  0  0  0
142  0 111936 121244884 2214656 40846916    0    0     0 553124 149011 868039 78 21  1  0  0  0
138  0 111936 121249068 2214656 40846928    0    0     0 558940 151853 872170 78 21  0  0  0  0
126  0 111936 121249304 2214656 40846936    0    0     0 542284 148922 870992 78 21  1  0  0  0
147  0 111936 121248348 2214656 40846948    0    0     0 539608 149860 873749 78 21  0  0  0  0
144  0 111936 121246496 2214656 40846960    0    0     0 531728 152405 871542 77 21  1  0  0  0
148  0 111936 121249056 2214656 40846968    0    0     0 531824 150093 868497 78 21  1  0  0  0
138  0 111936 121248584 2214656 40846976    0    0     0 522480 154811 869000 76 21  3  0  0  0
143  0 111936 121250864 2214656 40846992    0    0     0 527468 153983 873911 78 22  1  0  0  0
128  0 111936 121254964 2214656 40847000    0    0     0 524844 150081 868345 78 21  1  0  0  0
130  0 111936 121252716 2214656 40847012    0    0     0 521924 149081 869906 78 21  0  0  0  0
120  0 111936 121253732 2214656 40847020    0    0     0 518760 150229 863326 77 22  1  0  0  0
procs -----------memory---------- ---swap-- -----io---- -system-- -------cpu-------
 r  b   swpd   free   buff  cache   si   so    bi    bo   in   cs us sy id wa st gu
152  0 111936 121254784 2214656 40847032    0    0     0 516968 149420 868039 78 21  1  0  0  0
137  0 111936 121256684 2214656 40847036    0    0     0 513096 149193 865243 78 21  1  0  0  0
147  0 111936 121261180 2214656 40847044    0    0     0 517560 148893 870489 78 21  0  0  0  0
135  0 111936 121257444 2214656 40847052    0    0     0 511644 147641 866985 78 21  0  0  0  0
141  0 111936 121257892 2214656 40847064    0    0     0 515204 150489 867638 78 21  1  0  0  0
135  0 111936 121263408 2214656 40847076    0    0     0 515912 150372 870708 78 21  0  0  0  0
123  0 111936 121258920 2214656 40847084    0    0     0 512140 149091 872373 78 21  0  0  0  0
149  0 111936 121254688 2214656 40847092    0    0     0 539092 150556 872668 78 21  0  0  0  0
129  0 111936 121258288 2214656 40847100    0    0     0 539232 151059 870659 78 21  0  0  0  0
128  1 111936 121256592 2214656 40847116    0    0     0 528840 150105 864101 77 21  1  0  0  0
148  0 111936 121249292 2214656 40847124    0    0     0 524796 150042 866686 78 21  1  0  0  0
139  2 111936 121247592 2214656 40847132    0    0     0 541456 148730 868054 78 21  0  0  0  0
146  0 111936 121236532 2214656 40847140    0    0     0 506556 239551 868841 78 21  1  0  0  0
78  2 111936 121229680 2214656 40847152    0    0     0 531628 210704 871317 77 21  1  0  0  0
106  1 111936 121225632 2214656 40847168    0    0     0 513236 216216 883428 76 21  3  0  0  0
117  4 111936 121221416 2214656 40847176    0    0     0 503020 212139 868072 77 21  1  0  0  0
96  1 111936 121215480 2214656 40847184    0    0     0 525016 206457 877150 78 21  1  0  0  0
142  1 111936 121211068 2214656 40847192    0    0     0 510072 211279 870628 77 21  1  0  0  0
152  1 111936 121207176 2214656 40847196    0    0     0 504648 210534 864413 77 21  2  0  0  0
141  0 111936 121203792 2214656 40847216    0    0     0 493516 215904 875010 77 21  2  0  0  0
147  0 111936 121194516 2214660 40847220    0    0     0 510408 205543 867833 78 21  1  0  0  0
procs -----------memory---------- ---swap-- -----io---- -system-- -------cpu-------
 r  b   swpd   free   buff  cache   si   so    bi    bo   in   cs us sy id wa st gu
110  0 111936 121187736 2214660 40847232    0    0     0 504488 214146 879634 78 21  1  0  0  0
151  0 111936 121174732 2214660 40847240    0    0     0 501844 195928 870954 78 21  1  0  0  0
159  0 111936 121183164 2214660 40847248    0    0     0 499980 147684 866689 78 21  1  0  0  0
155  0 111936 121191500 2214660 40847264    0    0     0 509668 148458 871995 78 21  1  0  0  0
148  2 111936 121192488 2214660 40847272    0    0     0 527536 148754 868020 78 22  1  0  0  0
149  1 111936 121194220 2214660 40847284    0    0     0 492044 148739 868215 78 21  1  0  0  0
140  0 111936 121197004 2214660 40847292    0    0     0 514856 149086 873042 78 21  1  0  0  0
158  0 111936 121197896 2214660 40847304    0    0     0 500700 147991 867488 78 21  0  0  0  0
149  1 111936 121205852 2214660 40847316    0    0     0 518392 148828 869833 78 21  0  0  0  0
164  0 111936 121214288 2214664 40847320    0    0     0 499536 150610 868181 78 21  1  0  0  0
154  0 111936 121212284 2214664 40847332    0    0     0 500828 147675 863570 78 21  1  0  0  0
141  2 111936 121216300 2214664 40847340    0    0     0 494740 147230 864544 78 21  0  0  0  0
148  0 111936 121214908 2214664 40847352    0    0     0 477744 148115 862145 78 21  1  0  0  0
69  2 111936 121212664 2214664 40847360    0    0     0 522496 150036 864794 78 21  0  0  0  0
165  1 111936 121218064 2214668 40847364    0    0     0 501708 149419 872760 78 21  1  0  0  0
128  0 111936 121217292 2214668 40847376    0    0     0 505096 148902 867551 78 21  1  0  0  0
126  1 111936 121218092 2214668 40847384    0    0     0 505760 147896 864903 78 21  0  0  0  0
144  2 111936 121220680 2214668 40847396    0    0     0 513508 150935 869613 78 21  1  0  0  0
137  2 111936 121220504 2214668 40847404    0    0     0 499760 148688 866421 78 21  0  0  0  0
154  1 111936 121221420 2214668 40847416    0    0     0 514636 149009 865350 78 21  1  0  0  0
149  1 111936 121225956 2214668 40847428    0    0     0 517868 149724 868562 78 21  1  0  0  0
procs -----------memory---------- ---swap-- -----io---- -system-- -------cpu-------
 r  b   swpd   free   buff  cache   si   so    bi    bo   in   cs us sy id wa st gu
110  0 111936 121223668 2214668 40847440    0    0     0 490388 146538 865824 78 21  1  0  0  0
147  2 111936 121222908 2214668 40847448    0    0     0 508628 147871 868689 78 21  0  0  0  0
147  2 111936 121218356 2214668 40847456    0    0     0 510844 149235 866217 78 21  0  0  0  0
119  1 111936 121225020 2214668 40847468    0    0     0 495636 146462 864294 78 21  0  0  0  0
140  2 111936 121223504 2214668 40847476    0    0     0 501936 148161 863841 78 21  1  0  0  0
146  1 111936 121221120 2214668 40847548    0    0     0 502056 146766 862488 78 21  0  0  0  0
133  2 111936 121222668 2214668 40847560    0    0     0 513160 148846 864294 78 21  0  0  0  0
134  1 111936 121219724 2214672 40847564    0    0     0 486336 148549 867973 78 21  1  0  0  0
148  0 111936 121226864 2214672 40847580    0    0     0 508968 148585 866474 78 21  0  0  0  0
158  1 111936 121229664 2214672 40847592    0    0     0 517072 149253 863507 78 21  1  0  0  0
10  2 111936 121238060 2214672 40847604    0    0     0 505520 154655 846467 73 20  6  0  0  0
145  0 111936 121244540 2214672 40847612    0    0     0 469884 154811 874513 77 21  2  0  0  0
136  0 111936 121241868 2214672 40847620    0    0     0 507144 149650 866971 78 21  0  0  0  0
141  0 111936 121240588 2214672 40847632    0    0     0 502132 149630 868470 78 22  0  0  0  0
148  0 111936 121239104 2214672 40847640    0    0     0 517952 149811 869148 78 21  0  0  0  0
147  0 111936 121239212 2214680 40847652    0    0     0 507988 150523 870345 78 21  1  0  0  0
141  2 111936 121242068 2214680 40847664    0    0     0 514232 152376 869770 78 21  1  0  0  0
114  2 111936 121247092 2214684 40847668    0    0     0 521968 151543 873711 78 21  1  0  0  0
136  1 111936 121245544 2214684 40847684    0    0     0 445572 147817 866751 78 21  1  0  0  0
71  1 111936 121251236 2214684 40847696    0    0     0 511196 151644 873667 78 21  1  0  0  0
136  0 111936 121249900 2214692 40847696    0    0     0 503324 150553 871154 78 22  1  0  0  0
procs -----------memory---------- ---swap-- -----io---- -system-- -------cpu-------
 r  b   swpd   free   buff  cache   si   so    bi    bo   in   cs us sy id wa st gu
158  0 111936 121248100 2214692 40847712    0    0     0 479136 148241 868478 78 21  1  0  0  0
144  0 111936 121244908 2214696 40847716    0    0     0 520340 149946 872508 78 21  1  0  0  0
162  0 111936 121249020 2214696 40847732    0    0     0 480496 145715 860689 78 21  0  0  0  0
128  2 111936 121258484 2214696 40847744    0    0     0 501296 148435 865629 78 21  1  0  0  0
147  1 111936 121255608 2214696 40847752    0    0     0 499204 147491 863551 78 22  1  0  0  0
159  0 111936 121259100 2214696 40847760    0    0     0 501552 148220 863900 78 21  1  0  0  0
133  2 111936 121258692 2214696 40847768    0    0     0 517708 150112 869001 78 21  1  0  0  0
144  2 111936 121259560 2214696 40847776    0    0     0 501208 152037 871583 77 22  1  0  0  0
150  0 111936 121260180 2214696 40847788    0    0     0 493032 149919 868285 78 21  1  0  0  0
151  2 111936 121258516 2214696 40847796    0    0     0 529572 152184 871868 78 21  1  0  0  0
155  2 111936 121257336 2214696 40847804    0    0     0 494860 147195 863097 78 21  1  0  0  0
139  2 111936 121254200 2214696 40847812    0    0     0 535916 151687 875121 78 21  1  0  0  0
157  2 111936 121253788 2214696 40847820    0    0     0 514252 151772 871805 78 21  1  0  0  0
85  1 111936 121255028 2214696 40847836    0    0     0 527464 152942 870054 77 21  2  0  0  0
157  1 111936 121256776 2214696 40847844    0    0     0 486228 152783 876125 77 21  2  0  0  0
148  0 111936 121257548 2214696 40847852    0    0     0 510376 148912 863223 78 21  1  0  0  0
153  0 111936 121256772 2214696 40847860    0    0     0 506632 149300 869195 78 21  1  0  0  0
146  2 111936 121263184 2214696 40847872    0    0     0 537140 151173 875054 78 21  1  0  0  0
129  1 111936 121261036 2214696 40847888    0    0     0 517792 149772 872708 78 21  0  0  0  0
127  2 111936 121259456 2214696 40847896    0    0     0 507060 149218 869005 78 21  1  0  0  0
162  1 111936 121264188 2214696 40847904    0    0     0 499184 149004 862476 78 21  1  0  0  0
procs -----------memory---------- ---swap-- -----io---- -system-- -------cpu-------
 r  b   swpd   free   buff  cache   si   so    bi    bo   in   cs us sy id wa st gu
150  1 111936 121262800 2214700 40847912    0    0     0 513660 149733 868112 78 21  1  0  0  0
149  0 111936 121261440 2214700 40847928    0    0     0 514612 150298 876208 78 21  1  0  0  0
144  3 111936 121263448 2214700 40847940    0    0     0 493008 148879 868370 78 22  1  0  0  0
122  0 111936 121262332 2214700 40847944    0    0     0 512664 147517 862469 78 21  0  0  0  0
106  0 111936 121261836 2214700 40847952    0    0     0 507720 147285 862802 78 21  0  0  0  0
158  0 111936 121257664 2214700 40847964    0    0     0 512348 149362 862731 78 21  1  0  0  0
146  2 111936 121257936 2214700 40847980    0    0     0 517048 150629 867378 78 21  1  0  0  0
81  2 111936 121259680 2214700 40847992    0    0     0 525076 154635 873116 77 21  2  0  0  0
154  0 111936 121255068 2214700 40848004    0    0     0 467580 149066 866957 78 21  1  0  0  0
133  2 111936 121259192 2214700 40848012    0    0     0 535796 151405 873492 78 21  1  0  0  0
142  0 111936 121260504 2214704 40848020    0    0     0 477476 148357 863830 78 21  1  0  0  0
153  3 111936 121266580 2214704 40848032    0    0     0 559560 155681 878087 77 21  1  0  0  0
132  0 111936 121264856 2214704 40848044    0    0     0 473652 151690 867747 78 21  1  0  0  0
136  0 111936 121260956 2214704 40848052    0    0     0 503988 149732 870765 78 21  0  0  0  0
147  1 111936 121263324 2214704 40848060    0    0     0 527040 149342 864663 78 21  0  0  0  0
117  0 111936 121262380 2214708 40848068    0    0     0 504692 148568 862257 78 21  1  0  0  0
130  2 111936 121269560 2214708 40848080    0    0     0 535608 149622 866572 78 21  1  0  0  0
154  0 111936 121267524 2214708 40848092    0    0     0 505700 149204 865998 78 21  1  0  0  0
157  1 111936 121265508 2214708 40848100    0    0     0 516956 148364 869595 78 21  1  0  0  0
151  1 111936 121266496 2214708 40848108    0    0     0 455556 146553 866404 78 21  1  0  0  0
151  0 111936 121264780 2214712 40848112    0    0     0 567892 152672 873711 78 21  1  0  0  0
procs -----------memory---------- ---swap-- -----io---- -system-- -------cpu-------
 r  b   swpd   free   buff  cache   si   so    bi    bo   in   cs us sy id wa st gu
149  0 111936 121265788 2214712 40848124    0    0     0 549420 151793 874133 78 21  1  0  0  0
149  2 111936 121266592 2214712 40848132    0    0     0 467892 146588 860032 79 21  0  0  0  0
140  0 111936 121263584 2214712 40848232    0    0     0 533576 148191 862383 79 21  0  0  0  0
119  0 111936 121257992 2214712 40848240    0    0     0 533456 154989 877398 78 21  1  0  0  0
13  2 111936 121253456 2214716 40848248    0    0     0 500392 149628 867162 78 21  1  0  0  0
118  0 111936 121260800 2214716 40848260    0    0     0 507404 151132 857193 76 21  3  0  0  0
139  2 111936 121256964 2214716 40848272    0    0     0 516764 149599 865773 78 21  1  0  0  0
155  0 111936 121262016 2214716 40848284    0    0     0 558920 151649 869486 78 21  0  0  0  0
142  3 111936 121258560 2214716 40848296    0    0     0 490176 149266 869801 78 21  1  0  0  0
129  2 111936 121261228 2214716 40848304    0    0     0 519840 151282 867393 78 21  1  0  0  0
152  0 111936 121257456 2214716 40848312    0    0     0 470680 147879 861529 78 21  1  0  0  0
134  2 111936 121250004 2214716 40848320    0    0     0 566356 152514 871774 78 21  1  0  0  0
148  0 111936 121246408 2214716 40848332    0    0     0 492164 148086 869210 78 21  0  0  0  0
118  0 111936 121251400 2214716 40848344    0    0     0 493416 148930 866243 78 21  0  0  0  0
159  0 111936 121249700 2214720 40848352    0    0     0 533108 151170 873395 78 22  1  0  0  0
150  0 111936 121251500 2214720 40848364    0    0     0 525636 150706 868126 78 21  1  0  0  0
151  2 111936 121253656 2214720 40848372    0    0     0 549028 151796 873517 78 21  1  0  0  0
116  3 111936 121250868 2214720 40848384    0    0     0 518140 151278 871114 78 21  1  0  0  0
155  2 111936 121256660 2214728 40848384    0    0     0 483120 147617 865728 78 21  0  0  0  0
154  0 111936 121257844 2214728 40848400    0    0     0 549420 149295 870829 78 21  0  0  0  0
135  2 111936 121253740 2214728 40848408    0    0     0 517852 147770 862010 78 21  1  0  0  0
procs -----------memory---------- ---swap-- -----io---- -system-- -------cpu-------
 r  b   swpd   free   buff  cache   si   so    bi    bo   in   cs us sy id wa st gu
146  0 111936 121251768 2214728 40848416    0    0     0 485488 146886 861992 79 21  0  0  0  0
19  1 111936 121255084 2214728 40848428    0    0     0 567612 153532 872518 78 21  1  0  0  0
145  5 111936 121257660 2214728 40848440    0    0     0 507708 150668 867211 78 21  1  0  0  0
110  2 111936 121256528 2214728 40848448    0    0     0 530212 153628 874450 77 21  1  0  0  0
155  0 111936 121259232 2214728 40848460    0    0     0 508080 150658 869495 78 21  1  0  0  0
83  2 111936 121260648 2214728 40848476    0    0     0 506580 149717 864606 78 21  1  0  0  0
110  2 111936 121262124 2214728 40848492    0    0     0 553708 152685 873063 78 21  1  0  0  0
158  0 111936 121261312 2214728 40848500    0    0     0 461076 148877 869641 78 21  1  0  0  0
143  0 111936 121258724 2214732 40848504    0    0     0 523628 148107 867251 78 21  0  0  0  0
158  0 111936 121259968 2214732 40848516    0    0     0 539528 150113 869183 78 21  0  0  0  0
121  0 111936 121257136 2214732 40848524    0    0     0 534816 149102 867307 78 21  1  0  0  0
154  1 111936 121257880 2214732 40848536    0    0     0 455164 147451 866207 78 21  0  0  0  0
150  0 111936 121255904 2214732 40848548    0    0     0 517128 147705 865761 78 21  0  0  0  0
145  0 111936 121252048 2214736 40848548    0    0     0 541176 149322 869377 78 21  1  0  0  0
147  2 111936 121253548 2214736 40848564    0    0     0 554164 151983 870392 78 21  1  0  0  0
127  3 111936 121254892 2214736 40848572    0    0     0 505656 147879 867297 78 21  1  0  0  0
142  0 111936 121249464 2214736 40848588    0    0     0 521716 150981 873161 78 21  1  0  0  0
145  1 111936 121242872 2214736 40848600    0    0     0 514564 148315 870387 78 21  1  0  0  0
147  1 111936 121245388 2214736 40848600    0    0     0 540776 151513 875212 78 21  1  0  0  0
139  2 111936 121240248 2214736 40848620    0    0     0 454172 145094 861735 78 21  0  0  0  0
121  1 111936 121237888 2214736 40848632    0    0     0 597748 154633 871591 77 21  1  0  0  0
procs -----------memory---------- ---swap-- -----io---- -system-- -------cpu-------
 r  b   swpd   free   buff  cache   si   so    bi    bo   in   cs us sy id wa st gu
159  0 111936 121234756 2214736 40848640    0    0     0 461408 145661 859773 78 21  0  0  0  0
141  1 111936 121242160 2214736 40848652    0    0     0 558240 155758 877188 78 21  1  0  0  0
149  0 111936 121244040 2214736 40848660    0    0     0 506768 148565 866284 78 21  0  0  0  0
155  1 111936 121246472 2214736 40848668    0    0     0 527892 150159 870362 78 21  1  0  0  0
14  3 111936 121242328 2214736 40848684    0    0     0 510336 151606 875425 78 22  1  0  0  0
138  0 111936 121243748 2214736 40848692    0    0     0 491604 149749 866808 78 21  1  0  0  0
153  2 111936 121248976 2214736 40848704    0    0     0 515988 149029 865575 78 22  0  0  0  0
141  0 111936 121254396 2214744 40848704    0    0     0 527788 151055 873862 78 21  1  0  0  0
135  1 111936 121250520 2214744 40848720    0    0     0 522392 150246 869896 78 21  1  0  0  0
134  0 111936 121246712 2214744 40848728    0    0     0 491644 149475 867973 78 21  0  0  0  0
64  1 111936 121250564 2214744 40848736    0    0     0 529228 149481 866071 78 21  1  0  0  0
148  2 111936 121250720 2214744 40848748    0    0     0 559236 152868 877402 78 22  1  0  0  0
139  0 111936 121251576 2214748 40848752    0    0     0 476008 147741 867140 78 21  1  0  0  0
153  0 111936 121247288 2214748 40848764    0    0     0 524472 151169 872204 78 21  1  0  0  0
142  0 111936 121245748 2214748 40848776    0    0     0 552924 151862 870090 78 21  1  0  0  0
144  0 111936 121245400 2214748 40848784    0    0     0 530324 149075 863208 78 21  1  0  0  0
150  1 111936 121248696 2214748 40848796    0    0     0 482200 147628 863365 78 21  1  0  0  0
143  1 111936 121245580 2214748 40848804    0    0     0 590960 154950 878334 78 21  1  0  0  0
155  0 111936 121241044 2214748 40848816    0    0     0 445900 147724 865549 78 21  1  0  0  0
151  1 111936 121240388 2214748 40848824    0    0     0 565540 158692 874829 76 21  3  0  0  0
135  0 111936 121240760 2214748 40848896    0    0     0 525512 151801 872315 78 21  1  0  0  0
procs -----------memory---------- ---swap-- -----io---- -system-- -------cpu-------
 r  b   swpd   free   buff  cache   si   so    bi    bo   in   cs us sy id wa st gu
134  2 111936 121246896 2214748 40848908    0    0     0 494024 149683 864831 78 21  1  0  0  0
154  0 111936 121246672 2214752 40848912    0    0     0 530636 155760 864495 76 21  3  0  0  0
154  2 111936 121245768 2214752 40848932    0    0     0 454984 146609 868167 78 21  1  0  0  0
148  0 111936 121242440 2214752 40848940    0    0     0 542072 152272 877426 78 22  1  0  0  0
153  0 111936 121240836 2214752 40848952    0    0     0 520516 151259 873204 78 21  1  0  0  0
153  0 111936 121236160 2214752 40848956    0    0     0 481332 148601 865191 78 21  1  0  0  0
146  0 111936 121237576 2214752 40848972    0    0     0 566572 151734 870622 78 21  1  0  0  0
158  0 111936 121235308 2214752 40848980    0    0     0 483428 147455 863465 78 21  1  0  0  0
146  0 111936 121231876 2214752 40848988    0    0     0 542844 151801 871265 78 21  1  0  0  0
151  0 111936 121242464 2214752 40848996    0    0     0 483008 148404 865710 78 21  1  0  0  0
160  2 111936 121240852 2214752 40849004    0    0     0 527452 150088 863318 78 21  1  0  0  0
127  1 111936 121239772 2214752 40849020    0    0     0 498176 147782 864772 78 21  1  0  0  0
149  1 111936 121240760 2214752 40849028    0    0     0 535944 150459 871315 78 21  0  0  0  0
163  1 111936 121242312 2214752 40849036    0    0     0 525912 149898 870064 78 21  1  0  0  0
135  1 111936 121242328 2214752 40849044    0    0     0 496948 149237 869453 78 21  1  0  0  0
164  1 111936 121243612 2214752 40849056    0    0     0 487352 147227 861204 78 21  1  0  0  0
42  3 111936 121250072 2214752 40849068    0    0     0 561796 153017 870160 78 21  1  0  0  0
150  0 111936 121248884 2214752 40849080    0    0     0 526528 154740 869533 77 21  2  0  0  0
143  0 111936 121254596 2214752 40849088    0    0     0 498084 147607 866293 78 21  0  0  0  0
122  0 111936 121252704 2214752 40849096    0    0     0 543816 154224 876952 78 21  1  0  0  0
138  1 111936 121248668 2214752 40849104    0    0     0 469672 146960 861033 78 21  0  0  0  0
procs -----------memory---------- ---swap-- -----io---- -system-- -------cpu-------
 r  b   swpd   free   buff  cache   si   so    bi    bo   in   cs us sy id wa st gu
130  0 111936 121249032 2214752 40849124    0    0     0 498040 146683 858437 78 21  1  0  0  0
133  2 111936 121249092 2214752 40849132    0    0     0 521336 149903 868108 78 21  0  0  0  0
150  2 111936 121248628 2214752 40849136    0    0     0 496680 147323 865390 78 22  0  0  0  0
140  2 111936 121252844 2214752 40849144    0    0     0 503164 146242 863199 78 21  1  0  0  0
148  2 111936 121256920 2214752 40849152    0    0     0 551880 151628 869629 78 21  1  0  0  0
145  1 111936 121254828 2214752 40849168    0    0     0 485848 147379 867894 78 21  1  0  0  0
105  0 111936 121250740 2214752 40849176    0    0     0 542036 150256 869783 78 21  1  0  0  0
111  0 111936 121244884 2214752 40849184    0    0     0 479372 147878 864449 78 21  1  0  0  0
152  0 111936 121242880 2214752 40849192    0    0     0 558704 152106 876243 78 21  1  0  0  0
163  0 111936 121244120 2214752 40849204    0    0     0 504136 147630 867385 78 22  1  0  0  0
151  2 111936 121245236 2214752 40849216    0    0     0 491184 147932 860228 78 21  1  0  0  0
153  0 111936 121242624 2214752 40849224    0    0     0 527956 150440 870401 78 21  0  0  0  0
150  0 111936 121253336 2214752 40849232    0    0     0 533648 149276 869572 78 21  0  0  0  0
157  1 111936 121252988 2214752 40849240    0    0     0 500108 147264 867013 78 21  1  0  0  0
154  1 111936 121256832 2214752 40849256    0    0     0 524804 151007 871417 78 21  1  0  0  0
155  0 111936 121255400 2214756 40849260    0    0     0 538792 151413 867944 78 21  1  0  0  0
141  0 111936 121252344 2214756 40849276    0    0     0 515012 148384 865182 78 21  0  0  0  0
134  0 111936 121254156 2214756 40849284    0    0     0 519840 154278 878715 77 21  1  0  0  0
134  0 111936 121252456 2214756 40849292    0    0     0 486000 148129 868004 78 21  1  0  0  0
148  0 111936 121255396 2214756 40849300    0    0     0 541972 150810 868875 78 22  1  0  0  0
147  0 111936 121255520 2214756 40849308    0    0     0 523724 151112 872882 78 21  1  0  0  0
procs -----------memory---------- ---swap-- -----io---- -system-- -------cpu-------
 r  b   swpd   free   buff  cache   si   so    bi    bo   in   cs us sy id wa st gu
147  1 111936 121255600 2214756 40849320    0    0     0 515704 148925 862842 78 21  1  0  0  0
151  0 111936 121258124 2214756 40849332    0    0     0 520220 150384 867544 78 21  1  0  0  0
124  0 111936 121259228 2214756 40849340    0    0     0 522800 150130 870552 78 21  1  0  0  0
145  0 111936 121258780 2214756 40849352    0    0     0 502452 148881 866270 78 21  0  0  0  0
142  0 111936 121257412 2214760 40849360    0    0     0 537728 152169 873545 78 21  1  0  0  0
161  1 111936 121257112 2214760 40849376    0    0     0 505768 147340 861306 78 21  1  0  0  0
160  1 111936 121256136 2214760 40849384    0    0     0 521020 150084 868162 78 21  1  0  0  0
140  0 111936 121257080 2214760 40849404    0    0     0 537016 152659 871413 78 21  1  0  0  0
127  2 111936 121256960 2214760 40849404    0    0     0 475608 146479 862877 78 22  0  0  0  0
146  0 111936 121260780 2214768 40849404    0    0     0 564208 153228 872863 78 21  1  0  0  0
157  0 111936 121256216 2214768 40849424    0    0     0 516604 149992 869812 78 21  1  0  0  0
147  0 111936 121254184 2214768 40849432    0    0     0 522952 154883 872594 77 21  2  0  0  0
128  0 111936 121250172 2214768 40849444    0    0     0 513936 149249 866450 78 21  1  0  0  0
139  0 111936 121246116 2214768 40849452    0    0     0 515872 151569 867973 78 21  1  0  0  0
156  0 111936 121251516 2214772 40849456    0    0     0 515484 159874 870126 75 21  4  0  0  0
149  1 111936 121249180 2214772 40849468    0    0     0 516512 149600 869622 78 21  0  0  0  0
142  1 111936 121251132 2214772 40849480    0    0     0 516992 149884 862985 78 21  1  0  0  0
144  0 111936 121252932 2214772 40849556    0    0     0 515280 149822 867744 78 21  0  0  0  0
132  1 111936 121255244 2214772 40849564    0    0     0 520928 148955 869785 78 21  1  0  0  0
138  0 111936 121252900 2214776 40849568    0    0     0 518108 150213 869602 78 21  1  0  0  0
152  0 111936 121246976 2214776 40849584    0    0     0 515288 148929 863479 78 21  1  0  0  0
procs -----------memory---------- ---swap-- -----io---- -system-- -------cpu-------
 r  b   swpd   free   buff  cache   si   so    bi    bo   in   cs us sy id wa st gu
148  1 111936 121246556 2214776 40849596    0    0     0 516696 148861 869306 78 21  1  0  0  0
122  0 111936 121241256 2214776 40849604    0    0     0 513820 148998 866906 78 21  1  0  0  0
136  0 111936 121241296 2214776 40849612    0    0     0 520252 150384 868409 78 21  1  0  0  0
147  1 111936 121241448 2214780 40849620    0    0     0 519564 149394 867844 78 22  1  0  0  0
127  1 111936 121245236 2214780 40849636    0    0     0 520392 149235 867895 78 21  0  0  0  0
140  0 111936 121248652 2214780 40849648    0    0     0 514940 148895 862067 78 21  1  0  0  0
148  1 111936 121254928 2214780 40849656    0    0     0 525572 150741 868385 78 21  1  0  0  0
152  0 111936 121256564 2214780 40849668    0    0     0 524248 150339 874639 78 21  1  0  0  0
144  0 111936 121259640 2214780 40849676    0    0     0 524140 150211 868824 78 21  0  0  0  0
140  0 111936 121254084 2214780 40849684    0    0     0 517836 151739 870335 77 21  1  0  0  0
128  0 111936 121251768 2214780 40849700    0    0     0 515428 148687 861131 78 21  1  0  0  0
152  0 111936 121250420 2214780 40849712    0    0     0 521540 148958 868282 78 21  0  0  0  0
146  0 111936 121249440 2214780 40849712    0    0     0 524652 151711 869891 77 21  1  0  0  0
123  0 111936 121249404 2214784 40849716    0    0     0 520864 147356 870676 78 21  0  0  0  0
132  0 111936 121248272 2214784 40849732    0    0     0 512576 146888 862481 78 21  0  0  0  0
142  0 111936 121249812 2214784 40849748    0    0     0 527616 151336 871809 78 21  1  0  0  0
136  0 111936 121250340 2214784 40849756    0    0     0 518856 148800 864462 78 21  0  0  0  0
125  0 111936 121249072 2214784 40849772    0    0     0 515372 149212 867339 78 21  1  0  0  0
150  1 111936 121242604 2214792 40849764    0    0     0 521528 151459 871316 78 21  0  0  0  0
128  0 111936 121242496 2214792 40849788    0    0     0 518384 149145 869594 78 21  1  0  0  0
118  0 111936 121243724 2214792 40849800    0    0     0 517868 149576 868910 78 21  1  0  0  0
procs -----------memory---------- ---swap-- -----io---- -system-- -------cpu-------
 r  b   swpd   free   buff  cache   si   so    bi    bo   in   cs us sy id wa st gu
147  0 111936 121240148 2214792 40849808    0    0     0 514896 149328 864642 78 21  1  0  0  0
146  0 111936 121241512 2214792 40849816    0    0     0 518296 150382 871281 78 21  1  0  0  0
113  0 111936 121237552 2214792 40849836    0    0     0 518872 149307 867532 78 21  0  0  0  0
144  1 111936 121237664 2214792 40849836    0    0     0 510172 148944 865877 78 21  1  0  0  0
127  1 111936 121234332 2214792 40849848    0    0     0 514588 148679 866263 78 21  0  0  0  0
156  0 111936 121233656 2214792 40849856    0    0     0 511528 149735 864779 78 21  1  0  0  0
136  0 111936 121237376 2214792 40849868    0    0     0 511120 157566 867686 74 21  5  0  0  0
135  0 111936 121237264 2214792 40849880    0    0     0 515020 149516 870696 78 21  1  0  0  0
144  0 111936 121236176 2214792 40849892    0    0     0 516452 149775 869521 78 21  1  0  0  0
75  0 111936 121241312 2214792 40849896    0    0     0 513116 156417 872086 76 21  3  0  0  0
156  0 111936 121241552 2214792 40849904    0    0     0 519136 149603 866953 78 21  1  0  0  0
134  1 111936 121242824 2214792 40849916    0    0     0 509616 147778 863383 78 22  0  0  0  0
152  0 111936 121250940 2214796 40849928    0    0     0 513848 150170 868205 78 21  1  0  0  0
153  0 111936 121247372 2214796 40849936    0    0     0 512132 148715 868107 78 21  1  0  0  0
137  0 111936 121247268 2214796 40849956    0    0     0 521120 150474 869849 78 21  1  0  0  0
145  1 111936 121246368 2214796 40849956    0    0     0 517916 149663 865782 78 21  1  0  0  0
111  0 111936 121242568 2214796 40849964    0    0     0 518956 149245 868031 78 21  1  0  0  0
147  0 111936 121243616 2214800 40849976    0    0     0 513312 147866 865917 78 21  1  0  0  0
134  0 111936 121244176 2214800 40849984    0    0     0 508708 149391 865004 78 22  1  0  0  0
145  0 111936 121247016 2214800 40850000    0    0     0 518044 150349 869174 78 22  0  0  0  0
145  0 111936 121250100 2214800 40850012    0    0     0 518016 149974 868196 78 21  1  0  0  0
procs -----------memory---------- ---swap-- -----io---- -system-- -------cpu-------
 r  b   swpd   free   buff  cache   si   so    bi    bo   in   cs us sy id wa st gu
140  0 111936 121251144 2214800 40850020    0    0     0 513840 149409 865839 78 21  1  0  0  0
144  0 111936 121245880 2214800 40850032    0    0     0 510796 148154 865549 78 21  1  0  0  0
146  0 111936 121252800 2214800 40850044    0    0     0 514136 149077 868602 78 21  1  0  0  0
149  1 111936 121254792 2214800 40850048    0    0     0 516208 150431 870545 78 21  1  0  0  0
143  0 111936 121257600 2214800 40850064    0    0     0 513360 148382 869313 78 21  1  0  0  0
126  0 111936 121253480 2214800 40850064    0    0     0 516624 149925 866966 78 21  1  0  0  0
148  0 111936 121253300 2214804 40850072    0    0     0 512140 150603 872109 78 21  1  0  0  0
144  0 111936 121249268 2214804 40850080    0    0     0 518516 150417 871399 78 21  1  0  0  0
143  0 111936 121244532 2214804 40850088    0    0     0 519364 149643 868672 78 21  0  0  0  0
144  0 111936 121240968 2214804 40850104    0    0     0 512576 148932 865019 78 21  0  0  0  0
141  0 111936 121246720 2214804 40850112    0    0     0 506608 147255 862793 78 21  1  0  0  0
135  1 111936 121246992 2214804 40850120    0    0     0 516036 149569 868719 78 21  1  0  0  0
150  1 111936 121242664 2214804 40850128    0    0     0 519488 149220 867129 78 21  0  0  0  0
148  0 111936 121240432 2214804 40850204    0    0     0 521848 151870 872951 78 21  1  0  0  0
144  0 111936 121239916 2214804 40850216    0    0     0 518816 149701 868203 78 21  1  0  0  0
130  0 111936 121237296 2214804 40850232    0    0     0 520276 150433 869013 78 21  1  0  0  0
144  0 111936 121239800 2214804 40850244    0    0     0 514660 149442 863753 78 21  1  0  0  0
149  0 111936 121247136 2214804 40850252    0    0     0 520968 148950 867340 78 22  1  0  0  0
150  0 111936 121248308 2214804 40850268    0    0     0 518160 149988 872218 78 21  1  0  0  0
128  1 111936 121245536 2214804 40850276    0    0     0 522036 150380 872659 78 21  0  0  0  0
146  0 111936 121255748 2214804 40850284    0    0     0 519928 150239 872180 78 21  1  0  0  0
procs -----------memory---------- ---swap-- -----io---- -system-- -------cpu-------
 r  b   swpd   free   buff  cache   si   so    bi    bo   in   cs us sy id wa st gu
137  0 111936 121255504 2214808 40850284    0    0     0 513624 150852 860307 76 21  3  0  0  0
108  0 111936 121253344 2214808 40850300    0    0     0 511880 154749 866226 76 21  3  0  0  0
150  0 111936 121247688 2214808 40850312    0    0     0 520492 149877 868344 78 21  0  0  0  0
146  0 111936 121250552 2214808 40850332    0    0     0 526000 149924 873933 78 21  1  0  0  0
143  0 111936 121251244 2214808 40850332    0    0     0 515956 154293 875294 77 21  2  0  0  0
152  0 111936 121252144 2214812 40850348    0    0     0 516108 153681 873488 77 21  2  0  0  0
145  0 111936 121253240 2214812 40850356    0    0     0 520084 149574 867517 78 21  1  0  0  0
151  0 111936 121251784 2214812 40850368    0    0     0 520296 149035 866261 78 22  0  0  0  0
142  0 111936 121252292 2214812 40850372    0    0     0 521820 148589 867474 78 21  1  0  0  0
136  0 111936 121250112 2214812 40850380    0    0     0 518788 149088 869210 78 21  1  0  0  0
141  0 111936 121253832 2214816 40850392    0    0     0 515660 148315 861155 78 21  1  0  0  0
146  1 111936 121252788 2214816 40850396    0    0     0 519724 149528 868137 78 21  0  0  0  0
142  1 111936 121255888 2214816 40850412    0    0     0 519180 150169 868907 78 22  1  0  0  0
127  0 111936 121253720 2214816 40850420    0    0     0 512492 148830 863921 78 21  1  0  0  0
146  1 111936 121257516 2214816 40850436    0    0     0 521688 151003 871339 78 21  0  0  0  0
148  0 111936 121253332 2214820 40850424    0    0     0 516768 148929 865093 78 21  1  0  0  0
135  0 111936 121251192 2214820 40850440    0    0     0 514312 148586 865637 78 21  1  0  0  0
145  0 111936 121249460 2214820 40850452    0    0     0 518960 149861 867218 78 21  1  0  0  0
150  0 111936 121250348 2214820 40850464    0    0     0 516952 149972 872410 78 21  1  0  0  0
126  1 111936 121249376 2214820 40850464    0    0     0 516004 153494 874423 78 21  1  0  0  0
151  0 111936 121245040 2214828 40850472    0    0     0 519912 149851 868091 78 21  0  0  0  0
procs -----------memory---------- ---swap-- -----io---- -system-- -------cpu-------
 r  b   swpd   free   buff  cache   si   so    bi    bo   in   cs us sy id wa st gu
145  0 111936 121250672 2214828 40850484    0    0     0 518660 149573 865168 78 21  1  0  0  0
154  0 111936 121249108 2214828 40850492    0    0     0 517104 149510 869409 78 21  1  0  0  0
128  0 111936 121245860 2214828 40850500    0    0     0 509496 148537 863375 78 21  1  0  0  0
144  0 111936 121246716 2214828 40850512    0    0     0 510800 148165 868291 78 21  1  0  0  0
136  0 111936 121246540 2214832 40850520    0    0     0 515824 149636 866520 78 21  0  0  0  0
146  0 111936 121250000 2214832 40850532    0    0     0 520056 151036 867181 78 21  1  0  0  0
145  0 111936 121248988 2214832 40850548    0    0     0 525452 150760 872990 78 22  1  0  0  0
140  0 111936 121250724 2214832 40850560    0    0     0 523716 149172 864781 78 21  0  0  0  0
153  0 111936 121249500 2214832 40850568    0    0     0 516952 149387 866518 78 21  1  0  0  0
134  0 111936 121246024 2214836 40850568    0    0     0 518160 148849 865595 78 21  1  0  0  0
145  0 111936 121245480 2214836 40850588    0    0     0 524760 149740 868212 78 21  1  0  0  0
128  0 111936 121244872 2214836 40850600    0    0     0 525324 149241 866726 78 21  0  0  0  0
142  0 111936 121241176 2214836 40850612    0    0     0 515680 148915 870552 78 21  1  0  0  0
150  0 111936 121247012 2214836 40850616    0    0     0 513060 147159 862972 78 21  1  0  0  0
141  0 111936 121244440 2214836 40850624    0    0     0 513612 148794 867256 78 21  0  0  0  0
141  0 111936 121245276 2214836 40850632    0    0     0 516580 148253 864007 78 21  0  0  0  0
87  0 111936 121244456 2214836 40850648    0    0     0 518688 152122 867477 78 21  1  0  0  0
158  0 111936 121235840 2214836 40850660    0    0     0 514864 152342 867930 77 21  2  0  0  0
126  0 111936 121235772 2214836 40850660    0    0     0 519364 149731 869676 78 21  1  0  0  0
142  0 111936 121232448 2214844 40850668    0    0     0 521096 149788 868780 78 21  0  0  0  0
101  0 111936 121238360 2214844 40850680    0    0     0 523216 150771 873772 78 21  0  0  0  0
procs -----------memory---------- ---swap-- -----io---- -system-- -------cpu-------
 r  b   swpd   free   buff  cache   si   so    bi    bo   in   cs us sy id wa st gu
143  0 111936 121235416 2214844 40850704    0    0     0 517608 151799 869372 78 21  1  0  0  0
146  0 111936 121234572 2214844 40850716    0    0     0 519376 151202 869062 78 21  1  0  0  0
148  0 111936 121236680 2214844 40850724    0    0     0 516616 150454 869654 78 22  1  0  0  0
149  1 111936 121234620 2214852 40850732    0    0     0 518252 150764 867738 78 21  1  0  0  0
135  0 111936 121235108 2214852 40850744    0    0     0 521072 149860 869317 78 21  0  0  0  0
144  0 111936 121233820 2214852 40850744    0    0     0 518008 149995 862086 78 21  1  0  0  0
133  1 111936 121232232 2214852 40850752    0    0     0 519676 149021 868528 78 21  0  0  0  0
153  1 111936 121230676 2214852 40850764    0    0     0 514108 148547 866239 78 21  1  0  0  0
150  0 111936 121234864 2214852 40850776    0    0     0 516796 149695 867717 78 21  0  0  0  0
152  0 111936 121216804 2214852 40850836    0    0     0 518680 150214 866154 78 22  0  0  0  0
143  0 111936 121221360 2214852 40850912    0    0     0 518188 151645 873311 77 21  1  0  0  0
142  0 111936 121226676 2214852 40850920    0    0     0 510444 147852 865426 78 22  0  0  0  0
93  0 111936 121225752 2214852 40850932    0    0     0 513648 149531 864169 78 21  1  0  0  0
147  0 111936 121226008 2214852 40850944    0    0     0 521068 150756 868664 78 21  1  0  0  0
118  0 111936 121233212 2214852 40850956    0    0     0 517440 153728 871475 77 21  2  0  0  0
149  0 111936 121231660 2214852 40850964    0    0     0 516736 148991 866331 78 21  1  0  0  0
142  0 111936 121230752 2214852 40850964    0    0     0 515180 150517 864003 78 21  1  0  0  0
147  0 111936 121229608 2214852 40850988    0    0     0 512608 149477 865468 78 21  1  0  0  0
142  0 111936 121230292 2214856 40850996    0    0     0 512328 149877 866928 77 21  1  0  0  0
141  0 111936 121232376 2214856 40850996    0    0     0 509356 157596 871924 75 21  4  0  0  0
151  1 111936 121233392 2214856 40851008    0    0     0 518416 150204 869696 78 21  1  0  0  0
procs -----------memory---------- ---swap-- -----io---- -system-- -------cpu-------
 r  b   swpd   free   buff  cache   si   so    bi    bo   in   cs us sy id wa st gu
155  0 111936 121242080 2214856 40851024    0    0     0 516036 149819 862986 78 21  1  0  0  0
144  1 111936 121241584 2214856 40851028    0    0     0 514436 149274 865792 78 21  1  0  0  0
135  0 111936 121246380 2214856 40851040    0    0     0 512056 149390 862908 78 22  1  0  0  0
145  0 111936 121241988 2214856 40851056    0    0     0 519660 149475 871823 78 21  1  0  0  0
149  0 111936 121242184 2214856 40851056    0    0     0 518928 148667 870390 78 21  1  0  0  0
144  0 111936 121246500 2214856 40851068    0    0     0 516120 150063 866599 78 21  1  0  0  0
120  0 111936 121248652 2214856 40851084    0    0     0 516364 149644 868320 78 21  1  0  0  0
136  0 111936 121250748 2214860 40851092    0    0     0 520388 149828 867731 78 21  1  0  0  0
145  0 111936 121248696 2214860 40851100    0    0     0 521564 147971 865286 79 21  0  0  0  0
141  0 111936 121247792 2214860 40851108    0    0     0 519308 151367 869793 78 21  1  0  0  0
145  0 111936 121241436 2214860 40851120    0    0     0 519336 149294 869345 78 21  1  0  0  0
141  0 111936 121247672 2214860 40851140    0    0     0 515920 151879 871246 77 21  1  0  0  0
147  0 111936 121245348 2214860 40851148    0    0     0 518324 149544 866881 78 21  0  0  0  0
146  0 111936 121250056 2214860 40851156    0    0     0 521120 149822 869528 78 21  0  0  0  0
137  0 111936 121253124 2214860 40851168    0    0     0 518292 149500 868478 78 21  1  0  0  0
145  0 111936 121249384 2214860 40851176    0    0     0 515948 150399 868696 78 21  1  0  0  0
109  0 111936 121249896 2214860 40851188    0    0     0 513404 149061 863118 78 21  1  0  0  0
138  0 111936 121247656 2214860 40851200    0    0     0 517512 148031 865525 78 21  1  0  0  0
150  0 111936 121247144 2214860 40851208    0    0     0 519488 149901 866816 78 21  1  0  0  0
148  0 111936 121243604 2214860 40851216    0    0     0 519352 150675 871489 78 21  1  0  0  0
156  0 111936 121243440 2214860 40851228    0    0     0 515864 148706 866089 78 21  1  0  0  0
procs -----------memory---------- ---swap-- -----io---- -system-- -------cpu-------
 r  b   swpd   free   buff  cache   si   so    bi    bo   in   cs us sy id wa st gu
143  0 111936 121241388 2214860 40851236    0    0     0 525420 150818 870767 78 21  1  0  0  0
150  1 111936 121239448 2214864 40851252    0    0     0 518212 148981 869365 78 21  1  0  0  0
152  0 111936 121244012 2214864 40851256    0    0     0 519512 148767 865401 78 21  0  0  0  0
130  0 111936 121246856 2214864 40851268    0    0     0 520380 149033 869234 78 21  1  0  0  0
153  0 111936 121247152 2214864 40851276    0    0     0 524536 149840 872796 78 21  1  0  0  0
145  0 111936 121249516 2214864 40851284    0    0     0 519860 150324 863616 78 21  1  0  0  0
143  0 111936 121247128 2214868 40851296    0    0     0 524456 150045 873034 78 21  1  0  0  0
143  0 111936 121245784 2214868 40851308    0    0     0 517704 150375 870464 78 21  1  0  0  0
114  0 111936 121247892 2214868 40851320    0    0     0 518912 151000 868949 77 21  1  0  0  0
156  0 111936 121248792 2214868 40851332    0    0     0 512064 156347 874073 75 21  3  0  0  0
142  0 111936 121254056 2214868 40851340    0    0     0 514920 148456 866619 78 21  1  0  0  0
128  0 111936 121253384 2214868 40851352    0    0     0 522852 149410 867745 78 21  1  0  0  0
137  0 111936 121250980 2214868 40851360    0    0     0 520324 148860 867945 78 21  0  0  0  0
153  0 111936 121249336 2214868 40851372    0    0     0 513592 146993 866429 78 21  1  0  0  0
126  0 111936 121249888 2214868 40851380    0    0     0 513784 153229 875986 78 21  1  0  0  0
150  0 111936 121246988 2214868 40851388    0    0     0 519904 150902 869428 78 22  1  0  0  0
148  0 111936 121244436 2214868 40851400    0    0     0 515916 148356 862748 78 21  1  0  0  0
144  0 111936 121247476 2214868 40851412    0    0     0 519564 151651 871928 78 21  1  0  0  0
126  0 111936 121243804 2214868 40851420    0    0     0 519164 150846 869326 78 21  1  0  0  0
140  0 111936 121242620 2214868 40851424    0    0     0 521264 149194 873308 78 22  1  0  0  0
136  0 111936 121239172 2214868 40851432    0    0     0 522164 150530 872494 78 21  1  0  0  0
procs -----------memory---------- ---swap-- -----io---- -system-- -------cpu-------
 r  b   swpd   free   buff  cache   si   so    bi    bo   in   cs us sy id wa st gu
146  0 111936 121243596 2214872 40851444    0    0     0 523764 150475 865815 78 21  1  0  0  0
152  0 111936 121247912 2214872 40851456    0    0     0 523468 151876 871042 78 21  1  0  0  0
148  0 111936 121247336 2214872 40851468    0    0     0 515316 149556 865496 78 21  1  0  0  0
148  0 111936 121250480 2214872 40851476    0    0     0 518560 150361 868731 78 21  1  0  0  0
143  0 111936 121246632 2214872 40851484    0    0     0 521980 150293 870368 78 21  1  0  0  0
147  0 111936 121242156 2214872 40851500    0    0     0 525576 150274 868970 78 21  1  0  0  0
146  0 111936 121238828 2214872 40851508    0    0     0 524968 151991 874902 78 21  1  0  0  0
141  0 111936 121242724 2214872 40851600    0    0     0 522648 151014 872345 78 21  1  0  0  0
143  0 111936 121240708 2214872 40851612    0    0     0 522764 149712 869140 78 21  1  0  0  0
148  0 111936 121246052 2214872 40851620    0    0     0 523144 151892 874044 78 21  1  0  0  0
134  0 111936 121243388 2214872 40851628    0    0     0 527392 153007 875516 78 21  1  0  0  0
142  0 111936 121245700 2214872 40851644    0    0     0 514388 158073 866681 74 21  5  0  0  0
152  0 111936 121251724 2214872 40851652    0    0     0 517736 148841 870464 78 22  1  0  0  0
146  0 111936 121253740 2214872 40851660    0    0     0 521748 149281 867556 78 21  0  0  0  0
148  0 111936 121251748 2214872 40851668    0    0     0 522520 149592 871062 78 21  0  0  0  0
143  0 111936 121251980 2214872 40851676    0    0     0 514108 148363 865264 78 21  1  0  0  0
143  0 111936 121249176 2214872 40851688    0    0     0 523680 149812 868387 78 21  1  0  0  0
131  0 111936 121245612 2214872 40851696    0    0     0 516372 150095 868441 78 21  1  0  0  0
148  0 111936 121245928 2214872 40851704    0    0     0 520480 149594 870410 78 21  1  0  0  0
141  0 111936 121241964 2214872 40851716    0    0     0 521464 151598 869775 78 21  1  0  0  0
131  0 111936 121247636 2214876 40851728    0    0     0 518952 150419 868639 78 21  1  0  0  0
procs -----------memory---------- ---swap-- -----io---- -system-- -------cpu-------
 r  b   swpd   free   buff  cache   si   so    bi    bo   in   cs us sy id wa st gu
149  1 111936 121250704 2214876 40851740    0    0     0 517552 149313 855536 76 21  3  0  0  0
145  0 111936 121253164 2214876 40851748    0    0     0 514640 149348 870521 78 21  1  0  0  0
152  0 111936 121256836 2214876 40851756    0    0     0 515120 149832 867975 78 21  0  0  0  0
137  0 111936 121249652 2214876 40851768    0    0     0 516496 152820 870635 78 21  1  0  0  0
124  0 111936 121254396 2214876 40851776    0    0     0 515208 151790 876156 78 21  1  0  0  0
141  0 111936 121254844 2214876 40851788    0    0     0 514592 149729 865324 78 21  1  0  0  0
141  0 111936 121255264 2214876 40851796    0    0     0 517232 150191 869361 78 21  1  0  0  0
140  0 111936 121254012 2214876 40851804    0    0     0 515580 148307 865286 78 21  0  0  0  0
145  0 111936 121254564 2214876 40851816    0    0     0 519744 150877 872399 78 21  1  0  0  0
138  0 111936 121254856 2214876 40851824    0    0     0 519120 150295 872178 78 21  1  0  0  0
137  0 111936 121255912 2214876 40851836    0    0     0 516716 151780 869552 78 21  1  0  0  0
145  0 111936 121255440 2214876 40851848    0    0     0 514668 149431 863181 78 21  1  0  0  0
143  0 111936 121254316 2214876 40851852    0    0     0 516572 148491 864527 78 21  0  0  0  0
136  0 111936 121253124 2214876 40851864    0    0     0 515724 149817 867765 78 21  1  0  0  0
146  0 111936 121247736 2214876 40851872    0    0     0 516048 149764 868573 78 21  1  0  0  0
145  0 111936 121249136 2214876 40851888    0    0     0 520572 151059 869988 78 21  1  0  0  0
156  0 111936 121247420 2214876 40851896    0    0     0 516152 150215 868563 78 21  1  0  0  0
105  1 111936 121251020 2214876 40851904    0    0     0 521592 151463 870661 78 21  1  0  0  0
149  0 111936 121250160 2214876 40851916    0    0     0 520196 149258 869544 78 21  0  0  0  0
133  0 111936 121249816 2214876 40851924    0    0     0 522488 149764 870613 79 21  0  0  0  0
141  0 111936 121256380 2214876 40851932    0    0     0 516092 149853 869210 78 21  1  0  0  0
procs -----------memory---------- ---swap-- -----io---- -system-- -------cpu-------
 r  b   swpd   free   buff  cache   si   so    bi    bo   in   cs us sy id wa st gu
141  0 111936 121251576 2214876 40851944    0    0     0 516292 151013 865407 77 21  1  0  0  0
148  0 111936 121247788 2214876 40851952    0    0     0 511444 150175 863697 77 21  2  0  0  0
148  0 111936 121250680 2214876 40851964    0    0     0 510512 155918 863963 74 20  5  0  0  0
148  1 111936 121257280 2214876 40851972    0    0     0 512284 149251 870381 78 21  1  0  0  0
135  0 111936 121257312 2214876 40851980    0    0     0 516812 148653 867045 78 21  0  0  0  0
148  0 111936 121253416 2214876 40851996    0    0     0 515200 149914 866468 78 21  1  0  0  0
149  1 111936 121252248 2214876 40852008    0    0     0 517072 148858 867983 78 22  0  0  0  0
139  0 111936 121253524 2214876 40852020    0    0     0 516784 149435 867969 78 22  1  0  0  0
139  0 111936 121252464 2214880 40852024    0    0     0 519544 150902 871736 78 21  1  0  0  0
145  0 111936 121254124 2214880 40852036    0    0     0 519980 149175 865828 78 21  0  0  0  0
141  0 111936 121255584 2214880 40852048    0    0     0 517900 149503 864537 78 21  1  0  0  0
113  0 111936 121257916 2214880 40852060    0    0     0 516664 150069 867930 78 21  1  0  0  0
143  0 111936 121249976 2214880 40852068    0    0     0 521484 149261 869344 78 21  1  0  0  0
153  0 111936 121251940 2214880 40852076    0    0     0 521144 150255 870220 78 21  1  0  0  0
146  0 111936 121253124 2214880 40852084    0    0     0 520172 150089 869666 78 21  1  0  0  0
125  0 111936 121254360 2214880 40852100    0    0     0 512768 148747 865617 78 21  1  0  0  0
145  0 111936 121255004 2214880 40852112    0    0     0 519276 149431 865010 78 21  1  0  0  0
142  0 111936 121250652 2214880 40852120    0    0     0 520992 150861 869449 78 21  1  0  0  0
141  0 111936 121247864 2214884 40852128    0    0     0 514968 148672 866670 78 21  1  0  0  0
147  0 111936 121244812 2214884 40852136    0    0     0 516948 149547 867553 78 21  1  0  0  0
142  0 111936 121245668 2214884 40852148    0    0     0 515000 151842 868275 77 21  2  0  0  0
procs -----------memory---------- ---swap-- -----io---- -system-- -------cpu-------
 r  b   swpd   free   buff  cache   si   so    bi    bo   in   cs us sy id wa st gu
144  0 111936 121244684 2214884 40852164    0    0     0 520584 150116 869923 78 21  1  0  0  0
131  0 111936 121246868 2214884 40852172    0    0     0 519928 159209 864747 78 22  0  0  0  0
153  1 111936 121242436 2214888 40852180    0    0     0 515284 149753 866686 78 21  1  0  0  0
66  0 111936 121241636 2214888 40852188    0    0     0 516488 148444 866272 78 21  0  0  0  0
146  0 111936 121242816 2214888 40852268    0    0     0 510428 151416 866311 77 21  2  0  0  0
141  0 111936 121245616 2214888 40852276    0    0     0 512748 155207 866521 75 21  3  0  0  0
148  0 111936 121241812 2214888 40852284    0    0     0 518192 149159 867408 78 21  1  0  0  0
116  0 111936 121242544 2214896 40852292    0    0     0 521628 149025 866328 78 21  1  0  0  0
155  0 111936 121244568 2214896 40852300    0    0     0 526216 151086 872278 78 21  0  0  0  0
147  0 111936 121246780 2214896 40852316    0    0     0 522244 149040 866274 78 21  0  0  0  0
144  0 111936 121237828 2214896 40852324    0    0     0 514416 149148 864043 78 21  1  0  0  0
144  0 111936 121244876 2214896 40852332    0    0     0 519672 149455 867509 78 21  1  0  0  0
150  0 111936 121246596 2214900 40852340    0    0     0 518904 149281 866759 78 21  0  0  0  0
140  0 111936 121250756 2214900 40852352    0    0     0 518124 148557 866976 78 21  1  0  0  0
144  0 111936 121253268 2214900 40852360    0    0     0 518668 148358 870233 78 21  1  0  0  0
147  0 111936 121254396 2214900 40852372    0    0     0 517540 148941 866591 78 21  0  0  0  0
150  0 111936 121249528 2214900 40852380    0    0     0 518528 149121 867419 78 21  1  0  0  0
144  0 111936 121244580 2214904 40852392    0    0     0 516440 151493 867710 77 21  1  0  0  0
147  0 111936 121249952 2214904 40852404    0    0     0 519324 159358 873946 75 21  4  0  0  0
149  0 111936 121247440 2214904 40852412    0    0     0 520872 149766 865483 78 22  1  0  0  0
128  0 111936 121248776 2214904 40852424    0    0     0 522432 149753 870086 78 21  1  0  0  0
procs -----------memory---------- ---swap-- -----io---- -system-- -------cpu-------
 r  b   swpd   free   buff  cache   si   so    bi    bo   in   cs us sy id wa st gu
84  0 111936 121248928 2214904 40852428    0    0     0 522996 148873 865515 78 21  1  0  0  0
126  0 111936 121247816 2214904 40852440    0    0     0 522500 148618 869360 78 21  0  0  0  0
129  0 111936 121247108 2214904 40852452    0    0     0 522988 150868 869785 78 21  1  0  0  0
145  1 111936 121248308 2214904 40852464    0    0     0 521724 150491 868468 78 21  1  0  0  0
148  0 111936 121246420 2214904 40852476    0    0     0 523532 149073 865207 78 21  0  0  0  0
156  0 111936 121241180 2214904 40852488    0    0     0 528308 151926 869655 78 21  1  0  0  0
149  0 111936 121242788 2214904 40852496    0    0     0 525120 150156 871247 78 21  1  0  0  0
136  0 111936 121237012 2214904 40852500    0    0     0 521648 147841 865178 78 21  1  0  0  0
140  0 111936 121235876 2214904 40852516    0    0     0 528512 150200 869142 78 21  1  0  0  0
153  0 111936 121238408 2214904 40852528    0    0     0 528880 150271 870113 78 21  1  0  0  0
146  0 111936 121237760 2214904 40852540    0    0     0 521080 146980 863380 78 21  1  0  0  0
152  1 111936 121237932 2214904 40852548    0    0     0 525500 149316 870002 78 21  0  0  0  0
137  1 111936 121235648 2214904 40852560    0    0     0 523404 150047 869475 78 21  0  0  0  0
142  0 111936 121238444 2214904 40852568    0    0     0 529140 152303 872008 78 21  1  0  0  0
144  0 111936 121241136 2214904 40852580    0    0     0 521064 151995 873167 77 21  1  0  0  0
154  0 111936 121245356 2214904 40852588    0    0     0 514980 153879 862402 76 21  3  0  0  0
144  0 111936 121247188 2214908 40852600    0    0     0 519116 149216 865961 78 21  1  0  0  0
88  0 111936 121246876 2214908 40852608    0    0     0 526340 151304 875943 78 21  1  0  0  0
132  0 111936 121249696 2214908 40852612    0    0     0 520888 148987 865350 78 21  0  0  0  0
151  0 111936 121250228 2214908 40852624    0    0     0 518084 148788 866961 78 22  0  0  0  0
113  0 111936 121240784 2214908 40852632    0    0     0 521788 148961 871963 78 21  1  0  0  0
procs -----------memory---------- ---swap-- -----io---- -system-- -------cpu-------
 r  b   swpd   free   buff  cache   si   so    bi    bo   in   cs us sy id wa st gu
122  0 111936 121243464 2214908 40852636    0    0     0 512092 157464 872722 75 21  4  0  0  0
137  0 111936 121241992 2214908 40852652    0    0     0 523516 150422 870071 78 21  1  0  0  0
157  0 111936 121241136 2214908 40852660    0    0     0 520836 150680 866066 78 21  1  0  0  0
141  0 111936 121240996 2214908 40852660    0    0     0 520744 149003 864340 78 21  1  0  0  0
149  1 111936 121241652 2214908 40852684    0    0     0 520828 149851 870518 78 21  1  0  0  0
145  0 111936 121243220 2214908 40852692    0    0     0 520564 149329 865769 78 21  1  0  0  0
148  0 111936 121246912 2214908 40852704    0    0     0 521348 149051 868907 78 21  1  0  0  0
144  0 111936 121248352 2214908 40852712    0    0     0 519560 149445 868905 78 21  1  0  0  0
118  0 111936 121246252 2214908 40852720    0    0     0 515436 148676 869077 78 21  1  0  0  0
145  0 111936 121244264 2214908 40852732    0    0     0 509204 146859 861703 78 21  1  0  0  0
146  0 111936 121243700 2214908 40852744    0    0     0 513712 146761 859790 78 21  1  0  0  0
149  0 111936 121246044 2214908 40852752    0    0     0 515564 147374 861576 78 21  0  0  0  0
151  0 111936 121243032 2214908 40852760    0    0     0 519892 149345 865339 78 21  0  0  0  0
143  0 111936 121236756 2214908 40852768    0    0     0 516952 149018 866521 78 21  1  0  0  0
150  0 111936 121235676 2214908 40852776    0    0     0 518864 148118 865120 79 21  0  0  0  0
128  0 111936 121233340 2214912 40852788    0    0     0 519996 147956 863774 78 21  1  0  0  0
145  0 111936 121232284 2214912 40852788    0    0     0 515024 147046 861234 78 21  0  0  0  0
142  0 111936 121231532 2214912 40852796    0    0     0 518752 148480 865121 78 21  1  0  0  0
146  0 111936 121227080 2214912 40852812    0    0     0 519436 147436 863078 78 21  0  0  0  0
149  0 111936 121228636 2214912 40852832    0    0     0 516684 148001 870169 78 21  1  0  0  0
139  1 111936 121229340 2214916 40852840    0    0     0 519796 151684 872617 78 21  1  0  0  0
procs -----------memory---------- ---swap-- -----io---- -system-- -------cpu-------
 r  b   swpd   free   buff  cache   si   so    bi    bo   in   cs us sy id wa st gu
145  0 111936 121231460 2214916 40852840    0    0     0 527536 150842 873389 78 21  0  0  0  0
145  0 111936 121228384 2214916 40852920    0    0     0 519628 147831 864219 78 21  0  0  0  0
127  0 111936 121225496 2214916 40852932    0    0     0 521524 149494 865683 78 21  1  0  0  0
146  0 111936 121227024 2214916 40852952    0    0     0 522216 149763 866918 78 21  0  0  0  0
127  0 111936 121224156 2214916 40852960    0    0     0 518840 148307 863383 78 21  1  0  0  0
149  1 111936 121221832 2214916 40852968    0    0     0 527532 150352 872256 78 21  1  0  0  0
150  1 111936 121229736 2214916 40852976    0    0     0 520356 149529 866634 78 21  1  0  0  0
147  0 111936 121230824 2214916 40852988    0    0     0 521108 150005 869514 78 21  1  0  0  0
145  0 111936 121234280 2214916 40853004    0    0     0 522260 151649 871718 78 21  1  0  0  0
135  0 111936 121233540 2214920 40853012    0    0     0 526720 150947 867512 78 21  1  0  0  0
142  0 111936 121239908 2214920 40853016    0    0     0 519868 155392 866021 75 21  4  0  0  0
149  0 111936 121244292 2214920 40853024    0    0     0 522012 149557 864889 78 22  0  0  0  0
138  0 111936 121247460 2214920 40853036    0    0     0 519100 149013 865886 78 21  1  0  0  0
152  0 111936 121246400 2214920 40853048    0    0     0 519428 148431 863121 79 21  0  0  0  0
143  0 111936 121252156 2214920 40853056    0    0     0 519420 149107 864020 78 21  1  0  0  0
151  0 111936 121249528 2214920 40853068    0    0     0 523580 147925 865049 78 21  0  0  0  0
131  0 111936 121248516 2214920 40853080    0    0     0 524832 148836 866466 78 21  1  0  0  0
136  0 111936 121247936 2214920 40853088    0    0     0 524036 148988 865718 78 21  0  0  0  0
143  0 111936 121244976 2214920 40853096    0    0     0 527404 150277 870006 78 21  1  0  0  0
149  0 111936 121246180 2214920 40853108    0    0     0 526740 150297 866680 78 21  1  0  0  0
142  0 111936 121252012 2214920 40853108    0    0     0 524416 149513 865725 78 21  0  0  0  0
procs -----------memory---------- ---swap-- -----io---- -system-- -------cpu-------
 r  b   swpd   free   buff  cache   si   so    bi    bo   in   cs us sy id wa st gu
144  0 111936 121253384 2214920 40853116    0    0     0 527920 148787 865256 78 21  0  0  0  0
148  0 111936 121249588 2214920 40853136    0    0     0 525052 149205 866719 78 21  1  0  0  0
140  0 111936 121251476 2214920 40853144    0    0     0 529976 150478 867228 78 21  0  0  0  0
150  0 111936 121249844 2214924 40853148    0    0     0 523248 149361 866537 78 21  1  0  0  0
144  0 111936 121249268 2214924 40853164    0    0     0 526972 149599 871843 78 21  1  0  0  0
148  0 111936 121244812 2214924 40853168    0    0     0 531124 150936 870064 78 21  1  0  0  0
159  0 111936 121250732 2214924 40853176    0    0     0 529060 150354 868624 78 21  0  0  0  0
146  0 111936 121248784 2214924 40853188    0    0     0 526752 148213 865306 78 21  1  0  0  0
143  0 111936 121248256 2214928 40853200    0    0     0 526656 150073 868959 78 21  1  0  0  0
144  1 111936 121246720 2214928 40853204    0    0     0 527120 150320 866203 78 21  0  0  0  0
144  0 111936 121248296 2214928 40853228    0    0     0 527852 150003 868211 78 21  1  0  0  0
146  0 111936 121247696 2214928 40853236    0    0     0 524120 149677 865996 78 21  1  0  0  0
150  1 111936 121250276 2214928 40853236    0    0     0 527136 149377 871100 78 21  1  0  0  0
124  0 111936 121248308 2214936 40853256    0    0     0 533932 150606 870559 78 21  1  0  0  0
138  1 111936 121247096 2214936 40853260    0    0     0 528036 149002 865169 78 22  0  0  0  0
144  0 111936 121248988 2214936 40853276    0    0     0 529468 150000 870578 78 21  1  0  0  0
157  0 111936 121244660 2214936 40853284    0    0     0 524192 149131 866721 78 21  1  0  0  0
145  0 111936 121243528 2214936 40853292    0    0     0 531248 151861 872918 78 21  0  0  0  0
147  0 111936 121246432 2214936 40853300    0    0     0 523528 149027 864327 78 21  1  0  0  0
143  1 111936 121246040 2214936 40853320    0    0     0 534364 150564 874274 78 21  0  0  0  0
120  0 111936 121246236 2214936 40853320    0    0     0 532488 150330 871717 78 21  1  0  0  0
procs -----------memory---------- ---swap-- -----io---- -system-- -------cpu-------
 r  b   swpd   free   buff  cache   si   so    bi    bo   in   cs us sy id wa st gu
152  0 111936 121247864 2214936 40853340    0    0     0 533272 150598 868517 78 21  1  0  0  0
138  0 111936 121246776 2214936 40853348    0    0     0 532276 150637 867739 78 21  0  0  0  0
 8  0 111936 121243728 2214936 40853352    0    0     0 529776 151183 867909 78 21  1  0  0  0
144  0 111936 121241608 2214936 40853368    0    0     0 534560 150173 868734 78 21  1  0  0  0
150  1 111936 121240188 2214936 40853380    0    0     0 530852 149132 864924 78 21  1  0  0  0
151  0 111936 121239852 2214936 40853388    0    0     0 522868 148766 864211 78 21  1  0  0  0
110  0 111936 121238888 2214936 40853396    0    0     0 529740 150206 867451 78 21  1  0  0  0
146  0 111936 121241096 2214936 40853408    0    0     0 527936 149799 864831 78 21  1  0  0  0
150  0 111936 121244288 2214936 40853420    0    0     0 532408 150459 865435 78 21  1  0  0  0
139  0 111936 121247464 2214936 40853420    0    0     0 533716 150601 872029 78 21  1  0  0  0
138  0 111936 121241872 2214936 40853428    0    0     0 531304 149012 866360 78 21  0  0  0  0
111  1 111936 121238516 2214936 40853444    0    0     0 528512 148739 863884 78 21  0  0  0  0
146  0 111936 121242328 2214936 40853448    0    0     0 528020 149160 866641 78 21  0  0  0  0
142  0 111936 121244332 2214936 40853456    0    0     0 533276 150554 870537 78 21  1  0  0  0
150  0 111936 121239132 2214936 40853468    0    0     0 532688 148529 864998 78 21  0  0  0  0
138  0 111936 121236196 2214936 40853476    0    0     0 530160 149293 864042 78 21  1  0  0  0
138  0 111936 121236052 2214936 40853496    0    0     0 531116 149164 863905 78 21  1  0  0  0
116  0 111936 121235728 2214940 40853508    0    0     0 528668 149701 864547 78 21  1  0  0  0
142  0 111936 121238456 2214940 40853520    0    0     0 529284 150315 869391 78 21  1  0  0  0
116  0 111936 121238736 2214940 40853600    0    0     0 527968 149576 864163 78 21  1  0  0  0
142  0 111936 121236732 2214940 40853600    0    0     0 523120 146308 863829 78 21  0  0  0  0
procs -----------memory---------- ---swap-- -----io---- -system-- -------cpu-------
 r  b   swpd   free   buff  cache   si   so    bi    bo   in   cs us sy id wa st gu
139  0 111936 121236800 2214940 40853604    0    0     0 529636 150174 869022 78 21  1  0  0  0
131  0 111936 121235576 2214940 40853616    0    0     0 527752 148805 861174 78 21  1  0  0  0
61  0 111936 121245128 2214940 40853628    0    0     0 521748 156900 867622 75 21  4  0  0  0
145  0 111936 121241752 2214940 40853636    0    0     0 527096 148891 869918 78 21  1  0  0  0
140  0 111936 121246080 2214940 40853652    0    0     0 527692 148409 866996 78 21  0  0  0  0
144  0 111936 121249904 2214940 40853664    0    0     0 526188 149050 863740 78 21  0  0  0  0
140  0 111936 121253152 2214940 40853672    0    0     0 534344 150868 870648 78 21  1  0  0  0
143  0 111936 121249156 2214940 40853672    0    0     0 531632 150086 867370 78 21  0  0  0  0
131  0 111936 121249372 2214940 40853684    0    0     0 534288 152351 873809 78 21  1  0  0  0
143  0 111936 121247324 2214940 40853692    0    0     0 531220 151398 870901 78 21  1  0  0  0
140  0 111936 121246116 2214940 40853700    0    0     0 529972 151128 870234 78 21  1  0  0  0
135  0 111936 121245028 2214940 40853712    0    0     0 528944 150177 866033 78 21  1  0  0  0
123  0 111936 121251216 2214940 40853720    0    0     0 533344 150642 868848 78 21  1  0  0  0
147  0 111936 121254948 2214940 40853732    0    0     0 531904 150510 870369 78 21  1  0  0  0
117  0 111936 121261388 2214940 40853752    0    0     0 532540 149930 870310 78 21  0  0  0  0
147  0 111936 121259480 2214940 40853768    0    0     0 530672 150308 867781 78 21  1  0  0  0
147  0 111936 121258740 2214940 40853776    0    0     0 526860 150155 864349 78 21  1  0  0  0
129  0 111936 121252516 2214940 40853792    0    0     0 533992 150166 871333 78 21  1  0  0  0
146  0 111936 121253936 2214940 40853800    0    0     0 536228 151607 872008 78 21  1  0  0  0
147  0 111936 121253912 2214940 40853808    0    0     0 538300 151213 868643 78 21  0  0  0  0
111  0 111936 121250664 2214940 40853820    0    0     0 529636 157724 873741 76 21  3  0  0  0
procs -----------memory---------- ---swap-- -----io---- -system-- -------cpu-------
 r  b   swpd   free   buff  cache   si   so    bi    bo   in   cs us sy id wa st gu
144  0 111936 121249644 2214940 40853828    0    0     0 527220 150423 867211 78 21  1  0  0  0
139  0 111936 121244344 2214940 40853836    0    0     0 521916 147159 866401 78 21  1  0  0  0
143  0 111936 121244992 2214940 40853848    0    0     0 535036 149100 865676 78 22  1  0  0  0
146  1 111936 121246352 2214940 40853860    0    0     0 536348 149832 871321 78 21  1  0  0  0
132  0 111936 121244956 2214940 40853868    0    0     0 535620 150255 869865 78 21  1  0  0  0
142  0 111936 121245508 2214940 40853876    0    0     0 536592 150239 870711 78 21  1  0  0  0
133  0 111936 121246524 2214940 40853884    0    0     0 524356 149022 863159 78 21  1  0  0  0
134  0 111936 121240568 2214940 40853896    0    0     0 533360 150851 870855 78 21  1  0  0  0
106  0 111936 121242704 2214940 40853908    0    0     0 531092 149775 872564 78 21  1  0  0  0
150  0 111936 121245140 2214940 40853920    0    0     0 536332 151021 874321 78 22  0  0  0  0
149  0 111936 121241224 2214940 40853928    0    0     0 531032 150214 866339 78 21  1  0  0  0
131  0 111936 121239100 2214940 40853928    0    0     0 530068 148694 866780 78 21  0  0  0  0
144  0 111936 121235124 2214940 40853944    0    0     0 534808 150392 870680 78 21  1  0  0  0
149  0 111936 121241984 2214940 40853952    0    0     0 535076 150610 866383 78 21  0  0  0  0
93  0 111936 121241360 2214940 40853956    0    0     0 533236 151166 866846 78 21  1  0  0  0
138  0 111936 121239016 2214944 40853968    0    0     0 523592 149079 863579 78 21  1  0  0  0
131  0 111936 121242964 2214944 40853984    0    0     0 525448 151353 862539 77 21  1  0  0  0
147  1 111936 121247816 2214944 40853996    0    0     0 525740 155206 869269 76 21  3  0  0  0
141  0 111936 121247288 2214944 40854000    0    0     0 528816 148459 861083 78 21  1  0  0  0
134  0 111936 121242332 2214944 40854016    0    0     0 531868 149558 866370 78 21  1  0  0  0
156  0 111936 121243672 2214944 40854016    0    0     0 537580 149947 868292 78 21  1  0  0  0
procs -----------memory---------- ---swap-- -----io---- -system-- -------cpu-------
 r  b   swpd   free   buff  cache   si   so    bi    bo   in   cs us sy id wa st gu
153  0 111936 121245596 2214944 40854024    0    0     0 532668 149502 866913 78 22  0  0  0  0
134  0 111936 121242832 2214944 40854048    0    0     0 524532 148808 864626 78 21  1  0  0  0
131  0 111936 121238488 2214944 40854056    0    0     0 526560 147743 865245 78 21  0  0  0  0
147  1 111936 121238536 2214944 40854064    0    0     0 528548 150121 865417 78 21  1  0  0  0
141  0 111936 121244940 2214948 40854068    0    0     0 531352 150204 863721 78 21  1  0  0  0
149  0 111936 121241540 2214948 40854080    0    0     0 539136 151320 870134 78 21  1  0  0  0
132  0 111936 121243100 2214948 40854092    0    0     0 531304 148848 863592 78 21  0  0  0  0
147  0 111936 121239368 2214948 40854104    0    0     0 529500 149418 863567 78 21  1  0  0  0
133  0 111936 121238052 2214948 40854112    0    0     0 526516 149557 865803 78 21  1  0  0  0
118  0 111936 121231780 2214956 40854112    0    0     0 531628 149823 863966 78 21  1  0  0  0
155  0 111936 121232396 2214956 40854124    0    0     0 537060 150309 868125 78 21  1  0  0  0
149  0 111936 121232208 2214956 40854136    0    0     0 531252 150478 867739 78 21  1  0  0  0
147  0 111936 121230000 2214956 40854148    0    0     0 530800 150770 868584 78 21  1  0  0  0
134  0 111936 121233592 2214956 40854156    0    0     0 531736 151430 869122 78 21  1  0  0  0
147  0 111936 121230160 2214960 40854164    0    0     0 532888 154565 870696 77 21  2  0  0  0
144  0 111936 121226284 2214960 40854188    0    0     0 530432 150829 872464 78 21  1  0  0  0
143  0 111936 121227620 2214960 40854256    0    0     0 533436 151054 869453 78 22  0  0  0  0
150  0 111936 121223360 2214960 40854264    0    0     0 535888 150546 870643 78 21  1  0  0  0
151  0 111936 121223404 2214960 40854276    0    0     0 538240 149600 867533 78 22  1  0  0  0
105  0 111936 121220192 2214964 40854284    0    0     0 536136 149284 864886 78 21  1  0  0  0
132  0 111936 121223888 2214964 40854300    0    0     0 531924 147955 866127 78 21  0  0  0  0
procs -----------memory---------- ---swap-- -----io---- -system-- -------cpu-------
 r  b   swpd   free   buff  cache   si   so    bi    bo   in   cs us sy id wa st gu
151  0 111936 121221308 2214964 40854308    0    0     0 533380 152366 873627 78 21  1  0  0  0
149  1 111936 121218324 2214964 40854320    0    0     0 534792 149352 865757 78 21  1  0  0  0
143  0 111936 121222528 2214964 40854332    0    0     0 535260 149621 863887 78 21  1  0  0  0
154  0 111936 121228656 2214964 40854344    0    0     0 531668 149336 862892 78 22  1  0  0  0
141  0 111936 121226740 2214964 40854352    0    0     0 533588 149173 866482 78 21  1  0  0  0
147  0 111936 121224164 2214964 40854360    0    0     0 538424 150298 870770 78 21  0  0  0  0
128  0 111936 121229572 2214964 40854364    0    0     0 536608 149803 865841 78 21  0  0  0  0
145  1 111936 121232928 2214964 40854376    0    0     0 533460 150275 866152 78 21  0  0  0  0
143  0 111936 121235740 2214968 40854380    0    0     0 536124 151173 868167 78 22  1  0  0  0
155  0 111936 121227304 2214968 40854396    0    0     0 537980 151204 872015 78 21  1  0  0  0
145  0 111936 121237552 2214968 40854404    0    0     0 529220 151034 870337 78 21  1  0  0  0
142  0 111936 121241156 2214968 40854416    0    0     0 531768 159922 878134 75 21  4  0  0  0
140  1 111936 121239880 2214968 40854424    0    0     0 532452 151032 871351 78 21  1  0  0  0
146  0 111936 121239620 2214968 40854440    0    0     0 527720 150946 862580 78 21  1  0  0  0
129  0 111936 121242656 2214968 40854448    0    0     0 532820 151218 868178 78 21  1  0  0  0
142  0 111936 121246224 2214968 40854456    0    0     0 529860 149619 866611 78 21  1  0  0  0
144  1 111936 121244600 2214968 40854464    0    0     0 530532 147976 864569 79 21  0  0  0  0
115  0 111936 121244896 2214972 40854472    0    0     0 531316 149642 865837 78 21  1  0  0  0
148  1 111936 121241616 2214972 40854488    0    0     0 531436 149692 863913 78 21  1  0  0  0
144  0 111936 121239460 2214972 40854496    0    0     0 533136 154783 880109 77 21  2  0  0  0
136  0 111936 121235880 2214972 40854504    0    0     0 531448 149232 867511 78 21  1  0  0  0
procs -----------memory---------- ---swap-- -----io---- -system-- -------cpu-------
 r  b   swpd   free   buff  cache   si   so    bi    bo   in   cs us sy id wa st gu
133  0 111936 121236628 2214972 40854512    0    0     0 537076 149736 871987 78 21  1  0  0  0
151  0 111936 121237156 2214972 40854528    0    0     0 535536 150647 865562 78 21  1  0  0  0
110  0 111936 121234836 2214972 40854540    0    0     0 528808 149818 863391 78 21  1  0  0  0
132  0 111936 121241824 2214972 40854544    0    0     0 531808 149947 868159 78 21  1  0  0  0
143  0 111936 121239604 2214972 40854552    0    0     0 533676 149993 868232 78 21  1  0  0  0
145  1 111936 121238548 2214972 40854560    0    0     0 532580 149637 867770 78 21  1  0  0  0
98  1 111936 121239292 2214972 40854572    0    0     0 528300 149760 867667 78 21  1  0  0  0
146  1 111936 121239912 2214972 40854588    0    0     0 528968 149215 865537 77 22  1  0  0  0
143  0 111936 121241012 2214972 40854596    0    0     0 537588 151509 874679 78 22  1  0  0  0
107  0 111936 121241208 2214972 40854608    0    0     0 535432 150486 868178 78 21  0  0  0  0
152  0 111936 121243872 2214972 40854620    0    0     0 531412 150118 868401 78 21  0  0  0  0
145  0 111936 121241992 2214972 40854632    0    0     0 535292 151363 871898 78 22  1  0  0  0
138  0 111936 121241724 2214976 40854644    0    0     0 530492 149277 865064 77 22  1  0  0  0
103  0 111936 121243804 2214976 40854652    0    0     0 532560 149282 867698 78 21  1  0  0  0
141  0 111936 121237868 2214976 40854660    0    0     0 527960 149254 865739 78 21  0  0  0  0
104  0 111936 121235688 2214976 40854668    0    0     0 534928 150997 871780 78 21  1  0  0  0
120  0 111936 121240976 2214976 40854680    0    0     0 533916 150384 869215 78 21  1  0  0  0
142  0 111936 121241400 2214976 40854692    0    0     0 534168 151158 867050 78 21  1  0  0  0
143  1 111936 121235272 2214976 40854700    0    0     0 535432 150719 868183 78 21  0  0  0  0
136  0 111936 121238948 2214976 40854708    0    0     0 536084 150860 870975 78 21  1  0  0  0
141  0 111936 121239124 2214976 40854716    0    0     0 535868 150098 867951 78 21  1  0  0  0
procs -----------memory---------- ---swap-- -----io---- -system-- -------cpu-------
 r  b   swpd   free   buff  cache   si   so    bi    bo   in   cs us sy id wa st gu
90  0 111936 121238628 2214976 40854724    0    0     0 535284 150334 868071 78 21  1  0  0  0
150  0 111936 121235316 2214980 40854732    0    0     0 537016 150129 866278 78 21  1  0  0  0
145  1 111936 121239256 2214980 40854748    0    0     0 537160 150521 868661 78 21  1  0  0  0
134  0 111936 121239744 2214980 40854756    0    0     0 529852 148086 864570 78 21  0  0  0  0
152  0 111936 121239952 2214980 40854768    0    0     0 527436 147555 863970 78 21  0  0  0  0
147  0 111936 121242408 2214980 40854776    0    0     0 533336 150324 872687 78 21  1  0  0  0
127  0 111936 121239804 2214980 40854788    0    0     0 530740 150603 862425 78 21  1  0  0  0
150  0 111936 121241232 2214980 40854796    0    0     0 532648 150056 869367 78 21  1  0  0  0
144  0 111936 121240780 2214980 40854804    0    0     0 533864 149321 871412 78 21  0  0  0  0
150  0 111936 121245308 2214980 40854816    0    0     0 536704 151339 873205 78 21  1  0  0  0
151  0 111936 121244016 2214980 40854824    0    0     0 535900 150411 870853 78 21  0  0  0  0
122  0 111936 121249484 2214980 40854836    0    0     0 531084 149987 866814 78 21  1  0  0  0
151  0 111936 121243272 2214980 40854844    0    0     0 534852 151289 874642 78 21  1  0  0  0
143  0 111936 121247108 2214980 40854940    0    0     0 536788 151584 868600 78 21  1  0  0  0
148  0 111936 121249816 2214980 40854948    0    0     0 537072 150746 872161 78 21  0  0  0  0
128  1 111936 121247504 2214980 40854956    0    0     0 536136 150090 872448 78 21  1  0  0  0
145  1 111936 121245624 2214984 40854960    0    0     0 527404 149116 864835 78 21  1  0  0  0
148  0 111936 121244836 2214984 40854976    0    0     0 533960 149505 869145 78 21  1  0  0  0
146  0 111936 121247352 2214984 40854984    0    0     0 532068 150452 869732 78 21  1  0  0  0
143  0 111936 121250112 2214984 40854996    0    0     0 525880 149170 864447 78 21  0  0  0  0
138  1 111936 121250928 2214984 40855004    0    0     0 533472 150687 868460 78 21  0  0  0  0
procs -----------memory---------- ---swap-- -----io---- -system-- -------cpu-------
 r  b   swpd   free   buff  cache   si   so    bi    bo   in   cs us sy id wa st gu
151  1 111936 121249096 2214988 40855008    0    0     0 530276 151487 858822 76 21  3  0  0  0
143  0 111936 121250760 2214988 40855024    0    0     0 537092 150480 870238 78 21  0  0  0  0
128  0 111936 121248836 2214988 40855036    0    0     0 533104 150061 868801 78 21  0  0  0  0
145  0 111936 121246532 2214988 40855044    0    0     0 535368 150537 871369 78 22  0  0  0  0
150  0 111936 121247204 2214988 40855052    0    0     0 533936 148798 868215 78 21  0  0  0  0
141  0 111936 121245356 2214988 40855060    0    0     0 530928 150178 864610 78 21  1  0  0  0
108  0 111936 121245620 2214988 40855072    0    0     0 533088 149336 868207 78 21  1  0  0  0
133  0 111936 121244592 2214988 40855084    0    0     0 534420 149264 869558 78 21  0  0  0  0
146  0 111936 121242588 2214988 40855096    0    0     0 530388 148503 866017 78 21  0  0  0  0
136  0 111936 121245716 2214988 40855104    0    0     0 531128 150973 866539 78 21  0  0  0  0
137  0 111936 121244932 2214996 40855108    0    0     0 523924 148917 861916 78 21  1  0  0  0
136  0 111936 121244840 2214996 40855136    0    0     0 529368 149698 868049 78 21  0  0  0  0
115  5 111936 121242320 2214996 40855140    0    0     0 535652 149050 862232 78 21  1  0  0  0
131  0 111936 121241584 2214996 40855148    0    0     0 522208 150741 873804 78 21  1  0  0  0
131  0 111936 121243164 2214996 40855156    0    0     0 524988 148858 865162 78 21  1  0  0  0
82  3 111936 121239256 2214996 40855164    0    0     0 542164 148639 861363 78 21  1  0  0  0
80  4 111936 121237600 2214996 40855180    0    0     0 534632 150607 868517 78 21  1  0  0  0
103  4 111936 121242424 2214996 40855192    0    0     0 529644 150912 868085 78 21  0  0  0  0
118  2 111936 121242596 2214996 40855200    0    0     0 531888 150996 872919 78 21  1  0  0  0
75  3 111936 121246004 2214996 40855208    0    0     0 544360 151544 867640 78 21  1  0  0  0
115  3 111936 121242772 2214996 40855220    0    0     0 526196 150675 865084 78 21  1  0  0  0
procs -----------memory---------- ---swap-- -----io---- -system-- -------cpu-------
 r  b   swpd   free   buff  cache   si   so    bi    bo   in   cs us sy id wa st gu
155  1 111936 121235088 2214996 40855232    0    0     0 534152 150668 871926 78 21  1  0  0  0
92  2 111936 121235852 2214996 40855240    0    0     0 530172 147892 863272 78 21  0  0  0  0
158  0 111936 121241364 2214996 40855248    0    0     0 533152 150162 866615 78 21  0  0  0  0
159  0 111936 121245276 2214996 40855256    0    0     0 524660 150178 868065 78 21  0  0  0  0
160  0 111936 121243980 2215004 40855256    0    0     0 538500 151512 866220 78 21  1  0  0  0
154  0 111936 121246576 2215004 40855280    0    0     0 525960 149208 872883 78 21  1  0  0  0
128  1 111936 121242496 2215004 40855288    0    0     0 536408 150242 869448 78 22  1  0  0  0
134  3 111936 121241320 2215004 40855300    0    0     0 526620 149693 868894 78 21  1  0  0  0
150  1 111936 121238860 2215004 40855308    0    0     0 543852 151181 871003 78 21  1  0  0  0
156  0 111936 121238388 2215004 40855316    0    0     0 522848 149103 865613 78 21  1  0  0  0
128  3 111936 121237972 2215004 40855324    0    0     0 545268 149155 866226 78 21  0  0  0  0
135  1 111936 121236196 2215004 40855336    0    0     0 526444 149911 870237 78 21  0  0  0  0
112  1 111936 121232728 2215004 40855344    0    0     0 529372 149517 865729 78 21  1  0  0  0
133  1 111936 121235156 2215004 40855352    0    0     0 543856 151430 870640 78 21  1  0  0  0
149  0 111936 121234540 2215008 40855352    0    0     0 532344 151026 867063 78 21  1  0  0  0
119  0 111936 121235120 2215008 40855364    0    0     0 534136 149558 867054 78 21  0  0  0  0
158  0 111936 121234364 2215008 40855376    0    0     0 511316 147339 865454 79 21  0  0  0  0
125  2 111936 121235552 2215008 40855384    0    0     0 547780 152592 870174 78 21  1  0  0  0
153  0 111936 121240628 2215008 40855396    0    0     0 530236 149171 871508 78 21  0  0  0  0
134  2 111936 121237344 2215008 40855404    0    0     0 510572 148908 864502 78 21  1  0  0  0
155  0 111936 121229484 2215008 40855412    0    0     0 567428 152947 872962 78 21  1  0  0  0
procs -----------memory---------- ---swap-- -----io---- -system-- -------cpu-------
 r  b   swpd   free   buff  cache   si   so    bi    bo   in   cs us sy id wa st gu
154  0 111936 121226688 2215008 40855428    0    0     0 481448 147074 861467 78 21  0  0  0  0
145  2 111936 121228220 2215008 40855436    0    0     0 539000 150476 868072 78 21  1  0  0  0
154  1 111936 121228004 2215008 40855448    0    0     0 531532 150260 867029 78 21  1  0  0  0
153  0 111936 121234396 2215008 40855456    0    0     0 507040 147695 864209 78 22  1  0  0  0
144  0 111936 121238500 2215008 40855468    0    0     0 548744 149421 866701 78 21  1  0  0  0
138  2 111936 121244204 2215008 40855480    0    0     0 525212 149854 868630 78 21  1  0  0  0
152  0 111936 121240864 2215008 40855488    0    0     0 529644 149799 866979 78 21  1  0  0  0
146  2 111936 121242300 2215008 40855500    0    0     0 544868 150814 872109 78 21  1  0  0  0
151  0 111936 121244404 2215008 40855508    0    0     0 512720 149792 869722 78 21  1  0  0  0
155  1 111936 121242428 2215008 40855516    0    0     0 526072 149395 867269 78 21  0  0  0  0
157  0 111936 121246980 2215008 40855596    0    0     0 548592 151996 873298 78 21  1  0  0  0
113  0 111936 121243396 2215008 40855608    0    0     0 529004 150093 873551 78 21  1  0  0  0
142  2 111936 121236824 2215008 40855616    0    0     0 535480 150721 871272 78 21  1  0  0  0
161  0 111936 121234996 2215012 40855620    0    0     0 549196 151294 864718 77 21  1  0  0  0
147  2 111936 121237612 2215012 40855632    0    0     0 525556 151479 870527 78 21  1  0  0  0
160  0 111936 121239180 2215012 40855644    0    0     0 537224 151666 871610 78 21  1  0  0  0
153  0 111936 121244716 2215012 40855656    0    0     0 507024 150290 865763 78 21  1  0  0  0
137  0 111936 121246808 2215012 40855668    0    0     0 539312 151054 871132 78 21  1  0  0  0
140  0 111936 121249344 2215016 40855672    0    0     0 519784 147884 862628 78 21  0  0  0  0
156  2 111936 121249216 2215016 40855684    0    0     0 530576 148910 865899 78 21  1  0  0  0
142  0 111936 121249800 2215016 40855696    0    0     0 523440 150940 867340 78 21  0  0  0  0
procs -----------memory---------- ---swap-- -----io---- -system-- -------cpu-------
 r  b   swpd   free   buff  cache   si   so    bi    bo   in   cs us sy id wa st gu
108  1 111936 121244232 2215016 40855708    0    0     0 533908 150867 867917 78 21  1  0  0  0
152  1 111936 121245200 2215016 40855712    0    0     0 508308 149231 867847 78 21  0  0  0  0
147  1 111936 121244124 2215020 40855716    0    0     0 548884 152595 875966 78 21  1  0  0  0
125  0 111936 121244296 2215020 40855732    0    0     0 544584 151908 870428 78 21  1  0  0  0
153  0 111936 121249848 2215020 40855740    0    0     0 509620 150017 873595 78 21  1  0  0  0
154  1 111936 121252272 2215020 40855756    0    0     0 572404 153431 873769 78 21  1  0  0  0
156  0 111936 121253404 2215020 40855764    0    0     0 515208 150278 870582 78 21  0  0  0  0
135  3 111936 121255456 2215024 40855768    0    0     0 527244 150484 869848 78 21  1  0  0  0
156  0 111936 121255896 2215024 40855780    0    0     0 532652 148846 866673 78 21  1  0  0  0
118  2 111936 121258512 2215024 40855792    0    0     0 504296 146751 861850 78 21  1  0  0  0
146  0 111936 121260772 2215024 40855808    0    0     0 554036 152233 874419 78 21  1  0  0  0
142  2 111936 121258792 2215024 40855816    0    0     0 528600 150506 871999 78 21  1  0  0  0
151  0 111936 121253768 2215028 40855820    0    0     0 529324 151234 871097 78 21  1  0  0  0
145  1 111936 121257636 2215028 40855832    0    0     0 496856 147183 863260 78 21  1  0  0  0
145  2 111936 121252628 2215028 40855844    0    0     0 547760 150552 871885 78 22  0  0  0  0
149  1 111936 121251468 2215028 40855856    0    0     0 530456 150437 872744 78 21  1  0  0  0
160  2 111936 121250280 2215028 40855864    0    0     0 534220 150249 870666 78 21  1  0  0  0
151  0 111936 121250248 2215032 40855868    0    0     0 536916 151213 871304 78 22  1  0  0  0
162  1 111936 121244584 2215032 40855880    0    0     0 517448 148733 866945 78 21  1  0  0  0
144  0 111936 121239984 2215032 40855888    0    0     0 538220 151436 873456 78 21  1  0  0  0
156  1 111936 121241824 2215032 40855900    0    0     0 534444 150624 869170 78 21  1  0  0  0
procs -----------memory---------- ---swap-- -----io---- -system-- -------cpu-------
 r  b   swpd   free   buff  cache   si   so    bi    bo   in   cs us sy id wa st gu
142  1 111936 121243188 2215032 40855908    0    0     0 517536 150070 871365 78 21  1  0  0  0
156  0 111936 121241740 2215032 40855916    0    0     0 532752 150711 869042 78 21  1  0  0  0
150  0 111936 121242648 2215032 40855928    0    0     0 507316 149677 867494 78 21  1  0  0  0
