procs -----------memory---------- ---swap-- -----io---- -system-- -------cpu-------
 r  b   swpd   free   buff  cache   si   so    bi    bo   in   cs us sy id wa st gu
 4  0 107072 138307072 2220496 49642004    0    1 29826 28236 13351    5  3  1 96  1  0  0
17  0 107072 138274616 2220496 49642092    0    0     0    20 81396 19362 10  1 89  0  0  0
14  5 107072 138275124 2220500 49642104    0    0 552304 65384 127646 239622 11  3 79  7  0  0
14  6 107072 138267788 2220500 49642128    0    0 717280 279628 169593 347964 10  4 76 10  0  0
11  8 107072 138277088 2220500 49642144    0    0 697968 381804 187045 376113 11  4 75 10  0  0
10 10 107072 138264572 2220500 49642164    0    0 700144 341220 186985 372354 11  4 75 10  0  0
20  5 107072 138271968 2220500 49642188    0    0 699184 350388 186599 366852 11  4 76 10  0  0
15  5 107072 138279676 2220504 49642196    0    0 705904 349184 186093 372899 11  4 75 10  0  0
19  4 107072 138275616 2220504 49642220    0    0 701008 363720 186930 376586 11  4 75 10  0  0
14  5 107072 138277592 2220504 49642240    0    0 699248 367860 187341 374246 11  4 75 10  0  0
10  8 107072 138275136 2220504 49642264    0    0 702640 363544 186984 373674 10  4 75 10  0  0
16  8 107072 138277944 2220504 49642288    0    0 697888 370892 186912 372988 11  4 75 10  0  0
12  7 107072 138290412 2220504 49642308    0    0 700704 371944 186789 372710 10  4 75 10  0  0
11  8 107072 138280276 2220504 49642316    0    0 691344 425320 188760 370367 10  3 76 10  0  0
15  9 107072 138285604 2220504 49642336    0    0 689136 422048 188131 369995 10  4 75 10  0  0
15  9 107072 138287528 2220504 49642360    0    0 684800 429888 188238 372775 11  4 75 10  0  0
14  6 107072 138289508 2220504 49642384    0    0 689024 419252 188202 373847 11  4 75 10  0  0
13  7 107072 138288184 2220508 49642472    0    0 689584 424852 187901 376861 11  5 74 10  0  0
11  7 107072 138275780 2220508 49642496    0    0 693840 417948 188458 376355 11  4 75 10  0  0
13  9 107072 138270120 2220508 49642504    0    0 701104 432440 188710 373153 10  3 76 11  0  0
 8 13 107072 138269284 2220508 49642520    0    0 691424 426944 188530 373774 11  4 75 10  0  0
procs -----------memory---------- ---swap-- -----io---- -system-- -------cpu-------
 r  b   swpd   free   buff  cache   si   so    bi    bo   in   cs us sy id wa st gu
11  9 107072 138275828 2220508 49642544    0    0 689680 422424 188104 372094 11  4 75 10  0  0
13 10 107072 138284296 2220508 49642568    0    0 693840 413056 188275 372276 11  4 75 10  0  0
13  7 107072 138276460 2220508 49642584    0    0 691344 420872 188651 373438 11  4 75 10  0  0
12  8 107072 138309504 2220508 49642604    0    0 690464 418856 188116 375610 11  4 75 10  0  0
11  8 107072 138300060 2220508 49642624    0    0 692048 419060 188548 372419 10  4 76 10  0  0
10  9 107072 138288428 2220508 49642640    0    0 689776 417672 188947 369592 11  4 75 10  0  0
14  6 107072 138294112 2220512 49642652    0    0 689328 425672 187855 374065 11  4 75 10  0  0
 9 11 107072 138300316 2220512 49642680    0    0 689648 424392 188002 374793 11  4 75 10  0  0
14  8 107072 138276804 2220512 49642700    0    0 693168 427956 189152 374471 10  4 75 10  0  0
12  7 107072 138270712 2220512 49642720    0    0 692304 423940 189075 376287 10  4 75 10  0  0
13  8 107072 138284560 2220512 49642748    0    0 693536 416632 187473 372485 11  4 75 10  0  0
 9 11 107072 138284112 2220512 49642756    0    0 697952 425056 188247 373984 10  3 76 11  0  0
 9 10 107072 138275592 2220512 49642780    0    0 692032 418076 188764 373945 10  4 75 10  0  0
12  8 107072 138260012 2220512 49642804    0    0 691840 427072 188622 373118 11  4 75 10  0  0
 9 11 107072 138262356 2220512 49642824    0    0 695488 421036 188073 376506 11  4 75 10  0  0
13  9 107072 138275668 2220512 49642844    0    0 692272 424196 188196 376449 11  4 75 10  0  0
10 12 107072 138273756 2220512 49642864    0    0 690128 420456 188319 375542 11  4 75 10  0  0
16  5 107072 138261364 2220516 49642880    0    0 690000 415176 187918 364300 10  3 76 10  0  0
10 11 107072 138253792 2220516 49642896    0    0 686976 420540 188041 370183 11  4 75 10  0  0
12  7 107072 138266776 2220516 49642920    0    0 688160 417036 187711 373206 11  4 75 10  0  0
13  6 107072 138267120 2220516 49642940    0    0 688544 422196 188070 371652 10  4 75 10  0  0
procs -----------memory---------- ---swap-- -----io---- -system-- -------cpu-------
 r  b   swpd   free   buff  cache   si   so    bi    bo   in   cs us sy id wa st gu
13  8 107072 138272308 2220516 49642964    0    0 687120 419816 187614 375497 11  4 75 10  0  0
14  7 107072 138286240 2220516 49642988    0    0 690096 422176 188426 373976 10  4 75 10  0  0
12  7 107072 138277996 2220516 49643004    0    0 692416 412208 187595 373728 10  4 76 10  0  0
11  9 107072 138277960 2220516 49643012    0    0 694496 424024 188014 371212 10  4 76 10  0  0
10 10 107072 138276512 2220516 49643036    0    0 686752 417452 187418 372308 10  4 75 10  0  0
10  9 107072 138263768 2220516 49643068    0    0 694432 415168 188718 376062 11  4 75 10  0  0
12  8 107072 138276224 2220520 49643088    0    0 690352 425296 187785 378652 10  4 75 10  0  0
13  8 107072 138278144 2220520 49643104    0    0 693168 427152 189215 374444 10  4 75 10  0  0
11 10 107072 138260728 2220520 49643128    0    0 688400 419124 188108 373165 11  4 75 10  0  0
12 10 107072 138262808 2220520 49643136    0    0 700672 418064 188002 370403 10  3 76 11  0  0
10  8 107072 138258596 2220520 49643164    0    0 692992 419904 188018 373955 10  4 75 10  0  0
10  9 107072 138274172 2220520 49643180    0    0 686384 423804 188531 371704 10  4 75 10  0  0
14  7 107072 138267836 2220520 49643196    0    0 689616 412368 188036 372218 10  4 75 10  0  0
 6 15 107072 138267348 2220520 49643216    0    0 691872 423068 188608 373057 11  4 75 10  0  0
12 10 107072 138265260 2220520 49643240    0    0 688832 427492 188629 375192 11  4 75 10  0  0
14  7 107072 138275320 2220520 49643256    0    0 695200 416356 188078 368958 10  3 76 10  0  0
11 11 107072 138273304 2220524 49643272    0    0 693648 415184 187709 374375 10  4 75 10  0  0
14  7 107072 138264576 2220524 49643292    0    0 692688 419728 188614 371237 11  4 75 10  0  0
14  8 107072 138262728 2220524 49643312    0    0 692224 422828 188371 372627 11  4 75 10  0  0
12  8 107072 138267852 2220524 49643336    0    0 690688 420084 188286 376395 10  4 75 10  0  0
10  9 107072 138267160 2220524 49643360    0    0 685760 420464 188599 371703 11  4 75 10  0  0
procs -----------memory---------- ---swap-- -----io---- -system-- -------cpu-------
 r  b   swpd   free   buff  cache   si   so    bi    bo   in   cs us sy id wa st gu
 9  9 107072 138286220 2220528 49643380    0    0 693856 420268 188060 374606 10  4 76 10  0  0
 7 13 107072 138285548 2220528 49643392    0    0 692640 417456 187196 373636 10  4 76 10  0  0
12  8 107072 138276748 2220528 49643412    0    0 687392 415464 187960 374743 11  4 75 10  0  0
15  6 107072 138277152 2220528 49643436    0    0 687312 418412 187910 373862 11  4 75 10  0  0
13 10 107072 138268080 2220528 49643460    0    0 686704 413388 187457 370036 11  4 75 10  0  0
12  6 107072 138270076 2220532 49643480    0    0 689728 413608 188208 373908 10  4 75 10  0  0
 8 10 107072 138275668 2220532 49643500    0    0 690432 423224 188534 370859 10  4 75 10  0  0
13  8 107072 138285716 2220532 49643512    0    0 692736 423056 188566 376232 10  3 76 10  0  0
13  8 107072 138262372 2220532 49643528    0    0 685312 429312 188785 372736 11  4 75 10  0  0
 8 13 107072 138265552 2220532 49643552    0    0 690288 414296 187724 372940 11  4 75 10  0  0
12  9 107072 138259484 2220532 49643576    0    0 690016 418900 187915 377989 11  4 75 10  0  0
12  7 107072 138271448 2220532 49643596    0    0 690736 414880 188028 372255 11  4 75 10  0  0
 9  9 107072 138281544 2220532 49643616    0    0 691952 420404 188268 374911 10  4 75 10  0  0
 9 12 107072 138272200 2220532 49643624    0    0 701456 424296 188319 377098 10  3 76 11  0  0
12  9 107072 138280540 2220532 49643704    0    0 684640 425028 187874 370131 10  4 75 10  0  0
12  9 107072 138271900 2220532 49643732    0    0 686656 417632 187636 374413 11  4 75 10  0  0
10  9 107072 138278064 2220532 49643756    0    0 695136 421596 189082 374710 10  4 75 10  0  0
14  5 107072 138278088 2220532 49643780    0    0 695040 419272 188686 375124 10  4 75 10  0  0
 8 11 107072 138279876 2220532 49643800    0    0 691744 419172 188457 375055 11  4 75 10  0  0
10  8 107072 138277100 2220532 49643816    0    0 696448 413300 186607 369976 10  3 76 10  0  0
12  7 107072 138271572 2220536 49643832    0    0 689344 424240 188435 372676 11  4 75 10  0  0
procs -----------memory---------- ---swap-- -----io---- -system-- -------cpu-------
 r  b   swpd   free   buff  cache   si   so    bi    bo   in   cs us sy id wa st gu
10 10 107072 138278304 2220536 49643856    0    0 691728 426784 188333 376890 11  4 75 10  0  0
13  7 107072 138283492 2220536 49643876    0    0 689296 419000 188790 370485 11  4 75 10  0  0
11  8 107072 138271108 2220536 49643896    0    0 685504 416540 186902 375277 11  4 75 10  0  0
11  8 107072 138277824 2220536 49643916    0    0 689520 413332 188058 375046 11  4 75 10  0  0
11  8 107072 138284728 2220536 49643932    0    0 691088 419704 187156 372286 10  4 76 10  0  0
10 10 107072 138276688 2220536 49643948    0    0 688736 417328 187641 371975 10  4 75 10  0  0
 8 13 107072 138276232 2220536 49643968    0    0 684592 413100 188409 370280 10  4 75 10  0  0
11 10 107072 138283000 2220536 49643984    0    0 684272 417060 188356 369827 11  4 75 10  0  0
 9 10 107072 138275292 2220536 49644008    0    0 689104 421732 188700 373312 11  4 75 10  0  0
12  9 107072 138276968 2220540 49644032    0    0 694000 416248 189047 375901 11  4 75 10  0  0
11  7 107072 138281944 2220540 49644060    0    0 691744 426216 188215 370953 10  4 75 10  0  0
12  7 107072 138275244 2220540 49644068    0    0 697328 419784 187675 373867 10  3 76 11  0  0
10 11 107072 138259712 2220540 49644088    0    0 691552 415520 187500 378471 11  4 75 10  0  0
13 10 107072 138251432 2220540 49644116    0    0 694560 417496 188765 374133 11  4 75 10  0  0
 8 11 107072 138253888 2220540 49644140    0    0 689968 415004 188445 376327 11  4 75 10  0  0
12  8 107072 138241220 2220540 49644164    0    0 694176 416992 188393 378530 10  4 75 10  0  0
 9 12 107072 138236492 2220540 49644188    0    0 692864 427208 188610 372737 10  4 75 10  0  0
11  8 107072 138244140 2220540 49644196    0    0 702288 424044 188621 369115 10  3 76 11  0  0
12  9 107072 138251352 2220540 49644216    0    0 691264 427620 189624 377574 10  4 75 10  0  0
11  9 107072 138257752 2220540 49644244    0    0 694544 415628 188610 377305 11  4 75 10  0  0
 9 10 107072 138262024 2220540 49644264    0    0 692752 421208 189135 374666 10  4 75 10  0  0
procs -----------memory---------- ---swap-- -----io---- -system-- -------cpu-------
 r  b   swpd   free   buff  cache   si   so    bi    bo   in   cs us sy id wa st gu
12  8 107072 138272512 2220540 49644280    0    0 692784 429920 189607 373229 11  4 75 10  0  0
14  7 107072 138279692 2220540 49644296    0    0 691264 416728 187722 375889 11  4 75 10  0  0
12  8 107072 138273356 2220540 49644312    0    0 699600 415476 188383 373743 10  3 76 11  0  0
15  5 107072 138252356 2220540 49644332    0    0 694944 419572 188966 376025 10  4 75 10  0  0
13  7 107072 138262228 2220540 49644352    0    0 689984 417596 187733 376527 11  4 75 10  0  0
12  8 107072 138278396 2220540 49644376    0    0 693616 413944 187788 374161 11  4 75 10  0  0
12  8 107072 138278328 2220540 49644392    0    0 685088 415368 186810 370651 10  4 75 10  0  0
 9 10 107072 138262876 2220540 49644416    0    0 686096 413396 186266 372120 11  4 75 10  0  0
10 11 107072 138267328 2220544 49644432    0    0 688592 416152 187301 368700 10  3 76 10  0  0
11 10 107072 138264108 2220544 49644452    0    0 691568 408744 187954 372658 10  4 75 10  0  0
 5 15 107072 138282392 2220544 49644472    0    0 686128 416272 187870 372814 11  4 75 10  0  0
13  8 107072 138300188 2220544 49644492    0    0 691312 416508 187689 377330 11  4 75 10  0  0
12  7 107072 138281620 2220544 49644512    0    0 689904 414204 188194 372162 10  4 75 10  0  0
10 11 107072 138277868 2220548 49644536    0    0 687856 415244 186866 371001 10  4 75 10  0  0
10 10 107072 138287676 2220548 49644564    0    0 688672 418332 188017 368103 10  4 76 10  0  0
14 10 107072 138266756 2220548 49644576    0    0 690736 422120 188478 369901 10  4 76 10  0  0
11 10 107072 138256500 2220548 49644600    0    0 691440 413792 188428 373489 10  4 75 10  0  0
13  7 107072 138260104 2220548 49644620    0    0 690544 418080 188621 372305 11  4 75 10  0  0
14  7 107072 138249656 2220548 49644644    0    0 691680 419156 188529 373907 11  4 75 10  0  0
11  8 107072 138243088 2220548 49644664    0    0 691536 422352 188365 375405 10  4 75 10  0  0
10 11 107072 138250816 2220548 49644688    0    0 674544 409284 184949 362421 10  4 75 11  0  0
procs -----------memory---------- ---swap-- -----io---- -system-- -------cpu-------
 r  b   swpd   free   buff  cache   si   so    bi    bo   in   cs us sy id wa st gu
 8 12 107072 138266092 2220548 49644700    0    0 663984 394408 183294 354190 10  3 76 11  0  0
11  8 107072 138260580 2220548 49644720    0    0 689264 409100 187850 373864 10  4 75 10  0  0
10 10 107072 138251852 2220548 49644740    0    0 692448 418196 188133 373005 11  4 75 10  0  0
10  9 107072 138265684 2220548 49644764    0    0 685328 420044 188385 372288 11  4 75 10  0  0
11 10 107072 138275200 2220548 49644784    0    0 688880 410244 187136 370520 11  4 75 10  0  0
10  9 107072 138291984 2220548 49644812    0    0 686144 415008 187483 371335 10  4 75 10  0  0
12  8 107072 138286560 2220548 49644820    0    0 695088 418076 187940 370150 10  3 76 10  0  0
 9 10 107072 138265420 2220548 49644840    0    0 690208 422196 188095 375461 10  4 75 10  0  0
14  6 107072 138256188 2220548 49644864    0    0 693456 418196 188351 377400 11  4 75 10  0  0
16  4 107072 138274716 2220548 49644884    0    0 687392 418884 187683 372715 10  4 75 10  0  0
 9 10 107072 138274000 2220548 49644904    0    0 691536 412944 188334 372125 10  4 75 10  0  0
 8 11 107072 138259496 2220548 49644992    0    0 687952 417740 187760 374551 11  5 75 10  0  0
 5 13 107072 138269768 2220552 49645008    0    0 695504 420428 188047 371825 10  3 76 11  0  0
12  7 107072 138282912 2220552 49645028    0    0 691264 414032 187813 371931 11  4 75 10  0  0
15  3 107072 138269492 2220552 49645048    0    0 681568 419880 186704 372080 11  4 75 10  0  0
 9 11 107072 138278816 2220552 49645068    0    0 692672 414792 188319 373539 10  4 75 10  0  0
13  9 107072 138292344 2220552 49645088    0    0 687552 416300 187689 372467 10  4 75 10  0  0
19  5 107072 138292800 2220552 49645108    0    0 688688 410776 187582 372283 10  4 75 10  0  0
13  6 107072 138290132 2220552 49645136    0    0 696128 420000 188292 370525 10  4 76 10  0  0
12  7 107072 138292212 2220552 49645144    0    0 693248 417960 188190 373260 10  4 75 10  0  0
 9 12 107072 138279528 2220552 49645172    0    0 689440 416784 187446 376525 11  4 75 10  0  0
procs -----------memory---------- ---swap-- -----io---- -system-- -------cpu-------
 r  b   swpd   free   buff  cache   si   so    bi    bo   in   cs us sy id wa st gu
10 11 107072 138286140 2220552 49645188    0    0 691136 423480 188716 374159 10  4 75 10  0  0
13  7 107072 138269700 2220556 49645204    0    0 689072 414580 187594 375449 11  4 75 10  0  0
15  7 107072 138260448 2220556 49645232    0    0 692032 420404 189235 379883 10  4 75 10  0  0
10  9 107072 138262480 2220556 49645256    0    0 688512 409104 187945 378165 10  4 75 10  0  0
10 12 107072 138274140 2220556 49645264    0    0 646224 390868 180714 349140 10  3 76 11  0  0
11  8 107072 138265460 2220556 49645288    0    0 692528 411008 189623 379786 10  4 75 10  0  0
16  6 107072 138263804 2220560 49645308    0    0 691184 423160 189964 379756 11  4 75 10  0  0
10  9 107072 138266616 2220560 49645336    0    0 689232 421732 188711 379086 11  4 75 10  0  0
11  8 107072 138258440 2220560 49645360    0    0 691280 417484 188399 379327 11  4 75 10  0  0
13  4 107072 138258908 2220560 49645384    0    0 692608 419796 188083 383833 10  4 75 10  0  0
11  9 107072 138268020 2220560 49645392    0    0 695856 428908 189179 377795 10  3 76 11  0  0
14  5 107072 138260436 2220560 49645416    0    0 690000 420800 188510 381531 11  4 75 10  0  0
16  6 107072 138244192 2220560 49645436    0    0 691648 417448 189171 380635 11  4 75 10  0  0
10 12 107072 138246464 2220560 49645460    0    0 691808 424104 188880 379352 11  4 75 10  0  0
 7 13 107072 138251956 2220560 49645480    0    0 687408 420448 188748 377571 11  4 75 10  0  0
14  5 107072 138248388 2220560 49645500    0    0 692752 418140 188669 380718 10  4 75 10  0  0
16 10 107072 138258092 2220560 49645512    0    0 695520 419652 189135 375037 10  4 76 10  0  0
12 10 107072 138280160 2220560 49645548    0    0 687504 416672 187727 374324 11  4 75 10  0  0
18  5 107072 138277628 2220560 49645572    0    0 690368 412476 187570 375719 10  4 75 10  0  0
 8 13 107072 138274004 2220560 49645592    0    0 687040 413300 188674 378748 10  4 75 10  0  0
14 10 107072 138266144 2220560 49645616    0    0 686368 416620 187866 380811 10  4 75 10  0  0
procs -----------memory---------- ---swap-- -----io---- -system-- -------cpu-------
 r  b   swpd   free   buff  cache   si   so    bi    bo   in   cs us sy id wa st gu
 8 13 107072 138272256 2220560 49645640    4    0 686532 417984 188067 377155 10  4 75 10  0  0
10 10 107072 138265580 2220564 49645644    0    0 690048 415832 187323 373099 10  3 76 10  0  0
13  9 107072 138270188 2220564 49645672    0    0 693248 421664 189078 379573 11  4 75 10  0  0
16  6 107072 138272036 2220564 49645692    0    0 696400 423244 188409 385596 10  4 75 11  0  0
12  7 107072 138270224 2220564 49645716    0    0 698256 429008 190380 381156 10  4 75 11  0  0
11  9 107072 138262988 2220564 49645736    0    0 693392 414520 189416 380298 10  4 75 10  0  0
10  8 107072 138268680 2220568 49645752    0    0 690240 418108 188708 376497 10  4 75 10  0  0
15  6 107072 138269192 2220568 49645768    0    0 693376 426664 189028 377175 10  3 76 10  0  0
12 12 107072 138266212 2220568 49645784    0    0 642304 383192 181690 353965 10  4 75 11  0  0
14  7 107072 138253512 2220568 49645808    0    0 688688 411824 187349 377941 11  4 75 10  0  0
12  7 107072 138254516 2220568 49645828    0    0 693008 417744 189027 380122 10  4 75 10  0  0
14  8 107072 138244824 2220568 49645852    0    0 688832 425280 188350 379660 11  4 75 10  0  0
 8 11 107072 138251756 2220568 49645872    0    0 693584 420960 187467 381544 10  4 75 10  0  0
15  7 107072 138256360 2220568 49645884    0    0 697328 428520 188547 385658 10  3 76 11  0  0
11  9 107072 138253448 2220568 49645908    0    0 690784 428588 189140 383796 10  4 75 10  0  0
 9 10 107072 138241968 2220568 49645928    0    0 694592 419628 189200 385215 10  4 75 10  0  0
11  7 107072 138257564 2220572 49645948    0    0 690944 419616 189786 379602 10  4 75 10  0  0
12  7 107072 138256232 2220572 49645968    0    0 688416 416564 188931 380178 11  4 75 10  0  0
15  5 107072 138259624 2220572 49646000    0    0 689952 415456 188493 380330 10  4 75 10  0  0
12  8 107072 138252092 2220572 49646012    0    0 692048 420276 188251 376947 10  3 76 10  0  0
16  5 107072 138244852 2220572 49646028    0    0 688592 417648 188482 380676 10  4 75 10  0  0
procs -----------memory---------- ---swap-- -----io---- -system-- -------cpu-------
 r  b   swpd   free   buff  cache   si   so    bi    bo   in   cs us sy id wa st gu
 7 12 107072 138258864 2220572 49646052    0    0 690544 424504 188742 381843 10  4 75 10  0  0
11 10 107072 138258728 2220572 49646072    0    0 687808 415664 188872 376022 10  4 75 10  0  0
14  6 107072 138258120 2220572 49646100    0    0 686944 422276 188690 379134 10  4 75 10  0  0
18  2 107072 138264176 2220572 49646116    0    0 693408 418884 188421 378870 10  4 75 11  0  0
12  6 107072 138265320 2220572 49646128    0    0 694464 422792 188950 374994 10  3 76 11  0  0
11  8 107072 138252392 2220572 49646144    0    0 689056 412304 188517 380686 11  4 75 10  0  0
 8 11 107072 138247272 2220572 49646172    0    0 688336 423508 188818 379476 11  4 75 10  0  0
10 10 107072 138250268 2220572 49646204    0    0 689744 428232 188976 381606 10  4 75 10  0  0
10 10 107072 138250344 2220572 49646308    0    0 691632 417916 189941 379967 11  4 75 10  0  0
 9  9 107072 138268112 2220572 49646328    0    0 693776 422620 190351 379489 10  4 75 10  0  0
10 10 107072 138258108 2220576 49646336    0    0 698064 427724 190239 381568 10  3 76 11  0  0
10 10 107072 138271552 2220576 49646360    0    0 684912 417892 188673 378687 10  4 75 11  0  0
34  3 107072 138263380 2220576 49646384    0    0 656864 381300 182311 359724 10  4 75 11  0  0
11  8 107072 138278344 2220576 49646404    0    0 689776 421292 189775 380276 10  4 75 10  0  0
13  7 107072 138270916 2220576 49646424    0    0 692704 426532 190080 380429 10  4 75 10  0  0
11 10 107072 138265316 2220580 49646444    0    0 695184 423068 188880 383220 11  4 75 10  0  0
10 10 107072 138275908 2220580 49646460    0    0 696640 424904 188773 375185 10  3 76 11  0  0
10 11 107072 138265124 2220580 49646480    0    0 691344 414124 188569 381304 11  4 75 10  0  0
16  5 107072 138258416 2220580 49646500    0    0 692592 421576 188607 381989 10  4 75 10  0  0
16  6 107072 138273804 2220580 49646520    0    0 689280 417332 188022 380147 10  4 75 10  0  0
12  7 107072 138265800 2220580 49646536    0    0 689808 415496 188554 378982 11  4 75 10  0  0
procs -----------memory---------- ---swap-- -----io---- -system-- -------cpu-------
 r  b   swpd   free   buff  cache   si   so    bi    bo   in   cs us sy id wa st gu
12 11 107072 138254292 2220580 49646564    0    0 690896 420868 188414 380796 11  4 75 10  0  0
13  4 107072 138259428 2220580 49646580    0    0 689344 420024 188870 374377 10  3 76 10  0  0
11  9 107072 138264040 2220580 49646596    0    0 693344 418996 189455 379560 10  4 75 10  0  0
12  9 107072 138240516 2220580 49646616    0    0 691792 419896 188785 381335 10  4 75 10  0  0
 9 10 107072 138252880 2220580 49646640    0    0 691392 412268 187858 380264 10  4 75 10  0  0
12  9 107072 138271180 2220580 49646664    0    0 688240 416208 187888 379428 11  4 75 10  0  0
 8 11 107072 138265584 2220580 49646684    0    0 686640 414384 188840 381092 11  4 75 10  0  0
12  9 107072 138271232 2220580 49646708    0    0 697840 424024 190006 375757 10  3 76 11  0  0
 8 10 107072 138254584 2220580 49646720    0    0 690560 418648 188526 379958 10  4 75 11  0  0
15  4 107072 138255856 2220584 49646740    0    0 691904 416888 188766 384809 11  4 75 10  0  0
13  7 107072 138252228 2220584 49646764    0    0 692832 418948 188092 382522 10  4 75 10  0  0
10 10 107072 138260812 2220584 49646784    0    0 689280 424344 188310 382164 10  4 75 10  0  0
11  8 107072 138252960 2220584 49646808    0    0 689680 418108 188740 380499 10  4 75 10  0  0
10  9 107072 138252396 2220584 49646828    0    0 693872 419484 188224 378629 10  3 76 11  0  0
 8 11 107072 138253124 2220588 49646836    0    0 692576 417988 188729 373915 11  4 75 10  0  0
 8 11 107072 138273336 2220588 49646860    0    0 683920 417632 187763 377836 11  4 75 10  0  0
12  9 107072 138272812 2220588 49646884    0    0 649760 389384 182367 356911 10  4 75 11  0  0
14  5 107072 138281288 2220588 49646900    0    0 689632 421540 189837 377723 11  4 75 10  0  0
12  8 107072 138254416 2220588 49646924    0    0 691632 423884 188570 380953 10  4 75 10  0  0
10  8 107072 138247528 2220588 49646944    0    0 696320 425520 188462 380343 10  3 76 11  0  0
11  9 107072 138257424 2220588 49646956    0    0 692704 416780 188474 375321 10  4 75 10  0  0
procs -----------memory---------- ---swap-- -----io---- -system-- -------cpu-------
 r  b   swpd   free   buff  cache   si   so    bi    bo   in   cs us sy id wa st gu
15  7 107072 138237928 2220588 49646980    0    0 688928 421696 189074 379997 10  4 75 10  0  0
14  5 107072 138250728 2220588 49647008    0    0 692224 420384 189025 384800 10  4 75 10  0  0
 9 13 107072 138258336 2220588 49647028    0    0 695616 419836 189391 382903 10  4 75 10  0  0
13  9 107072 138260192 2220592 49647044    0    0 691040 412988 188197 379997 11  4 75 10  0  0
 6 13 107072 138259964 2220592 49647064    0    0 698384 415992 188508 382024 10  3 76 11  0  0
13  7 107072 138274308 2220592 49647080    0    0 697056 419888 189257 381365 10  4 75 11  0  0
30  5 107072 138268572 2220592 49647108    0    0 692736 426184 189487 381190 10  4 75 10  0  0
10 11 107072 138245284 2220592 49647128    0    0 691888 417316 188529 383284 10  4 75 10  0  0
11 10 107072 138262696 2220592 49647148    0    0 694064 419308 188490 379654 10  4 75 11  0  0
12 12 107072 138275524 2220592 49647168    0    0 692448 410932 188617 383006 10  4 75 10  0  0
11 11 107072 138267548 2220592 49647188    0    0 690832 424368 188687 375142 10  3 76 11  0  0
14  9 107072 138258528 2220592 49647204    0    0 694816 420788 188346 381693 11  4 75 10  0  0
13  8 107072 138272060 2220592 49647224    0    0 684816 419680 187859 379395 10  4 75 10  0  0
10  8 107072 138262880 2220592 49647244    0    0 689600 416612 188604 379230 10  4 75 10  0  0
 9 10 107072 138256276 2220592 49647272    0    0 691520 424660 188645 384296 10  4 75 11  0  0
17  6 107072 138249000 2220592 49647296    0    0 686144 410056 187605 381381 10  4 75 10  0  0
 9 11 107072 138255164 2220592 49647316    0    0 693520 420860 188572 375565 10  3 76 10  0  0
11  8 107072 138258208 2220592 49647332    0    0 692240 416988 188576 378684 11  4 75 10  0  0
12  7 107072 138242012 2220600 49647344    0    0 692352 414560 188369 379258 10  4 75 10  0  0
16  4 107072 138241984 2220600 49647372    0    0 690992 416644 188523 384336 11  4 75 10  0  0
10 14 107072 138236540 2220600 49647396    0    0 680624 409760 187357 375431 10  4 75 11  0  0
procs -----------memory---------- ---swap-- -----io---- -system-- -------cpu-------
 r  b   swpd   free   buff  cache   si   so    bi    bo   in   cs us sy id wa st gu
13  5 107072 138242232 2220600 49647420    0    0 655808 391884 182708 362090 10  4 75 11  0  0
10 11 107072 138247948 2220600 49647436    0    0 688592 418476 188308 373952 10  3 76 10  0  0
13  7 107072 138264040 2220600 49647452    0    0 688080 415012 188621 378000 11  4 75 10  0  0
 9 12 107072 138258516 2220600 49647472    0    0 687920 418032 188944 379441 10  4 75 10  0  0
14  8 107072 138259440 2220600 49647496    0    0 691760 413556 187878 382206 11  4 75 10  0  0
12  7 107072 138262560 2220600 49647584    0    0 693344 418156 187730 380795 11  4 75 10  0  0
11  7 107072 138256900 2220600 49647608    0    0 692528 420620 187965 381500 10  4 75 10  0  0
11  9 107072 138258124 2220604 49647616    0    0 698048 424432 189336 378570 10  3 76 11  0  0
10  9 107072 138239424 2220604 49647640    0    0 695792 416736 188788 384699 10  4 75 10  0  0
16  5 107072 138235752 2220604 49647664    0    0 690944 424344 189192 379299 11  4 75 10  0  0
16  7 107072 138254388 2220604 49647688    0    0 691488 407740 188063 380715 10  4 75 10  0  0
 6 12 107072 138262428 2220604 49647708    0    0 695264 420308 188790 385069 10  4 75 10  0  0
11  8 107072 138265400 2220604 49647728    0    0 692528 420152 188979 381861 10  4 75 10  0  0
11 11 107072 138262468 2220604 49647744    0    0 695088 426004 189170 372427 10  3 76 11  0  0
10  9 107072 138269184 2220604 49647760    0    0 641456 381512 181111 352525 10  4 75 11  0  0
 9 10 107072 138256252 2220604 49647784    0    0 687200 422804 188610 378751 10  4 75 10  0  0
16  7 107072 138242680 2220604 49647808    0    0 690224 412052 187751 377470 10  4 75 10  0  0
12  8 107072 138213948 2220604 49647832    0    0 688704 410992 187388 378216 10  4 75 10  0  0
13  8 107072 138216968 2220608 49647856    0    0 691344 422208 188079 381664 10  4 75 10  0  0
17  7 107072 138221456 2220608 49647868    0    0 695600 419036 188433 378227 10  3 76 11  0  0
14  8 107072 138225764 2220608 49647884    0    0 691648 413600 187925 383910 11  4 75 10  0  0
procs -----------memory---------- ---swap-- -----io---- -system-- -------cpu-------
 r  b   swpd   free   buff  cache   si   so    bi    bo   in   cs us sy id wa st gu
11  7 107072 138232716 2220608 49647908    0    0 688080 421080 188666 383718 10  4 75 10  0  0
16  5 107072 138249376 2220608 49647936    0    0 687344 417056 187927 377535 10  4 75 10  0  0
10 11 107072 138255752 2220608 49647960    0    0 692384 418992 188682 382307 10  4 75 10  0  0
14  8 107072 138260204 2220608 49647980    0    0 697344 413132 187988 384667 10  4 75 10  0  0
 7 14 107072 138255164 2220608 49647992    0    0 678304 414364 185703 369320 10  3 76 11  0  0
10  9 107072 138258192 2220608 49648012    0    0 657632 388212 182718 363072 10  4 75 11  0  0
14  9 107072 138261576 2220608 49648036    0    0 685264 417712 188637 382278 11  4 75 10  0  0
21  5 107072 138267980 2220608 49648056    0    0 690624 422620 188786 380577 10  4 75 10  0  0
11 12 107072 138243284 2220608 49648080    0    0 688784 411080 187042 379802 11  4 75 10  0  0
 8 10 107072 138249756 2220608 49648100    0    0 692976 414836 187966 381235 11  4 75 10  0  0
19  8 107072 138246924 2220608 49648116    0    0 692320 414892 186608 377121 10  3 76 10  0  0
11 13 107072 138264116 2220608 49648136    0    0 693008 419956 188995 384177 10  4 75 10  0  0
11  9 107072 138261932 2220608 49648160    0    0 692656 415564 189479 383675 10  4 75 10  0  0
 9 12 107072 138258852 2220608 49648176    0    0 688624 421016 189724 382291 11  4 75 10  0  0
 6 14 107072 138263736 2220608 49648200    0    0 692448 417304 189323 381251 11  4 75 10  0  0
 8 13 107072 138265972 2220608 49648224    0    0 695632 418836 188762 382112 10  4 75 10  0  0
14  8 107072 138257688 2220608 49648236    0    0 697040 428488 189097 378459 10  4 76 11  0  0
17  7 107072 138257060 2220612 49648256    0    0 693792 413532 188469 380132 10  4 75 10  0  0
13  9 107072 138260832 2220612 49648276    0    0 664656 404248 184248 365101 10  4 75 11  0  0
11 11 107072 138255552 2220612 49648300    0    0 665024 408628 184791 364758 10  4 75 11  0  0
12  8 107072 138245116 2220612 49648320    0    0 694464 416984 189761 378126 11  4 75 10  0  0
procs -----------memory---------- ---swap-- -----io---- -system-- -------cpu-------
 r  b   swpd   free   buff  cache   si   so    bi    bo   in   cs us sy id wa st gu
 8 11 107072 138258400 2220612 49648352    0    0 689184 409092 187542 378044 10  4 75 11  0  0
11 10 107072 138257836 2220612 49648360    0    0 691648 420460 188851 376706 10  4 76 11  0  0
13  9 107072 138257792 2220612 49648376    0    0 691472 422996 189047 379211 10  4 75 10  0  0
13  9 107072 138258264 2220612 49648396    0    0 692672 423256 189422 381249 10  4 75 10  0  0
12 10 107072 138247700 2220612 49648420    0    0 697840 413920 189366 381486 10  4 75 11  0  0
11 12 107072 138254372 2220612 49648444    0    0 696368 422628 189882 381106 11  4 75 11  0  0
10  9 107072 138247004 2220612 49648464    0    0 696448 416104 188680 382473 10  4 75 11  0  0
 9 11 107072 138261160 2220612 49648472    0    0 697536 422048 190222 380412 10  4 76 11  0  0
10 12 107072 138275112 2220612 49648496    0    0 688544 414684 188783 378035 11  4 75 10  0  0
 7 14 107072 138259948 2220612 49648516    0    0 660848 390164 183654 363385 10  4 75 11  0  0
11  9 107072 138260440 2220612 49648540    0    0 673056 397856 185189 370740 10  4 75 11  0  0
13 12 107072 138245832 2220620 49648556    0    0 688288 416712 189027 375666 10  4 75 10  0  0
 8 11 107072 138247220 2220620 49648588    0    0 688912 417148 188296 376407 10  4 76 10  0  0
17  5 107072 138252008 2220620 49648600    0    0 691920 414528 188265 376348 10  4 76 10  0  0
14  9 107072 138265488 2220620 49648620    0    0 689472 412420 188260 379557 10  4 75 10  0  0
14  7 107072 138268956 2220620 49648644    0    0 692688 422864 188979 382154 11  4 75 10  0  0
13 11 107072 138256504 2220624 49648660    0    0 690896 415552 189198 379577 10  4 75 10  0  0
 8 13 107072 138261580 2220624 49648688    0    0 690736 413524 188674 379096 10  4 75 10  0  0
12  8 107072 138253948 2220624 49648708    0    0 698112 414720 189487 376740 10  4 76 11  0  0
10 10 107072 138254104 2220624 49648712    0    0 695456 425632 189562 378896 10  4 75 11  0  0
16  5 107072 138254984 2220624 49648740    0    0 690016 408140 187835 378759 11  4 75 10  0  0
procs -----------memory---------- ---swap-- -----io---- -system-- -------cpu-------
 r  b   swpd   free   buff  cache   si   so    bi    bo   in   cs us sy id wa st gu
11 11 107072 138255756 2220628 49648756    0    0 687728 414988 188754 382723 10  4 75 10  0  0
10 11 107072 138258372 2220628 49648788    0    0 687712 408208 189033 378034 11  4 75 10  0  0
 8 14 107072 138261056 2220628 49648872    0    0 682384 423176 188530 374850 10  4 75 11  0  0
13  7 107072 138268264 2220628 49648892    0    0 644768 377012 180553 350308 10  4 76 11  0  0
10 12 107072 138255604 2220628 49648908    0    0 696064 415920 189869 378101 10  4 76 10  0  0
13  8 107072 138239636 2220628 49648932    0    0 686192 409368 188038 375235 11  4 75 10  0  0
14  9 107072 138225636 2220628 49648956    0    0 688800 412736 188881 376183 11  4 75 10  0  0
12  8 107072 138216788 2220628 49648980    0    0 684816 408568 188309 374503 11  4 75 10  0  0
13  9 107072 138221356 2220628 49649000    0    0 688576 413708 189170 381380 11  4 75 10  0  0
 7 12 107072 138231612 2220628 49649020    0    0 690768 413024 188051 373201 10  4 76 10  0  0
16  8 107072 138248500 2220628 49649040    0    0 689488 416544 188496 381386 10  4 75 10  0  0
11  8 107072 138252856 2220628 49649064    0    0 689792 411160 188722 380799 11  4 75 10  0  0
13  8 107072 138271744 2220628 49649084    0    0 689376 415584 188988 379716 11  4 75 10  0  0
16  4 107072 138249388 2220628 49649104    0    0 687488 416288 188809 377938 10  4 75 10  0  0
13  8 107072 138267140 2220628 49649128    0    0 673232 407276 186361 368957 10  4 75 11  0  0
13  7 107072 138259036 2220628 49649148    0    0 669680 395368 183945 363583 10  3 76 11  0  0
10 11 107072 138260616 2220628 49649156    0    0 695568 421544 189090 382008 10  4 75 11  0  0
17  4 107072 138262056 2220628 49649180    0    0 692864 410260 188889 379394 11  4 75 10  0  0
15  7 107072 138256828 2220628 49649196    0    0 688576 425816 188997 380249 11  4 75 10  0  0
16  8 107072 138239508 2220628 49649220    0    0 688976 415172 189142 379174 11  4 75 10  0  0
13 10 107072 138228936 2220628 49649244    0    0 691232 413888 188522 383202 11  4 75 10  0  0
procs -----------memory---------- ---swap-- -----io---- -system-- -------cpu-------
 r  b   swpd   free   buff  cache   si   so    bi    bo   in   cs us sy id wa st gu
11  7 107072 138240404 2220628 49649264    0    0 692800 430904 189483 377574 10  4 76 11  0  0
13  8 107072 138234848 2220628 49649280    0    0 692848 409120 187539 379122 11  4 75 10  0  0
12 10 107072 138235836 2220628 49649300    0    0 691296 421584 187754 386163 11  4 75 10  0  0
20  3 107072 138234340 2220628 49649328    0    0 697632 407468 188662 380502 10  4 75 10  0  0
13  8 107072 138233656 2220632 49649352    0    0 694432 411276 189003 372418 11  4 75 10  0  0
 9 10 107072 138232964 2220632 49649376    0    0 696832 416772 188199 384507 10  4 75 11  0  0
 8 11 107072 138239488 2220632 49649392    0    0 691424 413988 188050 377732 10  3 76 10  0  0
13  9 107072 138231076 2220632 49649404    0    0 691552 420732 188911 378344 10  4 75 10  0  0
13  8 107072 138233580 2220632 49649432    0    0 642784 374400 179992 352283 10  4 75 11  0  0
12 11 107072 138259424 2220632 49649456    0    0 688000 409844 188220 377831 10  4 75 10  0  0
13  7 107072 138253236 2220632 49649476    0    0 690064 414324 187246 377620 10  4 75 10  0  0
11 10 107072 138252940 2220632 49649496    0    0 688016 419120 187137 378540 10  4 75 11  0  0
 7 10 107072 138253884 2220632 49649512    0    0 695648 414516 187590 374697 10  3 76 11  0  0
11 11 107072 138249240 2220632 49649524    0    0 692144 419976 188630 381075 10  4 75 10  0  0
 5 15 107072 138263888 2220632 49649548    0    0 687552 416224 188790 378281 10  4 75 10  0  0
15  9 107072 138249272 2220636 49649568    0    0 690224 420096 189285 380558 10  4 75 10  0  0
12  9 107072 138252604 2220636 49649596    0    0 688608 407600 188174 379088 10  4 75 10  0  0
12  8 107072 138227112 2220636 49649620    0    0 693184 413996 187799 385366 10  4 75 10  0  0
 9 10 107072 138235728 2220636 49649632    0    0 695792 406668 186586 374192 10  3 76 10  0  0
12  8 107072 138226384 2220636 49649652    0    0 679168 413396 186587 374835 10  4 75 11  0  0
14  9 107072 138232308 2220640 49649676    0    0 660960 394752 183353 365863 10  4 75 11  0  0
procs -----------memory---------- ---swap-- -----io---- -system-- -------cpu-------
 r  b   swpd   free   buff  cache   si   so    bi    bo   in   cs us sy id wa st gu
 6 13 107072 138234944 2220640 49649700    0    0 693744 420280 187968 379214 10  4 75 11  0  0
12  7 107072 138238276 2220640 49649720    0    0 691904 414264 188756 382197 11  4 75 10  0  0
12  7 107072 138223348 2220640 49649744    0    0 690448 421812 189290 379908 10  4 75 10  0  0
 9 12 107072 138228896 2220640 49649760    0    0 697904 419772 188566 377127 10  3 76 11  0  0
11 10 107072 138217036 2220644 49649776    0    0 692320 417812 188904 381756 10  4 75 10  0  0
14  6 107072 138245364 2220644 49649804    0    0 690592 411148 188977 383800 10  4 75 10  0  0
11  9 107072 138264564 2220644 49649832    0    0 688128 414536 189598 379980 11  4 75 10  0  0
13  7 107072 138250324 2220644 49649856    0    0 686096 421696 188667 377111 10  4 75 10  0  0
13  6 107072 138255980 2220644 49649872    0    0 692608 418084 188713 381739 11  4 75 10  0  0
10 10 107072 138257736 2220648 49649892    0    0 699712 420352 188773 378281 10  3 76 11  0  0
13  8 107072 138248520 2220648 49649904    0    0 690608 420516 189398 378542 10  4 75 10  0  0
10 12 107072 138247240 2220648 49649932    0    0 690256 418240 188785 380662 10  4 75 10  0  0
23  7 107072 138245092 2220648 49649952    0    0 684816 413880 188867 380429 10  4 75 10  0  0
12 11 107072 138248852 2220648 49649972    0    0 645072 376996 180957 351385 10  4 75 11  0  0
 6 12 107072 138238128 2220648 49650000    0    0 685456 411708 187853 377841 10  4 75 11  0  0
 9 11 107072 138247160 2220648 49650012    0    0 694880 418124 189639 377872 10  3 76 10  0  0
12  8 107072 138247224 2220648 49650028    0    0 688320 411452 188420 380240 10  4 75 10  0  0
 9 13 107072 138253176 2220648 49650052    0    0 690032 413372 188033 376397 10  4 75 10  0  0
15  5 107072 138228664 2220648 49650072    0    0 694752 411928 187443 380045 10  4 75 10  0  0
14  6 107072 138234984 2220648 49650096    0    0 693232 421684 188636 379897 11  4 74 10  0  0
11  7 107072 138220744 2220648 49650184    0    0 693392 417852 187235 381407 10  4 75 11  0  0
procs -----------memory---------- ---swap-- -----io---- -system-- -------cpu-------
 r  b   swpd   free   buff  cache   si   so    bi    bo   in   cs us sy id wa st gu
13  7 107072 138225108 2220648 49650200    0    0 694592 424940 187756 373890 10  3 76 11  0  0
11  8 107072 138239856 2220648 49650216    0    0 691456 418800 188313 379825 10  4 75 10  0  0
 9 10 107072 138257356 2220648 49650236    0    0 696608 411176 188139 380602 10  4 75 10  0  0
 3 17 107072 138249848 2220648 49650264    0    0 673280 407240 185096 365499 10  4 75 11  0  0
14  7 107072 138241476 2220648 49650280    0    0 661552 389204 182931 364495 10  4 75 11  0  0
11  7 107072 138250632 2220648 49650300    0    0 695664 408540 188508 377925 10  4 75 10  0  0
12 10 107072 138256152 2220648 49650312    0    0 694544 418272 188661 374126 10  3 76 11  0  0
 7 14 107072 138256856 2220648 49650328    0    0 685344 422776 188944 379691 11  4 75 10  0  0
12  9 107072 138258384 2220648 49650356    0    0 693344 417544 188434 378978 10  4 75 10  0  0
12  8 107072 138260628 2220648 49650384    0    0 692144 416044 188706 381253 10  4 75 10  0  0
 8 11 107072 138256332 2220648 49650404    0    0 688080 416296 188408 380196 10  4 75 10  0  0
11  8 107072 138267648 2220648 49650424    0    0 692000 409832 187771 374696 10  4 75 10  0  0
14  6 107072 138255044 2220648 49650436    0    0 698352 412220 187680 378362 10  4 76 10  0  0
24  6 107072 138231112 2220652 49650464    0    0 691088 413716 187508 379354 10  4 75 10  0  0
16  5 107072 138228660 2220652 49650484    0    0 684928 422348 188169 377576 11  4 75 10  0  0
15  7 107072 138221964 2220652 49650512    0    0 688528 413412 188251 382139 10  4 75 10  0  0
13  7 107072 138242912 2220652 49650536    0    0 689136 414144 188149 380294 10  4 75 10  0  0
 7 10 107072 138247444 2220652 49650560    0    0 688928 412092 188675 377523 10  4 76 10  0  0
 9 10 107072 138247160 2220656 49650568    0    0 689184 412576 187476 380636 10  4 75 11  0  0
13  6 107072 138247648 2220656 49650592    0    0 640336 378920 180140 354780 10  4 75 11  0  0
13  6 107072 138260368 2220656 49650616    0    0 690480 407828 188096 382849 10  4 75 10  0  0
procs -----------memory---------- ---swap-- -----io---- -system-- -------cpu-------
 r  b   swpd   free   buff  cache   si   so    bi    bo   in   cs us sy id wa st gu
14  5 107072 138262872 2220656 49650640    0    0 685760 420580 189038 376283 10  4 75 11  0  0
16  5 107072 138255368 2220656 49650660    0    0 689984 411396 188913 379562 10  4 75 10  0  0
 7 12 107072 138258536 2220656 49650684    0    0 695344 418900 188746 379507 10  4 76 11  0  0
13  6 107072 138250596 2220656 49650696    0    0 693104 418912 188141 379748 10  4 75 11  0  0
12  7 107072 138254816 2220656 49650716    0    0 693824 419180 188902 378447 11  4 75 10  0  0
 6 14 107072 138250692 2220656 49650740    0    0 689888 412380 188099 378307 10  4 75 10  0  0
13  6 107072 138244712 2220656 49650764    0    0 692496 414540 188744 381582 11  4 75 10  0  0
10  9 107072 138255024 2220656 49650784    0    0 688528 419912 187938 381427 10  4 75 10  0  0
11  6 107072 138268124 2220656 49650804    0    0 693904 414988 188050 380312 10  3 76 11  0  0
14  5 107072 138252256 2220656 49650816    0    0 645952 384588 180258 351175 10  4 75 11  0  0
10  9 107072 138236792 2220656 49650840    0    0 688448 406624 187830 377589 10  4 75 10  0  0
12  9 107072 138233652 2220656 49650860    0    0 690672 417548 187972 382072 10  4 75 11  0  0
10 11 107072 138242520 2220660 49650880    0    0 690128 412368 187389 379736 10  4 75 10  0  0
12  9 107072 138261748 2220660 49650908    0    0 689872 408688 187973 379543 10  4 75 10  0  0
13  6 107072 138262496 2220660 49650928    0    0 696960 422900 189362 374752 10  3 76 11  0  0
15  4 107072 138265508 2220660 49650936    0    0 695184 413736 188244 381850 10  4 75 10  0  0
 6 16 107072 138264596 2220660 49650956    0    0 686768 415192 187947 376371 10  4 75 10  0  0
13  8 107072 138247660 2220668 49650980    0    0 689296 413892 188947 376523 11  4 75 10  0  0
16  6 107072 138268072 2220668 49651004    0    0 688224 415592 188580 377497 10  4 75 10  0  0
30  7 107072 138249908 2220668 49651020    0    0 692336 412904 188997 380807 11  4 75 10  0  0
 9 11 107072 138265648 2220668 49651040    0    0 694624 415072 188219 373963 10  3 76 10  0  0
procs -----------memory---------- ---swap-- -----io---- -system-- -------cpu-------
 r  b   swpd   free   buff  cache   si   so    bi    bo   in   cs us sy id wa st gu
10  9 107072 138262076 2220668 49651048    0    0 692864 419072 188524 377923 10  4 75 10  0  0
11  9 107072 138261844 2220668 49651072    0    0 686896 414364 188336 376934 11  4 75 10  0  0
18  2 107072 138260052 2220668 49651100    0    0 693040 411680 188518 382893 10  4 75 10  0  0
 7 12 107072 138236972 2220668 49651124    0    0 642432 385568 180723 354056 10  4 75 11  0  0
12  7 107072 138254804 2220668 49651148    0    0 690656 410880 188434 379690 10  4 75 10  0  0
15  5 107072 138255728 2220668 49651164    0    0 693232 421952 189837 375064 10  3 76 11  0  0
10  9 107072 138239172 2220668 49651176    0    0 689920 406828 188033 381153 10  4 75 10  0  0
12  9 107072 138245116 2220668 49651204    0    0 691040 420832 189598 379138 10  4 75 10  0  0
11 10 107072 138258764 2220668 49651224    0    0 689984 418240 189124 381772 11  4 75 10  0  0
 5 13 107072 138252428 2220668 49651248    0    0 695328 409748 188671 380897 10  4 75 10  0  0
13 10 107072 138250608 2220668 49651272    0    0 691952 414468 187433 380613 11  4 75 10  0  0
 9  8 107072 138247164 2220668 49651288    0    0 694032 412224 187728 376008 10  3 76 10  0  0
16  5 107072 138254988 2220668 49651300    0    0 689968 419824 189381 376497 11  4 75 10  0  0
10  9 107072 138254404 2220668 49651332    0    0 694336 412352 188564 382966 10  4 75 10  0  0
12  8 107072 138232228 2220668 49651348    0    0 644688 386728 180401 354411 10  4 75 11  0  0
14  6 107072 138220772 2220668 49651368    0    0 692080 419892 188802 380513 11  4 75 10  0  0
14  6 107072 138239908 2220668 49651392    0    0 691952 418532 188200 376111 10  4 75 10  0  0
11 11 107072 138244440 2220668 49651476    0    0 697776 420136 187986 372705 10  3 76 11  0  0
10 11 107072 138225608 2220668 49651496    0    0 692240 411216 187494 380469 10  4 75 10  0  0
16  7 107072 138223868 2220668 49651512    0    0 693280 413744 187846 380234 10  4 75 10  0  0
 6 13 107072 138228704 2220668 49651536    0    0 694448 411252 187000 377988 10  4 75 10  0  0
procs -----------memory---------- ---swap-- -----io---- -system-- -------cpu-------
 r  b   swpd   free   buff  cache   si   so    bi    bo   in   cs us sy id wa st gu
15  4 107072 138213740 2220668 49651564    0    0 692624 416152 186642 379532 11  4 75 10  0  0
 8 11 107072 138242764 2220668 49651592    0    0 692640 415828 187703 377180 10  4 75 10  0  0
12 11 107072 138244208 2220668 49651604    0    0 699184 420880 188292 381059 10  3 76 11  0  0
11 11 107072 138255592 2220668 49651624    0    0 692448 422564 188354 383597 10  4 75 10  0  0
12  8 107072 138247820 2220668 49651648    0    0 693232 418456 188873 380526 10  4 75 10  0  0
 9 10 107072 138244704 2220668 49651668    0    0 692128 412324 188408 379867 10  4 75 10  0  0
 9 11 107072 138246328 2220668 49651688    0    0 694672 411520 187707 379749 11  4 75 10  0  0
10  8 107072 138250268 2220668 49651712    0    0 689584 430540 188496 377265 10  4 75 11  0  0
13  7 107072 138250652 2220668 49651724    0    0 660624 394236 183180 364733 10  3 76 11  0  0
13  9 107072 138254136 2220668 49651748    0    0 671680 398588 184988 368866 10  4 75 11  0  0
11  9 107072 138238060 2220672 49651804    0    0 687984 411432 187941 380770 11  5 74 10  0  0
12  8 107072 138240736 2220672 49651828    0    0 685920 411608 188069 378827 10  4 75 10  0  0
11 10 107072 138232656 2220672 49651856    0    0 693360 412584 188566 378244 10  4 75 10  0  0
 7 12 107072 138249684 2220672 49651880    0    0 696304 413300 188091 381101 10  4 76 11  0  0
12  9 107072 138237384 2220672 49651888    0    0 689936 414856 187867 382360 10  4 75 10  0  0
17  3 107072 138250224 2220672 49651912    0    0 691504 410668 187651 383693 11  4 75 10  0  0
11 10 107072 138236480 2220672 49651936    0    0 691584 409368 188063 378686 10  4 75 10  0  0
13  9 107072 138236684 2220672 49651956    0    0 689488 415840 187704 378559 10  4 75 10  0  0
11 10 107072 138234268 2220676 49651984    0    0 647024 384644 180904 356336 10  4 75 11  0  0
12  8 107072 138244428 2220676 49652004    0    0 697744 409328 187469 375812 10  3 76 11  0  0
13  7 107072 138249168 2220676 49652016    0    0 688032 420796 188973 376822 10  4 75 10  0  0
procs -----------memory---------- ---swap-- -----io---- -system-- -------cpu-------
 r  b   swpd   free   buff  cache   si   so    bi    bo   in   cs us sy id wa st gu
 7 12 107072 138263504 2220676 49652036    0    0 688544 416284 188773 380265 10  4 75 10  0  0
13  6 107072 138245692 2220676 49652060    0    0 689296 415792 187981 380739 11  4 75 10  0  0
11 11 107072 138252716 2220680 49652084    0    0 687984 413964 188339 383982 11  5 74 10  0  0
15  5 107072 138274028 2220680 49652144    0    0 693392 409692 188446 383160 10  5 75 10  0  0
13  4 107072 138279716 2220680 49652164    0    0 694800 422864 187753 379397 10  3 76 11  0  0
 8 14 107072 138257652 2220680 49652176    0    0 691472 415300 188278 378725 11  4 75 10  0  0
12 11 107072 138271848 2220680 49652188    0    0 687184 410324 188087 372703 10  4 75 10  0  0
10 12 107072 138271864 2220688 49652228    0    0 689728 422748 188718 378063 10  4 75 10  0  0
15  8 107072 138255256 2220688 49652248    0    0 693712 412188 188611 380863 11  4 75 10  0  0
13  8 107072 138261712 2220688 49652268    0    0 689936 416992 188204 381171 11  4 75 10  0  0
12  7 107072 138268072 2220688 49652288    0    0 698064 413500 188483 375606 10  3 76 11  0  0
12  6 107072 138255224 2220688 49652304    0    0 692240 412984 188923 378799 10  4 75 10  0  0
10 10 107072 138244272 2220692 49652328    0    0 692208 413832 188711 381045 11  4 75 10  0  0
15  8 107072 138241192 2220692 49652348    0    0 691040 407864 187446 377910 10  4 75 11  0  0
10  9 107072 138238192 2220692 49652368    0    0 645504 388376 180200 355674 10  4 75 11  0  0
 8 13 107072 138251592 2220692 49652396    0    0 691568 411464 188113 376547 10  4 75 10  0  0
13  7 107072 138245540 2220692 49652412    0    0 692112 416048 186743 371474 10  3 76 11  0  0
11  8 107072 138233020 2220692 49652432    0    0 691632 415496 188260 380942 10  4 75 10  0  0
16  4 107072 138232456 2220692 49652452    0    0 691424 422620 188045 383381 10  4 75 11  0  0
12  8 107072 138219008 2220692 49652472    0    0 692592 413100 187690 381640 10  4 75 10  0  0
16  7 107072 138224888 2220692 49652500    0    0 692080 414272 188093 380238 10  4 75 10  0  0
procs -----------memory---------- ---swap-- -----io---- -system-- -------cpu-------
 r  b   swpd   free   buff  cache   si   so    bi    bo   in   cs us sy id wa st gu
 8 12 107072 138226992 2220692 49652520    0    0 691568 416712 188379 376101 10  4 75 10  0  0
10  9 107072 138236652 2220692 49652536    0    0 691712 414480 187220 374054 10  3 76 10  0  0
 9 11 107072 138242772 2220692 49652548    0    0 642400 390444 181591 351635 10  4 75 11  0  0
15  6 107072 138247124 2220692 49652568    0    0 691168 405612 188140 376621 10  4 75 10  0  0
13  8 107072 138237036 2220692 49652592    0    0 690688 417604 187842 381733 10  4 75 10  0  0
 9 10 107072 138245420 2220692 49652612    0    0 691424 406212 186745 376822 10  4 75 10  0  0
10  9 107072 138244916 2220692 49652640    0    0 690496 415532 187125 375606 10  4 75 10  0  0
10 10 107072 138240416 2220692 49652656    0    0 691888 416200 188002 376359 10  3 76 11  0  0
12 10 107072 138235020 2220692 49652688    0    0 691056 409004 187323 382929 10  4 75 10  0  0
14  6 107072 138237004 2220692 49652712    0    0 690864 414876 186816 381121 10  4 75 11  0  0
14  9 107072 138238628 2220692 49652732    0    0 690080 417320 186917 378130 10  4 75 10  0  0
11  9 107072 138233136 2220696 49652752    0    0 692288 415724 187856 380308 10  4 75 10  0  0
10  9 107072 138237740 2220696 49652776    0    0 693536 406928 187214 372086 10  4 76 10  0  0
15  6 107072 138227488 2220696 49652788    0    0 694864 412992 187185 374680 10  4 75 11  0  0
11 10 107072 138248832 2220696 49652900    0    0 691536 414644 187410 376680 10  4 75 10  0  0
14 11 107072 138245740 2220696 49652924    0    0 692368 423596 187363 380522 11  4 75 10  0  0
10  9 107072 138240228 2220696 49652944    0    0 694832 419632 187806 383016 10  4 75 11  0  0
 9 10 107072 138243024 2220696 49652972    0    0 690864 413364 187477 381417 10  4 75 10  0  0
 8  8 107072 138243148 2220696 49652996    0    0 671984 403056 184343 363866 10  3 76 11  0  0
16  5 107072 138235012 2220696 49653004    0    0 666800 396976 183758 363384 10  4 75 11  0  0
17  5 107072 138251676 2220696 49653020    0    0 688128 404656 186646 379118 10  4 75 11  0  0
procs -----------memory---------- ---swap-- -----io---- -system-- -------cpu-------
 r  b   swpd   free   buff  cache   si   so    bi    bo   in   cs us sy id wa st gu
14  5 107072 138240076 2220696 49653040    0    0 692624 415364 187801 379531 10  4 75 10  0  0
14  6 107072 138247280 2220696 49653068    0    0 690128 413320 187549 378018 10  4 75 11  0  0
 9 12 107072 138222744 2220696 49653092    0    0 691968 416548 188110 379616 10  4 75 10  0  0
27  6 107072 138233176 2220696 49653108    0    0 690448 408668 187699 371289 10  3 76 10  0  0
11 11 107072 138223252 2220696 49653120    0    0 691344 416244 188965 374537 11  4 75 10  0  0
12  9 107072 138236028 2220696 49653140    0    0 691664 417508 188138 385757 10  4 75 10  0  0
15  6 107072 138226504 2220696 49653164    0    0 689376 425516 189249 383917 10  4 75 10  0  0
10 10 107072 138224808 2220696 49653196    0    0 642368 390616 180912 353619 10  4 75 11  0  0
12  8 107072 138238024 2220696 49653216    0    0 695568 410232 187821 382549 10  4 75 11  0  0
13  5 107072 138235660 2220696 49653232    0    0 693648 416908 187696 376746 10  3 76 11  0  0
12  7 107072 138260484 2220700 49653240    0    0 690752 415056 187748 383899 10  4 75 10  0  0
14  8 107072 138257552 2220700 49653276    0    0 693936 404192 188301 379964 10  4 75 10  0  0
10  9 107072 138254332 2220700 49653296    0    0 689856 411472 188278 381907 11  4 75 10  0  0
 8 14 107072 138238056 2220700 49653316    0    0 693184 412412 186839 378700 10  4 75 10  0  0
 8 10 107072 138216520 2220700 49653336    0    0 696560 416604 186935 381507 10  4 75 11  0  0
15  6 107072 138212240 2220700 49653352    0    0 694608 411320 186752 370321 10  3 76 10  0  0
11  9 107072 138224696 2220700 49653372    0    0 686112 412892 186656 375987 10  4 75 10  0  0
 9  9 107072 138242076 2220700 49653396    0    0 694992 412224 187161 383045 10  4 75 10  0  0
15  6 107072 138257468 2220700 49653420    0    0 690912 416284 187562 380238 10  4 75 10  0  0
10 10 107072 138251712 2220700 49653440    0    0 692640 420716 187938 384150 11  4 75 10  0  0
11  8 107072 138254080 2220704 49653460    0    0 695984 409916 187815 378223 10  4 75 10  0  0
procs -----------memory---------- ---swap-- -----io---- -system-- -------cpu-------
 r  b   swpd   free   buff  cache   si   so    bi    bo   in   cs us sy id wa st gu
13  8 107072 138260500 2220704 49653480    0    0 692224 420332 187518 376166 10  4 76 10  0  0
11  8 107072 138256496 2220704 49653496    0    0 692016 416132 188724 382842 10  4 75 10  0  0
 8 12 107072 138255780 2220704 49653516    0    0 641296 384868 181144 350826 10  4 75 11  0  0
11  8 107072 138264664 2220704 49653536    0    0 689600 406108 188209 378994 10  4 75 10  0  0
10 10 107072 138249184 2220704 49653564    0    0 686992 410380 187703 380394 11  4 75 10  0  0
11  7 107072 138254908 2220704 49653584    0    0 689040 415816 188762 378369 10  4 75 10  0  0
15  6 107072 138249240 2220704 49653596    0    0 692432 410316 187750 375524 10  4 76 11  0  0
11 10 107072 138248880 2220704 49653612    0    0 690864 411948 188279 376994 10  4 75 10  0  0
10 11 107072 138246852 2220704 49653644    0    0 688240 420516 188505 380395 10  4 75 10  0  0
15 10 107072 138247872 2220712 49653656    0    0 689840 414636 187957 382058 10  4 75 10  0  0
12  7 107072 138230580 2220712 49653684    0    0 692048 418724 187891 380506 10  4 75 10  0  0
 6 13 107072 138247756 2220712 49653708    0    0 683232 408380 185217 370852 10  4 76 11  0  0
12  8 107072 138234408 2220712 49653716    0    0 657344 393712 181389 359727 10  4 76 11  0  0
10  9 107072 138241772 2220712 49653736    0    0 689408 405996 187670 379033 11  4 75 10  0  0
19  7 107072 138243716 2220716 49653756    0    0 690144 419648 187560 379466 11  4 75 10  0  0
 9  9 107072 138247252 2220716 49653780    0    0 689104 411860 187230 379971 10  4 75 10  0  0
10  9 107072 138232184 2220716 49653808    0    0 687792 407960 187085 376227 10  4 75 10  0  0
10  8 107072 138242132 2220716 49653836    0    0 690624 412684 188189 376011 10  3 76 11  0  0
12  6 107072 138243928 2220716 49653844    0    0 689296 413740 187692 377136 11  4 75 10  0  0
15  3 107072 138251256 2220724 49653860    0    0 690416 413188 188387 380136 11  4 75 10  0  0
16  6 107072 138253144 2220724 49653892    0    0 693312 412692 188396 381786 10  4 75 10  0  0
procs -----------memory---------- ---swap-- -----io---- -system-- -------cpu-------
 r  b   swpd   free   buff  cache   si   so    bi    bo   in   cs us sy id wa st gu
13  9 107072 138260988 2220724 49653912    0    0 688560 412960 188310 376074 11  4 75 10  0  0
15  6 107072 138236948 2220724 49653936    0    0 689296 421724 188577 379463 10  4 75 10  0  0
10  8 107072 138243724 2220724 49653956    0    0 697392 420844 189082 380452 10  3 76 11  0  0
15  7 107072 138242108 2220728 49653964    0    0 692912 411520 187754 380985 10  4 75 10  0  0
13  8 107072 138237956 2220728 49653988    0    0 694736 413868 188309 382899 10  4 75 10  0  0
17  4 107072 138245344 2220728 49654024    0    0 694160 414604 187510 380328 10  4 75 11  0  0
 9 10 107072 138261420 2220728 49654052    0    0 692032 419584 188346 381507 10  4 75 11  0  0
13  5 107072 138247820 2220728 49654072    0    0 675280 398292 185512 368096 10  4 75 11  0  0
13  6 107072 138259576 2220732 49654084    0    0 657456 390288 181502 351734 10  3 76 11  0  0
11  8 107072 138245016 2220732 49654104    0    0 688848 406388 188635 376202 10  4 75 10  0  0
10 11 107072 138246452 2220732 49654132    0    0 688112 416576 188165 378208 10  4 75 10  0  0
14  6 107072 138250200 2220732 49654216    0    0 687616 417904 188537 378451 10  4 75 11  0  0
12  8 107072 138243452 2220732 49654236    0    0 686352 412536 187508 380402 11  4 75 10  0  0
11  7 107072 138241772 2220732 49654256    0    0 688064 415100 187921 378333 10  4 75 10  0  0
14  7 107072 138241288 2220736 49654272    0    0 698544 410140 188298 376785 10  3 76 11  0  0
12  8 107072 138241928 2220736 49654296    0    0 691552 412384 187285 378426 10  4 75 10  0  0
16  5 107072 138251804 2220736 49654316    0    0 691280 413040 187596 379226 11  4 75 10  0  0
15  5 107072 138255664 2220736 49654340    0    0 642288 381100 179644 351572 10  4 75 11  0  0
14 10 107072 138258304 2220736 49654360    0    0 694864 404236 187757 381933 11  4 75 10  0  0
15  5 107072 138263672 2220740 49654380    0    0 692096 418748 187847 379420 10  4 75 10  0  0
11  8 107072 138259108 2220740 49654400    0    0 693008 414588 187785 377464 10  3 76 11  0  0
procs -----------memory---------- ---swap-- -----io---- -system-- -------cpu-------
 r  b   swpd   free   buff  cache   si   so    bi    bo   in   cs us sy id wa st gu
13  7 107072 138258020 2220740 49654420    0    0 684976 416180 187598 378482 10  4 75 10  0  0
17  8 107072 138250280 2220740 49654444    0    0 687712 418016 187629 378838 10  4 75 10  0  0
13  7 107072 138240220 2220740 49654464    0    0 693568 408992 188256 382144 10  4 75 10  0  0
10 10 107072 138232072 2220744 49654484    0    0 695744 412916 189068 380237 10  4 75 10  0  0
 9  9 107072 138231412 2220744 49654508    0    0 697376 415948 188685 380176 10  4 76 11  0  0
12 12 107072 138234224 2220744 49654516    0    0 694064 421012 189383 380136 10  4 76 11  0  0
14 10 107072 138239192 2220744 49654540    0    0 691584 417820 187374 380735 10  5 75 10  0  0
13  8 107072 138245852 2220744 49654560    0    0 689968 418896 187502 383024 10  4 75 10  0  0
10 10 107072 138258068 2220744 49654584    0    0 692544 419660 188152 383940 10  4 75 10  0  0
12  8 107072 138255436 2220744 49654608    0    0 690560 402564 186685 381405 11  4 75 10  0  0
 9 10 107072 138255780 2220744 49654632    0    0 691616 405964 186641 378515 10  4 76 10  0  0
11  8 107072 138254276 2220744 49654640    0    0 689760 406832 187300 377263 10  4 75 10  0  0
10 11 107072 138266964 2220744 49654664    0    0 690752 411568 188194 380679 10  4 75 10  0  0
10  9 107072 138254864 2220748 49654684    0    0 642288 392540 181526 354910 10  4 75 11  0  0
21  5 107072 138250108 2220748 49654704    0    0 683664 410064 187841 377139 10  4 75 10  0  0
14  8 107072 138246400 2220748 49654732    0    0 694048 413208 188719 384012 11  4 75 10  0  0
13  7 107072 138253136 2220748 49654756    0    0 684288 419616 187508 378160 10  4 75 10  0  0
16  5 107072 138245128 2220748 49654772    0    0 694576 420716 188778 377343 10  4 76 11  0  0
18  4 107072 138252788 2220748 49654792    0    0 685024 411192 187946 379530 10  4 75 10  0  0
10  8 107072 138268412 2220748 49654816    0    0 685600 416692 188203 377264 10  4 75 10  0  0
12  8 107072 138261560 2220748 49654840    0    0 687568 410384 188566 380187 10  4 75 10  0  0
procs -----------memory---------- ---swap-- -----io---- -system-- -------cpu-------
 r  b   swpd   free   buff  cache   si   so    bi    bo   in   cs us sy id wa st gu
13  7 107072 138245944 2220748 49654864    0    0 694416 408672 187614 384018 10  4 75 10  0  0
14  5 107072 138259012 2220748 49654880    0    0 640048 387804 181054 351864  9  3 76 11  0  0
10 10 107072 138255564 2220748 49654896    0    0 692160 410988 188462 380072 11  3 76 10  0  0
13  7 107072 138249120 2220748 49654920    0    0 694304 406048 188469 377724 10  4 75 10  0  0
10  9 107072 138238568 2220748 49654944    0    0 692192 412076 188229 379379 11  4 75 10  0  0
11 11 107072 138256192 2220748 49654972    0    0 690208 416324 187942 381724 10  4 75 10  0  0
12  9 107072 138247412 2220748 49654988    0    0 687680 414484 188765 381911 10  4 75 10  0  0
10  8 107072 138260932 2220752 49655008    0    0 694416 417048 188599 374923 10  4 76 11  0  0
18  4 107072 138262724 2220752 49655020    0    0 692608 424576 189591 379401 10  4 75 11  0  0
14  7 107072 138239588 2220752 49655048    0    0 693680 416936 188106 381388 10  4 75 10  0  0
11 11 107072 138239468 2220752 49655068    0    0 694704 408424 188432 378525 10  4 75 10  0  0
11  9 107072 138227544 2220752 49655088    0    0 689744 409596 187766 379067 11  4 75 10  0  0
11  9 107072 138239992 2220752 49655108    0    0 690672 418184 188881 377836 10  4 75 10  0  0
13  5 107072 138239904 2220752 49655128    0    0 696432 410688 188803 374657 10  3 76 10  0  0
10  9 107072 138241900 2220752 49655144    0    0 693536 418124 188774 376781 10  4 75 10  0  0
10  9 107072 138240516 2220752 49655168    0    0 693824 412572 188113 379936 10  4 75 10  0  0
15  6 107072 138245476 2220752 49655192    0    0 688256 418872 188600 378044 11  4 75 10  0  0
14  5 107072 138235820 2220752 49655212    0    0 691536 410224 187431 381230 10  4 75 10  0  0
14  6 107072 138234428 2220752 49655232    0    0 687760 405088 187943 375077 10  4 75 10  0  0
13  6 107072 138229004 2220752 49655248    0    0 646448 387080 180084 349194  9  3 76 11  0  0
 8 11 107072 138225772 2220752 49655268    0    0 689792 406944 187805 377774 11  4 75 10  0  0
procs -----------memory---------- ---swap-- -----io---- -system-- -------cpu-------
 r  b   swpd   free   buff  cache   si   so    bi    bo   in   cs us sy id wa st gu
12  8 107072 138234268 2220752 49655288    0    0 693504 413048 187684 381527 10  4 75 11  0  0
11 10 107072 138246016 2220752 49655308    0    0 690640 424804 188834 378530 10  4 75 11  0  0
12  8 107072 138236704 2220752 49655328    0    0 688864 415284 187813 377193 10  4 75 10  0  0
 8 12 107072 138249468 2220752 49655356    0    0 690384 408100 188084 373086 10  4 75 10  0  0
12  8 107072 138246232 2220752 49655376    0    0 691296 403460 187272 375771 10  3 76 10  0  0
17  6 107072 138236376 2220752 49655388    0    0 687504 412716 187856 380240 11  4 75 10  0  0
10  9 107072 138235424 2220752 49655412    0    0 646880 391192 181594 356688 10  4 75 11  0  0
13  9 107072 138220196 2220752 49655436    0    0 689744 401652 187836 377526 11  4 75 10  0  0
10  9 107072 138221404 2220752 49655528    0    0 693664 412728 187714 378537 10  4 75 11  0  0
10  9 107072 138229300 2220752 49655552    0    0 693936 423228 188608 379593 10  4 75 11  0  0
10  9 107072 138226544 2220752 49655568    0    0 695600 414508 187761 378798 10  3 76 11  0  0
12  6 107072 138232556 2220752 49655588    0    0 691008 412452 187841 381045 11  4 75 10  0  0
 7 14 107072 138239692 2220752 49655612    0    0 688048 408932 186670 376117 10  4 75 10  0  0
11 12 107072 138233428 2220752 49655636    0    0 692640 404736 187426 379927 10  4 75 10  0  0
14  6 107072 138241064 2220752 49655660    0    0 688432 411924 187338 383127 10  4 75 10  0  0
11  9 107072 138245604 2220752 49655680    0    0 694320 423812 188036 381446 10  4 76 11  0  0
13  6 107072 138234268 2220752 49655692    0    0 691200 415096 188083 379446 10  4 76 10  0  0
13  6 107072 138240844 2220752 49655712    0    0 690944 413004 188464 384648 10  4 75 10  0  0
10  8 107072 138237956 2220752 49655732    0    0 690592 407068 186898 382476 10  4 75 10  0  0
 7 14 107072 138235760 2220752 49655768    0    0 694032 419016 188387 384928 10  4 75 10  0  0
12 10 107072 138225664 2220752 49655788    0    0 692928 421652 188045 383515 10  4 75 11  0  0
procs -----------memory---------- ---swap-- -----io---- -system-- -------cpu-------
 r  b   swpd   free   buff  cache   si   so    bi    bo   in   cs us sy id wa st gu
13  8 107072 138237288 2220756 49655808    0    0 702256 414784 188198 382451 10  4 76 11  0  0
13  7 107072 138251304 2220756 49655824    0    0 697072 413300 188749 383303 10  4 75 11  0  0
24 11 107072 138236800 2220756 49655848    0    0 693792 424520 187843 385667 11  4 75 11  0  0
 9 13 107072 138239596 2220756 49655872    0    0 647264 393576 180501 357116 10  4 75 11  0  0
16  7 107072 138235780 2220756 49655896    0    0 686752 398636 186410 375826 10  4 75 11  0  0
14  8 107072 138228016 2220760 49655916    0    0 693152 411516 186860 382028 10  4 75 10  0  0
11  7 107072 138248224 2220760 49655936    0    0 690704 417240 186577 374647 10  3 76 11  0  0
18  3 107072 138234436 2220760 49655948    0    0 689440 406232 187201 376693 11  4 75 10  0  0
11 10 107072 138244196 2220760 49655972    0    0 689056 416592 187763 379919 10  4 75 10  0  0
 9 11 107072 138241684 2220760 49656000    0    0 689264 421448 187724 379722 11  4 75 10  0  0
11  9 107072 138244396 2220760 49656020    0    0 682048 397144 186064 370659 10  4 75 11  0  0
11  7 107072 138257024 2220760 49656040    0    0 659024 389376 183365 357639 10  4 75 11  0  0
13  7 107072 138253748 2220760 49656056    0    0 694752 414344 188074 378748 10  3 76 10  0  0
 6 12 107072 138249908 2220760 49656068    0    0 691104 416024 188354 379963 10  4 75 10  0  0
 8 11 107072 138240008 2220760 49656100    0    0 693616 410836 187728 377324 10  4 75 10  0  0
12  7 107072 138261200 2220760 49656120    0    0 693072 411756 188462 384275 10  4 75 10  0  0
10 10 107072 138262896 2220760 49656140    0    0 690320 417052 189069 379371 11  4 75 10  0  0
11  7 107072 138274916 2220760 49656160    0    0 688800 402656 188076 374506 10  4 75 10  0  0
13  7 107072 138266316 2220760 49656176    0    0 696624 414852 188920 375285 10  3 76 11  0  0
11  8 107072 138262168 2220760 49656196    0    0 689520 418044 189838 380626 10  4 75 10  0  0
13 11 107072 138271932 2220760 49656216    0    0 690192 411436 188859 379661 10  4 75 10  0  0
procs -----------memory---------- ---swap-- -----io---- -system-- -------cpu-------
 r  b   swpd   free   buff  cache   si   so    bi    bo   in   cs us sy id wa st gu
12 10 107072 138272876 2220760 49656240    0    0 688144 414540 188304 381518 10  4 75 10  0  0
10  9 107072 138240344 2220760 49656264    0    0 686688 422100 189127 378023 11  4 75 10  0  0
12  7 107072 138260764 2220760 49656280    0    0 693616 418160 188446 380201 10  4 75 10  0  0
15  6 107072 138251156 2220760 49656304    0    0 696192 415208 189093 376959 10  3 76 11  0  0
11  8 107072 138228564 2220760 49656320    0    0 693808 416880 188728 381946 10  4 75 10  0  0
12  8 107072 138250732 2220760 49656340    0    0 687264 415088 188124 381464 10  4 75 10  0  0
12  9 107072 138251028 2220760 49656360    0    0 688560 408492 189926 375743 11  4 75 10  0  0
11  8 107072 138254016 2220760 49656384    0    0 694960 408380 189131 379869 10  4 75 10  0  0
 8 10 107072 138263664 2220760 49656404    0    0 690256 411520 187935 377585 10  4 75 11  0  0
10 10 107072 138260376 2220764 49656412    0    0 649136 381324 180313 351700 10  3 76 11  0  0
 8 10 107072 138259556 2220764 49656432    0    0 689264 406280 188561 378793 11  4 75 10  0  0
15  5 107072 138244232 2220764 49656452    0    0 686384 418084 188393 379183 10  4 75 10  0  0
11 10 107072 138243824 2220764 49656476    0    0 690144 418408 188428 380335 10  4 75 11  0  0
11  9 107072 138243528 2220764 49656500    0    0 691216 416820 188125 380804 10  4 75 10  0  0
12  6 107072 138251160 2220764 49656524    0    0 694752 414328 187977 377964 10  4 75 10  0  0
11 10 107072 138248352 2220768 49656536    0    0 644992 395724 180810 353100 10  3 76 11  0  0
 8 10 107072 138243592 2220768 49656560    0    0 687744 398424 187728 373931 10  4 75 10  0  0
14  6 107072 138237960 2220768 49656580    0    0 691472 414352 188907 381947 10  4 75 10  0  0
15  7 107072 138253712 2220768 49656608    0    0 691728 413416 189312 380031 10  4 75 10  0  0
14  7 107072 138234388 2220768 49656632    0    0 690896 419440 189484 380909 10  4 75 10  0  0
 7 11 107072 138238584 2220772 49656652    0    0 695472 419028 189013 378277 10  4 75 11  0  0
procs -----------memory---------- ---swap-- -----io---- -system-- -------cpu-------
 r  b   swpd   free   buff  cache   si   so    bi    bo   in   cs us sy id wa st gu
12  7 107072 138236896 2220772 49656668    0    0 698240 417276 188454 380510 10  4 76 11  0  0
 5 14 107072 138234072 2220772 49656692    0    0 632768 377100 179326 348912 10  4 75 11  0  0
10  9 107072 138229520 2220772 49656712    0    0 608384 352692 174093 333063  9  4 75 12  0  0
 9 10 107072 138236168 2220772 49656732    0    0 607968 351044 175190 330964  9  4 75 12  0  0
11 13 107072 138244548 2220772 49656752    0    0 611616 352984 175348 332749  9  4 75 12  0  0
10  9 107072 138258804 2220772 49656840    0    0 610176 348692 173922 329808  9  3 76 12  0  0
13  8 107072 138255576 2220772 49656852    0    0 623472 366884 176922 336323  9  3 76 12  0  0
13  5 107072 138244924 2220772 49656872    0    0 682000 400268 187749 373322 10  4 75 11  0  0
12  6 107072 138248692 2220772 49656896    0    0 668208 407800 184908 370622 10  4 75 11  0  0
10  8 107072 138250804 2220772 49656920    0    0 679424 412880 187491 375561 10  4 75 11  0  0
 8 13 107072 138241724 2220772 49656940    0    0 678832 401900 186943 372701 10  4 75 10  0  0
12  8 107072 138241956 2220772 49656960    0    0 684880 405532 187077 374033 10  4 76 11  0  0
13  7 107072 138227524 2220772 49656976    0    0 688304 407924 187953 369677 10  3 76 11  0  0
14  6 107072 138233796 2220772 49657000    0    0 682064 405212 186677 375707 10  4 75 11  0  0
 4 15 107072 138231432 2220772 49657024    0    0 642944 380984 180984 352499 10  4 75 11  0  0
10  9 107072 138230524 2220772 49657044    0    0 679648 402532 186430 372038 10  4 75 11  0  0
11  9 107072 138232348 2220772 49657064    0    0 684624 402708 187762 374439 10  4 75 11  0  0
13  7 107072 138219368 2220772 49657088    0    0 683344 410176 187340 366827 10  4 76 11  0  0
10  9 107072 138234208 2220772 49657104    0    0 680992 403932 186165 372214 10  4 75 11  0  0
10  9 107072 138233648 2220772 49657124    0    0 684432 409348 187184 378180 10  4 75 11  0  0
13  8 107072 138217688 2220772 49657148    0    0 681264 409436 186648 377104 10  4 75 11  0  0
procs -----------memory---------- ---swap-- -----io---- -system-- -------cpu-------
 r  b   swpd   free   buff  cache   si   so    bi    bo   in   cs us sy id wa st gu
13  6 107072 138240140 2220772 49657164    0    0 679552 399240 186138 374909 10  4 75 11  0  0
 9  8 107072 138270064 2220772 49657184    0    0 680656 411948 186689 377837 10  4 75 11  0  0
 8 10 107072 138265148 2220772 49657212    0    0 678512 407376 186774 372527 10  4 76 11  0  0
10  9 107072 138255924 2220772 49657220    0    0 687792 412648 187926 374826 10  4 75 11  0  0
13  6 107072 138246460 2220772 49657240    0    0 688192 405736 187129 380887 10  4 75 10  0  0
10  9 107072 138243584 2220772 49657260    0    0 685872 410224 187801 378642 11  4 75 10  0  0
11  9 107072 138242312 2220772 49657284    0    0 694880 409304 188625 381082 10  4 75 10  0  0
 9  9 107072 138235136 2220772 49657312    0    0 693904 415900 187988 383653 10  4 75 11  0  0
14  7 107072 138241520 2220772 49657340    0    0 693472 422700 188825 379568 10  3 76 11  0  0
13  6 107072 138224588 2220772 49657348    0    0 692352 417408 187922 380468 10  4 75 11  0  0
14 10 107072 138218628 2220772 49657364    0    0 694672 417312 189003 382875 10  4 75 11  0  0
12  9 107072 138213988 2220772 49657396    0    0 687136 413768 187869 381116 11  4 75 10  0  0
 9 11 107072 138228496 2220772 49657420    0    0 690448 415516 188081 380363 10  4 75 10  0  0
20  2 107072 138246064 2220772 49657440    0    0 689216 408604 188589 378359 10  4 75 10  0  0
10  9 107072 138233156 2220772 49657460    0    0 695840 410204 187300 378736 10  3 76 10  0  0
14  8 107072 138234792 2220772 49657468    0    0 693056 418164 188148 378909 10  4 75 11  0  0
13  9 107072 138224112 2220772 49657496    0    0 687168 415992 187607 376436 10  4 75 10  0  0
13 11 107072 138229660 2220772 49657516    0    0 689648 414712 188346 383357 10  4 75 10  0  0
11  9 107072 138235940 2220772 49657536    0    0 688784 411984 187757 376956 10  4 75 10  0  0
 9 11 107072 138239156 2220772 49657560    0    0 639840 382940 180678 348316 10  4 75 11  0  0
 9 10 107072 138232828 2220772 49657584    0    0 696096 404248 188411 376858 10  3 76 11  0  0
procs -----------memory---------- ---swap-- -----io---- -system-- -------cpu-------
 r  b   swpd   free   buff  cache   si   so    bi    bo   in   cs us sy id wa st gu
10  9 107072 138245596 2220772 49657596    0    0 691408 408076 188924 381438 11  4 75 10  0  0
11  9 107072 138232464 2220772 49657616    0    0 690912 418820 188235 381246 10  4 75 11  0  0
16  7 107072 138244056 2220772 49657648    0    0 690912 413488 188750 381100 10  4 75 10  0  0
17  6 107072 138244328 2220772 49657668    0    0 690432 410744 189139 379236 11  4 75 10  0  0
 8 11 107072 138251824 2220772 49657692    0    0 684848 414976 188977 376922 10  4 75 10  0  0
 8 10 107072 138250096 2220772 49657712    0    0 689312 415620 187435 373933 10  3 76 10  0  0
11 10 107072 138246608 2220772 49657720    0    0 687712 405604 187844 377434 11  4 75 10  0  0
10 12 107072 138236856 2220776 49657744    0    0 689872 416396 188103 382474 10  4 75 10  0  0
12  7 107072 138238412 2220776 49657768    0    0 691888 420968 189382 376500 11  4 75 10  0  0
16  8 107072 138243680 2220776 49657788    0    0 688160 412324 188463 380039 10  4 75 10  0  0
11  9 107072 138237964 2220776 49657808    0    0 694192 413432 188842 382929 10  4 75 10  0  0
10  8 107072 138242312 2220776 49657828    0    0 695776 413768 187825 377710 10  3 76 11  0  0
14  5 107072 138249868 2220780 49657836    0    0 691168 418588 188904 379421 10  4 75 10  0  0
17  6 107072 138239632 2220780 49657868    0    0 689424 416376 187848 378523 10  4 75 10  0  0
14  6 107072 138243492 2220780 49657884    0    0 689920 408224 187919 381600 10  4 75 10  0  0
14  7 107072 138235724 2220780 49657904    0    0 690112 412468 188085 381109 10  4 75 10  0  0
14  5 107072 138232204 2220780 49657924    0    0 689712 411020 187694 379189 10  4 75 10  0  0
15  5 107072 138243816 2220780 49657948    0    0 696048 408788 188207 373722 10  3 76 11  0  0
17  5 107072 138237348 2220780 49657968    0    0 689664 412648 188011 379984 10  4 75 10  0  0
14  9 107072 138240028 2220780 49657984    0    0 688384 415908 187187 382099 10  4 75 11  0  0
10 10 107072 138253764 2220780 49658004    0    0 681616 404980 187283 378454 10  4 75 11  0  0
procs -----------memory---------- ---swap-- -----io---- -system-- -------cpu-------
 r  b   swpd   free   buff  cache   si   so    bi    bo   in   cs us sy id wa st gu
10  9 107072 138242248 2220780 49658032    0    0 647584 384900 181223 353955 10  4 75 11  0  0
14  7 107072 138236100 2220780 49658056    0    0 681904 409000 187433 374857 10  4 75 11  0  0
13 12 107072 138239564 2220780 49658144    0    0 682016 405512 187082 365290 10  3 76 11  0  0
10  9 107072 138241336 2220780 49658160    0    0 656944 389176 183684 359639 10  4 75 11  0  0
15  5 107072 138240620 2220780 49658180    0    0 657376 386036 183011 361602 10  4 75 11  0  0
 9 10 107072 138242252 2220780 49658200    0    0 669456 400100 185560 369663 10  4 75 11  0  0
 7 12 107072 138238088 2220780 49658228    0    0 680384 405900 186235 375711 10  4 75 11  0  0
11  8 107072 138230796 2220780 49658248    0    0 680000 403176 186649 372636 10  4 75 11  0  0
15  4 107072 138240768 2220780 49658264    0    0 680608 408716 186311 371857 10  3 76 11  0  0
11  9 107072 138244920 2220780 49658280    0    0 679600 410864 187064 374317 10  4 75 11  0  0
 8 11 107072 138267780 2220780 49658292    0    0 681200 403592 186644 374769 10  4 75 11  0  0
16  6 107072 138259680 2220780 49658320    0    0 680320 401424 186569 375995 10  4 75 11  0  0
12  8 107072 138239888 2220780 49658344    0    0 674208 399712 186340 369895 10  4 75 11  0  0
12  6 107072 138245608 2220780 49658368    0    0 673696 405804 186490 371943 10  4 75 11  0  0
10 12 107072 138253988 2220780 49658384    0    0 672128 406392 186317 366902 10  3 76 11  0  0
15  5 107072 138252468 2220780 49658404    0    0 673200 402544 186467 371056 10  4 75 11  0  0
10 11 107072 138252048 2220780 49658424    0    0 673664 410344 186499 370748 10  4 75 10  0  0
12  9 107072 138240452 2220780 49658448    0    0 679744 402680 186383 374984 10  4 75 11  0  0
16  9 107072 138257932 2220780 49658468    0    0 677312 396624 186606 370567 10  4 75 11  0  0
16  8 107072 138250484 2220780 49658488    0    0 677776 407068 186112 368978 10  4 75 11  0  0
14  7 107072 138249976 2220780 49658508    0    0 683904 400300 186276 367386 10  3 76 11  0  0
procs -----------memory---------- ---swap-- -----io---- -system-- -------cpu-------
 r  b   swpd   free   buff  cache   si   so    bi    bo   in   cs us sy id wa st gu
14  8 107072 138237328 2220780 49658520    0    0 677328 399404 186303 369324 10  4 75 11  0  0
10 10 107072 138238128 2220780 49658544    0    0 676592 405976 186078 369964 10  4 75 11  0  0
 9 12 107072 138238244 2220780 49658568    0    0 681248 409248 187478 377021 10  4 75 11  0  0
11 10 107072 138237424 2220780 49658588    0    0 679968 405644 187537 373825 10  4 75 11  0  0
12  7 107072 138244608 2220780 49658608    0    0 677088 396944 185733 372705 10  4 75 11  0  0
13  6 107072 138242896 2220780 49658624    0    0 680496 409424 186128 374303 10  3 76 11  0  0
 9 11 107072 138231420 2220780 49658636    0    0 679472 404552 186326 378377 10  4 75 11  0  0
13  7 107072 138242984 2220780 49658664    0    0 677872 405176 186757 372215 10  4 75 11  0  0
13  7 107072 138233096 2220784 49658696    0    0 678576 413840 187200 375441 10  4 75 11  0  0
 9 10 107072 138230080 2220784 49658720    0    0 657776 394368 183559 364560 10  4 75 11  0  0
13  7 107072 138234400 2220784 49658740    0    0 662144 393744 184062 363973 10  4 75 11  0  0
13  7 107072 138230276 2220784 49658760    0    0 682624 406392 186768 373529 10  3 76 11  0  0
18  4 107072 138246988 2220784 49658780    0    0 687184 408972 187960 378425 10  4 75 11  0  0
12 10 107072 138265800 2220784 49658800    0    0 677888 407572 187145 371003 10  4 75 11  0  0
10  9 107072 138261316 2220784 49658820    0    0 684384 402660 187257 374278 10  4 75 11  0  0
12  7 107072 138260916 2220784 49658844    0    0 679536 408364 187614 374510 10  4 75 11  0  0
13  5 107072 138241796 2220784 49658868    0    0 681504 407804 186590 373555 10  4 75 11  0  0
 8 11 107072 138239844 2220784 49658884    0    0 684288 401608 187060 371848 10  4 76 11  0  0
11  9 107072 138249672 2220788 49658900    0    0 678592 410868 187704 375004 10  4 75 11  0  0
12  8 107072 138244724 2220788 49658920    0    0 680784 405836 185740 376941 10  4 75 11  0  0
14  8 107072 138234948 2220788 49658940    0    0 679408 413868 187459 375171 10  4 75 11  0  0
procs -----------memory---------- ---swap-- -----io---- -system-- -------cpu-------
 r  b   swpd   free   buff  cache   si   so    bi    bo   in   cs us sy id wa st gu
16  7 107072 138235308 2220788 49658968    0    0 681120 403328 187671 374490 10  4 75 11  0  0
14  5 107072 138240376 2220788 49658988    0    0 681408 410404 186653 376309 10  4 76 11  0  0
11  8 107072 138236648 2220788 49659000    0    0 686832 413048 187615 375371 10  4 76 11  0  0
 8 11 107072 138238172 2220788 49659016    0    0 681056 404896 187273 372844 11  4 75 11  0  0
11  9 107072 138244668 2220788 49659040    0    0 681152 404384 187535 375653 10  4 75 11  0  0
16  5 107072 138246320 2220788 49659060    0    0 680912 401200 187336 374050 10  4 75 11  0  0
12  7 107072 138250660 2220788 49659088    0    0 683744 404920 186889 378539 10  4 75 11  0  0
10  9 107072 138252028 2220788 49659108    0    0 679440 408968 187609 370797 10  4 76 11  0  0
15  4 107072 138245260 2220788 49659120    0    0 678944 403560 187283 367510 10  4 76 10  0  0
14  4 107072 138259216 2220788 49659136    0    0 680720 409104 187461 375501 10  4 75 11  0  0
10  8 107072 138252172 2220788 49659168    0    0 678304 412864 187634 376198 10  4 75 11  0  0
 9 11 107072 138261916 2220788 49659196    0    0 681088 409080 187645 371946 10  4 75 11  0  0
11  8 107072 138251496 2220788 49659216    0    0 678160 410196 187096 373018 10  4 75 11  0  0
 7 11 107072 138253344 2220788 49659240    0    0 684608 404080 186249 372230 10  4 76 11  0  0
10  9 107072 138246164 2220788 49659248    0    0 660048 396768 183308 360306 10  4 75 11  0  0
 9 13 107072 138239272 2220788 49659272    0    0 663600 390880 183926 360829 10  4 75 11  0  0
 7 13 107072 138233300 2220788 49659296    0    0 681280 410144 186561 377804 10  4 75 11  0  0
10 10 107072 138235304 2220788 49659320    0    0 683488 410160 187570 377259 10  4 75 11  0  0
13  6 107072 138225576 2220788 49659340    0    0 678944 402360 186429 372802 10  4 75 11  0  0
11  9 107072 138225664 2220788 49659364    0    0 683440 402584 186132 368964 10  3 76 11  0  0
11 10 107072 138227096 2220788 49659456    0    0 682976 406456 187248 375685 10  4 75 11  0  0
procs -----------memory---------- ---swap-- -----io---- -system-- -------cpu-------
 r  b   swpd   free   buff  cache   si   so    bi    bo   in   cs us sy id wa st gu
11  8 107072 138241760 2220788 49659480    0    0 684192 404868 187861 372445 10  4 75 11  0  0
13  8 107072 138238012 2220788 49659508    0    0 677200 409832 186706 374836 10  4 75 11  0  0
12  7 107072 138239560 2220788 49659528    0    0 676512 408668 187608 369939 10  4 75 11  0  0
 8 10 107072 138227404 2220788 49659552    0    0 683328 411092 187642 377081 10  4 75 11  0  0
13  6 107072 138233972 2220788 49659568    0    0 685056 409160 186521 375395 10  3 76 11  0  0
 8 12 107072 138228600 2220788 49659584    0    0 681312 413324 187284 376512 10  4 75 11  0  0
12  7 107072 138217592 2220792 49659600    0    0 682624 409364 186943 375769 10  4 75 11  0  0
12  7 107072 138224464 2220792 49659624    0    0 682848 407136 187849 375755 10  4 75 11  0  0
11  8 107072 138228124 2220792 49659648    0    0 685952 417248 187555 378850 10  4 75 11  0  0
11  8 107072 138232068 2220792 49659672    0    0 682800 408520 186582 376320 10  4 75 11  0  0
10 12 107072 138235736 2220792 49659692    0    0 675968 399652 185353 365488 10  3 76 11  0  0
10  8 107072 138243960 2220792 49659704    0    0 681312 404944 187138 374906 10  4 75 10  0  0
16  7 107072 138249576 2220792 49659728    0    0 679904 404284 187478 374028 10  4 75 10  0  0
11  9 107072 138238872 2220792 49659744    0    0 686032 414904 187243 376012 10  4 75 11  0  0
11  9 107072 138252700 2220792 49659764    0    0 680896 401668 186311 376011 11  4 75 10  0  0
11  8 107072 138241668 2220792 49659792    0    0 680448 409208 186852 375213 10  4 75 11  0  0
12  8 107072 138251272 2220792 49659812    0    0 688016 412332 186891 373087 10  3 76 11  0  0
 9 11 107072 138246360 2220792 49659828    0    0 680528 408308 187204 375342 10  4 75 11  0  0
14 11 107072 138242268 2220792 49659848    0    0 681152 408400 186279 376431 10  4 75 11  0  0
 7 12 107072 138232656 2220792 49659868    0    0 683024 411572 186827 375230 10  4 75 11  0  0
12 10 107072 138238632 2220792 49659888    0    0 659440 393404 183110 364861 10  4 75 11  0  0
procs -----------memory---------- ---swap-- -----io---- -system-- -------cpu-------
 r  b   swpd   free   buff  cache   si   so    bi    bo   in   cs us sy id wa st gu
10 10 107072 138235172 2220792 49659912    0    0 664752 388932 182506 366405 10  4 75 11  0  0
 8 11 107072 138239184 2220792 49659932    0    0 687776 410136 186440 375616 10  3 76 11  0  0
18  6 107072 138249992 2220792 49659944    0    0 680128 403532 186409 376316 10  4 75 11  0  0
17  6 107072 138235980 2220792 49659964    0    0 682480 405344 186273 375238 10  4 75 11  0  0
12  9 107072 138240084 2220792 49659984    0    0 683632 401624 186491 376744 10  4 75 10  0  0
28  8 107072 138234308 2220792 49660012    0    0 683408 417260 186674 378685 10  4 75 11  0  0
10  9 107072 138256880 2220792 49660032    0    0 676928 401168 187056 372842 10  4 75 10  0  0
15  8 107072 138251452 2220792 49660052    0    0 684176 415508 188549 372675 10  3 76 11  0  0
12  9 107072 138242988 2220792 49660068    0    0 681856 409640 187897 375824 10  4 75 11  0  0
 7 13 107072 138236492 2220792 49660088    0    0 683888 410552 187698 380419 10  4 75 11  0  0
10 11 107072 138241144 2220792 49660120    0    0 678592 407904 187343 371885 10  4 75 11  0  0
14  7 107072 138237572 2220792 49660140    0    0 676512 405544 186438 370683 10  4 75 10  0  0
12  6 107072 138236516 2220792 49660156    0    0 680368 403220 185969 375311 10  4 75 11  0  0
 8 12 107072 138231072 2220792 49660172    0    0 682096 406272 185294 368088 10  3 76 11  0  0
13  7 107072 138224012 2220792 49660184    0    0 678464 402228 186567 372953 10  4 75 11  0  0
 7 14 107072 138235700 2220792 49660212    0    0 681632 418272 187653 376271 10  4 75 11  0  0
16  6 107072 138244528 2220792 49660232    0    0 682784 400780 186226 373686 10  4 75 11  0  0
13 10 107072 138235132 2220792 49660256    0    0 683616 405364 186891 373549 10  4 75 11  0  0
 6 13 107072 138231320 2220792 49660280    0    0 687488 404020 187212 375729 10  4 75 11  0  0
13  9 107072 138232288 2220792 49660296    0    0 690880 419148 188324 376101 10  4 76 11  0  0
15  7 107072 138218616 2220792 49660320    0    0 681344 403628 187651 375829 10  4 75 11  0  0
procs -----------memory---------- ---swap-- -----io---- -system-- -------cpu-------
 r  b   swpd   free   buff  cache   si   so    bi    bo   in   cs us sy id wa st gu
15  5 107072 138226576 2220792 49660340    0    0 676224 408504 187882 373038 10  4 75 10  0  0
11  9 107072 138232064 2220792 49660360    0    0 678352 412216 186899 376759 10  4 75 11  0  0
16  6 107072 138239588 2220792 49660380    0    0 679760 408352 187037 376682 10  4 75 11  0  0
11  9 107072 138236748 2220792 49660408    0    0 679600 407320 186334 374896 10  4 75 11  0  0
19  4 107072 138234548 2220792 49660428    0    0 665744 390924 183473 365715 10  3 76 11  0  0
14  8 107072 138249748 2220792 49660440    0    0 659248 389664 182135 366359 10  4 75 11  0  0
11  9 107072 138246584 2220792 49660464    0    0 676256 414108 188683 374972 10  4 75 11  0  0
15  7 107072 138244876 2220792 49660488    0    0 672832 404104 186977 370719 10  4 75 10  0  0
11 13 107072 138245152 2220792 49660508    0    0 679456 414204 187201 378395 10  4 75 11  0  0
 9  9 107072 138248372 2220792 49660528    0    0 684512 407584 186655 375280 10  4 75 11  0  0
14  8 107072 138250704 2220792 49660544    0    0 688304 407276 187631 374711 10  3 76 11  0  0
28  7 107072 138245408 2220792 49660556    0    0 680784 411356 187543 373123 10  4 75 11  0  0
11  8 107072 138246560 2220792 49660584    0    0 680960 403544 186405 374993 10  4 75 11  0  0
14  7 107072 138244600 2220792 49660604    0    0 684096 401272 186633 376133 10  4 75 11  0  0
18  8 107072 138242704 2220796 49660620    0    0 680096 409340 186943 374167 10  4 75 11  0  0
12  8 107072 138244472 2220796 49660648    0    0 682576 409408 186893 376662 10  4 76 11  0  0
15  6 107072 138241244 2220796 49660664    0    0 680816 413576 186750 371426 10  4 75 11  0  0
14  6 107072 138233008 2220796 49660756    0    0 683376 409408 186913 377419 10  4 75 11  0  0
12  9 107072 138228492 2220796 49660780    0    0 685072 410104 187418 376224 10  4 75 11  0  0
15  5 107072 138241464 2220796 49660800    0    0 682400 414984 187722 377835 10  4 75 11  0  0
13  6 107072 138248004 2220796 49660828    0    0 683488 411384 187760 375756 10  4 75 11  0  0
procs -----------memory---------- ---swap-- -----io---- -system-- -------cpu-------
 r  b   swpd   free   buff  cache   si   so    bi    bo   in   cs us sy id wa st gu
13  7 107072 138233600 2220796 49660852    0    0 685536 405280 186976 371403 10  4 76 11  0  0
10 13 107072 138235056 2220796 49660864    0    0 684720 415840 187365 375616 10  4 76 11  0  0
14  6 107072 138234752 2220796 49660880    0    0 682576 407196 188305 374303 10  4 75 11  0  0
10 11 107072 138243760 2220804 49660892    0    0 680336 407620 187280 373991 10  4 75 11  0  0
12  7 107072 138242952 2220804 49660928    0    0 682624 405252 187485 377483 10  4 75 11  0  0
18  7 107072 138237428 2220804 49660948    0    0 679728 407564 186960 375649 10  4 75 11  0  0
12 10 107072 138226704 2220804 49660976    0    0 669936 392032 184177 360303 10  3 76 11  0  0
 6 14 107072 138230832 2220804 49660984    0    0 674208 402128 186110 364217 10  4 75 11  0  0
16  5 107072 138242244 2220808 49660996    0    0 679136 404380 186961 375228 10  4 75 11  0  0
15  5 107072 138248880 2220808 49661024    0    0 679232 409184 186243 377549 10  4 75 11  0  0
 7 11 107072 138261228 2220808 49661056    0    0 652896 389220 182414 359619 10  4 75 11  0  0
14  6 107072 138240632 2220808 49661072    0    0 670512 398852 185273 368388 10  4 75 11  0  0
10 10 107072 138244580 2220808 49661096    0    0 683616 414716 187268 373306 10  3 76 11  0  0
16  4 107072 138256212 2220808 49661104    0    0 682528 410632 188313 372114 10  4 75 11  0  0
13  7 107072 138234748 2220808 49661132    0    0 677504 407020 186318 373185 10  4 75 11  0  0
10  9 107072 138230572 2220808 49661152    0    0 682160 409336 187070 376609 10  4 75 11  0  0
11  9 107072 138217676 2220808 49661176    0    0 678944 404576 186476 372540 10  4 75 11  0  0
10  9 107072 138240196 2220808 49661196    0    0 677760 405328 185746 373174 10  4 75 11  0  0
11  7 107072 138237952 2220808 49661220    0    0 685552 403040 186978 373532 10  3 76 11  0  0
11  8 107072 138230024 2220808 49661240    0    0 683696 410460 187316 374574 10  4 75 11  0  0
12  7 107072 138231692 2220808 49661256    0    0 679392 408020 186715 376950 10  4 75 11  0  0
procs -----------memory---------- ---swap-- -----io---- -system-- -------cpu-------
 r  b   swpd   free   buff  cache   si   so    bi    bo   in   cs us sy id wa st gu
18  4 107072 138231272 2220808 49661280    0    0 680928 405200 187083 377957 10  4 75 10  0  0
14  8 107072 138237312 2220808 49661292    0    0 679344 412784 186368 376979 10  4 75 11  0  0
13  6 107072 138229892 2220812 49661320    0    0 682272 405088 186281 376350 10  4 75 11  0  0
 8 10 107072 138223476 2220812 49661348    0    0 683152 410136 186464 374756 10  3 76 11  0  0
12  7 107072 138237012 2220812 49661360    0    0 682752 406116 186546 373549 10  4 75 11  0  0
10 10 107072 138243408 2220812 49661380    0    0 680432 406264 187294 373927 10  4 75 11  0  0
16  6 107072 138250056 2220812 49661404    0    0 685072 405332 187032 377117 10  4 75 11  0  0
12  8 107072 138241196 2220820 49661420    0    0 681632 406252 187456 375120 10  4 75 11  0  0
14  6 107072 138264936 2220820 49661452    0    0 682480 411840 188188 376370 10  4 75 11  0  0
11  7 107072 138266520 2220820 49661476    0    0 683840 410924 187901 367341 10  3 76 11  0  0
 6 12 107072 138258324 2220820 49661484    0    0 682048 409116 187225 375621 10  4 75 11  0  0
 7 12 107072 138242636 2220820 49661516    0    0 684752 414308 188124 376189 10  4 75 11  0  0
11  9 107072 138252648 2220828 49661528    0    0 677504 409400 187845 370115 10  4 75 11  0  0
10  9 107072 138242064 2220828 49661556    0    0 680624 402520 186981 372510 10  4 75 11  0  0
14  6 107072 138249020 2220828 49661584    0    0 683568 410640 186696 375721 10  4 75 11  0  0
11  8 107072 138256656 2220828 49661604    0    0 686352 414268 187291 369987 10  3 76 11  0  0
13  7 107072 138254704 2220828 49661616    0    0 633728 376840 179590 347110 10  4 75 11  0  0
 8 12 107072 138252900 2220832 49661636    0    0 678832 398592 187312 370700 10  4 75 11  0  0
 9 10 107072 138251900 2220832 49661664    0    0 681648 406868 186917 378511 10  4 75 11  0  0
