procs -----------memory---------- ---swap-- -----io---- -system-- -------cpu-------
 r  b   swpd   free   buff  cache   si   so    bi    bo   in   cs us sy id wa st gu
 4  0 111936 121617360 2215032 40855912    0    1 29710 28109 13294    5  3  1 96  1  0  0
160  0 111936 121471496 2215032 40855984    0    0     0 118788 88935 40831 94  1  5  0  0  0
115  0 111936 121462344 2215032 40855984    0    0     0 281624 95352 40603 98  1  1  0  0  0
149  0 111936 121433836 2215032 40855996    0    0     0 274656 183219 43191 97  1  2  0  0  0
161  0 111936 121421324 2215032 40856004    0    0     0 280100 96145 40661 98  1  1  0  0  0
110  0 111936 121404892 2215032 40856012    0    0     0 250444 93260 41849 98  1  1  0  0  0
136  0 111936 121392380 2215032 40856028    0    0     0 253492 93386 40415 98  1  1  0  0  0
139  0 111936 121376788 2215032 40856036    0    0     0 274692 178731 44543 97  1  2  0  0  0
141  0 111936 121361088 2215032 40856044    0    0     0 272376 96593 41778 98  1  1  0  0  0
131  0 111936 121342008 2215032 40856052    0    0     0 270644 95549 44095 98  1  1  0  0  0
136  0 111936 121334508 2215032 40856064    0    0     0 279536 97787 43468 98  1  1  0  0  0
116  0 111936 121314948 2215032 40856076    0    0     0 262708 98278 41814 98  1  1  0  0  0
88  0 111936 121293756 2215032 40856084    0    0     0 271204 111445 42130 98  1  1  0  0  0
80  0 111936 120974324 2215036 40856088    0    0     0 430960 280847 108248 85  6 10  0  0  0
276  0 111936 119947208 2215036 40856100    0    0     0 163016 604386 500957 65 33  2  0  0  0
250  0 111936 119799212 2215036 40856172    0    0     0 535440 178387 778774 80 20  0  0  0  0
261  0 111936 119769440 2215036 40856188    0    0     0 366524 189540 833525 78 21  0  0  0  0
274  0 111936 119781680 2215036 40856196    0    0     0 375688 154634 841527 78 21  0  0  0  0
227  0 111936 119784628 2215036 40856204    0    0     0 373492 152888 842190 78 21  0  0  0  0
263  0 111936 119795332 2215036 40856208    0    0     0 372788 154717 842949 78 21  0  0  0  0
273  0 111936 119805768 2215036 40856220    0    0     0 372560 144410 846014 78 21  0  0  0  0
procs -----------memory---------- ---swap-- -----io---- -system-- -------cpu-------
 r  b   swpd   free   buff  cache   si   so    bi    bo   in   cs us sy id wa st gu
247  0 111936 119815300 2215036 40856232    0    0     0 372036 148818 847800 78 22  0  0  0  0
209  0 111936 119819004 2215036 40856240    0    0     0 373460 142673 843318 79 21  0  0  0  0
242  0 111936 119823388 2215040 40856244    0    0     0 374392 183199 844866 78 22  0  0  0  0
254  0 111936 119833516 2215040 40856256    0    0     0 377220 149010 844161 78 21  1  0  0  0
217  0 111936 119840936 2215040 40856268    0    0     0 377296 141848 845764 78 21  0  0  0  0
261  0 111936 119833864 2215040 40856280    0    0     0 377228 141420 845598 78 21  0  0  0  0
250  0 111936 119856416 2215040 40856288    0    0     0 375820 142549 844876 79 21  0  0  0  0
233  0 111936 119872212 2215044 40856292    0    0     0 376668 143822 844228 78 21  0  0  0  0
163  0 111936 119886000 2215044 40856308    0    0     0 380268 144433 846268 78 21  0  0  0  0
269  0 111936 119896000 2215044 40856316    0    0     0 379936 142040 844868 78 21  0  0  0  0
169  0 111936 119903456 2215044 40856328    0    0     0 379712 146649 842505 78 22  0  0  0  0
274  0 111936 119903164 2215044 40856340    0    0     0 383840 143239 847164 78 21  0  0  0  0
224  0 111936 119904092 2215048 40856344    0    0     0 384928 139299 841247 79 21  0  0  0  0
220  0 111936 119902488 2215048 40856360    0    0     0 382248 146295 843017 78 21  1  0  0  0
261  0 111936 119902492 2215048 40856372    0    0     0 382312 143627 842209 78 21  0  0  0  0
237  0 111936 119908812 2215048 40856380    0    0     0 383652 142252 844142 79 21  0  0  0  0
240  0 111936 119908000 2215048 40856388    0    0     0 383444 142186 842388 78 21  0  0  0  0
238  0 111936 119915080 2215052 40856392    0    0     0 385924 141050 827318 78 21  0  0  0  0
253  0 111936 119916304 2215052 40856412    0    0     0 386676 141514 829258 79 21  0  0  0  0
258  0 111936 119920732 2215052 40856424    0    0     0 383740 142234 827215 78 21  0  0  0  0
264  0 111936 119919804 2215052 40856432    0    0     0 387048 143002 830216 78 21  0  0  0  0
procs -----------memory---------- ---swap-- -----io---- -system-- -------cpu-------
 r  b   swpd   free   buff  cache   si   so    bi    bo   in   cs us sy id wa st gu
221  0 111936 119924816 2215052 40856444    0    0     0 385496 150028 827732 78 21  0  0  0  0
208  0 111936 119926360 2215052 40856452    0    0     0 381700 197115 832551 78 21  0  0  0  0
264  0 111936 119926532 2215052 40856468    0    0     0 382120 189781 830731 78 21  0  0  0  0
276  0 111936 119931912 2215052 40856476    0    0     0 403532 187714 826981 79 21  0  0  0  0
233  0 111936 119935572 2215052 40856484    0    0     0 406264 187038 824899 78 21  0  0  0  0
269  0 111936 119933852 2215052 40856500    0    0     0 402356 185938 826615 78 21  0  0  0  0
235  0 111936 119926676 2215056 40856504    0    0     0 404052 188960 826943 78 21  0  0  0  0
211  0 111936 119928884 2215056 40856520    0    0     0 406956 192200 824857 78 21  0  0  0  0
273  0 111936 119928872 2215056 40856528    0    0     0 405696 183888 824985 78 21  0  0  0  0
187  0 111936 119933404 2215056 40856536    0    0     0 407116 187581 826316 78 21  0  0  0  0
236  0 111936 119934888 2215056 40856548    0    0     0 406188 187645 823950 78 21  0  0  0  0
257  0 111936 119935876 2215056 40856556    0    0     0 409484 175021 822691 78 21  0  0  0  0
122  0 111936 119932008 2215056 40856564    0    0     0 413880 142859 821941 78 21  0  0  0  0
170  0 111936 119931056 2215056 40856572    0    0     0 408812 149019 823788 78 21  0  0  0  0
245  0 111936 119925360 2215056 40856580    0    0     0 411136 144204 823148 78 21  0  0  0  0
269  0 111936 119923616 2215056 40856592    0    0     0 410756 143390 823142 78 21  0  0  0  0
259  0 111936 119927136 2215060 40856600    0    0     0 410700 145112 824827 79 21  0  0  0  0
241  1 111936 119929752 2215060 40856612    0    0     0 412920 144032 821066 78 21  0  0  0  0
233  0 111936 119926960 2215060 40856620    0    0     0 412452 146114 821855 79 21  0  0  0  0
260  0 111936 119930236 2215060 40856628    0    0     0 413904 143972 823646 78 21  0  0  0  0
268  0 111936 119931680 2215060 40856640    0    0     0 411504 145814 822867 78 21  0  0  0  0
procs -----------memory---------- ---swap-- -----io---- -system-- -------cpu-------
 r  b   swpd   free   buff  cache   si   so    bi    bo   in   cs us sy id wa st gu
166  0 111936 119934092 2215060 40856656    0    0     0 414916 142978 821651 79 21  0  0  0  0
268  0 111936 119930832 2215060 40856664    0    0     0 413616 144060 819137 78 21  0  0  0  0
262  0 111936 119932144 2215060 40856672    0    0     0 412084 144504 823049 78 21  0  0  0  0
253  0 111936 119936204 2215060 40856684    0    0     0 413460 144038 822010 78 21  0  0  0  0
251  0 111936 119940928 2215060 40856696    0    0     0 412052 145485 823014 78 21  0  0  0  0
270  0 111936 119951048 2215064 40856704    0    0     0 417752 145970 827668 79 21  0  0  0  0
254  0 111936 119951296 2215064 40856716    0    0     0 417684 142782 821234 78 21  0  0  0  0
273  0 111936 119955196 2215064 40856724    0    0     0 416640 143438 820849 79 21  0  0  0  0
239  0 111936 119952024 2215064 40856728    0    0     0 418308 143342 821268 78 21  0  0  0  0
273  0 111936 119952288 2215064 40856736    0    0     0 417740 144001 821445 78 21  0  0  0  0
273  0 111936 119955936 2215064 40856752    0    0     0 420224 143451 823845 78 21  0  0  0  0
200  0 111936 119962716 2215064 40856760    0    0     0 419608 143004 820799 78 21  0  0  0  0
214  0 111936 119966664 2215064 40856840    0    0     0 435016 143021 820945 78 21  0  0  0  0
246  0 111936 119957980 2215064 40856848    0    0     0 436304 144562 826183 78 21  0  0  0  0
152  0 111936 119961224 2215064 40856856    0    0     0 434004 145980 821458 79 21  0  0  0  0
269  0 111936 119955904 2215064 40856872    0    0     0 433756 146552 821427 78 21  0  0  0  0
271  0 111936 119950292 2215064 40856884    0    0     0 435520 145144 824814 78 21  0  0  0  0
254  0 111936 119956644 2215064 40856892    0    0     0 433848 145277 820960 79 21  0  0  0  0
207  0 111936 119952852 2215064 40856900    0    0     0 437764 141237 820914 78 21  0  0  0  0
140  0 111936 119952344 2215064 40856908    0    0     0 434548 144539 820812 78 21  0  0  0  0
245  0 111936 119955416 2215068 40856920    0    0     0 434940 144889 824710 79 21  0  0  0  0
procs -----------memory---------- ---swap-- -----io---- -system-- -------cpu-------
 r  b   swpd   free   buff  cache   si   so    bi    bo   in   cs us sy id wa st gu
259  0 111936 119955996 2215068 40856932    0    0     0 436544 147068 822290 78 21  0  0  0  0
248  0 111936 119953692 2215068 40856940    0    0     0 437588 143217 822843 78 21  0  0  0  0
266  0 111936 119952688 2215068 40856948    0    0     0 437648 144835 823675 78 21  0  0  0  0
248  0 111936 119955740 2215068 40856956    0    0     0 436544 146145 822026 78 21  0  0  0  0
240  0 111936 119951156 2215072 40856964    0    0     0 437812 145602 824404 78 21  0  0  0  0
255  0 111936 119949752 2215072 40856976    0    0     0 436336 145952 820664 78 22  0  0  0  0
257  0 111936 119951484 2215072 40856984    0    0     0 451208 145788 822829 78 22  0  0  0  0
246  0 111936 119949152 2215072 40856992    0    0     0 455352 147057 824977 79 21  0  0  0  0
268  0 111936 119947656 2215072 40857004    0    0     0 467124 145170 822131 78 21  0  0  0  0
246  0 111936 119944808 2215072 40857016    0    0     0 518464 147425 830925 78 21  0  0  0  0
244  0 111936 119946708 2215072 40857028    0    0     0 562696 151820 830388 78 22  0  0  0  0
270  0 111936 119941980 2215072 40857036    0    0     0 559896 153529 834119 78 22  0  0  0  0
114  0 111936 119937652 2215072 40857044    0    0     0 562548 147857 827986 79 21  0  0  0  0
274  0 111936 119938292 2215072 40857064    0    0     0 540000 149696 828770 78 21  0  0  0  0
257  0 111936 119931148 2215072 40857076    0    0     0 533004 149490 833326 78 21  0  0  0  0
245  0 111936 119930084 2215072 40857084    0    0     0 524912 150244 829615 78 22  1  0  0  0
237  1 111936 119931932 2215072 40857092    0    0     0 517436 147914 825530 78 21  0  0  0  0
276  0 111936 119923224 2215072 40857100    0    0     0 515972 147593 830611 78 21  0  0  0  0
266  0 111936 119921300 2215072 40857112    0    0     0 510876 147581 825993 78 22  0  0  0  0
189  0 111936 119918936 2215072 40857124    0    0     0 497620 148914 827652 78 22  0  0  0  0
266  0 111936 119916016 2215072 40857132    0    0     0 503544 146312 826419 78 21  0  0  0  0
procs -----------memory---------- ---swap-- -----io---- -system-- -------cpu-------
 r  b   swpd   free   buff  cache   si   so    bi    bo   in   cs us sy id wa st gu
245  0 111936 119912460 2215072 40857140    0    0     0 517668 149752 825717 78 21  0  0  0  0
251  1 111936 119909312 2215072 40857148    0    0     0 529892 147442 824714 78 21  0  0  0  0
214  0 111936 119901856 2215072 40857160    0    0     0 512636 146202 825227 78 21  0  0  0  0
263  0 111936 119898588 2215072 40857168    0    0     0 525532 160482 830094 79 21  0  0  0  0
205  0 111936 119887640 2215072 40857180    0    0     0 502664 172952 824848 78 22  0  0  0  0
220  0 111936 119884136 2215072 40857188    0    0     0 501088 150870 829166 78 22  1  0  0  0
191  0 111936 119880740 2215072 40857200    0    0     0 505840 147052 824379 79 21  0  0  0  0
262  0 111936 119873616 2215072 40857208    0    0     0 500364 148459 827947 79 21  0  0  0  0
255  0 111936 119865196 2215076 40857212    0    0     0 499504 146616 828864 78 21  0  0  0  0
271  0 111936 119863880 2215076 40857228    0    0     0 496536 148194 831780 78 21  0  0  0  0
235  0 111936 119858828 2215076 40857236    0    0     0 489664 146792 825569 78 21  0  0  0  0
236  0 111936 119851124 2215076 40857244    0    0     0 489904 149325 824146 78 21  1  0  0  0
200  0 111936 119849228 2215076 40857256    0    0     0 489184 146728 824999 78 21  0  0  0  0
261  0 111936 119845224 2215076 40857268    0    0     0 483224 149438 825067 78 21  0  0  0  0
262  0 111936 119845776 2215076 40857280    0    0     0 487020 146498 824637 78 21  0  0  0  0
204  0 111936 119852652 2215076 40857288    0    0     0 484416 146987 824280 78 21  0  0  0  0
242  0 111936 119850400 2215076 40857300    0    0     0 482168 149748 826051 78 21  0  0  0  0
263  0 111936 119854368 2215076 40857308    0    0     0 486560 145984 826377 78 22  0  0  0  0
273  0 111936 119854524 2215076 40857312    0    0     0 481988 145087 823863 78 21  0  0  0  0
209  0 111936 119855452 2215076 40857324    0    0     0 482456 147263 827888 78 21  0  0  0  0
251  0 111936 119848952 2215076 40857332    0    0     0 479056 147849 824698 78 21  0  0  0  0
procs -----------memory---------- ---swap-- -----io---- -system-- -------cpu-------
 r  b   swpd   free   buff  cache   si   so    bi    bo   in   cs us sy id wa st gu
262  0 111936 119853316 2215076 40857348    0    0     0 492200 145119 825224 78 22  0  0  0  0
248  0 111936 119851276 2215076 40857356    0    0     0 476024 145409 822966 78 21  0  0  0  0
216  0 111936 119849928 2215080 40857360    0    0     0 492096 148582 829269 78 21  0  0  0  0
267  0 111936 119847628 2215080 40857376    0    0     0 474564 148223 825756 78 22  0  0  0  0
181  0 111936 119841052 2215080 40857388    0    0     0 475876 144738 824097 78 22  0  0  0  0
242  0 111936 119841140 2215080 40857400    0    0     0 473756 145691 824916 78 21  0  0  0  0
235  0 111936 119840376 2215080 40857408    0    0     0 473120 147327 825332 78 21  0  0  0  0
252  0 111936 119839632 2215080 40857416    0    0     0 473428 146437 826245 79 21  0  0  0  0
264  0 111936 119840836 2215080 40857428    0    0     0 471308 146197 825780 78 22  0  0  0  0
264  0 111936 119845964 2215080 40857500    0    0     0 484136 145543 824819 79 21  0  0  0  0
217  0 111936 119840896 2215080 40857512    0    0     0 479552 147294 827016 79 21  0  0  0  0
258  0 111936 119841048 2215080 40857524    0    0     0 483336 145198 825835 78 21  0  0  0  0
274  1 111936 119840212 2215088 40857524    0    0     0 478848 146691 826902 78 21  0  0  0  0
254  0 111936 119837168 2215088 40857540    0    0     0 479508 148272 828560 78 21  0  0  0  0
234  1 111936 119838032 2215088 40857552    0    0     0 476940 146709 826020 78 21  0  0  0  0
269  0 111936 119836052 2215088 40857560    0    0     0 477400 143629 822318 79 21  0  0  0  0
225  0 111936 119836264 2215088 40857568    0    0     0 492528 144980 824150 78 21  0  0  0  0
220  0 111936 119832000 2215088 40857576    0    0     0 474796 148423 825548 78 21  0  0  0  0
250  0 111936 119835920 2215088 40857584    0    0     0 490928 145066 821088 78 21  0  0  0  0
218  0 111936 119836596 2215088 40857600    0    0     0 476896 147088 826915 78 21  0  0  0  0
263  1 111936 119831172 2215088 40857612    0    0     0 470524 146199 824181 78 21  0  0  0  0
procs -----------memory---------- ---swap-- -----io---- -system-- -------cpu-------
 r  b   swpd   free   buff  cache   si   so    bi    bo   in   cs us sy id wa st gu
240  0 111936 119824952 2215088 40857620    0    0     0 474636 146602 826359 79 21  0  0  0  0
 7  0 111936 119826408 2215088 40857628    0    0     0 466412 148706 822676 78 21  1  0  0  0
257  0 111936 119826348 2215088 40857640    0    0     0 471872 146804 825812 78 21  0  0  0  0
168  0 111936 119824104 2215088 40857652    0    0     0 471916 144439 824770 78 21  0  0  0  0
253  0 111936 119830056 2215088 40857660    0    0     0 467684 148029 826922 79 21  0  0  0  0
264  0 111936 119827268 2215088 40857668    0    0     0 466128 147594 826057 78 21  0  0  0  0
275  0 111936 119832480 2215088 40857676    0    0     0 466152 148209 829213 78 21  0  0  0  0
269  0 111936 119836284 2215088 40857684    0    0     0 465144 149967 825387 78 21  1  0  0  0
278  0 111936 119831872 2215088 40857704    0    0     0 463764 146158 824003 79 21  0  0  0  0
245  0 111936 119835260 2215088 40857712    0    0     0 465876 147219 826921 79 21  0  0  0  0
270  0 111936 119835712 2215088 40857724    0    0     0 471516 144226 824396 78 21  0  0  0  0
164  0 111936 119831812 2215088 40857732    0    0     0 466860 145759 822011 79 21  0  0  0  0
238  0 111936 119834160 2215088 40857744    0    0     0 467144 145528 822762 78 21  0  0  0  0
269  0 111936 119830608 2215088 40857760    0    0     0 485080 146635 825306 78 21  0  0  0  0
259  0 111936 119827184 2215092 40857764    0    0     0 468760 147184 824463 78 22  0  0  0  0
248  0 111936 119824548 2215092 40857784    0    0     0 483260 143164 822616 79 21  0  0  0  0
250  0 111936 119822012 2215092 40857792    0    0     0 465848 145076 825325 78 21  0  0  0  0
267  1 111936 119817176 2215092 40857804    0    0     0 468204 147731 824975 78 21  0  0  0  0
178  0 111936 119818108 2215092 40857816    0    0     0 471700 147046 823650 78 22  0  0  0  0
169  0 111936 119812936 2215104 40857812    0    0     0 468428 146542 822606 78 21  0  0  0  0
221  0 111936 119814984 2215104 40857832    0    0     0 465176 146800 823098 78 22  0  0  0  0
procs -----------memory---------- ---swap-- -----io---- -system-- -------cpu-------
 r  b   swpd   free   buff  cache   si   so    bi    bo   in   cs us sy id wa st gu
229  0 111936 119817204 2215108 40857840    0    0     0 470080 145801 823853 79 21  0  0  0  0
230  0 111936 119819116 2215108 40857856    0    0     0 465452 146277 823204 78 21  0  0  0  0
258  0 111936 119817772 2215108 40857868    0    0     0 468376 148658 825486 78 21  1  0  0  0
172  0 111936 119816464 2215108 40857876    0    0     0 470112 145857 824291 78 22  0  0  0  0
264  0 111936 119817240 2215108 40857884    0    0     0 469780 146181 825818 79 21  0  0  0  0
222  0 111936 119816660 2215112 40857888    0    0     0 465104 146931 823877 78 21  0  0  0  0
273  0 111936 119817228 2215112 40857904    0    0     0 468376 146359 824625 78 21  0  0  0  0
266  0 111936 119814704 2215112 40857908    0    0     0 466936 146002 824358 78 21  0  0  0  0
247  0 111936 119813656 2215112 40857920    0    0     0 462268 148190 824712 78 21  0  0  0  0
267  0 111936 119811400 2215112 40857928    0    0     0 471976 146130 828874 79 21  0  0  0  0
257  0 111936 119811220 2215112 40857936    0    0     0 480080 146859 824808 78 22  0  0  0  0
226  0 111936 119806684 2215112 40857948    0    0     0 490708 146140 825015 79 21  0  0  0  0
247  0 111936 119804604 2215112 40857956    0    0     0 536296 147117 827171 78 22  0  0  0  0
229  0 111936 119802960 2215112 40857968    0    0     0 496624 154292 828615 78 21  0  0  0  0
241  0 111936 119805048 2215112 40857976    0    0     0 494496 147160 829045 78 22  0  0  0  0
259  0 111936 119801564 2215116 40857984    0    0     0 491880 148811 826114 78 21  0  0  0  0
269  0 111936 119797308 2215116 40857996    0    0     0 482644 149910 829306 78 21  0  0  0  0
242  0 111936 119793964 2215116 40858004    0    0     0 488692 145529 827230 78 22  0  0  0  0
260  0 111936 119790212 2215116 40858016    0    0     0 482764 146714 826442 78 21  0  0  0  0
244  0 111936 119781564 2215116 40858024    0    0     0 480380 148391 827042 78 21  0  0  0  0
201  0 111936 119780380 2215124 40858024    0    0     0 480816 143923 820516 78 21  0  0  0  0
procs -----------memory---------- ---swap-- -----io---- -system-- -------cpu-------
 r  b   swpd   free   buff  cache   si   so    bi    bo   in   cs us sy id wa st gu
255  0 111936 119776184 2215124 40858048    0    0     0 476072 148359 823789 78 21  0  0  0  0
258  0 111936 119777448 2215124 40858056    0    0     0 474952 148003 828064 78 21  0  0  0  0
252  0 111936 119776924 2215124 40858068    0    0     0 473504 148882 823897 78 21  0  0  0  0
262  0 111936 119776428 2215124 40858072    0    0     0 475336 147951 824406 78 21  1  0  0  0
243  0 111936 119772044 2215124 40858084    0    0     0 476356 147777 825884 78 22  0  0  0  0
212  0 111936 119774224 2215124 40858092    0    0     0 477104 148165 824159 78 21  0  0  0  0
260  0 111936 119774176 2215124 40858196    0    0     0 483068 145955 828614 78 21  0  0  0  0
230  0 111936 119764580 2215124 40858208    0    0     0 482260 144417 824405 79 21  0  0  0  0
257  0 111936 119762240 2215124 40858220    0    0     0 485196 145578 825628 78 22  0  0  0  0
245  0 111936 119757980 2215132 40858228    0    0     0 517280 148152 826723 78 21  0  0  0  0
228  0 111936 119755680 2215132 40858248    0    0     0 479204 148488 825136 79 21  0  0  0  0
273  0 111936 119755168 2215132 40858256    0    0     0 478996 148343 827942 78 21  0  0  0  0
210  0 111936 119751424 2215132 40858268    0    0     0 480968 146088 822516 79 21  0  0  0  0
264  0 111936 119750496 2215132 40858280    0    0     0 478760 144674 822201 79 21  0  0  0  0
253  0 111936 119744188 2215132 40858288    0    0     0 477624 146997 827333 78 22  0  0  0  0
183  0 111936 119745636 2215132 40858296    0    0     0 471768 147985 824312 79 21  0  0  0  0
247  0 111936 119744204 2215132 40858304    0    0     0 475420 149068 823841 78 22  0  0  0  0
191  0 111936 119742872 2215132 40858316    0    0     0 481056 146572 825734 78 21  0  0  0  0
193  0 111936 119742432 2215132 40858324    0    0     0 478660 147630 824915 78 21  0  0  0  0
177  0 111936 119739400 2215132 40858336    0    0     0 481620 149110 828128 78 22  0  0  0  0
240  0 111936 119736736 2215132 40858340    0    0     0 475696 147578 825826 78 21  0  0  0  0
procs -----------memory---------- ---swap-- -----io---- -system-- -------cpu-------
 r  b   swpd   free   buff  cache   si   so    bi    bo   in   cs us sy id wa st gu
243  0 111936 119736232 2215132 40858348    0    0     0 477628 148582 829435 78 21  0  0  0  0
274  0 111936 119737752 2215132 40858356    0    0     0 478988 146023 823433 78 22  0  0  0  0
256  0 111936 119731916 2215132 40858372    0    0     0 481172 147401 825418 78 21  0  0  0  0
237  0 111936 119726316 2215132 40858380    0    0     0 513052 146539 823047 78 21  0  0  0  0
275  0 111936 119723072 2215132 40858388    0    0     0 476996 146943 822725 78 21  1  0  0  0
247  0 111936 119727416 2215132 40858396    0    0     0 477972 147333 825122 78 21  0  0  0  0
279  0 111936 119722916 2215136 40858400    0    0     0 481800 146079 825976 79 21  0  0  0  0
203  0 111936 119724384 2215136 40858420    0    0     0 478900 151067 828408 78 21  0  0  0  0
268  0 111936 119719948 2215136 40858428    0    0     0 482100 149205 826301 78 22  0  0  0  0
241  0 111936 119718104 2215136 40858440    0    0     0 481176 145628 818533 78 21  0  0  0  0
268  0 111936 119714516 2215136 40858448    0    0     0 481260 149035 826282 78 21  0  0  0  0
230  0 111936 119709372 2215136 40858456    0    0     0 491044 144944 825683 79 21  0  0  0  0
255  0 111936 119707056 2215140 40858468    0    0     0 483560 147519 825382 78 21  0  0  0  0
223  0 111936 119700028 2215140 40858480    0    0     0 486880 146316 824174 78 21  0  0  0  0
273  0 111936 119688184 2215140 40858488    0    0     0 486616 146459 824245 78 22  0  0  0  0
266  0 111936 119687688 2215140 40858496    0    0     0 486188 148875 820368 77 21  1  0  0  0
247  0 111936 119681616 2215140 40858504    0    0     0 486876 148821 828807 78 22  0  0  0  0
256  0 111936 119675752 2215140 40858520    0    0     0 479912 147620 827711 79 21  0  0  0  0
271  0 111936 119667384 2215140 40858520    0    0     0 483504 147630 828316 78 21  0  0  0  0
239  0 111936 119669888 2215140 40858528    0    0     0 500388 148882 825834 78 21  0  0  0  0
257  0 111936 119666120 2215140 40858544    0    0     0 482680 147678 823601 78 21  0  0  0  0
procs -----------memory---------- ---swap-- -----io---- -system-- -------cpu-------
 r  b   swpd   free   buff  cache   si   so    bi    bo   in   cs us sy id wa st gu
258  0 111936 119658816 2215140 40858552    0    0     0 501632 148395 828502 78 22  0  0  0  0
265  0 111936 119651584 2215140 40858572    0    0     0 478456 147034 827674 78 21  0  0  0  0
254  0 111936 119650524 2215140 40858584    0    0     0 482112 150112 830466 78 21  0  0  0  0
253  0 111936 119641760 2215140 40858588    0    0     0 486456 145616 825504 79 21  0  0  0  0
274  0 111936 119646092 2215140 40858600    0    0     0 481292 145868 823725 78 21  0  0  0  0
183  0 111936 119647040 2215140 40858608    0    0     0 480308 153364 826087 77 21  1  0  0  0
232  0 111936 119644320 2215140 40858620    0    0     0 477640 147912 826866 78 21  0  0  0  0
261  0 111936 119641748 2215140 40858636    0    0     0 480300 146040 824212 79 21  0  0  0  0
259  0 111936 119634960 2215140 40858636    0    0     0 485332 145426 825500 78 21  0  0  0  0
246  1 111936 119631004 2215140 40858652    0    0     0 479960 146796 827534 78 22  0  0  0  0
220  0 111936 119622448 2215144 40858660    0    0     0 481024 146530 824484 79 21  0  0  0  0
267  0 111936 119620096 2215144 40858672    0    0     0 479412 147930 825310 78 21  0  0  0  0
268  0 111936 119622036 2215144 40858684    0    0     0 482656 144464 826435 79 21  0  0  0  0
269  0 111936 119617196 2215144 40858688    0    0     0 482608 145966 825527 78 21  0  0  0  0
234  1 111936 119612480 2215144 40858700    0    0     0 478796 146380 826741 78 21  0  0  0  0
265  0 111936 119602596 2215144 40858712    0    0     0 482748 147627 825533 78 21  1  0  0  0
239  0 111936 119601596 2215144 40858720    0    0     0 479348 146324 825341 78 22  0  0  0  0
245  0 111936 119598364 2215144 40858732    0    0     0 480352 146697 828044 79 21  0  0  0  0
242  0 111936 119598892 2215144 40858740    0    0     0 515336 147477 826810 78 22  0  0  0  0
276  0 111936 119597072 2215144 40858752    0    0     0 477980 148829 829601 78 22  0  0  0  0
188  0 111936 119596356 2215148 40858760    0    0     0 480180 147584 824066 78 21  0  0  0  0
procs -----------memory---------- ---swap-- -----io---- -system-- -------cpu-------
 r  b   swpd   free   buff  cache   si   so    bi    bo   in   cs us sy id wa st gu
246  0 111936 119593908 2215148 40858764    0    0     0 481560 144282 819973 78 22  1  0  0  0
260  0 111936 119592988 2215148 40858776    0    0     0 480200 147095 827168 78 21  0  0  0  0
106  0 111936 119587644 2215148 40858784    0    0     0 480544 148516 823329 78 21  0  0  0  0
271  0 111936 119587768 2215148 40858860    0    0     0 481272 146059 826180 78 21  0  0  0  0
218  0 111936 119584836 2215152 40858864    0    0     0 482832 147889 825087 78 21  0  0  0  0
257  0 111936 119584060 2215152 40858876    0    0     0 480892 148439 828232 78 22  0  0  0  0
241  0 111936 119586304 2215152 40858888    0    0     0 482424 148795 827942 78 21  0  0  0  0
260  0 111936 119587776 2215152 40858896    0    0     0 489008 146008 827461 78 21  0  0  0  0
274  0 111936 119588668 2215152 40858904    0    0     0 484700 144083 821246 78 21  0  0  0  0
251  0 111936 119583164 2215152 40858920    0    0     0 482916 146131 826954 79 21  0  0  0  0
234  0 111936 119579212 2215152 40858932    0    0     0 481932 148030 823534 78 21  0  0  0  0
245  0 111936 119574904 2215152 40858936    0    0     0 486952 148634 828046 78 22  0  0  0  0
217  0 111936 119574060 2215152 40858944    0    0     0 497752 148526 825849 78 22  0  0  0  0
171  0 111936 119570772 2215152 40858956    0    0     0 503828 147927 827185 78 22  0  0  0  0
208  0 111936 119571172 2215152 40858964    0    0     0 506248 149593 829213 78 21  0  0  0  0
184  0 111936 119572136 2215152 40858972    0    0     0 535232 148634 826274 78 21  0  0  0  0
245  1 111936 119572188 2215152 40858984    0    0     0 499700 147076 827662 78 21  0  0  0  0
214  0 111936 119572360 2215152 40858996    0    0     0 500128 147385 827008 78 22  0  0  0  0
189  0 111936 119569532 2215152 40859016    0    0     0 496800 145330 823881 78 21  0  0  0  0
267  0 111936 119569828 2215152 40859016    0    0     0 492184 146086 827489 78 21  0  0  0  0
236  0 111936 119572188 2215152 40859024    0    0     0 488572 148043 828236 79 21  0  0  0  0
procs -----------memory---------- ---swap-- -----io---- -system-- -------cpu-------
 r  b   swpd   free   buff  cache   si   so    bi    bo   in   cs us sy id wa st gu
273  1 111936 119573868 2215152 40859036    0    0     0 485676 146396 825473 79 21  0  0  0  0
259  0 111936 119574644 2215152 40859048    0    0     0 485824 148707 822961 78 21  1  0  0  0
260  0 111936 119574016 2215152 40859060    0    0     0 484708 146145 824659 79 21  0  0  0  0
257  0 111936 119576188 2215152 40859068    0    0     0 480704 148548 825768 78 21  0  0  0  0
231  0 111936 119574592 2215152 40859076    0    0     0 484484 146014 824129 79 21  0  0  0  0
126  0 111936 119576312 2215152 40859084    0    0     0 480764 147559 822227 79 21  0  0  0  0
255  0 111936 119577844 2215152 40859092    0    0     0 484148 147185 823440 78 21  1  0  0  0
224  0 111936 119581408 2215152 40859104    0    0     0 480064 149304 828091 78 21  0  0  0  0
168  0 111936 119581760 2215152 40859120    0    0     0 482316 146903 824971 78 21  0  0  0  0
256  0 111936 119583404 2215152 40859132    0    0     0 481340 145683 825710 78 22  0  0  0  0
255  0 111936 119582496 2215152 40859140    0    0     0 480788 146690 826658 78 21  0  0  0  0
200  0 111936 119582616 2215152 40859156    0    0     0 481448 148769 826062 78 22  0  0  0  0
253  0 111936 119576584 2215152 40859156    0    0     0 481424 146798 827196 78 21  0  0  0  0
258  1 111936 119573020 2215156 40859160    0    0     0 481484 146392 825617 78 21  0  0  0  0
214  0 111936 119576156 2215156 40859172    0    0     0 484596 147189 827485 78 22  0  0  0  0
159  0 111936 119569532 2215156 40859184    0    0     0 479880 150454 824839 79 21  0  0  0  0
246  0 111936 119569908 2215156 40859196    0    0     0 514300 145836 823910 78 21  0  0  0  0
165  0 111936 119565852 2215156 40859204    0    0     0 481408 147874 827406 78 21  0  0  0  0
268  0 111936 119564540 2215156 40859212    0    0     0 486004 144651 824865 78 21  0  0  0  0
257  0 111936 119567480 2215156 40859220    0    0     0 483860 146872 824552 78 21  0  0  0  0
257  0 111936 119565088 2215156 40859236    0    0     0 478440 147556 824418 78 21  0  0  0  0
procs -----------memory---------- ---swap-- -----io---- -system-- -------cpu-------
 r  b   swpd   free   buff  cache   si   so    bi    bo   in   cs us sy id wa st gu
277  1 111936 119565784 2215156 40859252    0    0     0 485912 148059 828643 78 22  0  0  0  0
280  0 111936 119566688 2215156 40859260    0    0     0 493428 145624 822959 78 21  0  0  0  0
271  0 111936 119565220 2215156 40859268    0    0     0 487132 146148 822243 78 22  0  0  0  0
243  0 111936 119560560 2215156 40859276    0    0     0 485856 148209 830045 78 22  0  0  0  0
144  0 111936 119559456 2215156 40859288    0    0     0 483524 147499 823683 78 21  0  0  0  0
249  0 111936 119557472 2215156 40859308    0    0     0 489344 148497 826794 78 21  0  0  0  0
273  0 111936 119550596 2215156 40859316    0    0     0 477736 146547 825649 79 21  0  0  0  0
275  0 111936 119549172 2215160 40859324    0    0     0 499620 150226 827099 78 21  1  0  0  0
277  0 111936 119551732 2215160 40859332    0    0     0 469460 146426 825633 78 22  0  0  0  0
278  0 111936 119547516 2215160 40859340    0    0     0 492444 148545 830839 78 21  0  0  0  0
263  0 111936 119547088 2215160 40859348    0    0     0 494708 146530 821293 78 21  0  0  0  0
282  0 111936 119548664 2215160 40859364    0    0     0 491384 146461 826221 78 21  0  0  0  0
233  1 111936 119547768 2215160 40859364    0    0     0 477976 146971 823989 78 21  0  0  0  0
201  0 111936 119539756 2215160 40859376    0    0     0 512264 149004 827402 78 22  0  0  0  0
260  1 111936 119539056 2215160 40859396    0    0     0 517956 148724 829593 78 22  0  0  0  0
269  1 111936 119540608 2215160 40859404    0    0     0 468824 144901 826126 79 21  0  0  0  0
275  0 111936 119537068 2215160 40859408    0    0     0 480048 146990 826407 78 22  0  0  0  0
174  0 111936 119539224 2215164 40859412    0    0     0 499912 148399 826432 78 21  0  0  0  0
197  1 111936 119541764 2215164 40859432    0    0     0 476820 149175 823982 78 21  0  0  0  0
273  0 111936 119536852 2215164 40859436    0    0     0 509052 148578 826026 78 22  0  0  0  0
261  0 111936 119539164 2215164 40859520    0    0     0 460960 145370 822732 78 21  0  0  0  0
procs -----------memory---------- ---swap-- -----io---- -system-- -------cpu-------
 r  b   swpd   free   buff  cache   si   so    bi    bo   in   cs us sy id wa st gu
272  1 111936 119538580 2215164 40859532    0    0     0 470864 147301 827218 78 21  0  0  0  0
277  0 111936 119532048 2215164 40859544    0    0     0 509772 148814 830953 78 22  0  0  0  0
277  0 111936 119531884 2215164 40859556    0    0     0 481548 147794 825752 79 21  0  0  0  0
269  0 111936 119533288 2215164 40859564    0    0     0 478380 147430 829213 78 22  0  0  0  0
257  0 111936 119534840 2215164 40859576    0    0     0 499384 148048 828085 78 22  0  0  0  0
268  0 111936 119539912 2215164 40859584    0    0     0 480652 146929 822937 78 21  0  0  0  0
263  0 111936 119537480 2215168 40859584    0    0     0 506196 148114 827701 78 21  0  0  0  0
258  0 111936 119535648 2215168 40859596    0    0     0 493328 147092 828871 78 22  0  0  0  0
261  0 111936 119531860 2215168 40859608    0    0     0 489932 147088 819753 78 21  0  0  0  0
241  0 111936 119530484 2215168 40859620    0    0     0 466232 145355 827141 78 22  0  0  0  0
152  2 111936 119533344 2215168 40859628    0    0     0 488448 147101 825123 78 21  0  0  0  0
278  0 111936 119535212 2215176 40859636    0    0     0 508296 148973 831325 78 21  0  0  0  0
271  0 111936 119528520 2215176 40859656    0    0     0 494348 159004 825469 78 21  0  0  0  0
215  0 111936 119528360 2215176 40859664    0    0     0 507944 150836 825327 78 21  1  0  0  0
234  0 111936 119528952 2215176 40859672    0    0     0 449164 147480 825592 78 22  0  0  0  0
277  0 111936 119527700 2215176 40859676    0    0     0 510564 148265 827871 78 21  0  0  0  0
251  0 111936 119522200 2215180 40859680    0    0     0 496656 148704 829309 78 21  0  0  0  0
265  2 111936 119513548 2215180 40859692    0    0     0 474060 146525 828390 78 21  0  0  0  0
241  0 111936 119517704 2215180 40859700    0    0     0 473068 147274 824781 78 21  0  0  0  0
275  0 111936 119518340 2215180 40859720    0    0     0 476960 150114 830370 78 21  0  0  0  0
274  0 111936 119517844 2215180 40859728    0    0     0 514824 146419 826860 78 21  0  0  0  0
procs -----------memory---------- ---swap-- -----io---- -system-- -------cpu-------
 r  b   swpd   free   buff  cache   si   so    bi    bo   in   cs us sy id wa st gu
279  0 111936 119516416 2215180 40859732    0    0     0 479716 147065 825872 78 22  0  0  0  0
258  0 111936 119517036 2215180 40859748    0    0     0 511144 148079 830757 78 21  0  0  0  0
239  0 111936 119519048 2215180 40859748    0    0     0 492012 146637 825594 79 21  0  0  0  0
193  0 111936 119517720 2215180 40859756    0    0     0 509420 149486 827094 78 22  0  0  0  0
274  0 111936 119517080 2215180 40859780    0    0     0 445484 146160 820622 78 21  0  0  0  0
257  0 111936 119517040 2215184 40859780    0    0     0 539376 153082 831020 78 22  1  0  0  0
263  0 111936 119515932 2215184 40859796    0    0     0 446468 146251 821386 78 21  0  0  0  0
263  0 111936 119519440 2215184 40859808    0    0     0 521072 147265 824717 78 21  0  0  0  0
266  0 111936 119520844 2215184 40859812    0    0     0 512188 148160 827636 78 21  1  0  0  0
272  1 111936 119521784 2215184 40859832    0    0     0 447428 145907 822818 78 21  0  0  0  0
273  0 111936 119524552 2215184 40859848    0    0     0 485888 148699 825313 79 21  0  0  0  0
260  1 111936 119519492 2215184 40859852    0    0     0 516200 149625 826977 78 21  0  0  0  0
237  0 111936 119518272 2215184 40859864    0    0     0 523460 148709 828085 78 21  0  0  0  0
240  0 111936 119514564 2215184 40859872    0    0     0 492308 148408 828120 79 21  0  0  0  0
256  0 111936 119515360 2215184 40859880    0    0     0 470524 149458 829192 78 22  0  0  0  0
255  0 111936 119516500 2215184 40859896    0    0     0 517896 146499 828265 78 21  0  0  0  0
181  1 111936 119512472 2215184 40859904    0    0     0 525236 147884 827199 78 22  0  0  0  0
246  0 111936 119509796 2215184 40859912    0    0     0 504300 146102 821702 79 21  0  0  0  0
271  1 111936 119507656 2215184 40859928    0    0     0 526836 151455 830294 78 22  0  0  0  0
253  0 111936 119505728 2215184 40859944    0    0     0 555008 152176 831777 78 21  1  0  0  0
261  1 111936 119503632 2215184 40859956    0    0     0 448692 145196 823387 78 21  0  0  0  0
procs -----------memory---------- ---swap-- -----io---- -system-- -------cpu-------
 r  b   swpd   free   buff  cache   si   so    bi    bo   in   cs us sy id wa st gu
160  3 111936 119496404 2215184 40859968    0    0     0 495004 146115 825804 78 21  0  0  0  0
208  0 111936 119498292 2215184 40859976    0    0     0 470868 146286 823935 78 22  0  0  0  0
275  0 111936 119496572 2215184 40859984    0    0     0 505308 146780 827688 78 21  0  0  0  0
242  0 111936 119492456 2215184 40859992    0    0     0 454304 144260 823662 79 21  0  0  0  0
276  0 111936 119489856 2215188 40860008    0    0     0 542932 153729 829348 78 22  1  0  0  0
207  0 111936 119482040 2215188 40860016    0    0     0 495092 145396 823012 78 21  0  0  0  0
281  0 111936 119475888 2215188 40860028    0    0     0 463180 145287 823896 78 21  0  0  0  0
281  0 111936 119473388 2215188 40860036    0    0     0 517676 148019 825027 78 21  0  0  0  0
245  0 111936 119476756 2215188 40860044    0    0     0 500856 147821 831129 78 21  0  0  0  0
273  1 111936 119472096 2215192 40860056    0    0     0 512288 150436 827492 78 21  0  0  0  0
236  0 111936 119468872 2215192 40860064    0    0     0 478548 147638 824455 78 21  0  0  0  0
233  0 111936 119475132 2215192 40860072    0    0     0 487664 148902 824413 78 22  0  0  0  0
270  0 111936 119474408 2215192 40860080    0    0     0 507844 148046 829158 78 22  0  0  0  0
166  2 111936 119470364 2215192 40860096    0    0     0 471752 146132 825094 78 22  0  0  0  0
259  1 111936 119472892 2215196 40860104    0    0     0 460568 143762 825616 78 21  0  0  0  0
254  1 111936 119477136 2215196 40860112    0    0     0 483268 148557 826264 78 21  0  0  0  0
235  0 111936 119476016 2215196 40860120    0    0     0 491948 146044 825710 78 21  0  0  0  0
238  1 111936 119469020 2215196 40860196    0    0     0 524728 148619 826289 78 22  0  0  0  0
280  0 111936 119463344 2215196 40860204    0    0     0 450016 152224 825780 78 21  0  0  0  0
208  0 111936 119461228 2215204 40860208    0    0     0 519600 149344 824077 78 21  0  0  0  0
264  0 111936 119464228 2215204 40860228    0    0     0 510272 148515 823787 78 22  1  0  0  0
procs -----------memory---------- ---swap-- -----io---- -system-- -------cpu-------
 r  b   swpd   free   buff  cache   si   so    bi    bo   in   cs us sy id wa st gu
65  3 111936 119459288 2215204 40860236    0    0     0 470820 145997 822254 78 21  0  0  0  0
225  0 111936 119459240 2215204 40860244    0    0     0 507560 149936 825136 78 21  0  0  0  0
273  0 111936 119453628 2215204 40860256    0    0     0 403868 139365 820711 78 21  0  0  0  0
271  0 111936 119452272 2215208 40860260    0    0     0 543928 150206 828690 78 21  0  0  0  0
236  1 111936 119458668 2215208 40860272    0    0     0 515712 147942 821385 78 21  2  0  0  0
283  0 111936 119458188 2215208 40860280    0    0     0 491024 145940 824705 79 21  0  0  0  0
155  1 111936 119457292 2215208 40860292    0    0     0 426440 142876 820264 79 21  0  0  0  0
239  0 111936 119456884 2215208 40860304    0    0     0 574076 149915 830448 78 21  0  0  0  0
191  1 111936 119455588 2215212 40860312    0    0     0 429824 142793 818945 78 21  0  0  0  0
237  0 111936 119451136 2215212 40860324    0    0     0 505856 147004 827213 78 22  0  0  0  0
277  0 111936 119447284 2215212 40860332    0    0     0 513104 151237 831173 78 21  0  0  0  0
187  0 111936 119448336 2215212 40860344    0    0     0 468104 145850 824603 79 21  0  0  0  0
230  0 111936 119443992 2215212 40860352    0    0     0 444388 144072 825161 78 21  0  0  0  0
255  0 111936 119437060 2215216 40860360    0    0     0 529608 148483 830060 78 21  0  0  0  0
210  0 111936 119433036 2215216 40860376    0    0     0 495916 146537 825012 79 21  0  0  0  0
258  0 111936 119435204 2215216 40860384    0    0     0 502540 148392 826273 78 22  0  0  0  0
282  0 111936 119426508 2215216 40860400    0    0     0 489480 146481 831356 78 22  0  0  0  0
276  0 111936 119424852 2215216 40860408    0    0     0 483708 147089 824406 79 21  0  0  0  0
198  1 111936 119423736 2215220 40860412    0    0     0 537780 149480 825772 78 22  0  0  0  0
265  0 111936 119417436 2215220 40860428    0    0     0 460984 145773 824659 78 21  0  0  0  0
258  0 111936 119417680 2215220 40860436    0    0     0 503296 147667 830403 78 21  0  0  0  0
procs -----------memory---------- ---swap-- -----io---- -system-- -------cpu-------
 r  b   swpd   free   buff  cache   si   so    bi    bo   in   cs us sy id wa st gu
261  0 111936 119416784 2215220 40860444    0    0     0 403368 144259 819844 78 21  1  0  0  0
243  1 111936 119414792 2215220 40860452    0    0     0 600272 152135 833271 78 22  0  0  0  0
208  0 111936 119409444 2215220 40860460    0    0     0 483624 147632 827686 78 21  0  0  0  0
233  0 111936 119407484 2215220 40860472    0    0     0 470180 144827 822157 79 21  0  0  0  0
265  0 111936 119401196 2215220 40860484    0    0     0 511396 148323 832256 79 21  0  0  0  0
152  1 111936 119400340 2215220 40860492    0    0     0 518208 150734 831066 78 21  0  0  0  0
207  0 111936 119404400 2215220 40860500    0    0     0 511704 150695 827546 78 21  0  0  0  0
265  0 111936 119399320 2215220 40860512    0    0     0 456488 149601 828528 78 21  1  0  0  0
239  1 111936 119396060 2215224 40860524    0    0     0 469688 146834 824170 78 21  0  0  0  0
193  0 111936 119392356 2215224 40860536    0    0     0 500776 147939 827105 78 21  0  0  0  0
265  0 111936 119389576 2215224 40860544    0    0     0 504432 148578 827375 78 21  1  0  0  0
227  0 111936 119390740 2215224 40860552    0    0     0 449968 144067 822130 78 21  0  0  0  0
189  0 111936 119384664 2215224 40860560    0    0     0 548948 151788 830103 78 21  0  0  0  0
271  0 111936 119388960 2215228 40860568    0    0     0 484504 147925 829151 78 21  0  0  0  0
257  1 111936 119386444 2215228 40860584    0    0     0 525924 151960 833510 78 21  0  0  0  0
282  0 111936 119384496 2215228 40860592    0    0     0 427124 144993 822133 78 21  0  0  0  0
250  0 111936 119380532 2215228 40860600    0    0     0 464408 144181 825106 78 22  0  0  0  0
283  3 111936 119370252 2215228 40860612    0    0     0 557652 150659 831262 78 22  0  0  0  0
251  0 111936 119369728 2215228 40860616    0    0     0 395104 144033 820678 79 21  0  0  0  0
264  1 111936 119368896 2215228 40860632    0    0     0 600152 152175 836135 78 22  0  0  0  0
263  0 111936 119367220 2215228 40860640    0    0     0 406692 146347 822091 78 22  0  0  0  0
procs -----------memory---------- ---swap-- -----io---- -system-- -------cpu-------
 r  b   swpd   free   buff  cache   si   so    bi    bo   in   cs us sy id wa st gu
289  0 111936 119367824 2215228 40860648    0    0     0 560064 149719 830005 78 21  0  0  0  0
181  2 111936 119365148 2215228 40860656    0    0     0 444388 142505 822551 78 21  0  0  0  0
230  0 111936 119364716 2215228 40860668    0    0     0 487672 146219 826805 79 21  0  0  0  0
264  0 111936 119364316 2215228 40860684    0    0     0 539564 148280 832165 78 22  0  0  0  0
199  0 111936 119362452 2215228 40860692    0    0     0 484480 148567 825182 78 22  1  0  0  0
284  0 111936 119357928 2215228 40860700    0    0     0 508496 147726 828539 78 21  0  0  0  0
283  1 111936 119355900 2215228 40860708    0    0     0 493080 146801 824557 78 22  1  0  0  0
253  1 111936 119352960 2215228 40860720    0    0     0 515644 149539 830833 78 21  1  0  0  0
236  0 111936 119349292 2215228 40860732    0    0     0 394936 144988 824308 79 21  0  0  0  0
280  0 111936 119342864 2215228 40860740    0    0     0 490012 146909 829076 78 22  0  0  0  0
245  0 111936 119342552 2215228 40860748    0    0     0 588216 151501 831295 78 21  0  0  0  0
273  0 111936 119339508 2215228 40860756    0    0     0 424084 145866 822088 78 21  0  0  0  0
114  2 111936 119343628 2215232 40860768    0    0     0 524396 149821 825432 78 21  0  0  0  0
260  1 111936 119339664 2215232 40860784    0    0     0 458612 148049 826322 78 21  0  0  0  0
133  0 111936 119333808 2215232 40860860    0    0     0 529392 148690 825037 79 21  0  0  0  0
169  1 111936 119333836 2215232 40860868    0    0     0 449412 146981 823520 78 21  0  0  0  0
273  2 111936 119329156 2215232 40860876    0    0     0 537648 147373 830228 78 22  0  0  0  0
108  1 111936 119330364 2215232 40860888    0    0     0 496440 145263 820672 78 22  1  0  0  0
283  1 111936 119333544 2215232 40860900    0    0     0 527400 148449 828473 78 22  0  0  0  0
210  1 111936 119330796 2215232 40860912    0    0     0 491880 146843 826602 78 22  0  0  0  0
283  0 111936 119331588 2215232 40860920    0    0     0 501476 149034 830159 78 21  0  0  0  0
procs -----------memory---------- ---swap-- -----io---- -system-- -------cpu-------
 r  b   swpd   free   buff  cache   si   so    bi    bo   in   cs us sy id wa st gu
261  1 111936 119330844 2215232 40860936    0    0     0 541588 148243 831260 78 21  0  0  0  0
235  0 111936 119327872 2215232 40860944    0    0     0 489400 147035 825066 78 21  0  0  0  0
174  2 111936 119320364 2215232 40860956    0    0     0 476500 147014 827461 78 21  0  0  0  0
294  0 111936 119319364 2215232 40860968    0    0     0 447864 143064 825538 79 21  0  0  0  0
277  0 111936 119317000 2215232 40860976    0    0     0 555888 148596 831111 78 21  0  0  0  0
259  0 111936 119317552 2215232 40860984    0    0     0 480172 149160 827934 78 21  0  0  0  0
265  1 111936 119314320 2215236 40861000    0    0     0 518676 145987 825231 78 21  0  0  0  0
270  0 111936 119311996 2215236 40861008    0    0     0 512180 146014 826706 78 21  0  0  0  0
274  0 111936 119307268 2215236 40861020    0    0     0 486076 146352 826333 78 21  0  0  0  0
216  1 111936 119288296 2215236 40861076    0    0     0 499480 146784 822733 78 21  0  0  0  0
267  1 111936 119288636 2215236 40861080    0    0     0 447220 144604 823881 79 21  0  0  0  0
263  0 111936 119289020 2215240 40861096    0    0     0 521464 146874 830395 78 21  0  0  0  0
211  0 111936 119293272 2215240 40861104    0    0     0 477100 148400 826649 78 21  0  0  0  0
273  0 111936 119285676 2215240 40861116    0    0     0 496116 148016 830377 78 22  0  0  0  0
245  0 111936 119286476 2215240 40861124    0    0     0 501768 148059 826117 78 22  0  0  0  0
210  0 111936 119288616 2215240 40861136    0    0     0 493440 148350 827401 79 21  0  0  0  0
255  0 111936 119294832 2215240 40861144    0    0     0 494176 148214 825886 78 22  0  0  0  0
261  0 111936 119294396 2215240 40861152    0    0     0 481096 147488 823648 77 21  1  0  0  0
180  0 111936 119293948 2215240 40861164    0    0     0 490048 146358 822602 78 22  0  0  0  0
263  0 111936 119290352 2215240 40861172    0    0     0 499672 146320 827913 78 22  0  0  0  0
242  0 111936 119276496 2215240 40861196    0    0     0 482260 147554 818476 78 22  0  0  0  0
procs -----------memory---------- ---swap-- -----io---- -system-- -------cpu-------
 r  b   swpd   free   buff  cache   si   so    bi    bo   in   cs us sy id wa st gu
256  0 111936 119260548 2215244 40861236    0    0     0 492956 147022 819838 78 22  0  0  0  0
159  1 111936 119258204 2215244 40861236    0    0     0 472036 145028 822205 79 21  0  0  0  0
244  0 111936 119266376 2215244 40861248    0    0     0 513556 150789 829909 78 21  0  0  0  0
262  0 111936 119259532 2215244 40861256    0    0     0 487436 148069 829405 78 21  0  0  0  0
95  0 111936 119263444 2215244 40861268    0    0     0 486240 147616 825580 78 21  0  0  0  0
260  0 111936 119270052 2215244 40861276    0    0     0 523668 149600 824762 78 21  1  0  0  0
251  0 111936 119264100 2215244 40861280    0    0     0 470996 144352 823601 78 21  0  0  0  0
250  0 111936 119263484 2215244 40861296    0    0     0 509076 152004 826727 77 21  1  0  0  0
220  0 111936 119252992 2215244 40861304    0    0     0 486572 156713 826447 78 21  0  0  0  0
94  1 111936 119252520 2215244 40861340    0    0     0 487860 152196 826050 78 21  0  0  0  0
274  0 111936 119247320 2215244 40861348    0    0     0 489296 147274 826716 79 21  0  0  0  0
271  0 111936 119247544 2215244 40861360    0    0     0 487720 145602 828987 78 21  0  0  0  0
230  0 111936 119244916 2215244 40861372    0    0     0 493096 148661 828498 78 21  0  0  0  0
265  0 111936 119245236 2215244 40861384    0    0     0 481024 147821 828027 78 22  0  0  0  0
185  0 111936 119246196 2215244 40861392    0    0     0 500476 148279 825751 78 21  0  0  0  0
238  0 111936 119243252 2215244 40861400    0    0     0 496404 146325 822927 78 21  1  0  0  0
272  0 111936 119241392 2215244 40861412    0    0     0 492808 145688 825982 79 21  0  0  0  0
253  0 111936 119238552 2215244 40861420    0    0     0 488096 150684 826627 78 22  0  0  0  0
181  0 111936 119235428 2215244 40861432    0    0     0 493140 150417 828138 78 21  1  0  0  0
164  0 111936 119236604 2215244 40861444    0    0     0 490824 147587 824819 78 21  0  0  0  0
262  0 111936 119239864 2215244 40861452    0    0     0 491848 145476 821201 78 21  1  0  0  0
procs -----------memory---------- ---swap-- -----io---- -system-- -------cpu-------
 r  b   swpd   free   buff  cache   si   so    bi    bo   in   cs us sy id wa st gu
244  0 111936 119240232 2215244 40861460    0    0     0 491052 147789 825959 79 21  0  0  0  0
253  0 111936 119236692 2215244 40861468    0    0     0 491440 148262 827959 78 21  0  0  0  0
181  0 111936 119235704 2215244 40861488    0    0     0 509912 146664 827907 78 21  0  0  0  0
252  0 111936 119234652 2215244 40861492    0    0     0 493904 144861 825394 79 21  0  0  0  0
248  0 111936 119233216 2215244 40861500    0    0     0 509920 148835 828924 78 21  1  0  0  0
265  0 111936 119230160 2215244 40861508    0    0     0 490768 146987 826371 78 21  0  0  0  0
227  0 111936 119229368 2215244 40861516    0    0     0 492788 149787 830915 78 22  0  0  0  0
238  0 111936 119227276 2215244 40861536    0    0     0 495112 147674 828768 78 21  0  0  0  0
221  0 111936 119232164 2215244 40861544    0    0     0 491704 147755 825202 78 21  0  0  0  0
260  0 111936 119229964 2215244 40861552    0    0     0 490608 146786 826738 78 21  0  0  0  0
240  0 111936 119222960 2215244 40861560    0    0     0 491016 147650 827009 78 21  0  0  0  0
241  0 111936 119219764 2215244 40861656    0    0     0 488572 148639 825991 78 21  0  0  0  0
264  0 111936 119216600 2215244 40861668    0    0     0 493004 146876 827045 78 22  0  0  0  0
236  0 111936 119209060 2215244 40861676    0    0     0 490524 147783 828666 78 22  0  0  0  0
242  0 111936 119207628 2215248 40861684    0    0     0 498352 144452 828290 78 21  0  0  0  0
212  0 111936 119204076 2215248 40861692    0    0     0 493784 148713 829950 78 21  0  0  0  0
222  0 111936 119207916 2215248 40861700    0    0     0 492704 148813 831501 78 21  0  0  0  0
238  0 111936 119201380 2215248 40861716    0    0     0 495576 146566 824845 78 21  0  0  0  0
271  0 111936 119198636 2215248 40861728    0    0     0 494204 148406 828723 78 21  1  0  0  0
259  0 111936 119192932 2215248 40861736    0    0     0 494844 147089 826295 78 21  0  0  0  0
249  0 111936 119193496 2215248 40861740    0    0     0 492920 148279 825714 78 21  0  0  0  0
procs -----------memory---------- ---swap-- -----io---- -system-- -------cpu-------
 r  b   swpd   free   buff  cache   si   so    bi    bo   in   cs us sy id wa st gu
249  0 111936 119187852 2215248 40861752    0    0     0 493448 146876 825292 78 21  0  0  0  0
221  1 111936 119184032 2215248 40861764    0    0     0 494068 145559 821369 78 21  0  0  0  0
241  1 111936 119181832 2215248 40861772    0    0     0 494676 147050 825541 78 22  0  0  0  0
240  0 111936 119180176 2215248 40861780    0    0     0 525640 150353 831380 78 21  0  0  0  0
235  0 111936 119172344 2215248 40861780    0    0     0 490164 150805 826926 78 21  0  0  0  0
279  0 111936 119170284 2215248 40861796    0    0     0 491096 148512 828555 78 21  0  0  0  0
213  0 111936 119173484 2215248 40861808    0    0     0 494628 145952 827938 78 21  0  0  0  0
218  0 111936 119174580 2215248 40861824    0    0     0 490908 146981 827445 78 21  0  0  0  0
264  0 111936 119174092 2215248 40861836    0    0     0 489952 149157 829245 78 21  1  0  0  0
263  0 111936 119178792 2215248 40861844    0    0     0 488388 145661 827637 79 21  0  0  0  0
229  0 111936 119176324 2215248 40861856    0    0     0 493320 147069 827723 78 21  0  0  0  0
251  0 111936 119175472 2215252 40861860    0    0     0 492356 146612 826268 78 21  0  0  0  0
271  1 111936 119173236 2215256 40861876    0    0     0 498340 147241 829739 78 22  0  0  0  0
126  0 111936 119171208 2215256 40861884    0    0     0 497088 145521 823990 78 22  0  0  0  0
247  0 111936 119171320 2215256 40861892    0    0     0 496224 149438 828163 78 21  0  0  0  0
176  0 111936 119173712 2215256 40861896    0    0     0 506036 147024 827941 78 21  0  0  0  0
254  0 111936 119168560 2215256 40861904    0    0     0 502768 147976 829072 78 21  0  0  0  0
277  0 111936 119164620 2215256 40861912    0    0     0 518456 147893 830873 78 21  0  0  0  0
275  0 111936 119161272 2215256 40861928    0    0     0 502004 148705 827376 78 21  0  0  0  0
260  0 111936 119163300 2215256 40861940    0    0     0 520836 147471 827932 78 22  0  0  0  0
276  0 111936 119162772 2215256 40861948    0    0     0 502592 148882 831309 79 21  0  0  0  0
procs -----------memory---------- ---swap-- -----io---- -system-- -------cpu-------
 r  b   swpd   free   buff  cache   si   so    bi    bo   in   cs us sy id wa st gu
275  0 111936 119163420 2215256 40861956    0    0     0 502000 147561 826417 79 21  0  0  0  0
251  0 111936 119162008 2215260 40861964    0    0     0 503620 149010 826965 78 21  0  0  0  0
247  0 111936 119163104 2215260 40861976    0    0     0 503496 147701 825327 78 22  0  0  0  0
266  0 111936 119164592 2215260 40861992    0    0     0 502672 147522 827024 78 21  1  0  0  0
245  0 111936 119163548 2215260 40861992    0    0     0 494628 151483 830684 78 21  0  0  0  0
252  0 111936 119162660 2215260 40862008    0    0     0 495092 147588 826521 78 22  0  0  0  0
256  0 111936 119159392 2215264 40862008    0    0     0 495488 148799 832437 78 21  0  0  0  0
148  0 111936 119157216 2215264 40862024    0    0     0 491684 148186 825659 78 22  0  0  0  0
273  0 111936 119154268 2215264 40862044    0    0     0 491108 147008 827464 78 21  0  0  0  0
251  0 111936 119152756 2215264 40862052    0    0     0 493664 151743 830292 78 22  0  0  0  0
240  0 111936 119150000 2215264 40862060    0    0     0 491452 147445 828846 79 21  0  0  0  0
262  0 111936 119145612 2215264 40862072    0    0     0 492476 145342 825462 78 21  0  0  0  0
251  0 111936 119146492 2215264 40862080    0    0     0 486664 147580 826343 78 22  0  0  0  0
243  0 111936 119143980 2215264 40862084    0    0     0 505364 148811 825992 78 22  0  0  0  0
131  0 111936 119141836 2215264 40862092    0    0     0 514516 144681 824525 78 21  1  0  0  0
266  0 111936 119139100 2215264 40862116    0    0     0 491836 147274 825900 78 22  0  0  0  0
261  0 111936 119134952 2215264 40862128    0    0     0 490968 147635 828098 78 21  0  0  0  0
182  0 111936 119133988 2215264 40862132    0    0     0 490532 147308 826160 78 22  0  0  0  0
223  0 111936 119132884 2215264 40862152    0    0     0 487600 148853 825952 78 21  1  0  0  0
182  0 111936 119132200 2215264 40862152    0    0     0 486696 149748 827566 78 22  0  0  0  0
269  0 111936 119131668 2215264 40862160    0    0     0 487692 149647 826119 78 21  0  0  0  0
procs -----------memory---------- ---swap-- -----io---- -system-- -------cpu-------
 r  b   swpd   free   buff  cache   si   so    bi    bo   in   cs us sy id wa st gu
260  0 111936 119129648 2215264 40862168    0    0     0 488052 147347 824528 78 21  0  0  0  0
227  0 111936 119127644 2215264 40862180    0    0     0 491992 146530 828837 78 21  0  0  0  0
247  0 111936 119126788 2215264 40862192    0    0     0 489672 147617 825552 78 21  0  0  0  0
243  0 111936 119120144 2215264 40862200    0    0     0 494100 145938 826926 78 21  0  0  0  0
185  0 111936 119116964 2215264 40862208    0    0     0 490668 148998 828312 78 21  0  0  0  0
199  0 111936 119111144 2215264 40862220    0    0     0 490120 147223 828703 78 21  0  0  0  0
163  0 111936 119112516 2215264 40862236    0    0     0 487764 148892 828039 78 21  0  0  0  0
257  0 111936 119115988 2215264 40862244    0    0     0 488708 148475 826238 78 21  0  0  0  0
269  0 111936 119111752 2215264 40862324    0    0     0 494520 145152 828433 79 21  0  0  0  0
257  0 111936 119111012 2215264 40862336    0    0     0 488724 147325 832751 78 21  0  0  0  0
180  0 111936 119108428 2215264 40862340    0    0     0 520476 148534 829138 78 22  0  0  0  0
210  0 111936 119109212 2215264 40862356    0    0     0 487968 148340 826943 78 21  0  0  0  0
257  0 111936 119105056 2215264 40862364    0    0     0 489364 147364 824921 78 21  0  0  0  0
249  0 111936 119104740 2215264 40862372    0    0     0 490416 149190 831228 79 21  0  0  0  0
208  0 111936 119106844 2215264 40862380    0    0     0 488080 146800 826250 78 21  0  0  0  0
220  0 111936 119105172 2215264 40862392    0    0     0 487228 149342 829027 78 21  0  0  0  0
254  0 111936 119106624 2215264 40862404    0    0     0 487760 149050 827587 78 21  0  0  0  0
269  1 111936 119110720 2215264 40862412    0    0     0 492852 147481 829178 78 21  0  0  0  0
240  0 111936 119106620 2215264 40862424    0    0     0 490368 148950 826194 79 21  0  0  0  0
242  0 111936 119105464 2215264 40862432    0    0     0 490724 149819 822666 78 21  0  0  0  0
257  0 111936 119102884 2215268 40862436    0    0     0 494016 146896 826012 78 22  0  0  0  0
procs -----------memory---------- ---swap-- -----io---- -system-- -------cpu-------
 r  b   swpd   free   buff  cache   si   so    bi    bo   in   cs us sy id wa st gu
268  0 111936 119102824 2215268 40862456    0    0     0 493316 148187 827833 78 22  0  0  0  0
230  0 111936 119103456 2215268 40862464    0    0     0 492340 144955 824799 79 21  0  0  0  0
271  0 111936 119098888 2215268 40862472    0    0     0 494460 145655 825626 78 21  0  0  0  0
238  0 111936 119094136 2215268 40862480    0    0     0 491324 147140 824004 78 21  0  0  0  0
273  0 111936 119090028 2215272 40862488    0    0     0 489940 151027 832298 78 21  0  0  0  0
275  0 111936 119087900 2215272 40862512    0    0     0 492884 151509 830491 78 22  1  0  0  0
247  0 111936 119089960 2215272 40862520    0    0     0 494932 147562 824546 78 21  0  0  0  0
151  0 111936 119083916 2215272 40862520    0    0     0 513388 161264 825888 78 21  1  0  0  0
217  0 111936 119079560 2215272 40862528    0    0     0 494172 147846 827315 78 22  0  0  0  0
244  0 111936 119078212 2215276 40862544    0    0     0 510356 144972 827240 78 21  0  0  0  0
269  0 111936 119077020 2215276 40862552    0    0     0 492468 149278 827397 78 21  1  0  0  0
208  0 111936 119076980 2215276 40862560    0    0     0 491300 145751 824608 79 21  0  0  0  0
204  0 111936 119073348 2215276 40862576    0    0     0 492316 146842 823710 78 21  0  0  0  0
229  0 111936 119078272 2215276 40862576    0    0     0 487680 147691 824200 78 22  0  0  0  0
258  0 111936 119073304 2215276 40862584    0    0     0 492080 149130 827271 78 21  0  0  0  0
262  0 111936 119069860 2215276 40862604    0    0     0 491848 148756 827652 78 21  0  0  0  0
210  0 111936 119066052 2215276 40862608    0    0     0 488804 148442 824000 78 21  0  0  0  0
255  0 111936 119057480 2215276 40862620    0    0     0 493500 145754 828176 78 21  0  0  0  0
268  0 111936 119062836 2215276 40862624    0    0     0 487936 149458 830934 78 22  0  0  0  0
265  0 111936 119059912 2215276 40862636    0    0     0 490988 147057 827670 79 21  0  0  0  0
271  0 111936 119060120 2215276 40862644    0    0     0 495848 146602 827422 78 22  0  0  0  0
procs -----------memory---------- ---swap-- -----io---- -system-- -------cpu-------
 r  b   swpd   free   buff  cache   si   so    bi    bo   in   cs us sy id wa st gu
250  0 111936 119057284 2215276 40862656    0    0     0 499860 145050 826301 78 21  0  0  0  0
255  0 111936 119056548 2215276 40862668    0    0     0 495608 145862 826802 78 22  0  0  0  0
163  0 111936 119053440 2215276 40862676    0    0     0 493488 149903 827617 78 22  1  0  0  0
186  0 111936 119052544 2215276 40862688    0    0     0 491092 149807 830064 78 21  0  0  0  0
223  0 111936 119045500 2215276 40862696    0    0     0 510504 148119 828342 78 22  0  0  0  0
257  0 111936 119043740 2215276 40862712    0    0     0 493012 148027 829029 79 21  0  0  0  0
216  0 111936 119044428 2215276 40862720    0    0     0 508212 149103 826859 78 21  0  0  0  0
228  0 111936 119043316 2215276 40862732    0    0     0 496008 146870 828610 78 21  0  0  0  0
171  0 111936 119038376 2215280 40862740    0    0     0 494896 146717 826428 78 22  0  0  0  0
206  0 111936 119032536 2215280 40862752    0    0     0 497384 147296 829759 78 21  0  0  0  0
192  0 111936 119031520 2215280 40862764    0    0     0 494416 147562 824535 78 21  0  0  0  0
269  0 111936 119033040 2215280 40862772    0    0     0 497176 149437 826349 78 21  0  0  0  0
200  0 111936 119033244 2215280 40862780    0    0     0 498196 147925 828568 78 21  0  0  0  0
258  0 111936 119033616 2215284 40862788    0    0     0 498552 147379 824037 78 21  0  0  0  0
260  0 111936 119035464 2215284 40862804    0    0     0 498628 151364 826310 78 21  0  0  0  0
246  0 111936 119036284 2215284 40862816    0    0     0 497528 147893 825899 78 22  0  0  0  0
270  1 111936 119032704 2215284 40862824    0    0     0 500228 147666 825018 78 21  1  0  0  0
234  0 111936 119031804 2215284 40862836    0    0     0 499964 148898 825441 78 22  0  0  0  0
274  0 111936 119030884 2215284 40862844    0    0     0 501636 147826 825928 78 21  0  0  0  0
264  0 111936 119029168 2215284 40862852    0    0     0 502864 150939 826145 78 21  0  0  0  0
205  0 111936 119026024 2215284 40862860    0    0     0 502192 147210 824855 78 21  0  0  0  0
procs -----------memory---------- ---swap-- -----io---- -system-- -------cpu-------
 r  b   swpd   free   buff  cache   si   so    bi    bo   in   cs us sy id wa st gu
272  0 111936 119025232 2215284 40862868    0    0     0 503616 149966 828131 78 21  0  0  0  0
105  0 111936 119026340 2215284 40862884    0    0     0 502392 150047 824045 78 21  0  0  0  0
234  0 111936 119024132 2215284 40862892    0    0     0 506096 145783 826621 78 21  0  0  0  0
266  0 111936 119022640 2215284 40862900    0    0     0 520172 160167 828657 78 22  0  0  0  0
265  0 111936 119018376 2215284 40862912    0    0     0 497836 148693 827616 78 21  0  0  0  0
120  0 111936 119010248 2215284 40862988    0    0     0 512324 162769 828480 78 21  0  0  0  0
269  0 111936 119007032 2215284 40863000    0    0     0 500472 148167 825109 78 22  1  0  0  0
247  1 111936 119000764 2215284 40863008    0    0     0 503328 147648 826147 78 21  0  0  0  0
226  0 111936 118999652 2215284 40863016    0    0     0 500328 147671 829740 78 21  0  0  0  0
227  0 111936 118998840 2215284 40863024    0    0     0 495304 148985 831020 78 22  0  0  0  0
254  1 111936 118996276 2215284 40863036    0    0     0 501008 146688 828715 79 21  0  0  0  0
202  0 111936 118991976 2215284 40863048    0    0     0 498092 147603 823661 78 21  0  0  0  0
259  0 111936 118989780 2215288 40863056    0    0     0 492140 148528 826601 78 21  0  0  0  0
245  0 111936 118988528 2215288 40863068    0    0     0 494292 147829 827818 78 22  0  0  0  0
199  0 111936 118984428 2215288 40863076    0    0     0 495420 147248 827339 78 22  0  0  0  0
263  0 111936 118986184 2215288 40863092    0    0     0 495976 146856 826475 78 21  0  0  0  0
274  0 111936 118983392 2215288 40863100    0    0     0 495840 146546 828969 78 21  0  0  0  0
168  0 111936 118984296 2215292 40863104    0    0     0 494000 149944 829699 78 22  0  0  0  0
263  0 111936 118980904 2215292 40863116    0    0     0 492940 150241 827098 78 21  1  0  0  0
186  0 111936 118976368 2215292 40863124    0    0     0 494272 146141 824786 78 21  0  0  0  0
237  0 111936 118973648 2215292 40863136    0    0     0 494616 148795 826986 79 21  0  0  0  0
procs -----------memory---------- ---swap-- -----io---- -system-- -------cpu-------
 r  b   swpd   free   buff  cache   si   so    bi    bo   in   cs us sy id wa st gu
268  0 111936 118974344 2215292 40863148    0    0     0 526960 147749 828423 78 22  1  0  0  0
249  0 111936 118971924 2215296 40863156    0    0     0 492608 147785 827175 78 22  0  0  0  0
252  0 111936 118970852 2215296 40863168    0    0     0 492024 147453 827473 78 22  0  0  0  0
267  0 111936 118967340 2215296 40863180    0    0     0 494840 146194 825001 78 22  0  0  0  0
258  0 111936 118968304 2215296 40863196    0    0     0 491116 145299 829763 79 21  0  0  0  0
267  0 111936 118970272 2215296 40863204    0    0     0 492692 147964 826975 78 21  0  0  0  0
214  0 111936 118967268 2215296 40863212    0    0     0 490672 145881 823706 78 21  0  0  0  0
265  0 111936 118964616 2215296 40863220    0    0     0 495668 149218 830734 78 22  0  0  0  0
186  0 111936 118957808 2215296 40863232    0    0     0 497280 146755 825917 78 21  0  0  0  0
252  0 111936 118962376 2215296 40863248    0    0     0 488760 148020 826561 78 21  0  0  0  0
261  0 111936 118952128 2215296 40863256    0    0     0 492108 146520 825828 78 21  0  0  0  0
220  0 111936 118953720 2215300 40863260    0    0     0 487704 147616 828432 78 21  0  0  0  0
250  0 111936 118955544 2215300 40863268    0    0     0 490164 149158 822757 78 21  1  0  0  0
256  0 111936 118950448 2215300 40863280    0    0     0 493780 147188 830126 79 21  0  0  0  0
220  0 111936 118949344 2215300 40863292    0    0     0 489448 147551 829047 78 21  0  0  0  0
194  0 111936 118947260 2215300 40863300    0    0     0 491584 147003 831650 78 21  0  0  0  0
258  0 111936 118950468 2215304 40863304    0    0     0 492816 146169 826072 78 21  0  0  0  0
221  0 111936 118953884 2215304 40863316    0    0     0 493760 146864 827044 78 21  0  0  0  0
265  0 111936 118946300 2215304 40863324    0    0     0 507808 162396 827494 78 22  0  0  0  0
169  0 111936 118948696 2215304 40863336    0    0     0 492768 145880 823316 79 21  0  0  0  0
204  0 111936 118943716 2215304 40863348    0    0     0 509204 147579 830689 78 22  0  0  0  0
procs -----------memory---------- ---swap-- -----io---- -system-- -------cpu-------
 r  b   swpd   free   buff  cache   si   so    bi    bo   in   cs us sy id wa st gu
269  0 111936 118932992 2215304 40863356    0    0     0 494600 146864 829251 78 22  0  0  0  0
220  0 111936 118929132 2215304 40863364    0    0     0 495448 147684 829077 78 21  0  0  0  0
254  0 111936 118927548 2215304 40863376    0    0     0 495368 145919 822883 79 21  0  0  0  0
237  0 111936 118927892 2215304 40863384    0    0     0 494040 146308 825586 78 22  0  0  0  0
225  0 111936 118925112 2215304 40863396    0    0     0 489664 150488 827154 78 21  0  0  0  0
236  0 111936 118919584 2215304 40863404    0    0     0 492428 148182 827471 79 21  0  0  0  0
274  0 111936 118918836 2215304 40863416    0    0     0 494024 146117 825783 78 21  0  0  0  0
247  0 111936 118920452 2215304 40863428    0    0     0 494736 147769 824219 77 22  1  0  0  0
247  0 111936 118922064 2215304 40863436    0    0     0 492992 148044 828618 78 21  0  0  0  0
258  0 111936 118919220 2215304 40863444    0    0     0 493184 147607 825310 78 21  0  0  0  0
229  0 111936 118918612 2215304 40863452    0    0     0 494020 148948 828386 78 22  0  0  0  0
272  0 111936 118917860 2215304 40863460    0    0     0 494028 146752 828224 78 22  0  0  0  0
192  0 111936 118915240 2215304 40863476    0    0     0 525536 148469 827987 78 21  1  0  0  0
258  0 111936 118914012 2215304 40863492    0    0     0 491200 146855 827586 78 22  0  0  0  0
249  0 111936 118912972 2215304 40863504    0    0     0 491416 148429 827106 78 22  0  0  0  0
225  0 111936 118916640 2215308 40863508    0    0     0 490476 145903 827280 79 21  0  0  0  0
250  0 111936 118917628 2215308 40863520    0    0     0 489848 147380 826365 78 22  0  0  0  0
256  0 111936 118914864 2215308 40863540    0    0     0 488568 148101 829435 79 21  0  0  0  0
242  0 111936 118910808 2215308 40863548    0    0     0 492948 147073 827799 78 22  0  0  0  0
267  0 111936 118911256 2215308 40863560    0    0     0 494164 147105 825375 79 21  0  0  0  0
268  0 111936 118911620 2215312 40863560    0    0     0 493136 146460 826389 78 22  0  0  0  0
procs -----------memory---------- ---swap-- -----io---- -system-- -------cpu-------
 r  b   swpd   free   buff  cache   si   so    bi    bo   in   cs us sy id wa st gu
241  0 111936 118913312 2215312 40863584    0    0     0 490888 146808 823604 78 22  0  0  0  0
184  0 111936 118913284 2215312 40863592    0    0     0 488060 146940 827013 78 22  0  0  0  0
211  0 111936 118907304 2215312 40863668    0    0     0 489284 146436 825014 79 21  0  0  0  0
193  0 111936 118905380 2215312 40863672    0    0     0 489752 149318 828701 78 21  0  0  0  0
248  0 111936 118905256 2215316 40863684    0    0     0 490520 146378 828146 78 21  0  0  0  0
239  0 111936 118901396 2215316 40863696    0    0     0 489664 148497 828390 79 21  0  0  0  0
240  0 111936 118899804 2215316 40863696    0    0     0 490032 146482 827458 79 21  0  0  0  0
240  0 111936 118899880 2215316 40863704    0    0     0 525808 159656 826236 78 21  0  0  0  0
269  0 111936 118896748 2215316 40863716    0    0     0 489892 147767 827896 78 22  0  0  0  0
141  0 111936 118898020 2215320 40863724    0    0     0 489028 148506 827249 78 21  0  0  0  0
235  0 111936 118894448 2215320 40863736    0    0     0 488536 148881 829145 78 21  0  0  0  0
215  0 111936 118895808 2215320 40863744    0    0     0 490636 151056 828729 78 22  1  0  0  0
217  0 111936 118893680 2215320 40863752    0    0     0 493104 149252 828629 78 21  0  0  0  0
269  1 111936 118893292 2215320 40863760    0    0     0 493300 147197 827571 78 21  0  0  0  0
269  0 111936 118893856 2215320 40863776    0    0     0 494800 148901 829803 78 21  0  0  0  0
245  0 111936 118895520 2215320 40863792    0    0     0 495780 146536 830977 79 21  0  0  0  0
254  0 111936 118899972 2215320 40863800    0    0     0 495612 148084 827974 78 21  0  0  0  0
184  0 111936 118893700 2215320 40863808    0    0     0 498004 146572 825124 78 21  0  0  0  0
268  0 111936 118891800 2215320 40863820    0    0     0 495724 150392 831933 78 21  0  0  0  0
191  0 111936 118889604 2215324 40863828    0    0     0 494124 147098 822101 78 21  0  0  0  0
234  0 111936 118890472 2215324 40863840    0    0     0 497292 146884 827298 78 22  0  0  0  0
procs -----------memory---------- ---swap-- -----io---- -system-- -------cpu-------
 r  b   swpd   free   buff  cache   si   so    bi    bo   in   cs us sy id wa st gu
270  0 111936 118885012 2215324 40863848    0    0     0 498672 148561 826941 78 21  0  0  0  0
272  0 111936 118874832 2215324 40863864    0    0     0 499156 153757 828371 78 22  0  0  0  0
187  0 111936 118870844 2215324 40863876    0    0     0 496980 149562 832216 78 21  0  0  0  0
239  0 111936 118871684 2215324 40863880    0    0     0 497372 148796 825823 78 21  1  0  0  0
253  1 111936 118864620 2215324 40863888    0    0     0 532640 153283 831553 78 22  0  0  0  0
240  0 111936 118863360 2215324 40863904    0    0     0 495944 148377 828676 78 21  0  0  0  0
257  0 111936 118857700 2215324 40863912    0    0     0 499256 146467 827791 78 21  0  0  0  0
188  0 111936 118855340 2215324 40863924    0    0     0 494964 146931 826679 78 21  0  0  0  0
190  0 111936 118850644 2215328 40863936    0    0     0 491952 148383 827004 78 22  1  0  0  0
271  0 111936 118847832 2215328 40863944    0    0     0 496568 145356 825478 78 22  0  0  0  0
261  0 111936 118848140 2215328 40863944    0    0     0 493912 145854 827465 79 21  0  0  0  0
250  0 111936 118845084 2215328 40863960    0    0     0 496616 146181 828208 78 21  0  0  0  0
237  0 111936 118842656 2215328 40863972    0    0     0 497252 146606 828020 78 22  0  0  0  0
238  0 111936 118844660 2215328 40863984    0    0     0 492212 147374 826392 78 21  0  0  0  0
268  0 111936 118843336 2215328 40863992    0    0     0 492160 149213 827711 78 21  0  0  0  0
206  0 111936 118843720 2215328 40864000    0    0     0 494016 146752 825099 78 21  0  0  0  0
263  0 111936 118841908 2215328 40864016    0    0     0 492196 146961 826762 79 21  0  0  0  0
169  0 111936 118835608 2215328 40864020    0    0     0 491904 148133 827613 78 21  0  0  0  0
273  1 111936 118830524 2215332 40864032    0    0     0 493028 148245 828074 78 21  0  0  0  0
134  0 111936 118827532 2215332 40864040    0    0     0 527016 147407 823224 78 22  0  0  0  0
270  0 111936 118824660 2215332 40864048    0    0     0 493240 146368 823984 78 22  0  0  0  0
procs -----------memory---------- ---swap-- -----io---- -system-- -------cpu-------
 r  b   swpd   free   buff  cache   si   so    bi    bo   in   cs us sy id wa st gu
171  0 111936 118825392 2215332 40864056    0    0     0 491480 146886 822893 78 22  0  0  0  0
171  0 111936 118820652 2215332 40864068    0    0     0 496212 146597 825695 78 21  0  0  0  0
220  0 111936 118820080 2215332 40864076    0    0     0 491852 147870 825926 78 22  0  0  0  0
236  0 111936 118816044 2215332 40864088    0    0     0 499356 146900 830694 78 21  0  0  0  0
187  0 111936 118810536 2215332 40864096    0    0     0 490688 148145 829349 78 21  0  0  0  0
220  0 111936 118814864 2215332 40864108    0    0     0 491308 146779 827246 78 21  0  0  0  0
264  0 111936 118812732 2215332 40864120    0    0     0 490764 147429 827152 78 21  0  0  0  0
215  0 111936 118810508 2215332 40864132    0    0     0 490184 147991 827512 79 21  0  0  0  0
255  0 111936 118807160 2215332 40864140    0    0     0 492184 146848 825922 78 22  0  0  0  0
191  0 111936 118803976 2215332 40864152    0    0     0 489168 148443 823173 78 21  1  0  0  0
269  0 111936 118800300 2215332 40864160    0    0     0 490628 147929 824655 78 22  0  0  0  0
239  0 111936 118795832 2215332 40864176    0    0     0 494600 146481 827224 79 21  0  0  0  0
243  0 111936 118793996 2215332 40864188    0    0     0 491836 148606 829290 78 22  0  0  0  0
219  0 111936 118792128 2215332 40864188    0    0     0 493600 145752 825739 78 22  0  0  0  0
130  0 111936 118787904 2215332 40864200    0    0     0 490512 147400 824326 79 21  0  0  0  0
237  0 111936 118785856 2215332 40864208    0    0     0 492108 147863 827687 78 21  0  0  0  0
267  0 111936 118783016 2215332 40864208    0    0     0 495524 147514 831545 78 21  0  0  0  0
214  0 111936 118782528 2215332 40864232    0    0     0 497752 146820 828365 78 22  0  0  0  0
256  0 111936 118776308 2215332 40864240    0    0     0 530304 159194 827478 79 21  0  0  0  0
261  0 111936 118773176 2215332 40864320    0    0     0 495356 147598 827355 79 21  0  0  0  0
257  0 111936 118770232 2215332 40864332    0    0     0 494328 148770 828802 78 21  0  0  0  0
procs -----------memory---------- ---swap-- -----io---- -system-- -------cpu-------
 r  b   swpd   free   buff  cache   si   so    bi    bo   in   cs us sy id wa st gu
255  0 111936 118770372 2215332 40864340    0    0     0 494628 147363 828696 78 22  0  0  0  0
258  0 111936 118768688 2215332 40864348    0    0     0 491548 147418 826609 79 21  0  0  0  0
250  0 111936 118764884 2215332 40864364    0    0     0 489124 148403 827458 78 21  0  0  0  0
254  1 111936 118761588 2215332 40864372    0    0     0 494684 147835 828734 78 21  0  0  0  0
198  0 111936 118759704 2215332 40864376    0    0     0 493448 152419 829823 78 21  1  0  0  0
241  0 111936 118756228 2215332 40864392    0    0     0 495516 147963 828772 79 21  0  0  0  0
159  0 111936 118756840 2215332 40864400    0    0     0 502020 145106 824244 78 22  0  0  0  0
228  3 111936 118750912 2215332 40864412    0    0     0 508296 148444 829127 79 21  0  0  0  0
200  0 111936 118749800 2215332 40864420    0    0     0 482712 146303 828008 79 21  0  0  0  0
242  0 111936 118744964 2215332 40864432    0    0     0 493188 150640 827854 78 21  1  0  0  0
170  1 111936 118745364 2215332 40864436    0    0     0 495472 147994 827303 78 22  0  0  0  0
237  3 111936 118744800 2215336 40864444    0    0     0 503228 146621 828326 78 21  0  0  0  0
276  0 111936 118743404 2215336 40864456    0    0     0 496152 148771 828665 79 21  0  0  0  0
170  0 111936 118738540 2215336 40864464    0    0     0 525760 149871 830760 78 21  1  0  0  0
253  0 111936 118737952 2215336 40864484    0    0     0 491204 149039 830410 78 21  0  0  0  0
267  0 111936 118737692 2215336 40864496    0    0     0 513480 148599 827796 78 21  1  0  0  0
269  1 111936 118738244 2215336 40864504    0    0     0 497676 146025 824172 79 21  0  0  0  0
222  0 111936 118734260 2215336 40864516    0    0     0 495544 145303 827440 79 21  0  0  0  0
174  0 111936 118736168 2215336 40864528    0    0     0 496960 145880 826439 78 22  0  0  0  0
136  2 111936 118739292 2215336 40864536    0    0     0 514296 147794 825543 78 21  0  0  0  0
260  1 111936 118732892 2215336 40864544    0    0     0 501332 144679 825865 79 21  0  0  0  0
procs -----------memory---------- ---swap-- -----io---- -system-- -------cpu-------
 r  b   swpd   free   buff  cache   si   so    bi    bo   in   cs us sy id wa st gu
283  0 111936 118732052 2215336 40864556    0    0     0 485204 149115 831007 78 22  0  0  0  0
278  0 111936 118729456 2215336 40864568    0    0     0 509136 147113 830795 78 21  0  0  0  0
273  0 111936 118725816 2215336 40864580    0    0     0 487644 146079 828126 79 21  0  0  0  0
265  0 111936 118729148 2215336 40864588    0    0     0 516296 150595 829495 78 21  0  0  0  0
208  1 111936 118724232 2215336 40864608    0    0     0 503672 145922 823638 78 22  0  0  0  0
254  0 111936 118724316 2215336 40864616    0    0     0 498480 147833 825825 78 21  0  0  0  0
216  0 111936 118718944 2215336 40864624    0    0     0 502788 148918 826937 78 22  0  0  0  0
278  0 111936 118714844 2215336 40864636    0    0     0 519132 147793 831411 78 22  0  0  0  0
235  2 111936 118712564 2215336 40864644    0    0     0 487272 147612 827581 78 21  0  0  0  0
258  0 111936 118712968 2215336 40864652    0    0     0 510892 150479 830027 78 22  0  0  0  0
260  1 111936 118705708 2215340 40864660    0    0     0 522588 163729 827584 77 21  1  0  0  0
176  1 111936 118700116 2215340 40864672    0    0     0 496800 148333 827078 78 21  1  0  0  0
263  1 111936 118697556 2215340 40864684    0    0     0 529180 149943 830777 78 22  0  0  0  0
157  0 111936 118689820 2215340 40864692    0    0     0 464176 147491 826759 78 21  0  0  0  0
280  0 111936 118689244 2215340 40864700    0    0     0 505560 147458 827952 79 21  0  0  0  0
271  0 111936 118682488 2215344 40864708    0    0     0 507504 147011 825678 78 22  0  0  0  0
247  0 111936 118686116 2215344 40864724    0    0     0 504704 149449 829640 78 21  0  0  0  0
272  0 111936 118682440 2215344 40864732    0    0     0 492284 146929 829276 79 21  0  0  0  0
229  0 111936 118682056 2215344 40864740    0    0     0 527284 149171 827974 78 21  1  0  0  0
276  0 111936 118681832 2215344 40864748    0    0     0 497812 147373 828756 78 22  0  0  0  0
191  1 111936 118684908 2215344 40864756    0    0     0 530660 153544 832451 78 21  0  0  0  0
procs -----------memory---------- ---swap-- -----io---- -system-- -------cpu-------
 r  b   swpd   free   buff  cache   si   so    bi    bo   in   cs us sy id wa st gu
273  0 111936 118682372 2215344 40864764    0    0     0 483312 147633 826155 78 22  0  0  0  0
244  0 111936 118680168 2215344 40864780    0    0     0 543472 150701 831736 78 21  0  0  0  0
283  0 111936 118680948 2215344 40864788    0    0     0 473572 146692 824286 78 21  0  0  0  0
265  0 111936 118677004 2215344 40864792    0    0     0 516816 148395 829005 78 22  0  0  0  0
276  0 111936 118681616 2215348 40864800    0    0     0 561488 149946 833364 78 21  0  0  0  0
246  0 111936 118677672 2215348 40864820    0    0     0 519832 149441 829151 78 22  0  0  0  0
248  0 111936 118672116 2215348 40864828    0    0     0 494740 146769 824306 78 21  0  0  0  0
281  2 111936 118670520 2215348 40864840    0    0     0 518408 147712 828672 78 21  0  0  0  0
280  0 111936 118668824 2215348 40864852    0    0     0 511144 150205 829572 78 22  0  0  0  0
156  0 111936 118669312 2215348 40864860    0    0     0 470924 146084 825625 78 21  0  0  0  0
177  1 111936 118668320 2215348 40864876    0    0     0 534740 150358 829139 78 21  0  0  0  0
262  1 111936 118665496 2215348 40864888    0    0     0 485192 148325 830617 78 21  0  0  0  0
248  0 111936 118664932 2215348 40864904    0    0     0 506108 148083 826961 78 22  0  0  0  0
284  0 111936 118664708 2215348 40864912    0    0     0 494780 147540 825262 79 21  0  0  0  0
242  0 111936 118658672 2215348 40864924    0    0     0 511368 148778 829677 78 21  0  0  0  0
261  0 111936 118662604 2215348 40864932    0    0     0 516960 149017 830535 78 21  0  0  0  0
271  0 111936 118657272 2215348 40865024    0    0     0 537276 152297 830971 78 22  0  0  0  0
214  0 111936 118652548 2215348 40865036    0    0     0 469340 149072 828145 78 21  0  0  0  0
274  1 111936 118652280 2215348 40865044    0    0     0 501772 148182 826393 78 21  0  0  0  0
179  0 111936 118658140 2215348 40865052    0    0     0 498920 147676 826395 78 21  0  0  0  0
166  1 111936 118657492 2215348 40865060    0    0     0 516284 148234 827807 78 21  0  0  0  0
procs -----------memory---------- ---swap-- -----io---- -system-- -------cpu-------
 r  b   swpd   free   buff  cache   si   so    bi    bo   in   cs us sy id wa st gu
111  0 111936 118660544 2215348 40865068    0    0     0 529028 151541 830145 78 21  0  0  0  0
266  0 111936 118657920 2215348 40865080    0    0     0 473912 149586 826798 78 21  0  0  0  0
231  2 111936 118655308 2215348 40865088    0    0     0 495472 148231 829026 79 21  0  0  0  0
267  0 111936 118653780 2215348 40865100    0    0     0 510608 147559 826451 78 21  0  0  0  0
224  0 111936 118659236 2215348 40865108    0    0     0 561424 153659 831985 78 22  0  0  0  0
157  2 111936 118651228 2215348 40865116    0    0     0 465264 146625 822379 78 22  1  0  0  0
218  2 111936 118651152 2215348 40865128    0    0     0 513612 150757 831426 78 21  1  0  0  0
266  0 111936 118645760 2215348 40865136    0    0     0 475908 147597 829539 78 21  0  0  0  0
231  0 111936 118647300 2215348 40865148    0    0     0 543836 161713 828812 78 21  0  0  0  0
201  2 111936 118649636 2215348 40865156    0    0     0 501348 148010 825362 78 22  0  0  0  0
184  0 111936 118647752 2215348 40865164    0    0     0 488392 147211 828765 78 22  0  0  0  0
240  0 111936 118647252 2215348 40865176    0    0     0 518440 150026 831164 78 22  0  0  0  0
283  0 111936 118639232 2215348 40865188    0    0     0 441176 144996 822928 79 21  0  0  0  0
231  0 111936 118635168 2215348 40865196    0    0     0 561652 152718 833756 78 22  0  0  0  0
221  0 111936 118633628 2215348 40865208    0    0     0 488196 147237 825404 78 21  0  0  0  0
252  1 111936 118634296 2215348 40865216    0    0     0 497780 148242 828796 78 21  0  0  0  0
286  0 111936 118638228 2215348 40865224    0    0     0 514436 146774 822599 79 21  0  0  0  0
268  1 111936 118638936 2215352 40865232    0    0     0 493068 147088 828234 78 21  0  0  0  0
253  1 111936 118630788 2215352 40865244    0    0     0 504464 148534 828199 78 21  0  0  0  0
265  0 111936 118625084 2215352 40865252    0    0     0 518200 149891 830473 78 22  0  0  0  0
281  0 111936 118628024 2215352 40865264    0    0     0 473524 146642 826942 79 21  0  0  0  0
procs -----------memory---------- ---swap-- -----io---- -system-- -------cpu-------
 r  b   swpd   free   buff  cache   si   so    bi    bo   in   cs us sy id wa st gu
269  1 111936 118624404 2215352 40865272    0    0     0 538848 148459 825716 78 22  0  0  0  0
234  0 111936 118623488 2215356 40865288    0    0     0 533508 147431 825339 78 21  0  0  0  0
255  0 111936 118619140 2215356 40865296    0    0     0 461192 144524 822842 78 21  0  0  0  0
193  0 111936 118617172 2215356 40865304    0    0     0 506536 147659 827128 78 21  0  0  0  0
273  1 111936 118613116 2215356 40865312    0    0     0 484552 147871 828915 78 22  0  0  0  0
277  2 111936 118617000 2215356 40865320    0    0     0 517736 149912 830513 78 22  0  0  0  0
267  0 111936 118614836 2215356 40865336    0    0     0 537776 149357 828064 78 21  0  0  0  0
243  0 111936 118609940 2215356 40865344    0    0     0 480712 145688 824766 78 21  0  0  0  0
194  1 111936 118613400 2215356 40865356    0    0     0 505032 146602 825072 78 21  0  0  0  0
263  0 111936 118614284 2215356 40865364    0    0     0 537604 150677 829861 78 21  1  0  0  0
123  1 111936 118608924 2215356 40865372    0    0     0 477448 147477 826175 78 22  0  0  0  0
264  0 111936 118608028 2215356 40865388    0    0     0 542984 149141 828028 78 21  1  0  0  0
276  0 111936 118604672 2215356 40865392    0    0     0 488492 148952 826094 79 21  0  0  0  0
237  0 111936 118603196 2215356 40865404    0    0     0 445232 146452 822577 78 22  1  0  0  0
259  0 111936 118597344 2215356 40865412    0    0     0 584792 153156 832794 78 21  0  0  0  0
229  0 111936 118601032 2215356 40865420    0    0     0 477276 146944 823039 78 21  0  0  0  0
286  0 111936 118599712 2215360 40865440    0    0     0 524664 150845 830243 78 21  0  0  0  0
101  2 111936 118599484 2215360 40865448    0    0     0 491044 145698 824553 78 22  0  0  0  0
250  0 111936 118594276 2215360 40865456    0    0     0 494432 149360 829281 78 21  0  0  0  0
237  0 111936 118585996 2215360 40865464    0    0     0 505132 148819 825077 78 21  0  0  0  0
238  0 111936 118587244 2215360 40865476    0    0     0 479004 145643 825434 78 22  0  0  0  0
procs -----------memory---------- ---swap-- -----io---- -system-- -------cpu-------
 r  b   swpd   free   buff  cache   si   so    bi    bo   in   cs us sy id wa st gu
263  0 111936 118584924 2215360 40865488    0    0     0 525852 148371 826137 78 22  0  0  0  0
243  0 111936 118599588 2215360 40865496    0    0     0 553156 153445 831862 77 21  1  0  0  0
247  0 111936 118602584 2215360 40865508    0    0     0 455264 146672 826414 78 22  0  0  0  0
197  0 111936 118590264 2215360 40865516    0    0     0 514484 148558 825914 78 22  0  0  0  0
198  0 111936 118591800 2215360 40865528    0    0     0 471280 147269 828357 79 21  0  0  0  0
275  0 111936 118584536 2215360 40865544    0    0     0 482896 151556 824849 78 22  0  0  0  0
266  0 111936 118584992 2215360 40865552    0    0     0 566328 151857 833204 78 21  0  0  0  0
175  0 111936 118587624 2215360 40865564    0    0     0 504208 147322 826143 78 21  0  0  0  0
248  0 111936 118585428 2215360 40865572    0    0     0 545936 165940 833544 78 21  1  0  0  0
216  0 111936 118583044 2215360 40865584    0    0     0 489948 147375 825747 78 21  0  0  0  0
248  0 111936 118579780 2215360 40865592    0    0     0 465340 146755 823868 78 21  0  0  0  0
281  0 111936 118574480 2215360 40865604    0    0     0 566332 148845 830845 78 21  0  0  0  0
252  0 111936 118575736 2215360 40865612    0    0     0 455800 146121 823665 78 21  0  0  0  0
289  0 111936 118572312 2215360 40865676    0    0     0 520352 149355 826993 78 21  0  0  0  0
270  0 111936 118573252 2215360 40865696    0    0     0 521168 150192 829961 78 21  0  0  0  0
209  0 111936 118573236 2215360 40865696    0    0     0 476412 146024 825893 78 21  0  0  0  0
150  1 111936 118568484 2215360 40865716    0    0     0 546812 150751 828752 78 22  0  0  0  0
262  0 111936 118564600 2215360 40865724    0    0     0 504764 149204 827923 78 21  0  0  0  0
254  0 111936 118559872 2215360 40865736    0    0     0 484656 147519 820805 78 22  1  0  0  0
231  0 111936 118559320 2215360 40865744    0    0     0 504484 147399 824366 78 21  1  0  0  0
259  0 111936 118561216 2215364 40865752    0    0     0 484740 148763 823972 78 21  0  0  0  0
procs -----------memory---------- ---swap-- -----io---- -system-- -------cpu-------
 r  b   swpd   free   buff  cache   si   so    bi    bo   in   cs us sy id wa st gu
244  0 111936 118565988 2215364 40865764    0    0     0 539976 149649 830268 78 22  0  0  0  0
243  0 111936 118562704 2215364 40865772    0    0     0 521744 147327 826839 78 21  0  0  0  0
265  0 111936 118562064 2215364 40865776    0    0     0 449116 146641 826880 79 21  0  0  0  0
226  0 111936 118558700 2215364 40865792    0    0     0 521912 147962 826689 78 21  0  0  0  0
195  0 111936 118554516 2215364 40865800    0    0     0 499628 148173 828498 78 21  0  0  0  0
268  0 111936 118554716 2215364 40865812    0    0     0 588348 162461 827325 78 21  0  0  0  0
266  0 111936 118552880 2215364 40865820    0    0     0 476972 147868 823157 78 21  0  0  0  0
253  0 111936 118553476 2215364 40865820    0    0     0 533456 149706 829057 78 21  0  0  0  0
252  0 111936 118551380 2215364 40865832    0    0     0 569152 149276 834575 78 22  0  0  0  0
256  0 111936 118546916 2215364 40865840    0    0     0 443964 144566 822627 79 21  0  0  0  0
243  1 111936 118545824 2215364 40865852    0    0     0 514004 148463 829540 79 21  0  0  0  0
268  3 111936 118542220 2215364 40865868    0    0     0 526552 149026 829210 79 21  0  0  0  0
263  0 111936 118536928 2215364 40865880    0    0     0 473816 146583 828528 78 22  0  0  0  0
262  0 111936 118540664 2215364 40865888    0    0     0 603476 151669 833216 78 22  0  0  0  0
263  0 111936 118543848 2215364 40865892    0    0     0 462156 146094 822504 79 21  0  0  0  0
211  0 111936 118539856 2215364 40865912    0    0     0 490932 147263 826557 78 22  0  0  0  0
248  0 111936 118539216 2215364 40865920    0    0     0 489120 146889 824611 78 21  0  0  0  0
276  1 111936 118539324 2215364 40865932    0    0     0 609532 151800 833200 78 22  0  0  0  0
220  1 111936 118534096 2215364 40865932    0    0     0 434776 144313 822992 78 21  0  0  0  0
248  0 111936 118532712 2215364 40865944    0    0     0 500008 147681 825244 78 21  0  0  0  0
258  2 111936 118534080 2215364 40865964    0    0     0 511488 147808 827768 78 21  0  0  0  0
procs -----------memory---------- ---swap-- -----io---- -system-- -------cpu-------
 r  b   swpd   free   buff  cache   si   so    bi    bo   in   cs us sy id wa st gu
248  1 111936 118527284 2215364 40865972    0    0     0 547228 148043 829663 78 21  0  0  0  0
277  0 111936 118525976 2215364 40865976    0    0     0 484284 145090 824999 79 21  0  0  0  0
203  0 111936 118522944 2215364 40865984    0    0     0 533516 150314 827600 78 22  0  0  0  0
274  0 111936 118516908 2215364 40866000    0    0     0 476440 148163 826002 78 21  1  0  0  0
269  0 111936 118516372 2215364 40866008    0    0     0 532828 149072 827912 78 21  0  0  0  0
283  1 111936 118510344 2215364 40866020    0    0     0 509428 150997 829941 78 22  0  0  0  0
256  0 111936 118512824 2215364 40866024    0    0     0 525648 150511 826863 78 22  0  0  0  0
244  0 111936 118509696 2215364 40866032    0    0     0 508792 151039 826239 78 22  0  0  0  0
265  0 111936 118507448 2215364 40866044    0    0     0 457360 145554 822323 78 21  0  0  0  0
296  0 111936 118504376 2215364 40866052    0    0     0 530348 149417 827888 78 21  0  0  0  0
256  0 111936 118499176 2215364 40866068    0    0     0 534680 150168 826914 78 22  0  0  0  0
259  0 111936 118498032 2215364 40866076    0    0     0 492392 150456 829918 78 21  0  0  0  0
212  0 111936 118496216 2215364 40866084    0    0     0 471340 148067 826228 79 21  0  0  0  0
245  0 111936 118494296 2215364 40866092    0    0     0 444128 144879 824331 78 21  0  0  0  0
279  1 111936 118495960 2215364 40866100    0    0     0 569412 149218 826430 79 21  0  0  0  0
265  0 111936 118492072 2215364 40866112    0    0     0 478620 145351 823154 78 21  0  0  0  0
279  1 111936 118491728 2215364 40866124    0    0     0 573888 151540 829547 78 22  0  0  0  0
272  0 111936 118487148 2215364 40866132    0    0     0 439220 141249 819803 79 21  0  0  0  0
275  0 111936 118485468 2215364 40866140    0    0     0 545440 146111 829967 78 21  0  0  0  0
280  1 111936 118480556 2215364 40866148    0    0     0 542548 150561 827978 78 21  0  0  0  0
262  0 111936 118476444 2215364 40866160    0    0     0 437036 144897 825083 78 22  0  0  0  0
procs -----------memory---------- ---swap-- -----io---- -system-- -------cpu-------
 r  b   swpd   free   buff  cache   si   so    bi    bo   in   cs us sy id wa st gu
234  1 111936 118477072 2215364 40866168    0    0     0 574992 153205 830179 78 21  1  0  0  0
176  0 111936 118474408 2215364 40866176    0    0     0 479204 147882 823880 79 21  0  0  0  0
257  1 111936 118469280 2215364 40866188    0    0     0 470136 146050 826153 78 22  0  0  0  0
242  0 111936 118464808 2215364 40866196    0    0     0 492076 148748 825619 78 21  1  0  0  0
175  0 111936 118458972 2215364 40866216    0    0     0 608332 153083 835519 78 22  0  0  0  0
260  0 111936 118454816 2215364 40866224    0    0     0 432924 142984 823465 79 21  0  0  0  0
271  0 111936 118450964 2215364 40866232    0    0     0 471704 146681 826283 78 22  0  0  0  0
192  0 111936 118449912 2215368 40866236    0    0     0 521460 147393 828196 78 22  0  0  0  0
55  1 111936 118554212 2215368 40866256    0    0     0 591296 490922 788894 73 25  2  0  0  0
