procs -----------memory---------- ---swap-- -----io---- -system-- -------cpu-------
 r  b   swpd   free   buff  cache   si   so    bi    bo   in   cs us sy id wa st gu
 4  0 117544 160568868 1820780 27648976    0    2 38920 34587 12484    6  4  1 95  1  0  0
129  0 117544 160474292 1820780 27649056    0    0     0     0 83338 18968 96  1  3  0  0  0
127  0 117544 160463372 1820780 27649076    0    0     0     0 136593 15437 98  1  1  0  0  0
112  0 117544 160448348 1820780 27649088    0    0     0   148 83209 15533 99  0  0  0  0  0
111  0 117544 160441188 1820780 27649168    0    0     0   104 115421 15441 99  1  1  0  0  0
80  0 117544 160435416 1820780 27649184    0    0     0     0 84256 15846 99  0  0  0  0  0
48  0 117544 160417360 1820780 27649208    0    0     0     0 94774 10570 95  0  4  0  0  0
70  2 117544 159936204 1820780 27649236    0    0 330768  8096 437492 1036283 42 28 29  1  0  0
47 11 117544 159884228 1820780 27649252    0    0 478432 248972 266963 1464172 47 26 25  2  0  0
 4  1 117544 159868976 1820780 27649268    0    0 435936 138244 256880 1385770 45 25 28  2  0  0
71 20 117544 159850676 1820780 27649288    0    0 434304 265012 250160 1240477 40 21 37  2  0  0
61  4 117544 159828700 1820780 27649308    0    0 437056 253736 246921 1261438 40 22 35  2  0  0
22  0 117544 159815904 1820784 27649328    0    0 463120 259232 245422 1258545 40 22 35  2  0  0
14  0 117544 159809948 1820784 27649344    0    0 435088 285108 245163 1228435 39 21 37  2  0  0
36  0 117544 159810468 1820788 27649356    0    0 454304 268496 250011 1266471 40 23 34  2  0  0
90  2 117544 159810752 1820788 27649384    0    0 454368 280936 253464 1265167 40 22 35  2  0  0
78  8 117544 159803992 1820788 27649404    0    0 435536 277984 245733 1248453 40 22 36  2  0  0
81  4 117544 159793420 1820788 27649424    0    0 470448 286012 248856 1234543 40 22 36  3  0  0
51  2 117544 159788612 1820788 27649440    0    0 463088 279808 252565 1256297 40 23 34  3  0  0
59  4 117544 159789528 1820792 27649452    0    0 451232 288364 252030 1247986 40 22 36  2  0  0
68  6 117544 159782336 1820792 27649476    0    0 455312 299080 250181 1249997 40 22 36  2  0  0
procs -----------memory---------- ---swap-- -----io---- -system-- -------cpu-------
 r  b   swpd   free   buff  cache   si   so    bi    bo   in   cs us sy id wa st gu
24  0 117544 159779060 1820792 27649492    0    0 458672 301368 254262 1253375 40 22 35  2  0  0
36  9 117544 159777128 1820792 27649516    0    0 456032 273192 252878 1275205 41 23 34  2  0  0
68  1 117544 159778228 1820792 27649532    0    0 445984 277024 251099 1263456 41 22 34  2  0  0
41  2 117544 159777348 1820796 27649548    0    0 441744 277296 250177 1262569 41 22 35  2  0  0
115 16 117544 159777324 1820796 27649568    0    0 457760 283124 255729 1249481 40 23 34  2  0  0
76  2 117544 159774928 1820796 27649588    0    0 455312 275288 252313 1261989 41 22 34  2  0  0
 2  1 117544 159778316 1820796 27649608    0    0 463840 285016 259534 1264899 41 23 34  3  0  0
28  2 117544 159773140 1820796 27649628    0    0 444128 282724 251984 1243595 40 22 35  2  0  0
95  3 117544 159765744 1820800 27649640    0    0 454480 268712 259903 1280041 41 22 34  2  0  0
59  4 117544 159756196 1820800 27649660    0    0 448384 282796 253131 1244967 41 22 35  2  0  0
53  7 117544 159752036 1820800 27649684    0    0 452000 278912 255332 1245520 41 22 35  2  0  0
74  5 117544 159747656 1820800 27649708    0    0 466384 282592 258059 1253510 41 22 35  2  0  0
53 10 117544 159758484 1820800 27649724    0    0 457904 275868 253379 1249509 41 22 35  3  0  0
40  4 117544 159748612 1820800 27649744    0    0 452400 276440 263865 1262353 41 23 34  2  0  0
71  6 117544 159752812 1820804 27649760    0    0 465456 282756 255777 1252089 42 22 34  2  0  0
24  3 117544 159761920 1820804 27649780    0    0 457632 278956 254708 1245429 41 22 35  3  0  0
 1  0 117544 159765112 1820804 27649800    0    0 446752 280700 252209 1230595 40 22 35  2  0  0
61  2 117544 159763824 1820804 27649816    0    0 453184 269240 259829 1273325 41 23 34  2  0  0
96  5 117544 159765716 1820808 27649832    0    0 451312 282172 256638 1243398 41 22 35  2  0  0
69  6 117544 159768712 1820808 27649856    0    0 454512 277156 254689 1245614 41 23 34  2  0  0
99  2 117544 159770272 1820808 27649880    0    0 457152 280728 258497 1238397 41 22 35  2  0  0
procs -----------memory---------- ---swap-- -----io---- -system-- -------cpu-------
 r  b   swpd   free   buff  cache   si   so    bi    bo   in   cs us sy id wa st gu
54  3 117544 159772020 1820808 27649900    0    0 440928 272312 254925 1257161 41 23 34  2  0  0
54  7 117544 159772168 1820808 27649916    0    0 463008 279768 261468 1256232 41 22 34  3  0  0
91  2 117544 159768392 1820808 27649932    0    0 457072 280284 257225 1237062 40 23 34  2  0  0
31  6 117544 159766476 1820808 27649952    0    0 454464 281432 259013 1250103 41 22 34  2  0  0
 5  0 117544 159760696 1820808 27649972    0    0 471440 282560 257278 1240765 41 23 34  3  0  0
58  5 117544 159765888 1820808 27649996    0    0 476384 291536 264699 1243564 41 22 35  3  0  0
112  4 117544 159772532 1820808 27650012    0    0 458272 285100 255397 1239671 41 21 35  2  0  0
70 10 117544 159775528 1820812 27650024    0    0 453760 272544 260427 1266668 42 22 34  2  0  0
49  2 117544 159783068 1820812 27650048    0    0 461264 286336 259157 1235995 40 21 36  2  0  0
 4  1 117544 159784548 1820812 27650068    0    0 462544 277500 255614 1254237 41 22 34  2  0  0
63 19 117544 159794484 1820812 27650088    0    0 457264 300512 262877 1253537 41 22 35  2  0  0
58  1 117544 159802548 1820812 27650104    0    0 459520 276868 256772 1249981 42 22 33  2  0  0
13  3 117544 159806632 1820816 27650120    0    0 461232 298900 255943 1240341 41 22 34  3  0  0
 3  0 117544 159810428 1820816 27650140    0    0 455680 281272 256365 1237750 41 22 35  2  0  0
45  1 117544 159807312 1820816 27650156    0    0 448704 278372 265660 1255622 41 22 34  2  0  0
11  0 117544 159802180 1820816 27650180    0    0 458320 283432 256288 1239184 41 22 35  2  0  0
21  3 117544 159795456 1820816 27650196    0    0 446176 274632 265647 1254522 41 22 35  2  0  0
67  9 117544 159795416 1820816 27650216    0    0 457232 283032 260437 1244633 41 22 35  2  0  0
88  6 117544 159794236 1820816 27650240    0    0 466784 282352 258849 1244957 41 22 34  2  0  0
69  5 117544 159802024 1820816 27650256    0    0 465920 285060 257889 1233777 41 22 34  2  0  0
48  2 117544 159803612 1820816 27650276    0    0 450784 283120 256341 1242062 41 22 35  2  0  0
procs -----------memory---------- ---swap-- -----io---- -system-- -------cpu-------
 r  b   swpd   free   buff  cache   si   so    bi    bo   in   cs us sy id wa st gu
 6  0 117544 159803388 1820816 27650296    0    0 452848 276324 257020 1257079 42 22 34  2  0  0
 1  3 117544 159805120 1820816 27650384    0    0 441696 272096 257690 1241905 41 23 34  2  0  0
 6  1 117544 159804404 1820816 27650404    0    0 464384 281556 257948 1237672 41 22 35  3  0  0
78  7 117544 159809820 1820816 27650424    0    0 454896 281644 256386 1242892 41 22 35  2  0  0
94  6 117544 159810992 1820816 27650448    0    0 456032 276436 261148 1255339 41 23 34  2  0  0
56 15 117544 159812712 1820816 27650464    0    0 454000 281200 257987 1243687 41 22 35  2  0  0
23  0 117544 159813020 1820824 27650480    0    0 447936 273352 256554 1255393 41 22 34  2  0  0
52  2 117544 159816380 1820824 27650508    0    0 448304 276224 257414 1248786 41 22 35  2  0  0
56  4 117544 159819292 1820824 27650524    0    0 440624 275184 255665 1246240 42 22 34  2  0  0
54  4 117544 159816444 1820824 27650544    0    0 458160 278640 257977 1249770 42 22 34  2  0  0
38  4 117544 159815240 1820824 27650564    0    0 448192 279444 258098 1248394 41 22 35  2  0  0
44  2 117544 159814672 1820824 27650584    0    0 454192 274700 258179 1245934 41 22 34  2  0  0
63  3 117544 159808664 1820832 27650608    0    0 452160 279348 257133 1246735 41 23 34  2  0  0
51 11 117544 159814376 1820832 27650628    0    0 457120 276424 264852 1255226 41 22 35  2  0  0
39  3 117544 159808708 1820832 27650644    0    0 446480 282104 257190 1241859 41 23 34  2  0  0
38  4 117544 159806780 1820832 27650668    0    0 448384 271820 258164 1253254 41 22 35  2  0  0
46  2 117544 159808468 1820832 27650688    0    0 470880 283328 261414 1240787 41 22 34  3  0  0
93  6 117544 159797868 1820836 27650704    0    0 447680 277996 257965 1239075 41 22 34  2  0  0
75 15 117544 159795040 1820836 27650724    0    0 450240 280212 255869 1232706 41 22 35  2  0  0
53 18 117544 159794532 1820836 27650740    0    0 442992 279360 262175 1260142 42 23 33  2  0  0
78  4 117544 159792216 1820836 27650760    0    0 460256 281184 257005 1239092 41 21 35  2  0  0
procs -----------memory---------- ---swap-- -----io---- -system-- -------cpu-------
 r  b   swpd   free   buff  cache   si   so    bi    bo   in   cs us sy id wa st gu
43  1 117544 159791316 1820844 27650780    0    0 450304 293144 261067 1248365 41 23 33  2  0  0
42  1 117544 159784752 1820844 27650804    0    0 451440 286264 258070 1227664 41 22 35  2  0  0
27  1 117544 159780320 1820844 27650820    0    0 449536 296712 256422 1235351 40 22 35  2  0  0
73  6 117544 159777212 1820844 27650836    0    0 452832 276580 258594 1245319 41 23 34  2  0  0
49  6 117544 159777956 1820844 27650856    0    0 472000 278348 259242 1244269 42 22 34  3  0  0
 2  2 117544 159776268 1820844 27650876    0    0 459008 286852 260986 1242160 41 22 34  2  0  0
24  0 117544 159776144 1820848 27650884    0    0 456208 276684 257910 1248787 42 22 34  2  0  0
63  3 117544 159776784 1820848 27650904    0    0 468736 288780 261845 1234009 41 22 35  2  0  0
85  8 117544 159781768 1820848 27650920    0    0 446320 279792 257492 1242835 41 22 35  2  0  0
 6  0 117544 159777428 1820848 27650940    0    0 453552 271328 266860 1270892 42 22 34  2  0  0
 4  1 117544 159775460 1820848 27650964    0    0 449280 289364 255992 1216285 40 22 36  2  0  0
54  4 117544 159779580 1820848 27650980    0    0 460496 279472 257730 1243404 41 22 35  2  0  0
76  0 117544 159777468 1820848 27651000    0    0 457888 277860 262873 1248739 41 22 35  2  0  0
54 21 117544 159773912 1820848 27651020    0    0 457280 281332 258201 1241328 41 22 34  2  0  0
85  5 117544 159769916 1820848 27651052    0    0 463664 273480 258922 1250789 41 23 34  2  0  0
78  5 117544 159766508 1820848 27651068    0    0 444624 284608 257467 1235657 41 22 35  2  0  0
52  2 117544 159765172 1820852 27651080    0    0 461344 278788 258233 1249646 41 22 34  2  0  0
85  7 117544 159761812 1820856 27651100    0    0 457760 285772 257928 1235535 42 22 35  2  0  0
58  1 117544 159765136 1820856 27651124    0    0 444208 275464 256404 1246557 41 22 35  2  0  0
44  2 117544 159759840 1820856 27651148    0    0 462096 285308 264565 1243107 41 22 35  2  0  0
85 11 117544 159771316 1820856 27651168    0    0 457040 283348 257580 1237248 41 22 35  2  0  0
procs -----------memory---------- ---swap-- -----io---- -system-- -------cpu-------
 r  b   swpd   free   buff  cache   si   so    bi    bo   in   cs us sy id wa st gu
48  6 117544 159778044 1820868 27651172    0    0 452528 277984 258915 1250894 42 22 34  2  0  0
63  2 117544 159774804 1820868 27651196    0    0 449360 278036 257328 1234953 41 22 34  2  0  0
82  4 117544 159779876 1820868 27651212    0    0 474016 291152 259291 1220739 41 22 34  2  0  0
58  2 117544 159782684 1820868 27651236    0    0 466288 285900 255019 1233566 41 22 35  3  0  0
47  6 117544 159781440 1820868 27651252    0    0 459568 285588 256242 1232047 41 22 35  2  0  0
99  5 117544 159785588 1820876 27651260    0    0 454912 282012 266084 1248273 41 22 35  2  0  0
50  4 117544 159788392 1820880 27651288    0    0 453552 274800 258500 1253444 42 22 34  2  0  0
119  8 117544 159788652 1820880 27651312    0    0 455792 280400 260871 1239829 41 22 34  2  0  0
51  2 117544 159783136 1820880 27651328    0    0 461152 285668 259093 1233806 41 22 34  2  0  0
 5  0 117544 159783824 1820880 27651348    0    0 471296 287844 262809 1241475 42 21 34  3  0  0
 2  0 117544 159782932 1820884 27651360    0    0 451792 288624 257342 1232039 41 22 35  2  0  0
58  2 117544 159777312 1820884 27651384    0    0 448768 269348 255595 1256366 41 22 34  2  0  0
 5  0 117544 159774276 1820892 27651404    0    0 455632 301800 257709 1225438 41 22 35  2  0  0
69  7 117544 159777472 1820896 27651432    0    0 449828 294004 257328 1244288 41 22 35  2  0  0
 4  1 117544 159781204 1820896 27651452    0    0 452160 275732 260498 1254350 41 22 35  2  0  0
50 12 117544 159778356 1820900 27651468    0    0 456720 278324 258028 1243633 41 22 34  2  0  0
 5  0 117544 159773848 1820900 27651488    0    0 468944 283728 265560 1250769 41 22 34  3  0  0
16  0 117544 159769112 1820900 27651508    0    0 449664 289916 259963 1229896 41 22 35  2  0  0
72 10 117544 159771888 1820900 27651520    0    0 481776 286940 260095 1242578 41 22 35  3  0  0
29  6 117544 159778208 1820900 27651600    0    0 444864 274528 259190 1249276 42 22 34  2  0  0
27 16 117544 159772440 1820908 27651612    0    0 463920 283728 258463 1242098 42 22 34  2  0  0
procs -----------memory---------- ---swap-- -----io---- -system-- -------cpu-------
 r  b   swpd   free   buff  cache   si   so    bi    bo   in   cs us sy id wa st gu
47  0 117544 159773612 1820908 27651640    0    0 458288 284832 259126 1235852 41 22 35  2  0  0
41  3 117544 159779768 1820908 27651656    0    0 467840 283812 258890 1238516 41 22 34  2  0  0
25  1 117544 159779220 1820908 27651672    0    0 454864 285404 256955 1232447 41 22 35  2  0  0
77  2 117544 159776256 1820908 27651700    0    0 466048 275268 259531 1253914 42 22 34  2  0  0
62  3 117544 159769716 1820908 27651716    0    0 455776 280852 257880 1234878 41 21 35  2  0  0
83  4 117544 159768544 1820908 27651732    0    0 441376 275768 260540 1256823 41 23 34  2  0  0
82 11 117544 159766368 1820912 27651748    0    0 451648 286032 255894 1229237 40 22 35  2  0  0
77  7 117544 159767156 1820916 27651776    0    0 462288 275088 260016 1247114 41 23 34  2  0  0
 5  1 117544 159762528 1820916 27651800    0    0 450288 284004 259786 1242795 41 22 35  2  0  0
39  2 117544 159762108 1820916 27651820    0    0 474896 284144 263465 1244310 41 23 34  3  0  0
36  2 117544 159765332 1820916 27651840    0    0 470272 289980 268289 1234021 41 22 34  2  0  0
54  4 117544 159759664 1820920 27651852    0    0 452512 280580 257718 1234788 41 22 34  2  0  0
12  0 117544 159761408 1820924 27651876    0    0 467776 285960 264114 1245716 41 22 34  2  0  0
102  7 117544 159756336 1820924 27651900    0    0 462688 285372 259813 1242034 41 22 35  2  0  0
97  3 117544 159752172 1820924 27651912    0    0 443760 279084 257953 1244162 41 23 34  2  0  0
64  7 117544 159754092 1820924 27651932    0    0 444512 280476 257535 1245272 41 22 35  2  0  0
96 19 117544 159754004 1820924 27651948    0    0 455440 278144 257643 1248969 41 23 34  2  0  0
 4  0 117544 159747060 1820928 27651964    0    0 451936 281140 258555 1235756 41 22 34  2  0  0
 4  0 117544 159747696 1820928 27651984    0    0 461760 281524 257555 1229462 41 22 35  2  0  0
69  2 117544 159757488 1820928 27652000    0    0 445312 282692 261701 1238993 41 22 35  2  0  0
80  1 117544 159753724 1820928 27652024    0    0 470512 279424 258895 1243166 41 23 34  3  0  0
procs -----------memory---------- ---swap-- -----io---- -system-- -------cpu-------
 r  b   swpd   free   buff  cache   si   so    bi    bo   in   cs us sy id wa st gu
 4  1 117544 159754560 1820928 27652044    0    0 453552 280816 259576 1248021 42 22 34  2  0  0
 4  3 117544 159759088 1820928 27652060    0    0 444000 279316 259383 1240542 41 22 35  2  0  0
29 16 117544 159756096 1820928 27652076    0    0 454064 280048 257743 1236145 41 22 34  2  0  0
 3  0 117544 159757888 1820928 27652100    0    0 461824 279992 262752 1244994 41 22 34  2  0  0
53  0 117544 159760792 1820928 27652120    0    0 461504 280788 258975 1238628 41 22 35  3  0  0
17  4 117544 159763740 1820928 27652136    0    0 466400 279664 256279 1229285 41 22 35  3  0  0
 5  0 117544 159757668 1820928 27652152    0    0 458688 284804 257276 1235282 41 22 34  2  0  0
84  7 117544 159759096 1820928 27652168    0    0 443376 280616 264172 1253859 41 22 35  2  0  0
41  7 117544 159765716 1820928 27652196    0    0 451696 276860 256968 1241538 41 22 35  2  0  0
 4  1 117544 159764204 1820928 27652216    0    0 462736 283944 261445 1246168 41 22 34  3  0  0
100  9 117544 159764248 1820928 27652228    0    0 473200 286144 258529 1239976 41 21 35  3  0  0
35  3 117544 159759784 1820928 27652244    0    0 457392 283352 258391 1240736 41 22 34  2  0  0
61  1 117544 159756904 1820932 27652256    0    0 455376 279468 258461 1240160 41 22 35  2  0  0
 4  0 117544 159762512 1820932 27652284    0    0 458992 286424 263769 1241489 41 22 35  2  0  0
44 10 117544 159764540 1820932 27652300    0    0 473680 286820 263607 1245920 42 22 34  2  0  0
50  8 117544 159762848 1820932 27652320    0    0 444320 275884 257944 1257662 41 22 34  2  0  0
16  3 117544 159760028 1820932 27652340    0    0 468848 297528 265317 1251445 41 22 34  2  0  0
 8  0 117544 159763852 1820940 27652364    0    0 452976 301580 257793 1244262 41 23 34  2  0  0
91  0 117544 159759608 1820940 27652384    0    0 450768 280896 262167 1254131 41 23 34  2  0  0
40  9 117544 159759136 1820940 27652408    0    0 448144 281336 256365 1239366 41 22 35  2  0  0
43  1 117544 159760072 1820944 27652420    0    0 443232 278872 257594 1248899 41 22 34  2  0  0
procs -----------memory---------- ---swap-- -----io---- -system-- -------cpu-------
 r  b   swpd   free   buff  cache   si   so    bi    bo   in   cs us sy id wa st gu
57  3 117544 159755056 1820944 27652440    0    0 461296 275032 264365 1257572 42 22 34  2  0  0
81  4 117544 159764644 1820944 27652468    0    0 457760 287236 258413 1245220 41 22 34  2  0  0
118  5 117544 159761360 1820944 27652488    0    0 460896 276636 268087 1245444 41 22 34  2  0  0
38  2 117544 159762076 1820944 27652504    0    0 456400 286232 256281 1231907 41 22 35  2  0  0
49  3 117544 159769280 1820944 27652520    0    0 448608 279396 257412 1254309 41 22 35  2  0  0
20  0 117544 159771628 1820944 27652544    0    0 474192 286484 264582 1241215 42 22 34  2  0  0
65 13 117544 159770436 1820944 27652564    0    0 449824 278060 258092 1245637 41 23 34  2  0  0
64  5 117544 159763272 1820944 27652580    0    0 472928 275020 263100 1265508 41 23 34  3  0  0
16  0 117544 159765024 1820944 27652592    0    0 445072 286180 256042 1231702 41 21 35  2  0  0
48  1 117544 159765480 1820944 27652612    0    0 444624 278280 260920 1250206 41 22 34  2  0  0
 4  2 117544 159762688 1820944 27652628    0    0 456128 279412 265950 1244940 41 22 35  2  0  0
71 10 117544 159765728 1820944 27652648    0    0 451632 279584 256949 1244364 42 22 34  2  0  0
57 24 117544 159765244 1820944 27652668    0    0 459808 274308 258205 1248625 42 22 34  2  0  0
84  7 117544 159765928 1820944 27652688    0    0 443792 278428 256948 1255299 42 22 34  2  0  0
41  2 117544 159770772 1820944 27652708    0    0 470064 289476 262792 1235575 41 22 35  3  0  0
82  6 117544 159766016 1820944 27652724    0    0 450544 279984 258200 1245551 41 22 35  2  0  0
52  4 117544 159758412 1820944 27652812    0    0 444192 279572 256588 1253142 41 23 34  2  0  0
48  1 117544 159753864 1820944 27652832    0    0 466432 281884 258860 1240334 42 22 35  2  0  0
54  3 117544 159764208 1820948 27652852    0    0 451008 277364 254941 1240435 41 22 35  2  0  0
89  3 117544 159762380 1820948 27652872    0    0 461840 279200 264458 1264155 41 23 34  2  0  0
63  0 117544 159757692 1820948 27652892    0    0 460816 284824 256364 1237118 41 22 35  2  0  0
procs -----------memory---------- ---swap-- -----io---- -system-- -------cpu-------
 r  b   swpd   free   buff  cache   si   so    bi    bo   in   cs us sy id wa st gu
 6  0 117544 159754376 1820948 27652908    0    0 446800 276720 259220 1260609 41 23 34  2  0  0
 4  2 117544 159753940 1820948 27652924    0    0 458032 289652 257739 1233680 41 22 34  2  0  0
47  1 117544 159754696 1820952 27652944    0    0 445344 276052 260813 1251967 41 22 35  2  0  0
17  7 117544 159754436 1820952 27652960    0    0 453536 279716 256259 1246098 41 22 35  2  0  0
37  4 117544 159745944 1820952 27652980    0    0 446336 277744 259191 1241688 41 22 34  2  0  0
 4  0 117544 159748356 1820952 27652996    0    0 459776 282780 262003 1248851 42 21 35  2  0  0
45 18 117544 159746200 1820952 27653024    0    0 452048 294648 257188 1242772 41 22 34  2  0  0
 4  1 117544 159740252 1820960 27653040    0    0 463008 304692 259274 1244666 41 22 34  3  0  0
70  3 117544 159740264 1820960 27653060    0    0 460640 284596 257179 1237964 41 22 35  2  0  0
81  2 117544 159738244 1820960 27653084    0    0 458352 276176 264057 1262847 42 22 34  2  0  0
79  5 117544 159731648 1820960 27653104    0    0 457520 286544 257501 1231165 41 22 35  2  0  0
26  1 117544 159732044 1820960 27653124    0    0 450960 273000 260184 1259613 41 23 34  2  0  0
56  3 117544 159725968 1820960 27653144    0    0 454640 284328 257030 1236648 41 22 35  2  0  0
76  6 117544 159725696 1820960 27653160    0    0 461440 284468 256857 1240108 41 22 35  2  0  0
62  6 117544 159722068 1820960 27653180    0    0 461216 286040 255982 1232598 41 22 35  2  0  0
77 10 117544 159723392 1820960 27653200    0    0 452704 282640 256241 1235708 41 22 35  2  0  0
27 26 117544 159721320 1820960 27653216    0    0 469792 277416 264886 1258027 42 22 34  2  0  0
93  2 117544 159720388 1820960 27653240    0    0 458384 286660 255496 1232752 41 21 35  2  0  0
32  5 117544 159716092 1820960 27653260    0    0 437840 277084 257230 1255187 41 22 35  2  0  0
47 16 117544 159718148 1820960 27653280    0    0 471440 284332 261632 1245638 41 21 35  2  0  0
113 17 117544 159714380 1820960 27653292    0    0 455216 287244 254840 1227060 41 22 35  2  0  0
procs -----------memory---------- ---swap-- -----io---- -system-- -------cpu-------
 r  b   swpd   free   buff  cache   si   so    bi    bo   in   cs us sy id wa st gu
81  6 117544 159720984 1820960 27653308    0    0 460064 273852 262571 1261963 42 22 34  2  0  0
55  1 117544 159721724 1820968 27653320    0    0 449488 283164 254388 1237394 42 21 35  2  0  0
80  3 117544 159727572 1820968 27653348    0    0 461216 283672 263588 1256543 41 22 35  2  0  0
58  2 117544 159733804 1820968 27653368    0    0 468960 286876 262538 1245271 41 22 35  2  0  0
 5  0 117544 159741628 1820968 27653384    0    0 447824 279360 255322 1245850 40 23 34  2  0  0
 6  0 117544 159734828 1820968 27653400    0    0 460896 279392 259985 1254360 41 22 35  3  0  0
18  3 117544 159744276 1820972 27653424    0    0 467072 285952 256978 1229846 41 22 35  2  0  0
12  2 117544 159748916 1820972 27653456    0    0 455488 288456 256425 1245198 41 22 35  2  0  0
78  8 117544 159750688 1820972 27653472    0    0 457952 281716 257171 1235085 41 21 35  2  0  0
68  7 117544 159755524 1820972 27653488    0    0 459104 278680 258286 1250427 42 22 34  2  0  0
44  1 117544 159759360 1820972 27653504    0    0 456368 274256 260398 1252676 41 22 34  2  0  0
69  9 117544 159759796 1820972 27653528    0    0 447104 288084 254797 1233064 41 22 35  2  0  0
78  3 117544 159762376 1820980 27653548    0    0 461664 277124 259751 1248859 41 23 34  2  0  0
 5  1 117544 159759328 1820980 27653568    0    0 452752 283760 258554 1243496 41 22 35  2  0  0
55  3 117544 159759612 1820980 27653584    0    0 449600 281680 258030 1235879 41 22 35  2  0  0
78  6 117544 159757768 1820980 27653604    0    0 467232 278660 266165 1255982 41 23 34  2  0  0
61  2 117544 159761896 1820980 27653624    0    0 460288 287128 257133 1234632 41 22 35  2  0  0
66  4 117544 159761552 1820988 27653648    0    0 469104 294988 265448 1255020 42 22 33  3  0  0
 4  0 117544 159759440 1820992 27653660    0    0 445504 298840 258615 1244575 41 22 35  2  0  0
122 14 117544 159753528 1820992 27653676    0    0 453520 284140 256898 1242672 42 22 34  2  0  0
15  7 117544 159752320 1820992 27653700    0    0 460848 280224 260484 1245917 41 22 34  2  0  0
procs -----------memory---------- ---swap-- -----io---- -system-- -------cpu-------
 r  b   swpd   free   buff  cache   si   so    bi    bo   in   cs us sy id wa st gu
107  9 117544 159750132 1820992 27653720    0    0 451328 283380 254807 1241013 41 22 34  2  0  0
63  6 117544 159746472 1821000 27653740    0    0 463680 274812 260086 1250439 42 22 34  2  0  0
77  2 117544 159747604 1821000 27653764    0    0 447536 280936 258421 1249452 41 22 34  2  0  0
 5  1 117544 159746292 1821000 27653784    0    0 450592 277764 261191 1255932 42 22 34  2  0  0
57  5 117544 159737368 1821000 27653800    0    0 458704 287400 256644 1224987 40 22 35  2  0  0
59 16 117544 159727644 1821000 27653820    0    0 445520 278512 255095 1245255 41 22 35  2  0  0
75 13 117544 159723928 1821008 27653844    0    0 448880 278916 255714 1241266 41 22 35  2  0  0
79  2 117544 159719716 1821008 27653860    0    0 452592 272328 258065 1259624 41 23 33  2  0  0
93  5 117544 159715076 1821008 27653880    0    0 456464 286860 261815 1244531 41 22 35  2  0  0
 2  0 117544 159724800 1821008 27653896    0    0 452592 286460 256178 1240906 42 22 34  2  0  0
94 11 117544 159720844 1821008 27653920    0    0 464832 280868 257356 1247607 41 23 34  2  0  0
 5  0 117544 159718972 1821012 27653940    0    0 460832 287792 257613 1237326 41 21 35  2  0  0
 5  0 117544 159719708 1821012 27653960    0    0 457136 280456 257951 1250315 41 23 34  2  0  0
25  0 117544 159717512 1821012 27654056    0    0 473712 287540 263305 1249827 41 22 35  2  0  0
94  8 117544 159724608 1821012 27654076    0    0 462784 285756 258417 1240013 41 22 34  2  0  0
56  2 117544 159724560 1821012 27654092    0    0 442144 268932 256869 1264087 42 23 33  2  0  0
46  5 117544 159727812 1821012 27654112    0    0 446368 280576 256658 1239030 41 22 35  2  0  0
41 14 117544 159724048 1821012 27654132    0    0 450720 277980 257605 1239538 41 23 34  2  0  0
10  0 117544 159731956 1821012 27654148    0    0 463040 291964 261400 1232995 41 22 35  2  0  0
28  6 117544 159728000 1821012 27654164    0    0 448992 280900 257651 1234233 41 22 35  2  0  0
13  0 117544 159732636 1821012 27654188    0    0 449808 274380 256683 1247387 42 22 34  2  0  0
procs -----------memory---------- ---swap-- -----io---- -system-- -------cpu-------
 r  b   swpd   free   buff  cache   si   so    bi    bo   in   cs us sy id wa st gu
84  2 117544 159738080 1821012 27654208    0    0 475920 287896 259213 1225705 41 22 34  2  0  0
74  5 117544 159733452 1821012 27654228    0    0 446832 278572 254688 1233862 40 22 35  2  0  0
115  7 117544 159737192 1821012 27654244    0    0 446816 272684 259041 1249466 41 22 34  2  0  0
53  3 117544 159733580 1821012 27654264    0    0 448864 285516 257308 1229663 41 22 35  2  0  0
49  1 117544 159731552 1821012 27654284    0    0 460672 275972 266470 1264624 41 22 34  2  0  0
89  8 117544 159730952 1821016 27654300    0    0 464640 285292 256826 1225593 41 22 35  2  0  0
94  6 117544 159727556 1821016 27654324    0    0 463904 282748 264234 1249002 41 22 35  2  0  0
38  7 117544 159727080 1821016 27654344    0    0 461632 299364 263691 1242848 41 22 35  2  0  0
40  4 117544 159722676 1821024 27654356    0    0 455684 301268 256624 1235738 41 21 35  2  0  0
 5  1 117544 159722164 1821024 27654384    0    0 459472 281432 263858 1241164 41 21 35  2  0  0
41  3 117544 159729888 1821024 27654404    0    0 453744 276252 258051 1246590 42 22 34  2  0  0
 1  3 117544 159740020 1821024 27654420    0    0 439520 269604 258105 1255791 41 22 34  2  0  0
50  3 117544 159740244 1821024 27654436    0    0 448368 286492 260505 1225199 41 22 35  2  0  0
 3  0 117544 159735532 1821024 27654464    0    0 446224 269704 258677 1250900 41 23 34  2  0  0
16 30 117544 159731884 1821024 27654480    0    0 450640 284492 255721 1219183 40 22 36  2  0  0
70 27 117544 159731948 1821028 27654492    0    0 460208 288448 258178 1234932 42 21 35  2  0  0
11  0 117544 159729608 1821028 27654516    0    0 458304 279524 257540 1241261 42 22 34  2  0  0
42  6 117544 159726756 1821028 27654536    0    0 460464 277180 259247 1253254 42 22 34  2  0  0
 4  0 117544 159722988 1821028 27654556    0    0 440560 275272 258794 1249667 41 22 35  2  0  0
 5  2 117544 159720796 1821028 27654572    0    0 439488 278176 256486 1236213 41 22 35  2  0  0
44 10 117544 159718692 1821032 27654584    0    0 449728 276452 257039 1237699 41 22 35  2  0  0
procs -----------memory---------- ---swap-- -----io---- -system-- -------cpu-------
 r  b   swpd   free   buff  cache   si   so    bi    bo   in   cs us sy id wa st gu
75  3 117544 159714684 1821032 27654608    0    0 468144 286288 261665 1245731 41 22 34  2  0  0
72  0 117544 159713304 1821032 27654632    0    0 441392 275172 257812 1246843 41 22 35  2  0  0
46 18 117544 159706844 1821032 27654656    0    0 455648 277788 262804 1258190 41 23 34  2  0  0
60  3 117544 159705760 1821032 27654672    0    0 462000 286680 256680 1235392 41 22 35  2  0  0
55 15 117544 159707288 1821032 27654688    0    0 461712 281716 266611 1257241 41 22 35  2  0  0
 4  0 117544 159709652 1821032 27654708    0    0 456160 288920 260982 1238302 42 22 34  2  0  0
49  0 117544 159703036 1821032 27654728    0    0 446080 267288 258075 1261479 42 22 34  2  0  0
50  2 117544 159703796 1821032 27654740    0    0 468656 287620 261298 1248231 41 22 35  2  0  0
73  0 117544 159698276 1821032 27654756    0    0 455680 292016 254470 1215807 41 22 35  2  0  0
35 21 117544 159695820 1821036 27654768    0    0 457824 274236 257416 1247379 41 22 34  2  0  0
52  9 117544 159700188 1821036 27654808    0    0 459840 287832 257142 1226701 41 22 35  2  0  0
79  8 117544 159702588 1821036 27654824    0    0 449200 277872 256670 1239004 41 23 34  2  0  0
 4  0 117544 159698400 1821036 27654840    0    0 461536 285080 255522 1222545 41 21 36  2  0  0
 1  0 117544 159697444 1821036 27654856    0    0 448816 280112 257504 1241265 41 22 35  2  0  0
61 15 117544 159700900 1821036 27654876    0    0 457344 271688 260058 1261049 42 23 33  2  0  0
44  3 117544 159696208 1821036 27654892    0    0 457984 278316 258238 1239069 41 22 35  2  0  0
48  5 117544 159699180 1821036 27654920    0    0 454160 276796 259097 1249640 41 22 34  2  0  0
113 14 117544 159701788 1821036 27654936    0    0 463440 283592 258492 1237601 41 22 34  2  0  0
 4  1 117544 159698872 1821036 27654952    0    0 452640 295436 256587 1240551 41 23 34  2  0  0
 4  0 117544 159708696 1821040 27654968    0    0 457424 312716 255458 1215610 40 21 36  2  0  0
78 15 117544 159705328 1821040 27654992    0    0 472800 281488 258558 1235056 41 23 34  2  0  0
procs -----------memory---------- ---swap-- -----io---- -system-- -------cpu-------
 r  b   swpd   free   buff  cache   si   so    bi    bo   in   cs us sy id wa st gu
57  8 117544 159710988 1821040 27655020    0    0 452800 283340 264541 1239869 41 22 35  2  0  0
 6  0 117544 159713196 1821040 27655036    0    0 452224 281964 258552 1240308 41 22 34  2  0  0
62  4 117544 159711648 1821040 27655052    0    0 455568 276824 258868 1244818 41 22 34  2  0  0
 8  0 117544 159713608 1821044 27655060    0    0 450416 288244 255674 1225550 41 22 35  2  0  0
18  0 117544 159711340 1821044 27655088    0    0 450864 273300 255758 1250404 41 22 34  2  0  0
35  2 117544 159703668 1821044 27655108    0    0 451008 280332 259794 1238912 41 22 35  2  0  0
 6  0 117544 159706156 1821044 27655128    0    0 455344 279180 256231 1240184 41 22 35  2  0  0
33  5 117544 159711276 1821044 27655144    0    0 456704 275376 257383 1245484 42 22 34  2  0  0
61  5 117544 159722392 1821044 27655160    0    0 490912 292164 256963 1220285 41 21 35  3  0  0
91  4 117544 159719724 1821044 27655180    0    0 444512 275420 254775 1243860 41 22 35  2  0  0
43  7 117544 159715708 1821044 27655276    0    0 457168 285508 264089 1242196 41 22 35  2  0  0
66  4 117544 159713592 1821044 27655296    0    0 458400 277780 258614 1245755 41 22 34  2  0  0
31  9 117544 159713504 1821044 27655312    0    0 464768 285656 259813 1244288 41 23 34  2  0  0
 3  0 117544 159713096 1821044 27655332    0    0 454896 288544 255662 1224784 41 22 36  2  0  0
43  2 117544 159711096 1821044 27655348    0    0 450080 282204 258954 1241840 42 22 34  2  0  0
 4  1 117544 159709576 1821044 27655372    0    0 452560 277508 259770 1260008 41 22 35  2  0  0
38  6 117544 159707848 1821044 27655388    0    0 458960 286308 256318 1238132 41 22 35  2  0  0
35  0 117544 159702112 1821044 27655404    0    0 447584 282316 257459 1233737 41 22 35  2  0  0
78  4 117544 159707340 1821052 27655416    0    0 449600 271676 255356 1240813 41 22 35  2  0  0
45  3 117544 159707328 1821052 27655448    0    0 455072 276492 257212 1244863 42 22 34  2  0  0
61  6 117544 159711968 1821052 27655468    0    0 445504 287572 256963 1240100 41 22 35  2  0  0
procs -----------memory---------- ---swap-- -----io---- -system-- -------cpu-------
 r  b   swpd   free   buff  cache   si   so    bi    bo   in   cs us sy id wa st gu
113  4 117544 159713356 1821052 27655484    0    0 469760 287256 261383 1243027 41 22 35  3  0  0
72 10 117544 159715164 1821052 27655500    0    0 473840 292292 258810 1228142 41 22 35  3  0  0
113 14 117544 159716220 1821060 27655512    0    0 447520 280296 254146 1232633 41 23 34  2  0  0
76  9 117544 159716572 1821060 27655540    0    0 458112 278988 262926 1250648 41 23 34  2  0  0
 5  2 117544 159719180 1821060 27655560    0    0 466400 288184 257272 1225523 41 22 34  3  0  0
88  4 117544 159722900 1821060 27655576    0    0 460960 278680 262307 1255542 41 22 34  2  0  0
51  4 117544 159721000 1821060 27655596    0    0 458880 295176 259374 1224220 41 22 35  2  0  0
74  4 117544 159720388 1821064 27655616    0    0 448976 271900 259742 1254408 41 23 34  2  0  0
98  2 117544 159726672 1821068 27655632    0    0 479920 308564 260890 1227138 41 21 35  3  0  0
27  0 117544 159723192 1821068 27655652    0    0 446928 296556 255889 1233637 41 23 34  2  0  0
47  2 117544 159728148 1821068 27655672    0    0 433744 264216 259660 1258809 42 22 34  2  0  0
65  7 117544 159725180 1821068 27655692    0    0 452368 289136 255093 1218548 41 21 36  2  0  0
63 11 117544 159725296 1821068 27655716    0    0 457536 277792 255944 1249154 42 22 33  3  0  0
81 15 117544 159728264 1821068 27655732    0    0 459152 285912 255380 1222836 41 21 36  2  0  0
 3  0 117544 159729724 1821068 27655752    0    0 459072 284240 256215 1237283 41 22 35  2  0  0
79  5 117544 159735656 1821068 27655772    0    0 463872 277012 260475 1247181 42 22 34  2  0  0
20  1 117544 159744632 1821068 27655796    0    0 434192 269772 257627 1258691 41 23 33  2  0  0
44 14 117544 159738132 1821068 27655808    0    0 441328 277864 263867 1250414 41 22 34  2  0  0
41  2 117544 159731656 1821068 27655824    0    0 460144 285704 258888 1229591 41 22 34  2  0  0
61 12 117544 159726392 1821068 27655840    0    0 442416 272408 257549 1251896 41 23 34  2  0  0
86  6 117544 159724096 1821068 27655860    0    0 452304 272152 258168 1248106 41 23 34  2  0  0
procs -----------memory---------- ---swap-- -----io---- -system-- -------cpu-------
 r  b   swpd   free   buff  cache   si   so    bi    bo   in   cs us sy id wa st gu
 5  0 117544 159726868 1821068 27655884    0    0 460352 289416 257301 1225360 41 22 35  2  0  0
44  3 117544 159727156 1821068 27655900    0    0 457200 275084 263805 1264252 42 22 34  2  0  0
78  9 117544 159725180 1821068 27655920    0    0 445520 278636 257062 1236357 41 23 34  2  0  0
114  6 117544 159722948 1821072 27655936    0    0 452992 272232 258386 1254204 42 22 34  2  0  0
52  4 117544 159716644 1821072 27655964    0    0 451008 285640 256305 1226487 41 22 35  2  0  0
61  3 117544 159713736 1821072 27655980    0    0 452240 279372 261140 1243512 41 22 35  2  0  0
55  3 117544 159712544 1821076 27655992    0    0 464656 291072 264357 1242999 41 22 35  2  0  0
 3  2 117544 159707828 1821076 27656020    0    0 457280 278700 259289 1244934 42 22 34  2  0  0
71  4 117544 159704884 1821076 27656044    0    0 456144 274360 263060 1262955 41 23 33  2  0  0
27  5 117544 159706396 1821076 27656064    0    0 460320 290080 258107 1231307 41 22 35  2  0  0
43 11 117544 159706180 1821076 27656084    0    0 459712 282232 258029 1242583 41 22 35  2  0  0
 2  0 117544 159705144 1821076 27656100    0    0 454976 281772 261522 1245653 41 22 34  2  0  0
46  7 117544 159704780 1821076 27656112    0    0 458752 272008 259946 1259804 41 23 34  2  0  0
 4  0 117544 159705144 1821076 27656128    0    0 464400 288524 261945 1232168 41 21 35  2  0  0
80 10 117544 159698412 1821076 27656152    0    0 451104 278144 257889 1237489 41 22 34  2  0  0
57  2 117544 159702696 1821076 27656172    0    0 459712 279480 260606 1247349 41 22 34  2  0  0
28  0 117544 159700856 1821080 27656184    0    0 467472 293404 259628 1219179 41 22 35  3  0  0
37  0 117544 159700824 1821080 27656212    0    0 460768 282196 256572 1224557 41 22 35  3  0  0
75  5 117544 159692916 1821084 27656228    0    0 459664 279500 257948 1236558 41 22 34  2  0  0
41  3 117544 159692196 1821088 27656248    0    0 460544 307884 255984 1226900 40 22 35  2  0  0
102  5 117544 159689024 1821088 27656268    0    0 466784 302844 258755 1237937 41 22 34  3  0  0
procs -----------memory---------- ---swap-- -----io---- -system-- -------cpu-------
 r  b   swpd   free   buff  cache   si   so    bi    bo   in   cs us sy id wa st gu
30  1 117544 159696968 1821096 27656276    0    0 448464 278020 257528 1254778 41 23 34  2  0  0
60  2 117544 159689972 1821096 27656312    0    0 471760 289464 261243 1230138 41 22 35  2  0  0
65  6 117544 159688028 1821096 27656328    0    0 451184 284876 254402 1226747 41 21 35  2  0  0
48  2 117544 159690448 1821096 27656348    0    0 483856 288272 258191 1222424 41 22 34  3  0  0
91  6 117544 159688692 1821096 27656368    0    0 471968 296756 257500 1217263 40 22 35  3  0  0
22  0 117544 159693996 1821096 27656388    0    0 462528 282356 258809 1249505 41 22 34  2  0  0
68  5 117544 159690000 1821096 27656412    0    0 450224 281400 258027 1242904 41 23 34  2  0  0
24 23 117544 159686112 1821096 27656500    0    0 461728 276808 258350 1240490 41 22 34  2  0  0
55 10 117544 159689812 1821096 27656512    0    0 453520 282520 256115 1235837 41 22 35  2  0  0
55  6 117544 159690420 1821096 27656532    0    0 457664 281336 257830 1237536 41 21 35  2  0  0
40  5 117544 159688328 1821096 27656548    0    0 469088 284180 257395 1244029 41 22 35  2  0  0
56  2 117544 159685680 1821100 27656568    0    0 462256 292280 254833 1214763 40 22 36  2  0  0
27 22 117544 159695604 1821100 27656588    0    0 457808 275948 258919 1251941 41 22 34  2  0  0
87  1 117544 159693564 1821100 27656604    0    0 454560 283680 256926 1234222 41 21 35  2  0  0
79  1 117544 159692988 1821100 27656628    0    0 444176 277768 257104 1244155 41 22 34  2  0  0
85  1 117544 159695032 1821100 27656644    0    0 453424 284152 259855 1247169 41 22 35  2  0  0
38  1 117544 159684984 1821100 27656660    0    0 466256 284740 259243 1241345 41 22 35  2  0  0
 6  1 117544 159688436 1821100 27656680    0    0 451888 285104 255341 1226227 41 21 35  2  0  0
 5  0 117544 159689244 1821104 27656696    0    0 479488 293172 258762 1221074 41 21 35  3  0  0
 2  1 117544 159687616 1821104 27656720    0    0 454448 281772 254943 1232053 41 22 35  2  0  0
83 10 117544 159688440 1821104 27656736    0    0 453632 274016 262383 1260882 42 22 34  2  0  0
procs -----------memory---------- ---swap-- -----io---- -system-- -------cpu-------
 r  b   swpd   free   buff  cache   si   so    bi    bo   in   cs us sy id wa st gu
 6  0 117544 159693264 1821104 27656756    0    0 467392 289212 256831 1223366 41 21 35  3  0  0
70  6 117544 159689472 1821104 27656772    0    0 463008 279424 264329 1255756 42 21 35  2  0  0
 4  2 117544 159686944 1821104 27656792    0    0 460640 289044 262431 1242831 41 22 35  2  0  0
60  4 117544 159683940 1821104 27656812    0    0 453968 272836 255668 1251444 41 23 34  2  0  0
60  2 117544 159685328 1821104 27656824    0    0 456080 281136 259872 1248277 41 22 35  3  0  0
57  4 117544 159678548 1821104 27656840    0    0 451312 289684 253627 1217275 40 21 36  3  0  0
 3  0 117544 159681208 1821104 27656868    0    0 463520 283192 261654 1246052 41 22 34  3  0  0
69 20 117544 159690812 1821104 27656884    0    0 440448 278912 256921 1239106 41 22 35  2  0  0
73  5 117544 159692776 1821104 27656904    0    0 451024 264060 258083 1259706 41 24 33  2  0  0
27  8 117544 159687520 1821108 27656916    0    0 461700 327444 260279 1218787 40 21 36  3  0  0
28  1 117544 159683876 1821108 27656952    0    0 448400 280048 257393 1245017 41 22 34  2  0  0
 4  0 117544 159684248 1821108 27656968    0    0 454976 281368 265403 1253890 41 23 34  2  0  0
36  0 117544 159682136 1821108 27656992    0    0 457552 290260 258300 1229696 41 22 35  2  0  0
56 18 117544 159676452 1821108 27657012    0    0 473552 286496 262276 1241618 41 22 34  3  0  0
73  5 117544 159677372 1821108 27657028    0    0 462432 277008 259336 1245934 42 21 35  2  0  0
 3  0 117544 159673344 1821108 27657056    0    0 448240 277364 254542 1234006 41 22 34  2  0  0
94  3 117544 159671252 1821108 27657072    0    0 468992 274088 260482 1248250 42 23 33  2  0  0
96 17 117544 159677548 1821108 27657092    0    0 452640 288800 255321 1229875 40 23 35  2  0  0
 4  1 117544 159673632 1821108 27657108    0    0 465184 285500 264735 1253492 41 22 34  3  0  0
44  1 117544 159680260 1821108 27657132    0    0 457280 282392 256435 1236148 41 22 35  2  0  0
13  0 117544 159680696 1821108 27657152    0    0 459824 279220 257331 1241660 41 22 34  2  0  0
procs -----------memory---------- ---swap-- -----io---- -system-- -------cpu-------
 r  b   swpd   free   buff  cache   si   so    bi    bo   in   cs us sy id wa st gu
27  0 117544 159685612 1821108 27657168    0    0 470960 288808 259971 1229336 41 22 35  3  0  0
108  4 117544 159681388 1821108 27657184    0    0 439584 275892 257146 1248687 41 23 34  2  0  0
23  0 117544 159686008 1821108 27657200    0    0 461248 282968 257070 1230979 41 22 34  3  0  0
88 10 117544 159693272 1821108 27657224    0    0 439984 281276 255940 1225602 41 22 35  2  0  0
92  7 117544 159692612 1821112 27657236    0    0 442080 281164 258162 1239434 41 22 35  2  0  0
108  3 117544 159688096 1821112 27657256    0    0 463456 272780 263881 1245430 41 22 34  2  0  0
 5  0 117544 159683068 1821112 27657272    0    0 441952 274228 256713 1237521 41 22 34  2  0  0
27  2 117544 159678204 1821112 27657292    0    0 450720 281240 257949 1247454 41 22 35  2  0  0
43  3 117544 159677460 1821112 27657312    0    0 454352 279172 255041 1244014 41 22 35  2  0  0
 9  1 117544 159666720 1821116 27657328    0    0 459536 283680 259396 1243044 41 22 35  3  0  0
59  4 117544 159675112 1821116 27657352    0    0 455504 274488 258246 1239316 41 23 34  2  0  0
68 23 117544 159666304 1821116 27657372    0    0 443328 276360 259519 1250326 41 22 34  2  0  0
89  2 117544 159665652 1821116 27657392    0    0 454064 278948 257944 1242873 41 22 34  2  0  0
 1  0 117544 159667312 1821120 27657412    0    0 436848 278904 257326 1239648 41 22 35  2  0  0
94  6 117544 159668652 1821124 27657428    0    0 464384 279140 265503 1251102 42 22 34  2  0  0
46  4 117544 159673536 1821124 27657452    0    0 453744 277416 258623 1241273 41 22 34  2  0  0
24  1 117544 159674080 1821124 27657472    0    0 454304 276960 258313 1242519 41 23 34  2  0  0
60  3 117544 159672880 1821124 27657492    0    0 453344 288628 255632 1218915 41 21 36  2  0  0
78  9 117544 159675888 1821128 27657508    0    0 467040 295588 257616 1238544 41 22 34  3  0  0
35 31 117544 159676688 1821132 27657520    0    0 463472 304708 255570 1222284 41 22 35  3  0  0
44 12 117544 159669124 1821132 27657544    0    0 473952 278024 259231 1243712 42 22 34  3  0  0
procs -----------memory---------- ---swap-- -----io---- -system-- -------cpu-------
 r  b   swpd   free   buff  cache   si   so    bi    bo   in   cs us sy id wa st gu
60  1 117544 159668208 1821132 27657560    0    0 464640 289876 263234 1240890 41 22 35  2  0  0
38  5 117544 159672084 1821132 27657576    0    0 436912 280828 254843 1237751 41 22 35  2  0  0
 5  2 117544 159679920 1821132 27657604    0    0 468896 286196 261662 1230121 41 21 35  2  0  0
 4  0 117544 159675660 1821140 27657616    0    0 467360 281704 261530 1241743 41 22 35  2  0  0
119  7 117544 159671444 1821140 27657704    0    0 442432 275976 255430 1243289 41 22 35  2  0  0
 4  0 117544 159668820 1821140 27657720    0    0 452672 278168 257243 1242003 41 22 34  2  0  0
 4  1 117544 159669292 1821140 27657740    0    0 445360 281880 254974 1220590 41 22 35  2  0  0
61  2 117544 159666456 1821140 27657756    0    0 468688 269888 266827 1271664 42 22 33  2  0  0
 2  0 117544 159675836 1821144 27657780    0    0 453008 294784 257911 1223999 41 21 35  2  0  0
53 25 117544 159674492 1821144 27657804    0    0 454736 278268 258249 1244574 41 22 34  2  0  0
43 10 117544 159676696 1821144 27657820    0    0 471056 288468 261312 1239644 41 22 34  3  0  0
 2  0 117544 159679152 1821144 27657840    0    0 453952 287120 256504 1220230 41 21 36  2  0  0
56  1 117544 159674400 1821144 27657860    0    0 483856 291912 260642 1235137 42 21 34  3  0  0
76 16 117544 159683028 1821152 27657872    0    0 466496 283444 261591 1251374 42 22 33  2  0  0
59  0 117544 159676800 1821152 27657892    0    0 474880 285536 260421 1242333 42 21 34  2  0  0
106  5 117544 159687904 1821152 27657904    0    0 476208 288368 256385 1218105 41 21 35  3  0  0
22  4 117544 159683832 1821152 27657924    0    0 450960 288128 257115 1233676 41 22 35  2  0  0
45  2 117544 159684236 1821152 27657944    0    0 464560 275372 261422 1253270 42 22 34  2  0  0
 2  0 117544 159680216 1821160 27657956    0    0 459936 286248 257826 1237345 41 22 34  3  0  0
47  1 117544 159681564 1821160 27657980    0    0 457952 285440 257920 1235424 41 22 34  3  0  0
 9  1 117544 159680172 1821160 27658004    0    0 474736 286440 259227 1233475 41 22 35  3  0  0
procs -----------memory---------- ---swap-- -----io---- -system-- -------cpu-------
 r  b   swpd   free   buff  cache   si   so    bi    bo   in   cs us sy id wa st gu
32  6 117544 159686272 1821160 27658024    0    0 460672 277172 259460 1240602 42 22 34  2  0  0
90  5 117544 159687864 1821160 27658044    0    0 450976 278496 257780 1240982 41 22 34  2  0  0
55  2 117544 159693120 1821164 27658060    0    0 466448 280164 258126 1235869 41 22 34  2  0  0
75  2 117544 159695348 1821164 27658080    0    0 462144 294432 255652 1221317 41 22 35  2  0  0
37  1 117544 159689352 1821164 27658100    0    0 456016 277264 263974 1251467 42 21 35  2  0  0
52  3 117544 159684900 1821164 27658120    0    0 472368 291792 259930 1229923 41 21 35  3  0  0
109 17 117544 159675192 1821164 27658136    0    0 448720 280208 256016 1237847 41 22 35  2  0  0
10  0 117544 159679436 1821164 27658160    0    0 455696 273060 261335 1257508 42 22 34  2  0  0
 7  0 117544 159683300 1821164 27658176    0    0 459680 289312 257010 1237266 41 22 35  2  0  0
73  4 117544 159686108 1821164 27658200    0    0 459232 277668 257956 1247269 41 22 34  2  0  0
22  9 117544 159668060 1821164 27658260    0    0 459904 284684 258189 1226514 42 22 34  2  0  0
73  3 117544 159665404 1821164 27658276    0    0 457936 289500 255837 1217431 40 22 35  2  0  0
104 15 117544 159660424 1821164 27658292    0    0 447008 275952 266126 1261610 42 22 34  2  0  0
21  3 117544 159657936 1821164 27658320    0    0 451616 275932 257890 1232041 41 22 35  2  0  0
29  0 117544 159656308 1821164 27658340    0    0 445584 270128 256101 1251644 41 22 34  2  0  0
18  0 117544 159670228 1821164 27658356    0    0 458976 284336 256405 1220422 41 22 35  2  0  0
108  7 117544 159671768 1821164 27658372    0    0 433600 280456 253707 1233873 40 22 35  2  0  0
54  1 117544 159669052 1821168 27658388    0    0 455440 265480 261598 1260394 42 22 33  2  0  0
59  6 117544 159669764 1821168 27658416    0    0 447504 285084 258011 1230405 41 22 35  2  0  0
14  1 117544 159674632 1821168 27658444    0    0 443696 273212 258036 1248330 41 23 34  2  0  0
 5  1 117544 159679728 1821168 27658460    0    0 453776 284424 261608 1236645 41 22 35  2  0  0
procs -----------memory---------- ---swap-- -----io---- -system-- -------cpu-------
 r  b   swpd   free   buff  cache   si   so    bi    bo   in   cs us sy id wa st gu
34 39 117544 159679364 1821168 27658476    0    0 447376 277064 256951 1234123 41 22 35  2  0  0
84  5 117544 159684416 1821176 27658492    0    0 467456 281364 261572 1242407 42 22 34  2  0  0
92  3 117544 159689756 1821176 27658524    0    0 443248 280848 256905 1235650 41 22 35  2  0  0
 4  0 117544 159682548 1821176 27658540    0    0 463856 282892 257245 1229469 40 23 35  2  0  0
64  2 117544 159685504 1821176 27658556    0    0 454560 280752 256067 1228705 41 22 35  2  0  0
52  8 117544 159690968 1821176 27658580    0    0 444784 276324 264068 1253682 41 23 34  2  0  0
11  0 117544 159690048 1821176 27658592    0    0 460624 282264 261840 1243540 41 22 34  2  0  0
66 21 117544 159684992 1821176 27658616    0    0 445936 282700 255690 1224859 41 21 35  2  0  0
 3  0 117544 159685468 1821176 27658628    0    0 457936 271676 260268 1243851 41 22 34  2  0  0
65 17 117544 159685284 1821176 27658644    0    0 449328 283016 257068 1237823 41 22 35  2  0  0
76  8 117544 159689348 1821176 27658664    0    0 452448 280368 261516 1247578 41 22 34  2  0  0
 5  0 117544 159687820 1821176 27658680    0    0 454224 278732 257367 1242815 42 21 35  2  0  0
55  2 117544 159688876 1821176 27658708    0    0 459840 279344 256456 1242571 41 22 34  2  0  0
 5  0 117544 159688824 1821176 27658724    0    0 458224 286876 258152 1234595 40 22 35  3  0  0
 4  0 117544 159687072 1821176 27658744    0    0 450400 275360 258623 1251160 42 22 34  2  0  0
 5  0 117544 159694316 1821176 27658760    0    0 462800 286676 257316 1225678 41 22 35  2  0  0
79  2 117544 159696392 1821180 27658772    0    0 471632 279048 260086 1248850 42 22 34  2  0  0
77 22 117544 159697940 1821180 27658800    0    0 458640 284032 260516 1246782 41 22 35  2  0  0
 5  0 117544 159694540 1821180 27658820    0    0 446576 273992 258163 1254519 41 23 34  2  0  0
99 14 117544 159698008 1821188 27658836    0    0 449136 314860 260350 1231332 41 22 35  3  0  0
69  2 117544 159696176 1821188 27658864    0    0 450656 281056 256443 1240870 41 22 35  2  0  0
procs -----------memory---------- ---swap-- -----io---- -system-- -------cpu-------
 r  b   swpd   free   buff  cache   si   so    bi    bo   in   cs us sy id wa st gu
57  1 117544 159703624 1821188 27658884    0    0 459728 276708 262599 1247444 41 23 34  2  0  0
 3  0 117544 159699284 1821188 27658976    0    0 451456 286900 258715 1235523 41 22 35  2  0  0
78  1 117544 159693804 1821188 27658996    0    0 459056 274660 259708 1255922 42 23 33  2  0  0
51  5 117544 159694392 1821188 27659012    0    0 457776 288636 255833 1227825 40 22 35  2  0  0
73  2 117544 159701060 1821188 27659028    0    0 448768 270808 256958 1257431 42 22 34  2  0  0
22  8 117544 159695052 1821188 27659048    0    0 441856 276744 257817 1250498 41 22 35  2  0  0
56  3 117544 159692544 1821188 27659072    0    0 460512 288032 258451 1224785 41 21 35  2  0  0
73  4 117544 159691656 1821188 27659088    0    0 464320 280184 258203 1237987 41 22 34  2  0  0
90  6 117544 159698300 1821188 27659112    0    0 461664 287264 264624 1248974 41 21 35  2  0  0
 2  0 117544 159696092 1821192 27659124    0    0 438272 281456 255453 1228756 41 22 35  2  0  0
38  1 117544 159684784 1821192 27659152    0    0 461680 277552 261279 1248209 41 23 34  2  0  0
77  3 117544 159688628 1821192 27659176    0    0 454448 271448 261061 1258137 42 22 34  2  0  0
80 11 117544 159689196 1821192 27659196    0    0 438672 279480 255599 1234815 41 22 35  2  0  0
59  2 117544 159689704 1821192 27659212    0    0 458256 288532 256584 1223055 40 22 35  2  0  0
43  4 117544 159686192 1821192 27659232    0    0 449824 287820 255465 1230773 40 22 35  2  0  0
36  1 117544 159685108 1821192 27659252    0    0 466848 277428 261433 1248588 41 22 35  2  0  0
45  0 117544 159686036 1821192 27659268    0    0 449456 276716 258706 1254417 41 22 34  2  0  0
79  5 117544 159686768 1821192 27659288    0    0 447392 274988 257774 1257572 42 22 34  2  0  0
 6  1 117544 159684184 1821192 27659304    0    0 451248 285176 255694 1236112 41 22 35  2  0  0
85  4 117544 159683652 1821192 27659320    0    0 444560 270248 257158 1251232 42 22 34  2  0  0
107  6 117544 159680256 1821192 27659340    0    0 458864 287928 254716 1229367 40 22 35  3  0  0
procs -----------memory---------- ---swap-- -----io---- -system-- -------cpu-------
 r  b   swpd   free   buff  cache   si   so    bi    bo   in   cs us sy id wa st gu
45  9 117544 159681244 1821192 27659356    0    0 446256 278520 257059 1240240 40 23 35  2  0  0
92  3 117544 159678468 1821192 27659372    0    0 450912 270500 262235 1258952 42 23 33  2  0  0
125  9 117544 159677140 1821192 27659396    0    0 455664 282476 256338 1234131 41 22 35  2  0  0
50  4 117544 159674008 1821192 27659420    0    0 440272 271328 259288 1254792 41 23 34  2  0  0
28  1 117544 159672272 1821192 27659436    0    0 474224 290076 263875 1245139 41 22 35  3  0  0
44 13 117544 159672084 1821192 27659452    0    0 446384 281676 256399 1243864 41 22 35  2  0  0
25  1 117544 159672328 1821192 27659472    0    0 457648 277216 265273 1260497 41 22 34  2  0  0
64  2 117544 159673908 1821192 27659492    0    0 447712 279268 259850 1236982 41 22 35  2  0  0
33  0 117544 159677068 1821196 27659512    0    0 447328 279972 256521 1241761 41 22 34  2  0  0
37  0 117544 159676932 1821196 27659532    0    0 460704 322808 255771 1219728 41 21 35  3  0  0
68  3 117544 159673096 1821196 27659548    0    0 458672 284936 255780 1223327 41 21 36  2  0  0
16  0 117544 159667152 1821196 27659568    0    0 446400 283392 258586 1240251 41 22 35  2  0  0
85  6 117544 159664980 1821196 27659588    0    0 450896 271596 256771 1239475 41 22 35  2  0  0
 5  0 117544 159668728 1821196 27659608    0    0 451728 277036 259447 1246408 41 22 35  2  0  0
 5  0 117544 159671272 1821196 27659628    0    0 456448 287188 256630 1223278 40 22 36  2  0  0
 4  1 117544 159673308 1821196 27659644    0    0 462512 276568 256728 1245150 41 23 34  2  0  0
34  4 117544 159678252 1821196 27659664    0    0 478048 291132 256455 1221423 41 21 35  2  0  0
 4  0 117544 159682356 1821196 27659684    0    0 450624 284012 256712 1232287 41 22 35  2  0  0
52  3 117544 159679652 1821196 27659700    0    0 451776 274448 262482 1257228 41 22 34  2  0  0
 8  0 117544 159687812 1821196 27659716    0    0 467584 284988 259794 1242077 42 21 34  2  0  0
88  1 117544 159690256 1821196 27659736    0    0 453552 284248 261181 1252280 41 22 34  2  0  0
procs -----------memory---------- ---swap-- -----io---- -system-- -------cpu-------
 r  b   swpd   free   buff  cache   si   so    bi    bo   in   cs us sy id wa st gu
 5  2 117544 159694080 1821196 27659760    0    0 452992 282604 259405 1250671 42 22 34  2  0  0
47  1 117544 159692084 1821196 27659776    0    0 466000 287896 254488 1227488 40 22 35  2  0  0
41  0 117544 159690244 1821196 27659796    0    0 460288 287848 254845 1227517 41 21 36  2  0  0
92  3 117544 159696152 1821196 27659812    0    0 450624 274632 256429 1250847 41 23 34  2  0  0
50  8 117544 159692364 1821196 27659832    0    0 474224 287852 257410 1226535 41 22 35  2  0  0
51  5 117544 159696700 1821196 27659856    0    0 447072 275724 257526 1250728 41 23 34  2  0  0
98 10 117544 159703788 1821196 27659876    0    0 450608 277940 255370 1246461 41 22 35  2  0  0
65 10 117544 159694040 1821196 27659892    0    0 448720 279704 256454 1239972 41 22 35  2  0  0
40  0 117544 159692848 1821196 27659912    0    0 451632 282152 255848 1238129 41 22 35  2  0  0
30  2 117544 159699012 1821196 27659928    0    0 456320 280124 261756 1260637 42 22 34  2  0  0
 6  0 117544 159696896 1821196 27659952    0    0 454112 285264 255751 1236946 41 22 35  2  0  0
 3  0 117544 159697708 1821196 27659972    0    0 456864 273984 255811 1245478 41 23 34  2  0  0
 5  0 117544 159700332 1821196 27659988    0    0 463744 287056 255784 1232177 41 22 35  2  0  0
46  6 117544 159700268 1821196 27660004    0    0 441856 277504 256523 1251255 41 22 34  2  0  0
 5  1 117544 159704920 1821196 27660016    0    0 461424 282828 262145 1247735 41 23 34  2  0  0
36  3 117544 159705700 1821196 27660032    0    0 445360 273044 258913 1263697 41 23 34  2  0  0
27  0 117544 159706164 1821196 27660060    0    0 450672 277880 260834 1253603 41 22 35  2  0  0
35  8 117544 159706092 1821200 27660076    0    0 437232 282512 253334 1232163 41 22 35  2  0  0
55  1 117544 159703960 1821200 27660096    0    0 456752 280696 256135 1237110 42 22 34  2  0  0
64 10 117544 159708324 1821200 27660208    0    0 453776 280580 258059 1236286 41 23 34  2  0  0
29  8 117544 159709808 1821200 27660228    0    0 449968 299028 256282 1223066 41 22 35  2  0  0
procs -----------memory---------- ---swap-- -----io---- -system-- -------cpu-------
 r  b   swpd   free   buff  cache   si   so    bi    bo   in   cs us sy id wa st gu
 4  0 117544 159713520 1821204 27660244    0    0 461284 296700 263464 1248081 41 22 34  2  0  0
79  7 117544 159717084 1821208 27660284    0    0 464768 284488 256468 1235259 42 22 34  2  0  0
79 11 117544 159718648 1821208 27660304    0    0 450000 278336 261796 1253083 41 23 34  2  0  0
95  3 117544 159711944 1821208 27660328    0    0 455760 283528 254620 1232286 41 22 35  2  0  0
83 22 117544 159711284 1821208 27660348    0    0 456288 290704 253333 1219272 40 22 36  2  0  0
46  1 117544 159714900 1821216 27660368    0    0 459808 277148 256894 1238156 41 23 34  2  0  0
45  9 117544 159709488 1821220 27660388    0    0 461680 288504 255803 1230068 41 22 35  3  0  0
57  2 117544 159710776 1821220 27660408    0    0 454992 274264 256678 1248217 42 21 35  2  0  0
30  7 117544 159716064 1821220 27660424    0    0 459200 292956 254250 1219406 40 22 36  3  0  0
28  3 117544 159714024 1821220 27660448    0    0 464400 276684 259531 1249749 42 22 34  2  0  0
69  2 117544 159719708 1821220 27660464    0    0 448480 277992 255066 1244846 41 23 34  2  0  0
50  7 117544 159718532 1821220 27660480    0    0 454016 284440 259437 1240502 41 21 35  2  0  0
37  7 117544 159720240 1821220 27660496    0    0 451728 281688 254012 1239177 41 22 35  2  0  0
45  3 117544 159724732 1821220 27660520    0    0 471296 287532 256132 1231350 41 22 35  3  0  0
 6  0 117544 159727648 1821220 27660540    0    0 464144 283080 255831 1236000 41 22 35  2  0  0
 3  0 117544 159725652 1821220 27660560    0    0 454240 279656 256396 1250720 41 22 35  2  0  0
94  6 117544 159727856 1821220 27660576    0    0 462240 282516 256533 1235789 41 22 34  2  0  0
101  5 117544 159731276 1821220 27660592    0    0 450528 276232 257190 1251132 42 22 34  2  0  0
52  0 117544 159734396 1821220 27660612   40    0 456232 284096 260724 1234394 41 22 35  2  0  0
72 10 117544 159726668 1821220 27660632    0    0 447568 282816 254205 1237441 41 22 35  2  0  0
30  0 117544 159725608 1821224 27660652    0    0 453952 275008 260533 1255136 42 22 33  2  0  0
procs -----------memory---------- ---swap-- -----io---- -system-- -------cpu-------
 r  b   swpd   free   buff  cache   si   so    bi    bo   in   cs us sy id wa st gu
61  4 117544 159720428 1821224 27660672    0    0 454416 285120 256037 1233114 41 21 35  2  0  0
39 24 117544 159722576 1821224 27660692    0    0 450304 280564 257223 1233714 41 22 35  2  0  0
62 12 117544 159717436 1821224 27660712    0    0 443824 282704 257497 1231838 41 22 35  2  0  0
21  2 117544 159712992 1821224 27660728    0    0 470256 292988 254619 1214459 40 22 35  3  0  0
67  3 117544 159707724 1821224 27660744    0    0 458560 273032 257153 1245722 42 23 33  2  0  0
79  2 117544 159707576 1821224 27660760    0    0 442544 279348 256470 1235422 41 23 34  2  0  0
110  4 117544 159702940 1821224 27660784    0    0 456832 277804 260153 1250024 41 22 35  2  0  0
65  5 117544 159704560 1821224 27660796    0    0 450288 285592 256186 1222894 40 22 36  2  0  0
103 10 117544 159705584 1821224 27660812    0    0 459008 282092 255545 1234684 41 22 35  2  0  0
38  2 117544 159710340 1821224 27660832    0    0 463712 283736 260118 1245353 41 22 35  2  0  0
 4  0 117544 159705076 1821228 27660856    0    0 469744 311024 256330 1223093 41 22 35  3  0  0
70  6 117544 159702624 1821228 27660876    0    0 446448 291080 254178 1236211 41 22 35  2  0  0
71  7 117544 159702656 1821228 27660896    0    0 462800 283684 254482 1232538 41 22 35  2  0  0
91 15 117544 159697404 1821228 27660912    0    0 478800 287872 257709 1227800 41 22 35  3  0  0
70  2 117544 159698308 1821228 27660928    0    0 460784 287036 258971 1245886 42 21 35  2  0  0
108  2 117544 159698684 1821228 27660956    0    0 454096 277332 256734 1243245 41 22 34  2  0  0
55  1 117544 159694440 1821228 27660976    0    0 455472 276456 255946 1249122 41 22 34  2  0  0
74  5 117544 159700812 1821228 27660992    0    0 453168 279724 256274 1234743 41 22 35  2  0  0
22  1 117544 159695508 1821228 27661012    0    0 451296 273128 258208 1253951 42 22 34  2  0  0
43  2 117544 159698988 1821228 27661032    0    0 454112 284460 256525 1235213 41 22 35  2  0  0
51  0 117544 159697764 1821228 27661052    0    0 450416 277716 257860 1247718 42 22 34  2  0  0
procs -----------memory---------- ---swap-- -----io---- -system-- -------cpu-------
 r  b   swpd   free   buff  cache   si   so    bi    bo   in   cs us sy id wa st gu
43  6 117544 159706500 1821232 27661076    0    0 460144 286720 255177 1232943 41 22 35  2  0  0
39  2 117544 159708084 1821232 27661088    0    0 459984 281928 256317 1235951 41 22 34  2  0  0
 5  1 117544 159709384 1821232 27661116    0    0 446848 275228 263336 1258884 41 23 34  2  0  0
62  6 117544 159704884 1821232 27661128    0    0 463104 297720 255104 1211612 40 21 36  2  0  0
 3  0 117544 159707824 1821232 27661148    0    0 451232 274492 257461 1240319 41 23 34  2  0  0
68  1 117544 159705736 1821232 27661168    0    0 450112 277020 257341 1242064 41 22 35  2  0  0
63  2 117544 159713736 1821232 27661184    0    0 451408 277616 256250 1240335 41 22 35  2  0  0
70  5 117544 159715528 1821232 27661204    0    0 457296 282028 256460 1238843 41 22 35  2  0  0
11  0 117544 159709556 1821232 27661220    0    0 444208 275952 257569 1241965 41 22 34  2  0  0
10  0 117544 159703620 1821232 27661244    0    0 441824 272048 260507 1257209 42 22 34  2  0  0
53  7 117544 159703944 1821236 27661256    0    0 453600 283224 257150 1238568 41 22 35  2  0  0
 5  2 117544 159708708 1821236 27661280    0    0 441296 276908 266627 1240948 41 23 34  2  0  0
42  5 117544 159701848 1821236 27661296    0    0 452736 283752 254637 1229148 40 22 36  2  0  0
 3  1 117544 159702168 1821236 27661312    0    0 443824 280624 257198 1235564 41 22 35  2  0  0
35  1 117544 159695828 1821236 27661336    0    0 464176 277344 264570 1258922 41 22 34  2  0  0
67  5 117544 159696360 1821236 27661352    0    0 467040 277380 254457 1229905 41 22 35  2  0  0
28 24 117544 159697220 1821236 27661448    0    0 460624 279012 257053 1248348 41 22 35  2  0  0
119 15 117544 159694476 1821236 27661464    0    0 444640 281972 258778 1247029 41 22 35  2  0  0
 2  0 117544 159704040 1821236 27661480    0    0 450272 285944 256284 1239500 41 22 34  2  0  0
 4  0 117544 159705892 1821236 27661500    0    0 461232 281196 259731 1254785 41 22 34  2  0  0
48 11 117544 159705952 1821236 27661520    0    0 445888 281728 255644 1246509 41 22 34  2  0  0
procs -----------memory---------- ---swap-- -----io---- -system-- -------cpu-------
 r  b   swpd   free   buff  cache   si   so    bi    bo   in   cs us sy id wa st gu
108  5 117544 159705768 1821236 27661536    0    0 462256 296524 263013 1247689 42 22 34  2  0  0
61  6 117544 159700020 1821236 27661552    0    0 451872 307988 256026 1235046 41 22 35  2  0  0
 3  3 117544 159699928 1821236 27661568    0    0 456368 280992 261166 1249153 41 22 35  2  0  0
29  4 117544 159707168 1821236 27661592    0    0 458192 279904 259648 1250500 41 23 34  2  0  0
29  1 117544 159700604 1821236 27661612    0    0 448144 280280 257337 1237647 41 22 35  2  0  0
28  8 117544 159698360 1821236 27661632    0    0 449488 276204 265838 1258932 41 23 35  2  0  0
48  8 117544 159703164 1821236 27661648    0    0 454960 282816 255239 1232566 40 22 35  2  0  0
87  3 117544 159705080 1821236 27661672    0    0 441936 271708 257607 1256432 41 23 34  2  0  0
65  5 117544 159706180 1821236 27661692    0    0 457472 283728 257243 1233556 41 21 36  2  0  0
75  5 117544 159706236 1821244 27661704    0    0 432288 273952 253683 1240307 40 22 35  2  0  0
25  0 117544 159706924 1821244 27661728    0    0 453120 280824 256340 1227270 40 22 35  2  0  0
 5  0 117544 159705548 1821244 27661748    0    0 461536 286240 256199 1226938 41 23 34  2  0  0
32 19 117544 159703100 1821244 27661772    0    0 463568 279356 257458 1237425 41 22 34  2  0  0
 2  1 117544 159703036 1821244 27661788    0    0 457136 282776 258719 1241183 41 22 35  2  0  0
80  2 117544 159701608 1821244 27661808    0    0 453088 286948 253898 1236074 40 22 35  2  0  0
45  2 117544 159710664 1821244 27661824    0    0 451664 268992 255982 1245591 41 22 34  2  0  0
 4  1 117544 159711008 1821244 27661840    0    0 460240 289316 254676 1221284 40 22 35  3  0  0
 2  1 117544 159709700 1821244 27661860    0    0 456624 270132 257239 1256970 41 22 34  2  0  0
103 15 117544 159707292 1821244 27661876    0    0 445248 283584 262158 1243617 40 22 35  2  0  0
15  1 117544 159709912 1821252 27661888    0    0 451808 275280 257396 1254883 42 22 34  2  0  0
87 12 117544 159710464 1821252 27661912    0    0 449088 273940 258729 1253759 41 22 34  2  0  0
procs -----------memory---------- ---swap-- -----io---- -system-- -------cpu-------
 r  b   swpd   free   buff  cache   si   so    bi    bo   in   cs us sy id wa st gu
51  4 117544 159711852 1821252 27661932    0    0 467744 288264 259861 1235681 41 22 35  2  0  0
118  7 117544 159710540 1821252 27661952    0    0 449648 281776 256131 1240235 41 22 34  2  0  0
50  4 117544 159708104 1821252 27661968    0    0 460656 280072 259839 1240476 41 22 35  2  0  0
67  4 117544 159713608 1821256 27661984    0    0 454064 280276 256243 1240167 42 22 35  2  0  0
42  1 117544 159712284 1821256 27662008    0    0 453952 283952 258067 1249302 41 22 35  2  0  0
62  3 117544 159716752 1821256 27662024    0    0 457200 285284 258226 1242889 41 22 34  2  0  0
45 17 117544 159716236 1821256 27662044    0    0 453328 277240 258350 1250722 42 22 34  2  0  0
93  6 117544 159715688 1821256 27662064    0    0 463344 284840 259000 1237640 41 22 35  2  0  0
52  0 117544 159711428 1821260 27662084    0    0 465936 285260 257453 1241337 41 22 34  2  0  0
27  3 117544 159711740 1821260 27662112    0    0 453568 279228 263154 1259406 41 23 34  2  0  0
33 27 117544 159709932 1821260 27662136    0    0 445088 283796 256289 1230635 41 22 35  2  0  0
95 13 117544 159705664 1821260 27662148    0    0 469184 284600 257319 1240006 40 22 35  3  0  0
21 108 117544 159706580 1821260 27662164    0    0 463568 319832 255225 1216918 41 22 35  3  0  0
102 13 117544 159712620 1821264 27662176    0    0 458128 285228 256446 1237887 40 22 35  3  0  0
46  4 117544 159720472 1821264 27662200    0    0 460704 285052 255989 1231348 41 22 35  2  0  0
63 12 117544 159716204 1821264 27662224    0    0 446320 283308 253024 1240515 41 22 35  2  0  0
59  0 117544 159716276 1821264 27662240    0    0 443648 270144 257765 1248834 41 22 35  2  0  0
97 11 117544 159708888 1821264 27662256    0    0 453664 281496 256053 1236678 41 22 34  2  0  0
46  3 117544 159712336 1821268 27662276    0    0 450320 273040 260397 1257848 41 23 34  2  0  0
53  6 117544 159712144 1821268 27662300    0    0 456512 289316 254510 1232961 41 22 35  2  0  0
100  5 117544 159705392 1821268 27662320    0    0 459536 274984 264737 1261523 42 22 33  2  0  0
procs -----------memory---------- ---swap-- -----io---- -system-- -------cpu-------
 r  b   swpd   free   buff  cache   si   so    bi    bo   in   cs us sy id wa st gu
30  1 117544 159708600 1821268 27662340    0    0 451488 281924 261490 1243903 41 22 35  2  0  0
37  7 117544 159708164 1821268 27662360    0    0 450240 288768 255133 1232964 41 22 35  2  0  0
62 14 117544 159704908 1821272 27662372    0    0 450976 272024 261147 1263256 42 22 34  2  0  0
92  6 117544 159704264 1821272 27662412    0    0 475024 286948 256976 1238090 41 22 34  3  0  0
76  9 117544 159707768 1821272 27662420    0    0 448224 286984 255372 1230079 41 22 35  2  0  0
75  3 117544 159709076 1821272 27662444    0    0 477968 286056 257858 1228804 41 22 35  2  0  0
39  8 117544 159709480 1821272 27662460    0    0 461968 282548 255224 1230288 41 22 35  2  0  0
 7  0 117544 159710216 1821272 27662480    0    0 464400 280472 260137 1249399 41 22 34  2  0  0
 4  1 117544 159707984 1821272 27662496    0    0 460144 287868 258341 1229926 41 22 35  2  0  0
102  3 117544 159710908 1821272 27662512    0    0 461072 281276 258269 1238615 42 22 34  2  0  0
69  6 117544 159723088 1821272 27662532    0    0 462992 292516 260486 1236149 41 21 35  3  0  0
38  9 117544 159724196 1821272 27662548    0    0 445216 278144 256091 1243076 41 23 35  2  0  0
96 10 117544 159723068 1821272 27662564    0    0 445520 268984 254111 1251985 41 22 35  2  0  0
61  4 117544 159718164 1821272 27662664    0    0 461680 282252 255651 1226024 41 22 35  2  0  0
92  8 117544 159720232 1821272 27662684    0    0 447712 279904 256481 1238612 41 22 35  2  0  0
74  2 117544 159725780 1821272 27662700    0    0 478576 284728 259001 1233455 42 21 35  3  0  0
111  6 117544 159726856 1821272 27662708    0    0 438416 278016 256708 1251766 41 22 34  2  0  0
64  3 117544 159728532 1821272 27662732    0    0 455216 280972 260918 1247089 41 22 35  2  0  0
71  5 117544 159727980 1821272 27662752    0    0 448208 283284 255547 1228457 40 23 35  2  0  0
24  1 117544 159724728 1821272 27662776    0    0 453952 277708 255771 1246002 41 22 35  2  0  0
80  5 117544 159729736 1821272 27662796    0    0 460208 281712 256417 1233654 41 22 35  2  0  0
procs -----------memory---------- ---swap-- -----io---- -system-- -------cpu-------
 r  b   swpd   free   buff  cache   si   so    bi    bo   in   cs us sy id wa st gu
54 15 117544 159730112 1821272 27662812    0    0 461776 280084 262020 1253026 42 22 34  2  0  0
54 10 117544 159722184 1821272 27662844    0    0 456480 281840 258359 1236366 41 22 35  2  0  0
25  7 117544 159726216 1821284 27662844    0    0 450308 310004 256511 1242755 41 22 34  2  0  0
 4  0 117544 159719836 1821284 27662880    0    0 453552 291776 261089 1241206 41 22 35  2  0  0
38  0 117544 159728260 1821284 27662892    0    0 466272 277644 257627 1243851 41 22 34  2  0  0
26  6 117544 159722044 1821284 27662904    0    0 458512 283500 256005 1234837 41 22 34  2  0  0
 2  2 117544 159728840 1821284 27662932    0    0 439232 276980 255724 1243486 42 22 34  2  0  0
 4  2 117544 159721296 1821292 27662940    0    0 441424 277136 255295 1240184 40 22 35  2  0  0
52  6 117544 159723316 1821292 27662968    0    0 456192 281780 257392 1233683 41 22 35  2  0  0
60  4 117544 159720156 1821292 27662984    0    0 439696 270844 256142 1250516 41 22 35  2  0  0
 5  0 117544 159720624 1821292 27663000    0    0 449728 275468 257090 1242026 41 22 34  2  0  0
72  1 117544 159717272 1821292 27663020    0    0 449312 281556 254915 1235850 41 22 34  2  0  0
83  7 117544 159721672 1821300 27663040    0    0 442736 279804 258400 1243207 41 22 34  2  0  0
72 12 117544 159722236 1821300 27663064    0    0 453536 284648 257168 1233185 41 22 35  2  0  0
52  1 117544 159723428 1821300 27663080    0    0 450000 274628 255740 1238583 41 22 35  2  0  0
48  8 117544 159725048 1821300 27663104    0    0 467552 289908 257883 1221127 40 22 35  2  0  0
34  4 117544 159723736 1821300 27663132    0    0 449280 273776 257000 1238265 41 23 34  2  0  0
51  5 117544 159723896 1821308 27663140    0    0 461776 280164 256651 1227376 41 21 35  2  0  0
67  6 117544 159720180 1821308 27663164    0    0 444848 274116 254965 1246725 41 22 34  2  0  0
 6  1 117544 159719060 1821308 27663184    0    0 444336 278048 257350 1242364 41 22 35  2  0  0
39  0 117544 159718880 1821308 27663208    0    0 453120 271176 262037 1261383 42 22 34  2  0  0
procs -----------memory---------- ---swap-- -----io---- -system-- -------cpu-------
 r  b   swpd   free   buff  cache   si   so    bi    bo   in   cs us sy id wa st gu
 4  5 117544 159718580 1821308 27663216    0    0 445840 277476 254277 1243135 41 22 35  2  0  0
75  4 117544 159721156 1821308 27663232    0    0 449696 277252 257009 1249489 41 23 34  2  0  0
111 18 117544 159725152 1821308 27663268    0    0 459664 288928 254493 1223766 41 21 36  2  0  0
79 13 117544 159725592 1821308 27663280    0    0 447296 271360 257925 1255806 41 23 34  2  0  0
43  3 117544 159723180 1821308 27663288    0    0 447120 277024 256340 1244650 42 22 35  2  0  0
63 16 117544 159729816 1821308 27663308    0    0 463280 285596 257997 1240713 41 21 35  2  0  0
51  5 117544 159726720 1821308 27663324    0    0 454512 277764 263194 1259562 42 22 33  2  0  0
20  2 117544 159726192 1821308 27663348    0    0 438720 281968 255334 1234364 41 22 35  2  0  0
66  5 117544 159727428 1821308 27663364    0    0 454128 283092 255142 1237173 41 22 34  2  0  0
88 21 117544 159730248 1821308 27663396    0    0 450976 280820 254695 1230959 41 22 35  2  0  0
95  4 117544 159727856 1821308 27663416    0    0 447568 274964 257144 1249930 41 23 34  2  0  0
69  7 117544 159719124 1821308 27663424    0    0 451248 276048 255935 1250577 41 22 34  2  0  0
52  5 117544 159725332 1821308 27663456    0    0 447776 281124 256069 1235933 41 22 34  2  0  0
 4  0 117544 159727892 1821308 27663480    0    0 470064 300880 262181 1252393 41 22 34  3  0  0
 4  0 117544 159721440 1821308 27663492    0    0 458576 301360 256012 1223436 41 22 35  2  0  0
73  6 117544 159729796 1821308 27663504    0    0 448304 276152 257038 1253469 41 22 34  2  0  0
71  3 117544 159731756 1821308 27663536    0    0 453264 283388 258205 1240552 40 23 35  2  0  0
99 10 117544 159723352 1821308 27663544    0    0 441712 282604 256708 1240115 41 22 35  2  0  0
13  1 117544 159718596 1821308 27663580    0    0 459344 278216 266045 1262047 42 22 34  2  0  0
45  8 117544 159719912 1821308 27663584    0    0 447728 277884 255498 1244723 41 23 34  2  0  0
66  3 117544 159718408 1821308 27663604    0    0 465824 279936 258496 1239596 42 22 34  3  0  0
procs -----------memory---------- ---swap-- -----io---- -system-- -------cpu-------
 r  b   swpd   free   buff  cache   si   so    bi    bo   in   cs us sy id wa st gu
 4  0 117544 159720496 1821308 27663632    0    0 442848 282848 256211 1224267 41 22 36  2  0  0
 4  0 117544 159721944 1821308 27663640    0    0 445744 280580 256652 1236057 40 22 35  2  0  0
13  1 117544 159714056 1821308 27663664    0    0 457600 276052 256787 1244692 41 22 35  2  0  0
75  2 117544 159710880 1821312 27663684    0    0 456976 278520 258205 1245879 41 22 34  2  0  0
93  1 117544 159710680 1821312 27663704    0    0 457904 277676 263738 1251211 42 22 34  2  0  0
41  2 117544 159713496 1821316 27663724    0    0 454192 282248 256793 1250128 41 22 34  2  0  0
47  5 117544 159707704 1821316 27663748    0    0 442384 273108 259045 1253071 41 22 35  2  0  0
79 11 117544 159707528 1821316 27663760    0    0 459424 278884 259592 1242676 41 22 35  2  0  0
 7  0 117544 159701696 1821316 27663780    0    0 456928 286620 257979 1233520 41 22 35  2  0  0
73  6 117544 159704312 1821316 27663796    0    0 453968 279336 256763 1239250 42 22 34  2  0  0
 4  1 117544 159699108 1821320 27663876    0    0 445680 282724 254481 1237447 41 22 35  2  0  0
80 18 117544 159699656 1821320 27663896    0    0 432864 273668 254948 1248725 41 22 34  2  0  0
110  2 117544 159694092 1821320 27663920    0    0 460432 276500 257447 1243084 41 22 34  2  0  0
67  5 117544 159689272 1821320 27663944    0    0 444176 280812 256545 1236587 41 22 35  2  0  0
39 12 117544 159690380 1821320 27663964    0    0 470160 283176 258080 1231272 41 22 35  2  0  0
62  3 117544 159692732 1821324 27663960    0    0 446768 275344 255289 1234565 41 22 35  2  0  0
71  6 117544 159688688 1821324 27663996    0    0 465136 287844 256743 1225100 41 22 35  2  0  0
40  8 117544 159686456 1821324 27664016    0    0 461568 279144 257733 1241559 41 23 35  2  0  0
61  2 117544 159691936 1821328 27664028    0    0 453632 275128 255637 1247435 41 22 35  2  0  0
 1  0 117544 159686320 1821328 27664048    0    0 442528 288024 254942 1239519 41 22 35  2  0  0
27  1 117544 159680828 1821332 27664064    0    0 452944 268404 260759 1268533 42 23 34  2  0  0
procs -----------memory---------- ---swap-- -----io---- -system-- -------cpu-------
 r  b   swpd   free   buff  cache   si   so    bi    bo   in   cs us sy id wa st gu
106 15 117544 159673996 1821332 27664092    0    0 453008 288812 256301 1226778 40 22 35  2  0  0
49  8 117544 159675188 1821332 27664112    0    0 454848 280484 258214 1243495 41 22 34  2  0  0
58  8 117544 159673908 1821332 27664128    0    0 466688 287108 265287 1252800 41 22 34  3  0  0
 4  0 117544 159671852 1821332 27664148    0    0 458032 294416 256076 1232498 41 22 35  3  0  0
 4  0 117544 159670512 1821332 27664176    0    0 433072 283900 252698 1243316 41 22 35  2  0  0
38  0 117544 159667556 1821332 27664200    0    0 457856 277636 256801 1252788 42 22 34  2  0  0
29  2 117544 159667216 1821332 27664232    0    0 443696 273160 256276 1242114 41 22 34  2  0  0
57  3 117544 159675176 1821332 27664240    0    0 470544 286660 261676 1235202 40 22 35  3  0  0
36  3 117544 159677004 1821332 27664256    0    0 451408 289068 257577 1227290 40 22 35  2  0  0
104  3 117544 159671836 1821340 27664264    0    0 457632 274472 256821 1249314 41 22 34  2  0  0
48  8 117544 159671276 1821340 27664284    0    0 456576 278072 259535 1243946 41 23 34  2  0  0
 7  1 117544 159666760 1821340 27664304    0    0 443664 281824 254203 1230755 40 22 36  2  0  0
69  4 117544 159667412 1821340 27664324    0    0 438880 269592 258742 1258309 41 22 34  2  0  0
64  9 117544 159662968 1821340 27664332    0    0 447456 282892 255974 1232584 41 22 35  2  0  0
83  1 117544 159665224 1821348 27664360    0    0 492304 291620 258975 1235825 41 21 34  3  0  0
58  4 117544 159669168 1821348 27664396    0    0 470016 288620 256068 1225624 42 21 35  3  0  0
39  1 117544 159668816 1821348 27664404    0    0 449664 290820 256130 1237691 41 22 35  2  0  0
102 15 117544 159672452 1821348 27664432    0    0 461664 277056 256955 1239620 42 22 34  2  0  0
 6  2 117544 159667896 1821348 27664452    0    0 463104 284176 258151 1235606 41 22 34  2  0  0
74  7 117544 159667284 1821352 27664452    0    0 460960 283208 256381 1236244 42 21 35  2  0  0
58  2 117544 159664104 1821352 27664484    0    0 457264 277004 259333 1242756 42 22 34  2  0  0
procs -----------memory---------- ---swap-- -----io---- -system-- -------cpu-------
 r  b   swpd   free   buff  cache   si   so    bi    bo   in   cs us sy id wa st gu
37  4 117544 159668384 1821352 27664492    0    0 462608 282168 257781 1237404 41 22 35  2  0  0
39  7 117544 159668824 1821352 27664516    0    0 469408 285360 256883 1228949 41 21 35  2  0  0
39  2 117544 159677496 1821352 27664536    0    0 475872 283888 257721 1234273 42 21 34  3  0  0
61  2 117544 159677776 1821360 27664552    0    0 454384 275844 257241 1252480 42 22 34  2  0  0
77  5 117544 159681372 1821360 27664568    0    0 464512 283932 258068 1241243 41 22 34  2  0  0
 3  0 117544 159685500 1821360 27664596    0    0 464528 287200 256825 1234766 41 22 34  3  0  0
69  2 117544 159688832 1821360 27664620    0    0 450080 282472 255346 1228705 40 22 35  2  0  0
103  5 117544 159682856 1821360 27664624    0    0 458992 277716 257154 1245552 41 22 34  2  0  0
 6  2 117544 159690776 1821360 27664640    0    0 452432 284016 255639 1244652 41 22 34  2  0  0
52  2 117544 159692348 1821360 27664664    0    0 467328 282544 257324 1248583 42 22 34  3  0  0
39  6 117544 159692164 1821360 27664684    0    0 448272 287132 252179 1223153 41 21 36  2  0  0
29  0 117544 159689600 1821360 27664708    0    0 450672 273420 254888 1248143 41 22 34  2  0  0
53  4 117544 159690256 1821360 27664724    0    0 460944 281820 260130 1239627 41 22 35  2  0  0
82  2 117544 159694092 1821360 27664736    0    0 439536 283596 253987 1230268 40 22 35  2  0  0
 3  4 117544 159694484 1821360 27664760    0    0 464496 283120 258400 1241338 42 23 33  2  0  0
48  4 117544 159688992 1821360 27664792    0    0 441104 276704 254743 1236904 41 22 35  2  0  0
27  7 117544 159681004 1821360 27664808    0    0 453856 275592 259004 1240352 41 22 35  2  0  0
86  7 117544 159685012 1821360 27664816    0    0 455472 278476 255625 1236417 41 22 34  2  0  0
 5  2 117544 159690152 1821360 27664832    0    0 447520 279648 260976 1244393 41 22 35  2  0  0
49  7 117544 159692116 1821360 27664868    0    0 461552 283052 256172 1230602 41 22 35  2  0  0
58 11 117544 159693372 1821364 27664864    0    0 441952 275280 258717 1238849 41 22 35  2  0  0
procs -----------memory---------- ---swap-- -----io---- -system-- -------cpu-------
 r  b   swpd   free   buff  cache   si   so    bi    bo   in   cs us sy id wa st gu
 4  1 117544 159693192 1821364 27664900    0    0 456080 280004 257524 1236092 41 22 35  2  0  0
80 12 117544 159695080 1821364 27664908    0    0 464880 280744 254220 1235074 41 22 35  3  0  0
33  6 117544 159694580 1821368 27664936    0    0 456912 281052 257949 1246560 41 22 34  2  0  0
38  1 117544 159695452 1821368 27664948    0    0 445104 277892 256144 1249523 41 22 34  2  0  0
 3  1 117544 159692876 1821368 27664956    0    0 450704 276028 256013 1243710 41 22 34  2  0  0
42  2 117544 159689156 1821368 27664992    0    0 446496 281020 255208 1231044 41 22 35  2  0  0
 4  1 117544 159686104 1821368 27665072    0    0 455040 283072 258847 1230040 41 22 35  2  0  0
64  7 117544 159686016 1821368 27665092    0    0 461104 282432 261527 1234084 41 22 35  2  0  0
44  3 117544 159681236 1821368 27665116    0    0 453040 278620 255001 1243628 41 22 35  2  0  0
46  1 117544 159683644 1821376 27665140    0    0 456240 275228 256575 1247320 41 22 35  2  0  0
 2  3 117544 159686932 1821376 27665160    0    0 446368 281020 256306 1237999 41 22 35  2  0  0
20  0 117544 159687972 1821376 27665180    0    0 458112 280644 258445 1234445 41 22 35  2  0  0
44  2 117544 159701440 1821376 27665180    0    0 462736 282200 260164 1242828 41 21 35  2  0  0
106  7 117544 159696308 1821376 27665204    0    0 439296 276492 254149 1235438 41 23 35  2  0  0
46  8 117544 159695776 1821376 27665228    0    0 465120 283484 259789 1240635 41 22 34  2  0  0
32  5 117544 159693524 1821376 27665244    0    0 451472 276908 254991 1239560 41 22 35  2  0  0
61  4 117544 159699380 1821376 27665268    0    0 444400 279908 254772 1239539 41 22 35  2  0  0
 6  2 117544 159695820 1821376 27665292    0    0 440480 277444 255039 1247003 41 22 34  2  0  0
95 10 117544 159694232 1821376 27665300    0    0 464864 285568 258422 1234114 41 22 35  3  0  0
60 12 117544 159687828 1821376 27665308    0    0 459344 291928 253495 1214473 40 22 35  2  0  0
48 12 117544 159696432 1821376 27665336    0    0 443104 270044 257273 1248498 41 23 34  2  0  0
procs -----------memory---------- ---swap-- -----io---- -system-- -------cpu-------
 r  b   swpd   free   buff  cache   si   so    bi    bo   in   cs us sy id wa st gu
 3  1 117544 159697968 1821376 27665348    0    0 458368 283228 259658 1251548 42 22 34  2  0  0
 3  0 117544 159695936 1821376 27665364    0    0 426720 266360 254762 1246156 41 23 34  2  0  0
92  8 117544 159695116 1821376 27665388    0    0 466272 282688 260975 1246826 41 22 35  2  0  0
77  2 117544 159701152 1821376 27665412    0    0 453440 280024 257642 1238822 41 22 34  2  0  0
34  3 117544 159704880 1821380 27665424    0    0 472000 305368 267234 1255737 41 22 34  3  0  0
111 17 117544 159706044 1821380 27665448    0    0 465616 307688 254980 1213058 41 21 35  3  0  0
97  3 117544 159705336 1821380 27665464    0    0 446656 271104 257035 1259514 41 23 34  2  0  0
31 11 117544 159713108 1821380 27665484    0    0 452256 281020 261381 1244844 41 22 35  2  0  0
73 22 117544 159714132 1821380 27665504    0    0 452592 281144 254537 1241075 41 22 34  2  0  0
54 18 117544 159710148 1821384 27665520    0    0 454944 279372 260573 1249665 41 22 34  2  0  0
24  0 117544 159713888 1821384 27665544    0    0 457552 287604 256174 1225546 41 21 35  2  0  0
79  2 117544 159713472 1821384 27665568    0    0 449200 274324 257732 1251444 42 22 34  2  0  0
100  5 117544 159716676 1821384 27665592    0    0 456480 286488 259311 1234059 41 22 35  2  0  0
 4  2 117544 159714576 1821384 27665608    0    0 440560 278456 256229 1237505 41 22 35  2  0  0
93  8 117544 159712060 1821384 27665624    0    0 458528 280608 257298 1236486 41 22 35  2  0  0
63  7 117544 159714908 1821384 27665640    0    0 446384 279780 255606 1229480 41 22 35  2  0  0
64  2 117544 159714892 1821384 27665656    0    0 458576 273220 261110 1259694 42 23 33  2  0  0
87  2 117544 159715380 1821384 27665668    0    0 452448 278428 259890 1246775 42 22 34  2  0  0
61  7 117544 159716856 1821388 27665712    0    0 454576 281848 256176 1228982 41 22 35  2  0  0
58  1 117544 159715700 1821388 27665716    0    0 459056 282728 263408 1253699 42 22 34  2  0  0
59  6 117544 159710032 1821388 27665736    0    0 455824 289544 256509 1235862 41 23 34  2  0  0
procs -----------memory---------- ---swap-- -----io---- -system-- -------cpu-------
 r  b   swpd   free   buff  cache   si   so    bi    bo   in   cs us sy id wa st gu
69  6 117544 159718856 1821388 27665764    0    0 456096 275920 257184 1243190 41 22 34  2  0  0
74  0 117544 159714084 1821388 27665784    0    0 458592 284176 257465 1238760 41 22 35  2  0  0
 2  4 117544 159707264 1821392 27665808    0    0 452704 278692 256435 1238112 41 22 34  2  0  0
68  6 117544 159713468 1821392 27665820    0    0 468144 282880 261938 1241608 41 21 35  2  0  0
77  4 117544 159711892 1821392 27665840    0    0 447856 281112 254686 1235590 41 22 35  2  0  0
85  1 117544 159708188 1821392 27665856    0    0 446112 279196 254912 1243100 41 22 35  2  0  0
72  1 117544 159709048 1821392 27665876    0    0 472512 285124 257138 1232794 41 21 35  3  0  0
 5  0 117544 159710316 1821392 27665900    0    0 427744 278344 254128 1244640 40 23 34  2  0  0
19  3 117544 159709772 1821392 27665916    0    0 454048 276080 256397 1242130 41 22 34  2  0  0
 7  0 117544 159710540 1821392 27665936    0    0 445376 282336 254451 1231466 41 22 35  2  0  0
32 14 117544 159713440 1821392 27665956    0    0 462160 283616 257176 1241589 41 22 35  2  0  0
83 10 117544 159710184 1821392 27665972    0    0 464592 282924 254685 1235682 41 22 35  2  0  0
 4  0 117544 159712400 1821392 27665976    0    0 448464 279380 262870 1252190 41 22 35  2  0  0
50  2 117544 159708456 1821392 27666008    0    0 464816 278428 255678 1234180 41 22 35  2  0  0
81  6 117544 159703276 1821392 27666024    0    0 445168 273012 257272 1253643 42 22 34  2  0  0
41 11 117544 159697508 1821392 27666052    0    0 466208 306828 260660 1233582 41 22 35  3  0  0
62  9 117544 159691008 1821396 27666064    0    0 451044 297932 254622 1236847 41 22 35  2  0  0
 7  0 117544 159694300 1821396 27666092    0    0 459424 284672 261501 1248951 41 23 34  2  0  0
40  5 117544 159689240 1821396 27666120    0    0 452192 278608 255707 1233612 41 22 35  2  0  0
25  7 117544 159687400 1821396 27666128    0    0 450448 277376 259782 1244806 41 23 34  2  0  0
24  1 117544 159685820 1821396 27666140    0    0 448848 280296 259544 1232473 41 23 34  2  0  0
procs -----------memory---------- ---swap-- -----io---- -system-- -------cpu-------
 r  b   swpd   free   buff  cache   si   so    bi    bo   in   cs us sy id wa st gu
13  0 117544 159684624 1821396 27666176    0    0 438032 273996 256242 1245618 41 22 34  2  0  0
 5  0 117544 159686280 1821396 27666196    0    0 460320 280380 264083 1247679 42 21 35  2  0  0
49  2 117544 159683796 1821396 27666204    0    0 459136 285660 255936 1227340 41 22 35  2  0  0
56  4 117544 159699248 1821396 27666320    0    0 460944 279304 262995 1252202 41 23 34  2  0  0
74  6 117544 159698168 1821396 27666344    0    0 463088 285532 255066 1217919 41 22 35  2  0  0
27  2 117544 159698340 1821396 27666360    0    0 440528 273036 258009 1247868 41 23 34  2  0  0
101 11 117544 159700544 1821400 27666368    0    0 449168 282880 260383 1246649 41 22 35  2  0  0
77  3 117544 159702792 1821400 27666388    0    0 459568 281804 259369 1253673 41 23 34  2  0  0
44  8 117544 159703412 1821400 27666412    0    0 459664 280400 259968 1243615 41 22 34  2  0  0
62  6 117544 159700416 1821400 27666424    0    0 459280 282920 257000 1229960 41 22 35  2  0  0
124  6 117544 159697060 1821400 27666440    0    0 448384 277040 264485 1256389 41 23 34  2  0  0
58  1 117544 159701848 1821400 27666460    0    0 460240 286580 258508 1240191 42 22 34  2  0  0
67  9 117544 159703824 1821400 27666484    0    0 435104 282000 253536 1242191 40 22 35  2  0  0
95  3 117544 159699380 1821400 27666492    0    0 453728 270244 262819 1261541 42 22 34  2  0  0
45  7 117544 159705440 1821400 27666516    0    0 456864 289508 256980 1234358 41 22 35  2  0  0
45  3 117544 159695660 1821400 27666544    0    0 458608 270872 259048 1260756 42 23 33  2  0  0
 4  0 117544 159697388 1821404 27666560    0    0 452800 287592 258389 1228143 41 22 35  2  0  0
52  6 117544 159698856 1821404 27666576    0    0 433440 270628 253068 1233703 41 22 35  2  0  0
 4  0 117544 159700592 1821404 27666604    0    0 452064 270784 265972 1258203 42 22 34  2  0  0
81  0 117544 159699228 1821404 27666624    0    0 458768 284332 261093 1241682 41 22 35  2  0  0
53 12 117544 159697724 1821404 27666640    0    0 457872 282476 260609 1245979 42 22 34  2  0  0
procs -----------memory---------- ---swap-- -----io---- -system-- -------cpu-------
 r  b   swpd   free   buff  cache   si   so    bi    bo   in   cs us sy id wa st gu
56 10 117544 159694568 1821404 27666652    0    0 470336 287408 264274 1239354 41 21 35  2  0  0
 4  0 117544 159698640 1821404 27666676    0    0 437776 281364 254449 1234614 41 22 35  2  0  0
50 15 117544 159704960 1821404 27666692    0    0 457040 278992 255545 1239125 41 22 35  2  0  0
51  3 117544 159702272 1821404 27666712    0    0 464848 282124 260133 1235585 41 22 34  2  0  0
20  1 117544 159700556 1821404 27666728    0    0 442992 297772 255081 1225845 41 21 35  2  0  0
 8  0 117544 159694560 1821408 27666756    0    0 465616 294376 265085 1251399 42 22 34  2  0  0
41  4 117544 159700952 1821408 27666772    0    0 455760 281040 256962 1235890 41 22 35  2  0  0
39  9 117544 159694300 1821408 27666792    0    0 447616 277988 260208 1253171 41 22 35  2  0  0
124  3 117544 159698568 1821408 27666808    0    0 463344 286396 264990 1239767 41 22 35  2  0  0
52  7 117544 159700332 1821408 27666824    0    0 441936 286220 256295 1236889 41 22 35  2  0  0
53  6 117544 159702864 1821412 27666856    0    0 470864 271988 256814 1247531 41 23 33  2  0  0
76  6 117544 159705504 1821412 27666868    0    0 468672 292164 256177 1227393 41 22 35  2  0  0
29  8 117544 159706656 1821412 27666876    0    0 460464 284452 256156 1234458 41 22 35  3  0  0
74  5 117544 159704776 1821412 27666904    0    0 466448 285556 258727 1238144 41 22 35  2  0  0
47  4 117544 159711768 1821412 27666924    0    0 450560 289124 254681 1220896 40 22 35  2  0  0
33  6 117544 159711408 1821424 27666940    0    0 458976 275108 258358 1261895 41 22 34  2  0  0
111  4 117544 159717424 1821424 27666964    0    0 452928 282004 256752 1240110 41 22 35  2  0  0
97  3 117544 159710640 1821424 27666992    0    0 448768 283872 259365 1244814 41 22 35  2  0  0
32  5 117544 159709048 1821424 27667012    0    0 453568 278524 254907 1237099 41 21 35  2  0  0
65  1 117544 159705544 1821424 27667024    0    0 477792 286980 256624 1238335 41 22 35  2  0  0
37  0 117544 159708052 1821432 27667044    0    0 458416 288588 255743 1222611 41 21 36  2  0  0
procs -----------memory---------- ---swap-- -----io---- -system-- -------cpu-------
 r  b   swpd   free   buff  cache   si   so    bi    bo   in   cs us sy id wa st gu
35  1 117544 159706564 1821432 27667068    0    0 444912 274644 254216 1245403 41 22 34  2  0  0
29  0 117544 159713040 1821432 27667084    0    0 469328 282760 258990 1250388 42 22 34  3  0  0
31  0 117544 159706964 1821432 27667104    0    0 449248 285060 255020 1233723 41 22 35  2  0  0
58  6 117544 159701412 1821432 27667128    0    0 452560 278500 258490 1233143 41 22 35  2  0  0
12  0 117544 159702004 1821432 27667144    0    0 456592 280516 259329 1239166 41 22 35  2  0  0
106 12 117544 159706320 1821436 27667164    0    0 441072 271208 256665 1256220 41 24 34  2  0  0
37  7 117544 159710196 1821436 27667184    0    0 453584 283776 255489 1228869 41 22 35  2  0  0
53  2 117544 159707200 1821436 27667192    0    0 446320 275052 253916 1237309 41 22 35  2  0  0
77 17 117544 159710108 1821436 27667220    0    0 437424 275860 254863 1231628 41 22 35  2  0  0
69  6 117544 159706808 1821444 27667224    0    0 464464 279780 260147 1253131 41 23 34  2  0  0
26 18 117544 159701164 1821448 27667248    0    0 457824 285348 256147 1225994 40 22 35  2  0  0
47  8 117544 159692804 1821448 27667264    0    0 460320 279516 258066 1238893 41 22 34  2  0  0
102  3 117544 159699064 1821448 27667284    0    0 451872 283760 256073 1231436 40 22 35  2  0  0
48  3 117544 159699988 1821448 27667320    0    0 456576 279568 259664 1240103 42 22 34  2  0  0
 4  1 117544 159706764 1821448 27667340    0    0 452304 280408 257363 1242868 42 22 34  2  0  0
70  5 117544 159707688 1821452 27667352    0    0 452384 295720 253925 1240081 41 22 35  2  0  0
43  3 117544 159702336 1821460 27667380    0    0 450496 298688 258031 1237449 41 21 35  3  0  0
70  2 117544 159698032 1821460 27667396    0    0 451216 278392 255831 1238811 41 22 35  2  0  0
71  3 117544 159694860 1821460 27667412    0    0 458096 279236 255894 1234190 41 22 34  2  0  0
86  7 117544 159698020 1821460 27667436    0    0 450720 282276 255543 1233144 41 22 34  2  0  0
45  4 117544 159697144 1821464 27667448    0    0 443264 277368 260918 1243410 41 22 35  2  0  0
procs -----------memory---------- ---swap-- -----io---- -system-- -------cpu-------
 r  b   swpd   free   buff  cache   si   so    bi    bo   in   cs us sy id wa st gu
80  3 117544 159694248 1821464 27667536    0    0 454144 283380 255537 1226724 41 21 35  2  0  0
67  1 117544 159697944 1821464 27667552    0    0 468512 280576 265500 1238382 41 22 34  2  0  0
27  4 117544 159700920 1821464 27667576    0    0 476336 287776 256637 1230076 41 22 35  3  0  0
