procs -----------memory---------- ---swap-- -----io---- -system-- -------cpu-------
 r  b   swpd   free   buff  cache   si   so    bi    bo   in   cs us sy id wa st gu
 4  0 117544 160873836 1819424 27612460    0    2 38883 34566 12474    6  4  1 95  1  0  0
22  0 117544 160830028 1819424 27612544    0    0     0     0 80999 12071 37  0 63  0  0  0
14 20 117544 160755644 1819424 27612556    0    0 592832 201784 156869 323698 20  4 67  9  0  0
21 17 117544 160762808 1819424 27612576    0    0 874784 317516 191890 562730 20  5 62 13  0  0
 4  0 117544 160756424 1819424 27612592    0    0 758256 449860 193431 502196 16  4 67 12  0  0
26  7 117544 160748220 1819424 27612608    0    0 805712 407068 196013 526119 17  5 66 12  0  0
 4  1 117544 160743180 1819424 27612632    0    0 789008 399424 194938 519702 17  5 66 12  0  0
25 11 117544 160739544 1819424 27612652    0    0 791568 392880 194847 517297 17  4 66 12  0  0
24 11 117544 160746112 1819424 27612672    0    0 800928 392732 193579 517059 17  4 66 13  0  0
17 17 117544 160747188 1819424 27612688    0    0 797392 399080 195178 524693 17  4 66 13  0  0
19 17 117544 160740932 1819424 27612704    0    0 796352 405676 195274 518772 17  4 66 12  0  0
14 20 117544 160752328 1819428 27612732    0    0 780592 420648 193046 507593 17  5 67 12  0  0
28  6 117544 160755948 1819432 27612744    0    0 748768 441280 189851 493058 16  4 68 12  0  0
25 12 117544 160761956 1819432 27612764    0    0 726320 436360 187956 481531 16  4 69 11  0  0
 7  0 117544 160763052 1819432 27612776    0    0 731552 444532 188623 488244 16  4 68 11  0  0
 4  0 117544 160772752 1819432 27612796    0    0 735216 440220 188732 479562 16  4 69 11  0  0
22 15 117544 160775912 1819432 27612820    0    0 734272 440344 188045 479495 16  4 69 11  0  0
 3  0 117544 160780248 1819432 27612836    0    0 730304 437596 188087 485156 16  4 69 11  0  0
20 14 117544 160783464 1819432 27612852    0    0 732512 439548 189036 487692 16  4 68 11  0  0
26  7 117544 160782812 1819432 27612864    0    0 745776 428440 189482 491363 16  4 68 12  0  0
 3  2 117544 160783860 1819432 27612884    0    0 727552 442832 187277 480104 16  4 69 11  0  0
procs -----------memory---------- ---swap-- -----io---- -system-- -------cpu-------
 r  b   swpd   free   buff  cache   si   so    bi    bo   in   cs us sy id wa st gu
22 11 117544 160780376 1819432 27612908    0    0 740656 438484 189207 488827 16  4 68 12  0  0
28  8 117544 160772632 1819436 27612920    0    0 736384 436536 189074 483918 16  4 69 11  0  0
 4  0 117544 160772080 1819436 27612940    0    0 728928 434192 188208 484533 16  4 69 11  0  0
22 10 117544 160775060 1819436 27612956    0    0 726816 428272 186943 477615 16  4 69 11  0  0
23 11 117544 160765640 1819436 27612980    0    0 722512 433356 187101 475432 16  4 69 11  0  0
 4  0 117544 160766632 1819436 27613000    0    0 730272 433716 189869 485225 16  4 68 11  0  0
26 12 117544 160764564 1819436 27613016    0    0 733392 434620 190007 478847 16  4 68 11  0  0
19 16 117544 160759284 1819436 27613032    0    0 723056 430956 187683 479541 16  4 69 11  0  0
31  8 117544 160761528 1819436 27613120    0    0 737696 437756 189550 492066 16  4 68 12  0  0
23 12 117544 160762792 1819436 27613140    0    0 723792 436404 186986 474447 16  4 69 12  0  0
23 13 117544 160761424 1819436 27613156    0    0 736064 433244 188463 486073 16  4 68 12  0  0
19 14 117544 160759708 1819440 27613172    0    0 727808 431384 189173 482804 16  4 68 12  0  0
29  7 117544 160756596 1819440 27613196    0    0 742736 440864 190992 493340 16  4 68 12  0  0
12 20 117544 160756612 1819440 27613216    0    0 729280 449188 189400 485511 16  4 68 12  0  0
29  5 117544 160761860 1819440 27613236    0    0 757072 438688 191866 498216 16  4 67 12  0  0
19 15 117544 160755716 1819440 27613252    0    0 751920 449736 190957 492748 16  4 68 12  0  0
 3  0 117544 160753740 1819444 27613264    0    0 741056 439900 190278 493163 16  4 68 12  0  0
21 14 117544 160758668 1819444 27613288    0    0 738656 439408 188501 490488 16  4 68 12  0  0
23 13 117544 160750132 1819444 27613308    0    0 743904 437004 190044 487258 16  4 68 12  0  0
14 20 117544 160751052 1819444 27613328    0    0 742976 444936 189911 487153 16  4 68 12  0  0
 4  0 117544 160751700 1819444 27613348    0    0 740720 438936 190372 486944 16  4 68 12  0  0
procs -----------memory---------- ---swap-- -----io---- -system-- -------cpu-------
 r  b   swpd   free   buff  cache   si   so    bi    bo   in   cs us sy id wa st gu
22 15 117544 160746548 1819444 27613372    0    0 739216 433368 190102 484233 16  4 68 12  0  0
28 12 117544 160744088 1819444 27613388    0    0 738256 435516 188703 487575 16  4 68 12  0  0
 4  0 117544 160743572 1819444 27613404    0    0 735632 436696 189919 488589 16  4 68 12  0  0
12 22 117544 160739872 1819444 27613424    0    0 746352 443080 189849 491218 16  4 68 12  0  0
31  5 117544 160741528 1819444 27613440    0    0 738048 438228 189119 483022 16  4 68 12  0  0
 4  0 117544 160739484 1819444 27613468    0    0 731456 439188 189360 485665 16  4 68 12  0  0
24 14 117544 160730832 1819444 27613480    0    0 745408 444868 191244 495010 16  4 68 12  0  0
19 15 117544 160733696 1819444 27613500    0    0 734640 438168 189607 484282 16  4 68 12  0  0
11  0 117544 160736436 1819444 27613516    0    0 745552 442744 191492 495899 16  4 68 12  0  0
27  9 117544 160735460 1819444 27613536    0    0 740880 442928 189967 484334 16  4 68 12  0  0
12 23 117544 160729332 1819444 27613556    0    0 733872 436088 189630 488160 16  4 68 12  0  0
35  1 117544 160731984 1819444 27613572    0    0 756848 439628 192465 498141 17  4 67 12  0  0
24 13 117544 160733248 1819444 27613588    0    0 740896 443432 190772 489546 16  4 68 12  0  0
20 16 117544 160736944 1819444 27613612    0    0 750240 444388 191714 495068 16  4 67 12  0  0
20 15 117544 160734496 1819444 27613628    0    0 734272 439552 188860 480585 16  4 68 12  0  0
26 12 117544 160733012 1819444 27613648    0    0 732320 431540 189263 485783 16  4 68 12  0  0
27  9 117544 160734728 1819448 27613664    0    0 746816 436336 191259 487895 16  4 68 12  0  0
21 14 117544 160735248 1819448 27613684    0    0 743808 441176 190982 490449 16  4 68 12  0  0
24  9 117544 160734360 1819448 27613704    0    0 742768 438348 191123 490311 16  4 68 12  0  0
21 13 117544 160732472 1819448 27613720    0    0 737712 442116 190985 490643 16  4 68 12  0  0
 4  0 117544 160729400 1819448 27613740    0    0 742368 450152 191883 487968 16  4 68 12  0  0
procs -----------memory---------- ---swap-- -----io---- -system-- -------cpu-------
 r  b   swpd   free   buff  cache   si   so    bi    bo   in   cs us sy id wa st gu
21 16 117544 160740076 1819452 27613752    0    0 755648 451644 191814 493366 16  4 68 12  0  0
21 15 117544 160738468 1819452 27613780    0    0 734992 448316 189175 485338 16  4 68 12  0  0
19 16 117544 160737404 1819452 27613796    0    0 760512 446860 191947 498183 16  4 67 12  0  0
14 20 117544 160739368 1819452 27613812    0    0 738352 447000 190665 491218 16  4 68 12  0  0
 5  3 117544 160735864 1819452 27613836    0    0 741968 441004 190509 493551 16  4 68 12  0  0
 4  1 117544 160734164 1819460 27613848    0    0 753472 440888 191300 490832 16  4 68 12  0  0
22 15 117544 160730644 1819460 27613876    0    0 765104 444968 193485 500339 16  4 67 12  0  0
18 18 117544 160729732 1819460 27613892    0    0 766768 453468 193708 504886 17  4 67 12  0  0
19 20 117544 160732388 1819460 27613904    0    0 750464 441920 190626 494458 16  4 68 12  0  0
19 19 117544 160734644 1819460 27613924    0    0 759120 454812 193631 499069 16  4 67 12  0  0
10 26 117544 160740768 1819460 27613952    0    0 753056 446588 191813 498164 16  4 68 12  0  0
14 21 117544 160740944 1819460 27613968    0    0 750192 447912 191308 492137 16  4 68 12  0  0
12 23 117544 160744688 1819460 27613984    0    0 761216 446296 191870 500205 16  4 67 12  0  0
 6  5 117544 160744976 1819460 27614000    0    0 754848 447984 190765 488454 16  4 68 12  0  0
15 16 117544 160741516 1819460 27614020    0    0 747792 445280 190775 490947 16  4 68 12  0  0
21 17 117544 160745728 1819460 27614044    0    0 749616 439088 190529 494992 16  4 68 12  0  0
11 24 117544 160750188 1819460 27614064    0    0 745264 437404 191269 491817 16  4 68 12  0  0
22 14 117544 160749964 1819460 27614080    0    0 744864 446036 190394 488992 16  4 67 12  0  0
16 21 117544 160749004 1819460 27614096    0    0 751984 449612 192360 496531 16  4 67 12  0  0
14 22 117544 160745236 1819460 27614120    0    0 743088 445820 190483 486861 16  4 68 12  0  0
 9 26 117544 160740924 1819460 27614136    0    0 744112 438744 189819 486751 16  4 68 12  0  0
procs -----------memory---------- ---swap-- -----io---- -system-- -------cpu-------
 r  b   swpd   free   buff  cache   si   so    bi    bo   in   cs us sy id wa st gu
18 17 117544 160745432 1819460 27614152    0    0 741296 439948 190785 496700 16  4 68 12  0  0
21 17 117544 160746928 1819460 27614168    0    0 743824 448624 190794 493142 16  4 68 12  0  0
18 22 117544 160746032 1819460 27614188    0    0 746320 434924 190304 495639 16  4 68 12  0  0
27 14 117544 160738892 1819460 27614208    0    0 740480 437080 190781 495980 16  4 68 12  0  0
21 14 117544 160739800 1819464 27614220    0    0 742160 433000 188171 488464 16  4 68 12  0  0
41 10 117544 160740876 1819464 27614304    0    0 740704 433708 189997 492206 16  4 68 12  0  0
15 21 117544 160738236 1819464 27614320    0    0 738336 438260 190200 485523 16  4 68 11  0  0
17 20 117544 160742416 1819464 27614348    0    0 734160 433084 188352 484159 16  4 68 11  0  0
17 19 117544 160745552 1819464 27614360    0    0 744960 443448 189424 489583 16  4 68 12  0  0
17 18 117544 160748640 1819464 27614380    0    0 751440 443524 191527 493015 16  4 68 12  0  0
15 22 117544 160755996 1819464 27614396    0    0 753472 440488 191261 496347 16  4 67 12  0  0
13 23 117544 160746548 1819464 27614416    0    0 748672 436836 190636 489971 16  4 68 12  0  0
16 21 117544 160743060 1819464 27614432    0    0 754720 449572 190977 493991 16  4 68 12  0  0
 8 29 117544 160738536 1819464 27614460    0    0 744848 441360 190569 491467 16  4 68 12  0  0
28 14 117544 160735676 1819472 27614472    0    0 743808 432240 190423 497328 16  4 68 12  0  0
18 18 117544 160731500 1819472 27614508    0    0 754832 443664 192350 499193 16  4 67 12  0  0
16 21 117544 160739444 1819472 27614516    0    0 747280 448876 191509 496313 16  4 68 12  0  0
 6 28 117544 160746060 1819472 27614536    0    0 742128 440220 189734 491254 16  4 68 12  0  0
26 10 117544 160750256 1819472 27614560    0    0 759728 442548 190493 498062 16  4 68 12  0  0
12 25 117544 160749116 1819476 27614568    0    0 748752 443940 189804 491305 16  4 67 12  0  0
26  8 117544 160753000 1819476 27614592    0    0 757504 443812 191163 501155 16  4 67 12  0  0
procs -----------memory---------- ---swap-- -----io---- -system-- -------cpu-------
 r  b   swpd   free   buff  cache   si   so    bi    bo   in   cs us sy id wa st gu
20 17 117544 160759184 1819476 27614608    0    0 750784 453200 191962 492333 16  4 67 12  0  0
17 19 117544 160758412 1819476 27614620    0    0 758272 444324 191833 506545 17  4 67 12  0  0
22 12 117544 160765024 1819476 27614644    0    0 755456 452080 190843 494050 16  4 68 12  0  0
21 13 117544 160767352 1819480 27614664    0    0 758960 449308 191529 492130 16  4 67 12  0  0
20 19 117544 160764116 1819480 27614684    0    0 750576 439540 190851 492357 16  4 68 12  0  0
28  8 117544 160764916 1819480 27614712    0    0 766720 448260 192206 499840 16  4 67 12  0  0
22 15 117544 160762740 1819480 27614724    0    0 758944 453908 192469 497247 16  4 67 12  0  0
42  7 117544 160757036 1819480 27614752    0    0 756336 448280 191073 492110 16  4 68 12  0  0
20 19 117544 160755328 1819480 27614768    0    0 744016 449916 190108 488418 16  4 68 12  0  0
22 16 117544 160747764 1819480 27614780    0    0 750688 443796 191157 497502 16  4 67 12  0  0
29  7 117544 160750896 1819480 27614804    0    0 752960 458364 190901 495834 16  4 67 12  0  0
23 13 117544 160747296 1819480 27614812    0    0 749440 448636 191375 492313 16  4 68 12  0  0
14 21 117544 160753684 1819480 27614832    0    0 738752 451676 189935 489951 16  4 68 12  0  0
11 23 117544 160754908 1819480 27614860    0    0 740928 440488 189617 491008 16  4 68 12  0  0
19 17 117544 160751764 1819480 27614872    0    0 750016 445484 190959 494447 16  4 68 12  0  0
20 17 117544 160756444 1819480 27614896    0    0 752240 439620 190584 497663 16  4 67 12  0  0
16 19 117544 160755816 1819480 27614920    0    0 759072 449376 192314 501790 16  4 67 12  0  0
35 13 117544 160754484 1819480 27614928    0    0 753408 448920 191612 496369 16  4 67 12  0  0
 3  1 117544 160757960 1819480 27614940    0    0 754288 447804 190874 499510 16  4 67 12  0  0
13 23 117544 160760216 1819480 27614968    0    0 753152 448236 191152 496393 16  4 67 12  0  0
24 13 117544 160762724 1819480 27614980    0    0 752480 448512 190721 494368 16  4 68 12  0  0
procs -----------memory---------- ---swap-- -----io---- -system-- -------cpu-------
 r  b   swpd   free   buff  cache   si   so    bi    bo   in   cs us sy id wa st gu
19 17 117544 160758868 1819480 27615008    0    0 751248 437204 189515 492029 16  4 67 12  0  0
 5  0 117544 160756024 1819480 27615016    0    0 757088 449828 192162 499507 17  4 67 12  0  0
24 14 117544 160758760 1819480 27615040    0    0 764320 449976 191922 497919 16  4 67 12  0  0
18 19 117544 160760504 1819480 27615068    0    0 754768 456900 191831 493320 16  4 67 12  0  0
30 17 117544 160757604 1819480 27615084    0    0 763744 445384 191357 501109 16  4 67 12  0  0
 7  3 117544 160754320 1819480 27615100    0    0 761056 455976 192463 500785 16  4 67 12  0  0
24 14 117544 160763452 1819480 27615128    0    0 759296 452532 192037 501003 16  4 67 12  0  0
 3  0 117544 160764500 1819480 27615136    0    0 761104 451088 192226 499946 16  4 67 12  0  0
21 15 117544 160765732 1819484 27615164    0    0 749360 451384 191655 497682 16  4 68 12  0  0
27 15 117544 160763028 1819484 27615184    0    0 755808 445744 192009 501745 16  4 67 12  0  0
 2  2 117544 160760356 1819484 27615192    0    0 757376 445048 191872 499939 17  4 67 12  0  0
 2  1 117544 160755728 1819484 27615216    0    0 750128 453052 191561 495000 16  4 68 12  0  0
17 19 117544 160756032 1819484 27615228    0    0 749456 453404 190728 494240 16  4 68 12  0  0
 4  0 117544 160755480 1819484 27615256    0    0 758256 451600 192335 500903 17  4 67 12  0  0
19 18 117544 160761712 1819484 27615276    0    0 754080 451128 191711 498189 16  4 67 12  0  0
23 17 117544 160759644 1819484 27615284    0    0 764960 452300 191909 504087 16  4 67 12  0  0
19 22 117544 160758280 1819484 27615300    0    0 767824 456848 193700 506331 16  5 67 12  0  0
22 16 117544 160755344 1819484 27615320    0    0 772128 454472 193261 510526 17  4 67 12  0  0
23  4 117544 160760792 1819488 27615340    0    0 766544 452144 191711 501217 16  4 67 12  0  0
17 21 117544 160760844 1819488 27615360    0    0 763824 455796 191785 498954 16  4 67 12  0  0
24 16 117544 160758536 1819492 27615376    0    0 758160 451440 191466 494589 16  4 68 12  0  0
procs -----------memory---------- ---swap-- -----io---- -system-- -------cpu-------
 r  b   swpd   free   buff  cache   si   so    bi    bo   in   cs us sy id wa st gu
 2  1 117544 160763284 1819492 27615396    0    0 757552 448076 192824 496849 17  4 67 12  0  0
34 16 117544 160761272 1819492 27615416    0    0 760128 453996 191105 498274 16  4 67 12  0  0
 3  4 117544 160765508 1819492 27615500    0    0 754720 449552 190524 493376 16  4 67 12  0  0
19 16 117544 160766856 1819492 27615532    0    0 749680 444904 190579 495613 16  4 67 12  0  0
23 12 117544 160761504 1819492 27615540    0    0 760544 449868 191199 496710 16  4 67 12  0  0
20 18 117544 160760688 1819492 27615556    0    0 746224 455180 190269 488673 16  4 67 12  0  0
19 18 117544 160756152 1819492 27615572    0    0 747616 447472 190755 494723 16  4 67 12  0  0
15 22 117544 160760280 1819492 27615592    0    0 756848 454616 190727 499624 16  4 68 12  0  0
10  9 117544 160761448 1819492 27615612    0    0 763808 445504 192582 501675 16  4 67 12  0  0
15 12 117544 160759120 1819492 27615632    0    0 755136 445468 191243 501672 16  4 67 12  0  0
17 20 117544 160756312 1819492 27615648    0    0 757424 458252 191935 502417 16  4 67 12  0  0
17 19 117544 160758492 1819492 27615668    0    0 756608 455492 192568 502586 16  4 67 12  0  0
 3  1 117544 160757516 1819492 27615684    0    0 760816 446680 192266 499698 16  4 67 12  0  0
 8  6 117544 160753128 1819492 27615704    0    0 759184 449408 192642 497828 16  4 67 12  0  0
 3  0 117544 160759236 1819492 27615728    0    0 751136 452584 190916 494996 16  4 68 12  0  0
23 13 117544 160756196 1819492 27615744    0    0 754768 441632 191114 495571 17  4 67 12  0  0
21 16 117544 160759908 1819500 27615752    0    0 767920 459244 192978 499316 16  4 67 12  0  0
 5  0 117544 160756876 1819500 27615792    0    0 757344 451968 192737 499061 16  4 67 12  0  0
28 11 117544 160756696 1819500 27615820    0    0 760304 453312 190439 492139 16  4 67 12  0  0
26  9 117544 160757996 1819500 27615836    0    0 764608 449140 192487 507348 17  4 67 12  0  0
 5  0 117544 160756120 1819500 27615852    0    0 745360 455040 190435 494122 16  4 68 12  0  0
procs -----------memory---------- ---swap-- -----io---- -system-- -------cpu-------
 r  b   swpd   free   buff  cache   si   so    bi    bo   in   cs us sy id wa st gu
 3  2 117544 160756152 1819508 27615864    0    0 776912 452612 194633 511948 17  4 66 12  0  0
 5  0 117544 160755860 1819508 27615876    0    0 759088 455136 192160 496622 17  4 67 12  0  0
 5  0 117544 160755912 1819508 27615908    0    0 762960 448280 191557 505840 16  5 67 12  0  0
 5  0 117544 160758608 1819508 27615924    0    0 763952 453008 193039 504525 16  4 67 12  0  0
 5  0 117544 160763796 1819508 27615944    0    0 753824 450176 191649 497517 16  4 67 12  0  0
 4  2 117544 160764328 1819508 27615964    0    0 755920 451612 191641 496993 16  4 67 12  0  0
 4  0 117544 160759572 1819512 27615976    0    0 753568 452952 192296 503888 16  4 67 12  0  0
 7  0 117544 160759928 1819512 27615992    0    0 768544 452748 193697 504853 16  4 67 12  0  0
13 22 117544 160768696 1819512 27616008    0    0 747280 447392 190051 502579 16  4 67 12  0  0
 4  0 117544 160763824 1819512 27616024    0    0 760448 445312 191684 495419 16  4 67 12  0  0
19 15 117544 160760588 1819512 27616048    0    0 758688 455496 191371 502884 16  4 67 12  0  0
 5  0 117544 160759768 1819512 27616064    0    0 763328 454520 192089 504579 17  4 67 12  0  0
28  3 117544 160762472 1819512 27616084    0    0 764880 452580 192295 499411 16  4 67 12  0  0
 2  2 117544 160759392 1819512 27616100    0    0 751120 450164 190531 491549 16  4 68 12  0  0
 3  0 117544 160757784 1819512 27616116    0    0 768320 449936 191540 502377 17  4 67 13  0  0
 0  1 117544 160757260 1819512 27616148    0    0 740592 451556 190106 486887 16  4 68 12  0  0
28  6 117544 160756948 1819512 27616164    0    0 775392 446268 191953 503608 16  4 67 13  0  0
23 14 117544 160754712 1819516 27616180    0    0 766784 446400 191058 497109 16  4 67 12  0  0
 5  0 117544 160748176 1819516 27616188    0    0 753504 449764 191241 498631 16  4 67 12  0  0
 5  1 117544 160743108 1819516 27616212    0    0 768720 452520 192752 506030 16  4 67 12  0  0
17 20 117544 160742088 1819516 27616228    0    0 775168 453888 192670 501391 17  4 67 12  0  0
procs -----------memory---------- ---swap-- -----io---- -system-- -------cpu-------
 r  b   swpd   free   buff  cache   si   so    bi    bo   in   cs us sy id wa st gu
25 13 117544 160740100 1819520 27616240    0    0 762720 451972 192029 493067 16  4 68 12  0  0
23 15 117544 160743160 1819520 27616260    0    0 758032 455832 189806 494945 16  4 68 12  0  0
30  6 117544 160748228 1819520 27616280    0    0 756272 445188 190627 497879 16  4 67 12  0  0
25 12 117544 160746832 1819520 27616300    0    0 764176 455432 191006 493060 16  4 67 12  0  0
30  6 117544 160752944 1819520 27616316    0    0 755792 453600 191297 494428 16  4 67 12  0  0
28  7 117544 160749804 1819520 27616336    0    0 754704 455748 191593 496347 16  4 67 12  0  0
 8  1 117544 160750884 1819524 27616356    0    0 765952 458500 193025 503489 16  4 67 12  0  0
18 17 117544 160745052 1819524 27616384    0    0 747248 450020 190639 492171 16  4 67 12  0  0
31  4 117544 160744980 1819524 27616408    0    0 756224 440920 190881 495221 16  4 68 12  0  0
 5 28 117544 160745900 1819524 27616424    0    0 752768 452016 191826 495717 16  4 68 12  0  0
18 17 117544 160741788 1819524 27616440    0    0 754144 448268 191266 496937 16  4 68 12  0  0
24  5 117544 160738980 1819528 27616460    0    0 759424 450180 191479 501161 16  4 67 12  0  0
22  8 117544 160739776 1819528 27616484    0    0 754800 448624 191015 499485 16  4 67 12  0  0
20 16 117544 160741700 1819528 27616500    0    0 754544 450424 191610 499086 16  4 67 12  0  0
24 13 117544 160750116 1819528 27616520    0    0 751952 443392 189151 491415 16  4 67 12  0  0
 6  0 117544 160742984 1819528 27616532    0    0 746064 448640 191406 495492 16  4 67 12  0  0
30  8 117544 160746084 1819528 27616552    0    0 763312 451576 192731 500572 16  4 67 12  0  0
23 11 117544 160745100 1819528 27616572    0    0 757904 452156 191055 497621 16  4 67 12  0  0
 4  0 117544 160745968 1819528 27616592    0    0 740880 448612 190090 496220 17  4 67 12  0  0
18 16 117544 160750668 1819528 27616608    0    0 769424 454048 192363 501546 17  4 67 12  0  0
 3  0 117544 160751056 1819528 27616692    0    0 757232 444164 190899 497961 16  4 67 12  0  0
procs -----------memory---------- ---swap-- -----io---- -system-- -------cpu-------
 r  b   swpd   free   buff  cache   si   so    bi    bo   in   cs us sy id wa st gu
24 12 117544 160749992 1819528 27616712    0    0 757648 455300 191136 492254 16  4 68 12  0  0
23 13 117544 160746452 1819528 27616732    0    0 765344 446604 191775 502614 17  4 67 12  0  0
15  0 117544 160747760 1819528 27616748    0    0 768224 455116 192506 502287 16  4 67 12  0  0
 9  1 117544 160742548 1819528 27616764    0    0 762960 445276 191782 501228 16  4 67 12  0  0
 3  0 117544 160739588 1819528 27616784    0    0 753312 452680 191973 496069 16  4 67 12  0  0
22 19 117544 160738576 1819532 27616796    0    0 758128 450732 191033 489957 16  4 68 12  0  0
28  6 117544 160740764 1819532 27616820    0    0 774160 460688 193672 508412 16  4 67 12  0  0
 4  0 117544 160739872 1819532 27616840    0    0 767872 458776 192904 498290 16  4 67 12  0  0
21 13 117544 160739552 1819532 27616864    0    0 772688 453764 192255 500466 17  4 67 12  0  0
 4  1 117544 160737848 1819532 27616880    0    0 765792 457520 192368 504451 16  4 67 12  0  0
18 16 117544 160736868 1819532 27616900    0    0 768880 458012 192490 497448 16  4 68 12  0  0
25 10 117544 160741648 1819532 27616912    0    0 766224 450404 191910 506037 17  4 67 12  0  0
19  0 117544 160743324 1819532 27616936    0    0 766208 460612 192675 500766 16  4 67 12  0  0
 0  1 117544 160742052 1819532 27616952    0    0 753200 455276 191225 490972 16  4 68 12  0  0
27 11 117544 160739712 1819532 27616968    0    0 770048 449040 192794 499893 16  4 67 12  0  0
 3  0 117544 160751048 1819536 27616984    0    0 767248 456600 193242 504414 17  4 67 12  0  0
17 18 117544 160744028 1819536 27617008    0    0 773632 463504 193281 503491 16  4 67 12  0  0
 4  0 117544 160747316 1819536 27617028    0    0 770688 456324 192816 504480 17  4 67 12  0  0
 4  0 117544 160744364 1819540 27617040    0    0 766016 453772 192317 503147 16  4 68 12  0  0
26  8 117544 160751244 1819540 27617060    0    0 769344 454824 191966 503988 16  4 67 12  0  0
 3  1 117544 160748304 1819544 27617080    0    0 771856 458524 193255 507855 17  4 67 12  0  0
procs -----------memory---------- ---swap-- -----io---- -system-- -------cpu-------
 r  b   swpd   free   buff  cache   si   so    bi    bo   in   cs us sy id wa st gu
25 11 117544 160748472 1819544 27617108    0    0 776400 457724 192888 505876 16  4 67 12  0  0
 4  0 117544 160746076 1819544 27617124    0    0 769872 459912 193313 508633 17  4 67 12  0  0
29  9 117544 160741132 1819548 27617136    0    0 770192 458840 192890 503151 17  4 67 12  0  0
29 13 117544 160743080 1819548 27617160    0    0 765344 458332 191580 499752 16  4 67 12  0  0
 3  0 117544 160741228 1819560 27617164    0    0 766992 460732 193390 503850 17  4 67 12  0  0
27  9 117544 160749588 1819560 27617212    0    0 764416 449572 192833 505038 17  4 67 12  0  0
20 16 117544 160750452 1819560 27617228    0    0 755072 459664 191541 495322 16  4 68 12  0  0
28  6 117544 160749868 1819564 27617236    0    0 775728 454612 194619 512796 17  5 67 12  0  0
23 13 117544 160753900 1819564 27617260    0    0 749776 459904 191956 497026 16  4 68 12  0  0
27  9 117544 160743436 1819568 27617288    0    0 770848 453316 192815 500411 16  4 67 12  0  0
31  7 117544 160743196 1819572 27617308    0    0 761120 453592 193397 511017 17  4 67 12  0  0
 5  0 117544 160743520 1819572 27617324    0    0 763664 457100 192208 500287 17  4 67 12  0  0
23  6 117544 160743188 1819572 27617340    0    0 759840 446380 192373 505381 17  4 67 12  0  0
18 17 117544 160744076 1819572 27617364    0    0 760112 454288 191316 501334 16  4 68 12  0  0
 4  0 117544 160745144 1819572 27617380    0    0 767824 458124 192722 500183 17  4 67 12  0  0
10  0 117544 160742344 1819572 27617400    0    0 766400 457852 192605 502728 16  4 67 12  0  0
 4  0 117544 160747460 1819572 27617416    0    0 766832 450584 192174 497972 16  4 67 12  0  0
27  9 117544 160744860 1819572 27617432    0    0 764608 452940 191670 497388 16  4 68 12  0  0
20 13 117544 160754056 1819572 27617452    0    0 756736 460428 191409 500529 16  4 68 12  0  0
23 10 117544 160750804 1819572 27617472    0    0 764336 455000 192123 499453 16  4 67 12  0  0
27  9 117544 160749680 1819576 27617488    0    0 756384 455564 191611 497167 16  4 67 12  0  0
procs -----------memory---------- ---swap-- -----io---- -system-- -------cpu-------
 r  b   swpd   free   buff  cache   si   so    bi    bo   in   cs us sy id wa st gu
 4  0 117544 160745428 1819576 27617508    0    0 758912 456660 192879 499388 16  5 67 12  0  0
26 10 117544 160742140 1819576 27617532    0    0 772048 455072 193407 502781 17  4 67 12  0  0
23 11 117544 160746216 1819576 27617548    0    0 776080 455880 192431 500255 16  4 67 12  0  0
 4  0 117544 160741892 1819576 27617564    0    0 766032 456160 192192 504334 16  4 67 12  0  0
23 10 117544 160750568 1819584 27617576    0    0 758064 457272 191272 502795 16  4 67 12  0  0
22 15 117544 160752764 1819584 27617596    0    0 772192 450308 192925 502471 16  4 67 12  0  0
26 13 117544 160758808 1819584 27617620    0    0 775984 457584 193666 505667 16  4 67 12  0  0
18 18 117544 160753136 1819584 27617640    0    0 760736 457472 192585 499748 16  4 68 12  0  0
 4  0 117544 160754128 1819584 27617656    0    0 778576 459992 193702 504502 16  5 67 12  0  0
19 16 117544 160751208 1819588 27617668    0    0 767456 459348 191871 503376 17  4 67 12  0  0
19 17 117544 160745796 1819588 27617696    0    0 778128 457068 192798 506060 16  4 67 12  0  0
 6  1 117544 160745720 1819588 27617712    0    0 776544 461504 194399 508171 16  4 67 12  0  0
20 16 117544 160751444 1819588 27617732    0    0 764752 460364 192577 499478 16  4 67 12  0  0
22 15 117544 160751144 1819588 27617748    0    0 755424 447036 191529 508330 17  4 67 12  0  0
 4  0 117544 160750100 1819592 27617768    0    0 783088 456564 194009 507276 17  4 67 12  0  0
21 14 117544 160750484 1819592 27617784    0    0 771760 454208 191861 501252 16  4 67 12  0  0
18 16 117544 160746560 1819592 27617808    0    0 765264 456196 191446 500051 17  4 67 12  0  0
23 13 117544 160747068 1819592 27617912    0    0 762176 456440 192144 492675 16  4 68 12  0  0
23 12 117544 160744580 1819592 27617928    0    0 766288 452716 191765 497244 16  4 67 12  0  0
 4  0 117544 160744852 1819592 27617948    0    0 767472 469232 192725 499932 16  4 67 12  0  0
23 13 117544 160742908 1819596 27617976    0    0 781616 459224 193922 512176 17  4 67 12  0  0
procs -----------memory---------- ---swap-- -----io---- -system-- -------cpu-------
 r  b   swpd   free   buff  cache   si   so    bi    bo   in   cs us sy id wa st gu
 5  0 117544 160743096 1819596 27617988    0    0 765648 452544 191415 499169 16  4 67 12  0  0
 4  0 117544 160747672 1819596 27618004    0    0 779312 450944 194128 507501 17  4 67 12  0  0
17 18 117544 160743816 1819596 27618036    0    0 764608 458668 191419 502138 16  4 68 12  0  0
 3  0 117544 160741584 1819596 27618044    0    0 762784 448296 191552 502778 16  5 67 12  0  0
 5  0 117544 160742588 1819604 27618064    0    0 750512 462080 197601 491178 16  4 68 12  0  0
19 16 117544 160746268 1819604 27618076    0    0 764496 451216 193862 501620 16  4 68 12  0  0
20 17 117544 160737932 1819604 27618096    0    0 759424 458820 193767 502587 17  4 67 12  0  0
25 10 117544 160735712 1819604 27618116    0    0 771184 453136 194722 510074 17  4 67 12  0  0
 1  0 117544 160730568 1819604 27618132    0    0 761248 459564 193883 497918 16  4 68 12  0  0
 2  0 117544 160729192 1819608 27618156    0    0 761536 453152 193786 501865 17  4 67 12  0  0
25  7 117544 160726316 1819608 27618180    0    0 768608 453228 194791 499608 16  4 67 12  0  0
 4  0 117544 160729580 1819608 27618192    0    0 761712 453528 193245 502582 17  4 67 12  0  0
 5  1 117544 160726352 1819608 27618208    0    0 757952 460312 193451 498914 17  4 67 12  0  0
21 15 117544 160722760 1819608 27618232    0    0 762320 460588 192983 493505 16  4 68 12  0  0
28  3 117544 160727128 1819608 27618244    0    0 770176 454440 194601 506005 17  4 67 12  0  0
 7  0 117544 160721636 1819608 27618268    0    0 765552 455016 193438 506071 16  4 67 12  0  0
 2  1 117544 160720148 1819608 27618284    0    0 772832 459696 193937 501863 17  4 67 12  0  0
17 19 117544 160723476 1819608 27618300    0    0 770352 462184 194099 507306 17  4 67 12  0  0
20 14 117544 160730528 1819612 27618324    0    0 769968 451320 195091 501625 16  4 67 12  0  0
 6  0 117544 160728656 1819620 27618328    0    0 767472 458156 193646 505367 16  4 67 12  0  0
 5  1 117544 160736496 1819620 27618360    0    0 762064 458304 192751 502641 16  4 67 12  0  0
procs -----------memory---------- ---swap-- -----io---- -system-- -------cpu-------
 r  b   swpd   free   buff  cache   si   so    bi    bo   in   cs us sy id wa st gu
19 15 117544 160736524 1819620 27618392    0    0 762864 461932 195169 501805 17  4 67 12  0  0
24 11 117544 160733432 1819620 27618400    0    0 757728 455872 193840 503928 17  4 67 12  0  0
24 13 117544 160729000 1819620 27618424    0    0 767232 456564 194735 508272 17  4 67 12  0  0
 4  1 117544 160729788 1819620 27618444    0    0 768368 461184 194843 507260 17  4 67 12  0  0
19 17 117544 160726628 1819620 27618456    0    0 766192 458564 195813 507275 17  4 67 12  0  0
19  1 117544 160723180 1819620 27618480    0    0 779232 462612 196865 512901 17  4 67 12  0  0
23 11 117544 160721900 1819624 27618488    0    0 752064 463104 193369 497959 16  4 68 12  0  0
24 12 117544 160716600 1819624 27618516    0    0 780960 453256 194960 508668 17  5 67 12  0  0
27  9 117544 160711908 1819628 27618536    0    0 777312 461636 196067 515344 17  5 67 12  0  0
24 14 117544 160715376 1819628 27618552    0    0 776640 467344 195562 509697 17  4 67 12  0  0
 6  0 117544 160709472 1819628 27618568    0    0 776432 455772 195622 509457 17  4 66 12  0  0
 4  0 117544 160707248 1819628 27618592    0    0 766864 463836 195130 501410 16  4 67 12  0  0
 9  0 117544 160702040 1819628 27618604    0    0 762304 465540 194797 504662 17  4 67 12  0  0
26  5 117544 160703348 1819628 27618628    0    0 780688 455652 196223 516779 17  4 67 12  0  0
16 19 117544 160703800 1819628 27618648    0    0 760288 466068 194179 501252 16  4 68 12  0  0
24 12 117544 160696844 1819628 27618656    0    0 771040 449088 194481 504454 17  5 67 12  0  0
 5  0 117544 160694660 1819628 27618684    0    0 771680 462716 194910 503366 17  5 67 12  0  0
 3  2 117544 160692388 1819628 27618692    0    0 763584 452180 195607 505593 17  4 67 12  0  0
 4  0 117544 160695268 1819632 27618708    0    0 774320 455824 195041 505420 17  4 67 12  0  0
 3  0 117544 160697140 1819632 27618736    0    0 763984 460440 194209 503789 17  4 67 12  0  0
24 12 117544 160697644 1819632 27618744    0    0 778256 460000 195514 507574 16  4 67 12  0  0
procs -----------memory---------- ---swap-- -----io---- -system-- -------cpu-------
 r  b   swpd   free   buff  cache   si   so    bi    bo   in   cs us sy id wa st gu
32  4 117544 160691216 1819632 27618776    0    0 768320 453356 195466 509799 17  4 67 12  0  0
18 17 117544 160687268 1819632 27618796    0    0 751072 456964 192766 493333 16  4 68 12  0  0
30  7 117544 160688576 1819632 27618804    0    0 760464 450928 194123 500901 16  4 67 12  0  0
 4  2 117544 160686524 1819684 27618832    0    0 766352 464736 193952 508290 17  4 67 12  0  0
11  1 117544 160685704 1819684 27618856    0    0 782208 456684 195726 515216 17  5 67 12  0  0
 5  0 117544 160687192 1819684 27618872    0    0 756864 461592 192455 501708 16  4 67 12  0  0
23 14 117544 160688500 1819684 27618896    0    0 757184 453072 193800 503695 16  4 68 12  0  0
 5  0 117544 160693376 1819688 27618900    0    0 754496 454792 193140 501373 16  4 68 12  0  0
19 15 117544 160694404 1819688 27618932    0    0 761520 456620 194121 504787 16  4 67 12  0  0
 6  0 117544 160690544 1819688 27618952    0    0 761264 456500 194348 503840 17  4 67 12  0  0
22 15 117544 160692996 1819688 27618956    0    0 773872 466316 195132 510235 17  4 67 12  0  0
18 16 117544 160698468 1819688 27618992    0    0 764080 455260 193794 504681 17  4 67 12  0  0
23  9 117544 160696336 1819692 27619004    0    0 766256 450228 195045 519837 17  4 66 12  0  0
17 19 117544 160701240 1819692 27619028    0    0 766144 458280 193826 500681 16  4 67 12  0  0
 2  2 117544 160693644 1819692 27619112    0    0 781136 449280 195070 515628 17  4 67 12  0  0
22 13 117544 160700512 1819692 27619132    0    0 775824 458184 194071 507385 16  4 67 12  0  0
30  7 117544 160699052 1819692 27619148    0    0 768832 453744 194052 505890 17  4 67 12  0  0
 4  1 117544 160700028 1819692 27619168    0    0 761216 459520 193423 499411 16  4 68 12  0  0
17 15 117544 160697992 1819692 27619180    0    0 770912 458224 194322 505332 16  4 67 12  0  0
23 11 117544 160701372 1819692 27619208    0    0 764240 453684 193657 505280 16  4 67 12  0  0
 7  0 117544 160700312 1819692 27619224    0    0 770560 451380 193577 506499 17  4 67 12  0  0
procs -----------memory---------- ---swap-- -----io---- -system-- -------cpu-------
 r  b   swpd   free   buff  cache   si   so    bi    bo   in   cs us sy id wa st gu
28  7 117544 160701236 1819692 27619244    0    0 760896 456900 193486 502167 16  4 67 12  0  0
 4  0 117544 160710160 1819696 27619264    0    0 761200 456296 192663 505567 17  4 67 12  0  0
 3  2 117544 160708512 1819696 27619280    0    0 763728 454300 193164 506177 17  4 67 12  0  0
29  9 117544 160712376 1819696 27619300    0    0 772944 463740 193907 503402 17  4 67 12  0  0
11  1 117544 160716788 1819696 27619320    0    0 764192 456244 193382 503134 16  4 67 12  0  0
 4  0 117544 160712440 1819696 27619340    0    0 760128 456336 192480 497923 16  4 67 12  0  0
22 11 117544 160706428 1819704 27619352    0    0 763920 458756 193193 498597 16  4 68 12  0  0
24  7 117544 160715820 1819704 27619372    0    0 768064 453136 193299 508746 16  4 67 12  0  0
22 15 117544 160711836 1819704 27619392    0    0 773872 463436 192361 509120 16  4 67 12  0  0
16 19 117544 160707004 1819704 27619416    0    0 746480 458076 193254 498675 17  4 67 12  0  0
20 16 117544 160703600 1819704 27619432    0    0 765152 456644 193758 503968 17  4 67 12  0  0
21 14 117544 160705792 1819708 27619444    0    0 769520 455380 193804 504019 17  4 67 12  0  0
21 13 117544 160700984 1819708 27619460    0    0 766960 451140 193604 505642 17  4 67 12  0  0
16 18 117544 160697568 1819708 27619480    0    0 758384 457764 193709 505996 17  4 68 12  0  0
29 11 117544 160692348 1819708 27619504    0    0 778272 456540 193516 510899 16  4 67 12  0  0
19 16 117544 160703392 1819708 27619520    0    0 774784 459872 194582 506463 16  4 67 12  0  0
20  8 117544 160698752 1819708 27619536    0    0 777824 451784 194499 506018 17  4 67 12  0  0
 3  0 117544 160703016 1819712 27619556    0    0 756720 463292 192603 498020 16  4 68 12  0  0
25 10 117544 160706048 1819712 27619584    0    0 771744 459192 193204 504629 16  5 67 12  0  0
25  9 117544 160704304 1819712 27619604    0    0 769200 457264 193262 500458 16  4 67 12  0  0
 4  1 117544 160708700 1819712 27619620    0    0 765632 457744 192999 501655 16  4 67 12  0  0
procs -----------memory---------- ---swap-- -----io---- -system-- -------cpu-------
 r  b   swpd   free   buff  cache   si   so    bi    bo   in   cs us sy id wa st gu
 3  0 117544 160714924 1819712 27619636    0    0 759904 453240 191778 496354 16  4 67 12  0  0
25 10 117544 160720044 1819712 27619652    0    0 776672 450768 192799 508896 16  4 67 12  0  0
 3  0 117544 160720144 1819712 27619676    0    0 764240 457696 193107 503668 17  4 67 12  0  0
26  9 117544 160726692 1819712 27619696    0    0 780272 461280 193516 508610 16  5 67 12  0  0
 4  1 117544 160727088 1819712 27619712    0    0 762560 459564 194763 501549 16  4 67 12  0  0
 4  0 117544 160734552 1819712 27619728    0    0 761440 456396 193241 498111 16  4 68 12  0  0
 4  0 117544 160728748 1819712 27619760    0    0 759904 450452 194099 497479 16  4 67 12  0  0
15  0 117544 160720856 1819712 27619764    0    0 747936 457688 191138 496925 16  4 68 12  0  0
 7  0 117544 160716056 1819712 27619788    0    0 752736 449920 191953 502331 17  4 68 12  0  0
26 11 117544 160720288 1819712 27619804    0    0 766816 460208 193354 501535 16  4 67 12  0  0
33  4 117544 160716216 1819712 27619824    0    0 775264 452152 194486 515068 17  4 66 12  0  0
 2  1 117544 160721048 1819712 27619844    0    0 759312 463080 192858 497232 16  4 68 12  0  0
 4  0 117544 160719500 1819712 27619860    0    0 757680 449580 193113 507828 17  4 67 12  0  0
26  8 117544 160719596 1819712 27619880    0    0 781040 461264 194911 503526 16  4 67 12  0  0
21 15 117544 160720212 1819712 27619908    0    0 764064 460064 191844 494628 16  4 68 12  0  0
22 12 117544 160728104 1819716 27619916    0    0 769952 451124 193758 509790 16  4 67 12  0  0
21 15 117544 160728352 1819716 27619936    0    0 767824 455488 193763 503816 17  4 67 12  0  0
20 14 117544 160734056 1819716 27619952    0    0 774496 451748 192484 501864 17  4 67 12  0  0
 3  0 117544 160741676 1819716 27619972    0    0 754592 459940 191480 494488 16  4 68 12  0  0
25 14 117544 160742804 1819716 27619992    0    0 774080 449948 192757 504583 17  4 67 12  0  0
 7  0 117544 160743420 1819720 27620004    0    0 768240 461708 192408 506117 16  4 67 12  0  0
procs -----------memory---------- ---swap-- -----io---- -system-- -------cpu-------
 r  b   swpd   free   buff  cache   si   so    bi    bo   in   cs us sy id wa st gu
 4  0 117544 160749168 1819720 27620024    0    0 762320 471328 192629 502331 16  4 67 12  0  0
 4  0 117544 160751632 1819720 27620048    0    0 759200 451764 191624 499880 16  5 67 12  0  0
23 14 117544 160755116 1819720 27620064    0    0 770048 454296 192949 504725 16  4 67 12  0  0
 6  0 117544 160756792 1819720 27620080    0    0 766480 456868 192491 505742 16  4 67 12  0  0
16 18 117544 160756236 1819720 27620108    0    0 762400 459580 193459 500632 17  4 67 12  0  0
34  3 117544 160755668 1819720 27620116    0    0 777840 452488 193286 510092 16  4 67 12  0  0
17 17 117544 160750420 1819720 27620136    0    0 765856 459488 192443 510097 16  4 67 12  0  0
28  9 117544 160759384 1819720 27620160    0    0 764816 455144 192982 510499 17  4 67 12  0  0
10 24 117544 160753908 1819720 27620176    0    0 759520 470268 192607 497387 16  4 67 12  0  0
 3  0 117544 160757788 1819720 27620200    0    0 758176 455140 192757 496304 17  4 67 12  0  0
19 17 117544 160756292 1819724 27620280    0    0 765248 458752 192394 507157 16  4 67 12  0  0
29  5 117544 160756044 1819724 27620296    0    0 778144 453508 193301 507644 16  5 67 12  0  0
 4  2 117544 160756708 1819724 27620324    0    0 758864 454128 192369 503847 16  4 67 12  0  0
19 17 117544 160755628 1819724 27620336    0    0 765712 463872 193649 506510 17  4 67 12  0  0
11 24 117544 160753008 1819724 27620360    0    0 762496 455424 192609 503770 17  5 67 12  0  0
21 14 117544 160746160 1819724 27620384    0    0 765120 458772 192556 501193 16  4 68 12  0  0
 5  0 117544 160744808 1819724 27620392    0    0 773168 455680 193822 509072 17  4 67 12  0  0
 4  0 117544 160751516 1819724 27620420    0    0 757904 463992 191508 497688 16  4 68 12  0  0
20 15 117544 160751448 1819724 27620428    0    0 770960 458964 193049 503351 16  4 67 12  0  0
20 14 117544 160748372 1819724 27620456    0    0 764336 456252 191807 503941 16  4 67 12  0  0
 2  1 117544 160749200 1819724 27620480    0    0 768368 467396 193077 506595 17  4 67 12  0  0
procs -----------memory---------- ---swap-- -----io---- -system-- -------cpu-------
 r  b   swpd   free   buff  cache   si   so    bi    bo   in   cs us sy id wa st gu
24 11 117544 160745692 1819724 27620488    0    0 777904 459800 194292 515334 17  4 67 12  0  0
23 13 117544 160747280 1819724 27620504    0    0 766944 460380 194204 505124 17  4 67 12  0  0
23 13 117544 160749088 1819724 27620536    0    0 762272 457496 192313 508650 17  4 67 12  0  0
17 16 117544 160751572 1819724 27620544    0    0 762512 456576 191626 503743 16  4 67 12  0  0
 5  0 117544 160748228 1819728 27620572    0    0 778112 452412 193396 508219 17  4 67 12  0  0
23 12 117544 160753344 1819728 27620588    0    0 768256 463512 193559 504702 17  4 67 12  0  0
22 15 117544 160749848 1819728 27620596    0    0 783888 458396 193123 509691 17  5 67 12  0  0
19 17 117544 160750608 1819732 27620628    0    0 759664 454588 191942 501749 16  4 67 12  0  0
17 17 117544 160754112 1819732 27620640    0    0 763968 454864 192493 500478 16  4 68 12  0  0
24 11 117544 160750448 1819736 27620656    0    0 754672 456480 191585 502485 16  4 67 12  0  0
22 12 117544 160743788 1819736 27620680    0    0 771344 454832 192532 508499 16  4 68 12  0  0
23 17 117544 160747952 1819736 27620688    0    0 748704 455068 190780 496220 16  4 67 12  0  0
23 12 117544 160745632 1819736 27620716    0    0 750784 462108 191328 494929 16  4 68 12  0  0
 4  0 117544 160739776 1819736 27620736    0    0 754144 456468 191668 502114 17  4 67 12  0  0
 6  0 117544 160741844 1819744 27620736    0    0 753872 448012 191344 498851 16  4 67 12  0  0
18 16 117544 160736744 1819744 27620768    0    0 767312 457068 190859 501167 16  4 67 12  0  0
23 15 117544 160733032 1819744 27620792    0    0 761216 450160 191848 503221 16  4 67 12  0  0
24 15 117544 160733696 1819744 27620796    0    0 758960 448944 191521 498540 16  4 68 12  0  0
 4  0 117544 160742804 1819744 27620828    0    0 765040 457840 193352 502805 16  4 67 12  0  0
29  4 117544 160740260 1819756 27620824    0    0 760352 452908 193135 501862 16  5 67 12  0  0
20 16 117544 160743204 1819756 27620864    0    0 751776 454196 191039 492154 16  4 68 12  0  0
procs -----------memory---------- ---swap-- -----io---- -system-- -------cpu-------
 r  b   swpd   free   buff  cache   si   so    bi    bo   in   cs us sy id wa st gu
20 14 117544 160748544 1819756 27620880    0    0 760240 458344 193419 500351 16  4 67 12  0  0
19 15 117544 160747988 1819760 27620892    0    0 754848 457136 192112 500687 16  4 67 12  0  0
 6  0 117544 160742368 1819760 27620920    0    0 762448 456332 192821 506544 16  4 67 12  0  0
 5  0 117544 160747868 1819764 27620936    0    0 760512 450776 192036 500739 16  4 67 12  0  0
16 19 117544 160751728 1819764 27620952    0    0 751552 448944 192072 496796 16  4 67 12  0  0
21 12 117544 160751748 1819764 27620980    0    0 752320 450956 190970 496187 17  4 66 13  0  0
15 19 117544 160748060 1819764 27621000    0    0 732160 452732 190401 496459 16  4 67 12  0  0
17 18 117544 160742020 1819764 27621012    0    0 755984 451896 191272 489687 16  4 68 12  0  0
14 21 117544 160745312 1819768 27621032    0    0 771984 449224 192514 503456 16  4 67 13  0  0
 5  1 117544 160746964 1819768 27621040    0    0 746080 453916 190832 496068 16  4 68 12  0  0
22 17 117544 160745192 1819768 27621068    0    0 775120 457860 192580 502149 16  4 67 12  0  0
21 13 117544 160744672 1819768 27621088    0    0 754976 457592 191418 495897 16  4 68 12  0  0
25 15 117544 160749840 1819768 27621104    0    0 763632 454072 191437 499519 16  4 67 12  0  0
 4  0 117544 160747956 1819772 27621128    0    0 766976 456168 191440 498550 16  4 67 12  0  0
 6  0 117544 160744028 1819772 27621148    0    0 752624 446632 191478 494447 16  4 67 13  0  0
 4  0 117544 160748304 1819772 27621168    0    0 752064 445584 190090 495653 16  4 67 12  0  0
18 16 117544 160744004 1819772 27621184    0    0 761200 457752 191422 495429 16  4 67 12  0  0
23 15 117544 160745304 1819772 27621208    0    0 768544 451356 192219 499933 16  4 67 12  0  0
22 14 117544 160755008 1819772 27621224    0    0 754112 454536 190871 493321 16  4 68 12  0  0
17 17 117544 160753136 1819776 27621240    0    0 767856 452496 193067 507147 16  4 67 12  0  0
18 17 117544 160747240 1819776 27621260    0    0 749712 457564 191215 494559 16  4 68 12  0  0
procs -----------memory---------- ---swap-- -----io---- -system-- -------cpu-------
 r  b   swpd   free   buff  cache   si   so    bi    bo   in   cs us sy id wa st gu
26 10 117544 160746116 1819776 27621284    0    0 771168 449176 193524 503266 17  4 67 12  0  0
27 11 117544 160746932 1819776 27621304    0    0 746096 448764 190894 507351 17  4 67 12  0  0
25  7 117544 160751868 1819776 27621320    0    0 763328 453240 192474 497929 16  4 67 12  0  0
 4  0 117544 160749024 1819780 27621340    0    0 762816 453580 191573 496207 16  4 67 12  0  0
 4  0 117544 160751656 1819780 27621352    0    0 755712 450052 190711 493319 16  4 68 12  0  0
31  5 117544 160750896 1819780 27621372    0    0 757552 441504 191835 501242 17  4 67 12  0  0
24 12 117544 160753072 1819780 27621388    0    0 755840 460276 190286 493469 16  4 67 12  0  0
16 19 117544 160746640 1819780 27621476    0    0 760208 451068 190761 499136 16  4 67 13  0  0
22  7 117544 160740632 1819780 27621500    0    0 777056 455828 191929 501992 16  4 67 13  0  0
28  5 117544 160725144 1819780 27621540    0    0 755232 453764 190976 493732 16  5 67 12  0  0
23 13 117544 160716220 1819780 27621576    0    0 756768 459344 190888 494682 16  4 67 12  0  0
 5  0 117544 160716244 1819780 27621596    0    0 779616 445236 193334 503357 16  4 67 13  0  0
 4  0 117544 160721424 1819780 27621612    0    0 750864 450440 190694 494297 16  4 68 12  0  0
30  8 117544 160727720 1819780 27621632    0    0 753728 443892 190405 494294 16  4 67 12  0  0
17 18 117544 160730804 1819780 27621652    0    0 755488 457660 191546 499003 16  4 67 12  0  0
19 15 117544 160730888 1819780 27621672    0    0 767328 451844 191162 498360 16  4 67 13  0  0
23 10 117544 160731768 1819780 27621688    0    0 768880 447228 191460 495140 16  4 67 13  0  0
 9  0 117544 160732100 1819780 27621712    0    0 758800 451104 190802 491850 16  4 68 12  0  0
20 16 117544 160729804 1819784 27621732    0    0 747728 445956 188498 483756 16  4 68 12  0  0
23 14 117544 160733740 1819784 27621748    0    0 744176 453000 189614 488140 16  4 68 12  0  0
24 13 117544 160732068 1819784 27621764    0    0 762688 447204 192720 499413 16  4 68 12  0  0
procs -----------memory---------- ---swap-- -----io---- -system-- -------cpu-------
 r  b   swpd   free   buff  cache   si   so    bi    bo   in   cs us sy id wa st gu
30  4 117544 160741108 1819784 27621776    0    0 764288 451488 192714 500277 16  4 67 12  0  0
 3  0 117544 160739604 1819784 27621800    0    0 756544 467544 191977 494613 16  4 68 12  0  0
16 19 117544 160735404 1819784 27621824    0    0 754944 459760 190666 497098 16  4 68 12  0  0
22 13 117544 160736788 1819784 27621840    0    0 766080 452972 192900 506565 17  4 67 12  0  0
23 11 117544 160736784 1819784 27621856    0    0 764976 455888 193222 505586 16  4 67 12  0  0
 6  0 117544 160735684 1819784 27621872    0    0 757312 458112 191792 500880 16  4 67 12  0  0
20 14 117544 160743580 1819784 27621896    0    0 766816 457344 192039 497670 16  4 67 12  0  0
28  7 117544 160750536 1819792 27621912    0    0 773376 457072 193406 502125 16  4 67 12  0  0
15 18 117544 160744976 1819792 27621928    0    0 765552 456572 192094 500307 16  4 67 12  0  0
28  5 117544 160743020 1819792 27621944    0    0 757360 451816 191152 493009 16  4 67 12  0  0
19 14 117544 160737856 1819792 27621968    0    0 756640 443884 191020 494142 16  4 67 12  0  0
27  8 117544 160741676 1819792 27621988    0    0 763520 455060 192109 496742 16  4 67 12  0  0
 2  0 117544 160738020 1819792 27622008    0    0 754320 454732 190206 497095 16  4 68 12  0  0
22 14 117544 160736816 1819792 27622024    0    0 757280 454556 190457 496452 16  4 68 12  0  0
20 15 117544 160740712 1819792 27622044    0    0 756288 458444 191792 502250 16  4 68 12  0  0
21 13 117544 160752932 1819792 27622060    0    0 762608 455412 193006 497170 16  4 67 12  0  0
 5  0 117544 160751096 1819792 27622084    0    0 767760 457248 193273 500561 17  4 67 12  0  0
25 10 117544 160750536 1819796 27622096    0    0 778016 460652 193892 506211 16  4 67 12  0  0
21 15 117544 160746328 1819796 27622112    0    0 747792 458272 191776 494496 16  4 68 12  0  0
27  9 117544 160739628 1819796 27622136    0    0 766960 453992 192234 497655 17  4 67 12  0  0
22 16 117544 160744100 1819796 27622160    0    0 763776 455992 191573 496031 16  4 68 12  0  0
procs -----------memory---------- ---swap-- -----io---- -system-- -------cpu-------
 r  b   swpd   free   buff  cache   si   so    bi    bo   in   cs us sy id wa st gu
18 16 117544 160742372 1819796 27622180    0    0 763920 449516 193448 501729 17  4 67 12  0  0
 4  0 117544 160735932 1819796 27622196    0    0 769728 455160 193477 506277 16  5 67 12  0  0
13 21 117544 160742548 1819796 27622212    0    0 770080 457768 192560 504315 17  4 67 12  0  0
21 14 117544 160739112 1819796 27622228    0    0 763376 451764 192201 498213 16  4 67 12  0  0
 4  0 117544 160740916 1819796 27622244    0    0 745856 453764 191141 492309 16  4 68 12  0  0
18 16 117544 160736384 1819796 27622268    0    0 763312 453464 192282 507827 17  4 67 12  0  0
 4  0 117544 160733376 1819800 27622296    0    0 757728 458260 191270 495184 16  4 68 12  0  0
28 13 117544 160737780 1819800 27622316    0    0 774656 457412 193104 506201 17  4 67 12  0  0
19 12 117544 160734020 1819800 27622332    0    0 766416 461680 192008 499699 16  4 67 12  0  0
20 14 117544 160733616 1819800 27622352    0    0 766992 457648 193519 501700 16  4 67 12  0  0
 3  1 117544 160737860 1819800 27622372    0    0 754992 448412 190314 500511 16  4 67 12  0  0
 4  0 117544 160741844 1819804 27622392    0    0 758240 450312 191690 497664 16  4 67 12  0  0
 4  1 117544 160743132 1819804 27622412    0    0 750224 451176 191373 494569 16  4 67 12  0  0
 6  0 117544 160736564 1819804 27622428    0    0 758192 448360 192376 498238 16  4 67 12  0  0
21 15 117544 160743648 1819804 27622444    0    0 762016 448336 192190 496906 16  4 68 12  0  0
22 14 117544 160746448 1819804 27622464    0    0 763648 452612 192548 500094 16  4 67 12  0  0
23 13 117544 160746936 1819812 27622484    0    0 767040 458100 193181 503992 16  4 67 12  0  0
21 13 117544 160747948 1819812 27622500    0    0 766720 464680 194104 498072 16  4 67 12  0  0
27  9 117544 160747940 1819812 27622520    0    0 767248 456900 193319 504792 16  4 67 12  0  0
22 13 117544 160743768 1819812 27622532    0    0 766288 462104 193316 502124 17  4 67 12  0  0
22 14 117544 160744748 1819812 27622552    0    0 764512 459112 192513 502950 17  4 67 12  0  0
procs -----------memory---------- ---swap-- -----io---- -system-- -------cpu-------
 r  b   swpd   free   buff  cache   si   so    bi    bo   in   cs us sy id wa st gu
20 15 117544 160747356 1819820 27622564    0    0 769104 454220 192397 498188 16  4 67 12  0  0
25 10 117544 160745340 1819820 27622588    0    0 764416 452608 192368 501016 16  4 67 12  0  0
24 11 117544 160744316 1819820 27622604    0    0 749568 453432 191285 498995 16  4 67 12  0  0
29  9 117544 160742024 1819820 27622628    0    0 761472 454316 192242 496774 16  4 68 12  0  0
21 15 117544 160734980 1819820 27622708    0    0 751728 461636 192288 498267 16  4 68 12  0  0
 6  0 117544 160738884 1819820 27622728    0    0 777712 459448 193979 505142 17  5 67 12  0  0
25  9 117544 160744112 1819820 27622744    0    0 745312 459204 190692 488642 16  4 68 11  0  0
27 10 117544 160743812 1819820 27622768    0    0 773152 448588 193236 507787 17  4 67 12  0  0
20 13 117544 160750304 1819820 27622788    0    0 757184 458528 191891 503790 16  4 68 12  0  0
 7  1 117544 160749736 1819820 27622804    0    0 771968 460880 193562 506242 17  5 67 12  0  0
31  4 117544 160745452 1819820 27622824    0    0 755904 448396 189118 497532 16  4 68 12  0  0
 4  0 117544 160743216 1819820 27622844    0    0 761104 451028 191542 500608 16  4 67 12  0  0
22 11 117544 160742820 1819820 27622864    0    0 778224 455072 193898 504332 17  4 67 12  0  0
26  6 117544 160742752 1819820 27622880    0    0 757216 453084 193148 508708 17  4 67 12  0  0
31  8 117544 160740704 1819820 27622896    0    0 728896 446508 189263 486053 16  4 68 12  0  0
19 18 117544 160742340 1819824 27622908    0    0 766688 456212 192348 498550 16  4 67 12  0  0
22 14 117544 160744852 1819824 27622932    0    0 761264 454084 192151 497880 16  4 68 12  0  0
21 15 117544 160744268 1819824 27622956    0    0 763744 456356 191813 494462 16  4 68 12  0  0
19 15 117544 160745564 1819824 27622972    0    0 752208 455756 191418 494867 16  4 68 12  0  0
 3  0 117544 160739600 1819824 27622988    0    0 769280 454284 192617 501342 16  4 67 12  0  0
19 17 117544 160741960 1819824 27623008    0    0 760784 455788 191810 500034 16  4 68 12  0  0
procs -----------memory---------- ---swap-- -----io---- -system-- -------cpu-------
 r  b   swpd   free   buff  cache   si   so    bi    bo   in   cs us sy id wa st gu
29  7 117544 160736776 1819824 27623032    0    0 773120 458784 191874 501914 16  4 67 12  0  0
 3  0 117544 160746304 1819824 27623048    0    0 761424 461700 192450 500222 16  4 67 12  0  0
27  4 117544 160743568 1819824 27623064    0    0 761008 453804 190939 503965 16  4 67 12  0  0
18 18 117544 160737620 1819824 27623084    0    0 770064 460288 193304 502435 17  4 67 12  0  0
17 18 117544 160732676 1819824 27623108    0    0 766736 459692 193451 502981 16  4 67 12  0  0
18 17 117544 160732772 1819824 27623128    0    0 771920 460548 193940 506582 16  4 67 12  0  0
26 10 117544 160736796 1819824 27623140    0    0 778176 458900 194337 506441 16  4 67 12  0  0
28  7 117544 160734688 1819824 27623156    0    0 762496 453440 193289 505261 16  4 67 12  0  0
18 18 117544 160730164 1819824 27623176    0    0 769824 464820 193513 507225 17  4 67 12  0  0
17 18 117544 160727916 1819824 27623192    0    0 766928 461256 193439 501314 17  4 67 12  0  0
 4  0 117544 160725372 1819828 27623216    0    0 768624 465340 193493 506019 16  4 67 12  0  0
30  4 117544 160728988 1819828 27623232    0    0 784480 461896 195641 513269 17  4 67 12  0  0
 4  0 117544 160719028 1819828 27623244    0    0 760192 461608 192492 498413 16  4 68 12  0  0
27  9 117544 160717884 1819828 27623264    0    0 774256 459932 193038 504222 16  4 67 12  0  0
 3  0 117544 160723220 1819828 27623280    0    0 762896 450036 192512 498683 17  4 67 12  0  0
26 11 117544 160729368 1819836 27623308    0    0 775632 456260 192781 504631 17  4 67 12  0  0
24 15 117544 160731928 1819836 27623328    0    0 743136 448136 189217 486839 16  4 67 12  0  0
28  9 117544 160730268 1819836 27623348    0    0 768032 448984 192479 500084 16  4 67 12  0  0
29 12 117544 160734940 1819836 27623368    0    0 772992 462512 193094 504635 16  4 67 12  0  0
 2  1 117544 160729112 1819836 27623388    0    0 764544 458400 192757 503731 16  4 67 12  0  0
26 10 117544 160735236 1819836 27623408    0    0 772352 454660 193201 500990 16  4 67 12  0  0
procs -----------memory---------- ---swap-- -----io---- -system-- -------cpu-------
 r  b   swpd   free   buff  cache   si   so    bi    bo   in   cs us sy id wa st gu
 5  0 117544 160731596 1819836 27623428    0    0 763360 455816 191973 497897 16  4 67 12  0  0
16 19 117544 160731340 1819836 27623448    0    0 769296 454768 193599 499936 16  4 67 12  0  0
27 13 117544 160730572 1819836 27623460    0    0 768816 461524 193118 503055 16  4 67 12  0  0
27  9 117544 160732924 1819836 27623480    0    0 763408 462076 193667 504739 16  4 67 12  0  0
21 15 117544 160738820 1819836 27623500    0    0 773456 466504 194156 509137 17  4 67 12  0  0
17 12 117544 160736720 1819836 27623524    0    0 774288 457348 194493 515099 17  4 66 12  0  0
24 12 117544 160739508 1819836 27623540    0    0 762048 466236 192379 499736 16  4 67 12  0  0
 3  0 117544 160732912 1819836 27623556    0    0 781968 453648 194800 510529 17  4 67 12  0  0
25 15 117544 160734180 1819836 27623576    0    0 770736 461276 193514 504482 17  4 67 12  0  0
22 12 117544 160739124 1819836 27623600    0    0 749024 457884 191893 495500 16  4 68 12  0  0
18 17 117544 160734660 1819836 27623616    0    0 760240 456080 192347 502768 16  4 67 12  0  0
 3  0 117544 160737336 1819836 27623632    0    0 779536 454092 193789 511597 17  4 67 12  0  0
 2  0 117544 160738096 1819836 27623652    0    0 755920 467660 191938 495121 16  4 68 12  0  0
24 11 117544 160738920 1819836 27623668    0    0 777344 457432 194287 507580 17  4 67 12  0  0
 3  2 117544 160732956 1819840 27623692    0    0 757696 456428 192347 501206 17  4 67 12  0  0
23 11 117544 160739220 1819840 27623712    0    0 749056 444312 189979 489549 16  4 67 13  0  0
23 12 117544 160737880 1819840 27623728    0    0 741328 439472 189706 483434 16  4 67 13  0  0
22 13 117544 160736112 1819840 27623744    0    0 733776 433528 187579 481444 16  4 66 14  0  0
17 18 117544 160733920 1819840 27623768    0    0 736240 440464 187708 480031 16  4 66 14  0  0
19 17 117544 160734848 1819844 27623788    0    0 751728 446000 189626 485093 16  4 67 13  0  0
23 11 117544 160738032 1819844 27623800    0    0 757664 437824 189463 490242 16  4 67 13  0  0
procs -----------memory---------- ---swap-- -----io---- -system-- -------cpu-------
 r  b   swpd   free   buff  cache   si   so    bi    bo   in   cs us sy id wa st gu
23 11 117544 160744708 1819844 27623816    0    0 746720 437948 190301 490814 16  4 67 13  0  0
28  3 117544 160739696 1819844 27623924    0    0 737616 439972 189402 485100 16  4 67 13  0  0
 6  0 117544 160739648 1819844 27623944    0    0 737344 441280 189127 483606 16  4 67 13  0  0
22 15 117544 160743920 1819844 27623960    0    0 736592 441300 188777 479737 16  4 67 13  0  0
22 13 117544 160747768 1819852 27623968    0    0 741200 437988 187821 477344 16  4 67 14  0  0
 4  0 117544 160747372 1819852 27623992    0    0 733328 432972 187328 479215 16  4 67 13  0  0
27 10 117544 160741264 1819852 27624016    0    0 751984 427688 188442 483598 16  4 67 13  0  0
 5  1 117544 160741708 1819852 27624032    0    0 738224 437736 189474 487189 16  4 67 13  0  0
 2  0 117544 160739524 1819852 27624048    0    0 734640 434068 188443 477874 16  4 67 13  0  0
23 11 117544 160738864 1819856 27624064    0    0 746272 447280 190186 489840 16  4 67 13  0  0
21 18 117544 160738616 1819856 27624088    0    0 748992 446296 190118 486711 16  4 67 13  0  0
16 19 117544 160740984 1819856 27624112    0    0 773648 448044 191977 497885 16  4 67 13  0  0
 2  0 117544 160742928 1819860 27624128    0    0 763984 456032 191777 499498 16  4 67 12  0  0
26 13 117544 160736700 1819860 27624144    0    0 760192 451212 190903 495603 16  4 68 12  0  0
18 20 117544 160736556 1819860 27624164    0    0 757328 449372 191035 496784 16  4 68 12  0  0
20 16 117544 160739756 1819860 27624188    0    0 767536 449624 192452 499521 16  4 67 12  0  0
22 11 117544 160737788 1819860 27624200    0    0 763472 464408 192138 500006 16  4 67 12  0  0
29  9 117544 160733940 1819860 27624216    0    0 778592 457964 194448 509086 16  4 67 12  0  0
30  7 117544 160735144 1819860 27624232    0    0 755424 458108 191916 494701 16  4 68 12  0  0
23 13 117544 160734816 1819860 27624260    0    0 756656 446236 190828 491568 16  4 67 12  0  0
16 14 117544 160734660 1819860 27624280    0    0 761840 448928 192593 497349 16  4 67 12  0  0
procs -----------memory---------- ---swap-- -----io---- -system-- -------cpu-------
 r  b   swpd   free   buff  cache   si   so    bi    bo   in   cs us sy id wa st gu
 4  0 117544 160729500 1819860 27624292    0    0 757808 452168 191622 495632 16  4 68 12  0  0
21 16 117544 160735284 1819864 27624312    0    0 785712 468272 196155 510451 17  5 67 12  0  0
 4  1 117544 160726996 1819864 27624332    0    0 783424 464876 195906 516255 17  4 67 12  0  0
23 14 117544 160726484 1819864 27624356    0    0 764032 468992 193349 501523 16  4 68 11  0  0
22  5 117544 160723900 1819868 27624380    0    0 779408 453984 194356 512752 16  5 67 12  0  0
 4  0 117544 160733228 1819868 27624396    0    0 764272 469184 192470 498443 16  4 68 11  0  0
25  9 117544 160734628 1819872 27624412    0    0 775888 459724 194699 510883 17  4 67 12  0  0
26 10 117544 160730392 1819872 27624432    0    0 774128 461788 193404 505360 17  4 67 12  0  0
27 10 117544 160738364 1819880 27624444    0    0 784288 468352 195116 509642 17  4 67 12  0  0
 5  0 117544 160731516 1819880 27624472    0    0 765568 463724 194754 504837 16  4 68 11  0  0
23  9 117544 160729076 1819880 27624492    0    0 783216 461640 195760 511231 17  4 67 12  0  0
17 17 117544 160731592 1819880 27624512    0    0 780128 466056 194010 505588 16  4 67 12  0  0
14 20 117544 160735780 1819884 27624524    0    0 772112 468412 194502 512133 17  4 67 12  0  0
 6  5 117544 160737096 1819888 27624544    0    0 778592 466928 195297 515604 17  5 67 12  0  0
 4  1 117544 160738376 1819888 27624564    0    0 760960 467108 193671 505553 17  4 68 11  0  0
24 15 117544 160740768 1819888 27624580    0    0 779952 456920 193612 505481 17  4 67 12  0  0
24 13 117544 160742180 1819888 27624600    0    0 764032 465056 193113 504586 16  4 68 11  0  0
 5  0 117544 160738568 1819888 27624616    0    0 780144 453656 193579 510467 17  4 67 12  0  0
20 15 117544 160737928 1819888 27624632    0    0 773600 466880 194459 504060 16  4 68 11  0  0
19 14 117544 160732032 1819888 27624652    0    0 768000 465004 193124 501123 16  4 68 12  0  0
18  6 117544 160733244 1819888 27624672    0    0 779392 455308 193567 507393 16  4 67 12  0  0
procs -----------memory---------- ---swap-- -----io---- -system-- -------cpu-------
 r  b   swpd   free   buff  cache   si   so    bi    bo   in   cs us sy id wa st gu
30  5 117544 160736908 1819888 27624688    0    0 783280 469024 195151 509830 17  5 67 12  0  0
24 13 117544 160735996 1819888 27624704    0    0 774528 465644 193626 505546 17  4 67 12  0  0
26  9 117544 160731760 1819888 27624728    0    0 788640 465048 194908 511342 17  5 67 12  0  0
24 16 117544 160740004 1819896 27624748    0    0 778624 470840 195510 509566 17  4 67 12  0  0
25 14 117544 160744432 1819896 27624768    0    0 768656 473480 194075 506427 16  4 68 11  0  0
 4  0 117544 160749440 1819896 27624784    0    0 778240 460048 193678 506505 17  4 68 12  0  0
 4  3 117544 160747348 1819900 27624804    0    0 785040 461292 195868 516860 17  5 67 12  0  0
23 13 117544 160751960 1819900 27624820    0    0 778352 470080 194088 506235 16  4 68 12  0  0
22 12 117544 160745396 1819904 27624844    0    0 785872 467028 194390 510953 17  4 67 12  0  0
20 17 117544 160742024 1819904 27624856    0    0 772560 466784 194173 512755 17  4 67 12  0  0
 4  0 117544 160742480 1819904 27624876    0    0 772512 463092 193755 504981 17  4 67 12  0  0
18 18 117544 160745036 1819904 27624892    0    0 774448 461552 193611 509330 16  4 67 12  0  0
19 14 117544 160741836 1819904 27624916    0    0 760480 461488 193099 506296 17  4 68 11  0  0
21 15 117544 160739236 1819912 27624936    0    0 771888 464112 193660 505414 17  4 67 12  0  0
28  8 117544 160737440 1819912 27624948    0    0 775520 457824 194012 505725 17  4 68 11  0  0
18 17 117544 160728980 1819912 27624964    0    0 764608 468516 193694 505849 17  4 68 11  0  0
 6  0 117544 160723848 1819912 27624984    0    0 776784 463908 194581 506602 16  4 68 12  0  0
26  6 117544 160726632 1819912 27625008    0    0 773840 456068 194390 514041 17  4 67 12  0  0
 6  0 117544 160725960 1819920 27625028    0    0 755120 463520 192035 499388 17  4 67 12  0  0
22 11 117544 160726932 1819920 27625108    0    0 776912 449956 192878 503404 16  4 67 12  0  0
 4  0 117544 160731408 1819920 27625124    0    0 755344 460032 192540 499853 16  4 68 12  0  0
procs -----------memory---------- ---swap-- -----io---- -system-- -------cpu-------
 r  b   swpd   free   buff  cache   si   so    bi    bo   in   cs us sy id wa st gu
27  9 117544 160730444 1819920 27625148    0    0 770528 451624 193817 503333 17  4 67 12  0  0
29  6 117544 160726576 1819920 27625168    0    0 766960 449020 192581 509505 17  4 67 12  0  0
 3  0 117544 160726532 1819920 27625316    0    0 760640 461528 191603 499085 16  4 68 12  0  0
 3  0 117544 160720716 1819920 27625332    0    0 786816 459808 194944 512244 17  4 67 12  0  0
22 14 117544 160728780 1819924 27625360    0    0 767060 464616 192393 504938 17  4 68 11  0  0
25 11 117544 160728740 1819924 27625376    0    0 782528 467860 195699 511813 16  5 67 12  0  0
 3  2 117544 160732392 1819924 27625392    0    0 784080 468728 195897 513027 17  5 67 12  0  0
 5  0 117544 160730904 1819924 27625412    0    0 785728 469304 195740 512231 17  5 67 12  0  0
25 10 117544 160733036 1819924 27625432    0    0 779264 466652 193794 507040 16  4 68 12  0  0
24 15 117544 160731404 1819928 27625452    0    0 782592 466936 194497 512393 17  4 67 12  0  0
12 21 117544 160729836 1819928 27625468    0    0 767104 473020 194140 502063 16  4 68 11  0  0
 3  3 117544 160720076 1819932 27625480    0    0 777248 457308 193042 509364 17  4 67 12  0  0
20 15 117544 160720364 1819932 27625504    0    0 769760 461276 193277 502970 16  4 68 11  0  0
24 12 117544 160722864 1819932 27625528    0    0 763696 453880 193086 512049 17  4 67 12  0  0
 2  1 117544 160723312 1819932 27625548    0    0 766752 466904 194347 504591 17  4 67 12  0  0
16 20 117544 160725604 1819932 27625564    0    0 783072 465976 194262 506601 17  4 67 12  0  0
 3  0 117544 160728964 1819932 27625580    0    0 767296 459576 193756 510097 17  4 68 11  0  0
 4  0 117544 160725236 1819932 27625596    0    0 783968 474720 196216 510865 17  4 67 12  0  0
28  6 117544 160723924 1819932 27625620    0    0 783280 466904 194793 508625 17  4 67 12  0  0
22 16 117544 160726312 1819932 27625640    0    0 777056 460936 194064 505171 17  4 67 12  0  0
18 16 117544 160725992 1819932 27625656    0    0 755680 454544 190847 498134 16  4 67 12  0  0
procs -----------memory---------- ---swap-- -----io---- -system-- -------cpu-------
 r  b   swpd   free   buff  cache   si   so    bi    bo   in   cs us sy id wa st gu
19 17 117544 160725072 1819936 27625676    0    0 757360 454644 191008 490857 16  4 67 12  0  0
26 10 117544 160726340 1819936 27625696    0    0 764848 451000 193083 499412 16  4 67 12  0  0
 5  0 117544 160727508 1819936 27625716    0    0 742624 454284 190523 490645 16  4 68 12  0  0
 3  1 117544 160732192 1819940 27625732    0    0 757968 452792 191777 498956 16  4 68 12  0  0
22 13 117544 160727256 1819940 27625752    0    0 765920 461820 193136 504308 16  4 68 11  0  0
28  8 117544 160731572 1819944 27625768    0    0 773680 460664 193228 507542 17  4 67 12  0  0
25 12 117544 160727536 1819944 27625788    0    0 772576 466292 193366 504273 16  4 68 12  0  0
24 11 117544 160734532 1819944 27625812    0    0 768560 462068 193528 508271 16  4 68 11  0  0
18 16 117544 160730048 1819944 27625828    0    0 771936 471044 194690 507191 17  4 67 12  0  0
23 12 117544 160721488 1819944 27625844    0    0 782560 467588 195735 515045 17  4 67 12  0  0
19 17 117544 160721216 1819952 27625856    0    0 775792 467724 195036 507491 17  4 67 12  0  0
 4  0 117544 160722680 1819952 27625880    0    0 781760 462420 195250 510652 17  5 67 12  0  0
24 13 117544 160722992 1819952 27625904    0    0 775472 463772 194430 511709 17  5 67 12  0  0
33  5 117544 160725176 1819952 27625920    0    0 777296 459336 193857 512013 17  4 67 12  0  0
24 11 117544 160731188 1819952 27625940    0    0 779360 462564 193559 507144 17  4 67 12  0  0
 4  0 117544 160730988 1819952 27625956    0    0 767008 471656 195059 506240 17  4 67 12  0  0
27  7 117544 160730052 1819956 27625972    0    0 777552 459672 194242 509900 17  4 67 12  0  0
25 11 117544 160733064 1819956 27625996    0    0 777360 462336 194540 511005 17  4 67 12  0  0
21 13 117544 160728964 1819956 27626008    0    0 768496 467548 193699 506887 17  4 67 11  0  0
17 17 117544 160728592 1819956 27626032    0    0 767072 463060 193623 508551 17  4 67 11  0  0
27 10 117544 160728440 1819956 27626048    0    0 772144 459072 193572 509386 17  5 67 12  0  0
procs -----------memory---------- ---swap-- -----io---- -system-- -------cpu-------
 r  b   swpd   free   buff  cache   si   so    bi    bo   in   cs us sy id wa st gu
21 13 117544 160732504 1819960 27626068    0    0 744480 454900 190642 492807 16  4 68 12  0  0
21 10 117544 160729160 1819960 27626088    0    0 754976 448968 191061 496802 16  4 67 12  0  0
19 18 117544 160727616 1819960 27626112    0    0 767584 447744 191174 492058 16  4 67 12  0  0
15 21 117544 160735472 1819960 27626124    0    0 761872 450352 192543 502870 17  4 67 12  0  0
25 14 117544 160734216 1819960 27626140    0    0 756192 448068 190655 495439 16  4 68 12  0  0
18 18 117544 160736184 1819964 27626156    0    0 756864 446660 190211 490473 16  4 67 12  0  0
21 17 117544 160740744 1819964 27626180    0    0 760928 451788 192124 497012 16  4 67 12  0  0
34 18 117544 160736020 1819964 27626200    0    0 771072 455996 193938 503273 16  4 67 12  0  0
13 25 117544 160732016 1819964 27626216    0    0 757760 455912 192861 500426 17  4 67 12  0  0
21 17 117544 160730380 1819964 27626232    0    0 769552 451568 191780 498594 16  4 67 12  0  0
17 19 117544 160734932 1819964 27626252    0    0 764320 459164 192690 499498 16  4 67 12  0  0
20 21 117544 160730688 1819964 27626272    0    0 766144 459028 192259 499346 16  4 67 12  0  0
12  5 117544 160722532 1819964 27626296    0    0 758016 451484 191218 493577 16  4 67 12  0  0
17 20 117544 160725952 1819964 27626312    0    0 766912 447172 191178 493130 16  4 67 12  0  0
28 13 117544 160728468 1819964 27626328    0    0 768480 462600 194016 502615 16  4 67 12  0  0
17 20 117544 160729772 1819968 27626348    0    0 764288 457656 192078 497344 16  4 67 12  0  0
21 16 117544 160732388 1819968 27626436    0    0 755584 446872 190908 495582 16  4 68 12  0  0
20 17 117544 160730620 1819968 27626456    0    0 763936 451164 191577 500934 16  4 67 12  0  0
19 16 117544 160727900 1819968 27626472    0    0 754784 452612 190812 497268 16  4 67 12  0  0
18 20 117544 160729892 1819968 27626492    0    0 753328 454468 191581 497129 16  4 68 12  0  0
24 15 117544 160724188 1819972 27626512    0    0 755488 442668 190408 499615 17  4 68 12  0  0
procs -----------memory---------- ---swap-- -----io---- -system-- -------cpu-------
 r  b   swpd   free   buff  cache   si   so    bi    bo   in   cs us sy id wa st gu
13 24 117544 160734224 1819972 27626528    0    0 759296 460192 193406 502939 16  4 67 12  0  0
16 21 117544 160734276 1819972 27626548    0    0 764352 454796 192872 502088 17  4 67 12  0  0
20 17 117544 160734576 1819972 27626564    0    0 751856 454268 190980 496901 16  4 68 12  0  0
16 18 117544 160730284 1819972 27626588    0    0 761968 451788 192375 502430 17  4 67 12  0  0
20 16 117544 160733148 1819972 27626604    0    0 756784 442212 190541 501887 17  4 67 12  0  0
33 18 117544 160739588 1819972 27626620    0    0 768064 450940 192876 503335 16  4 67 12  0  0
22 15 117544 160733416 1819972 27626640    0    0 764384 455912 193617 504744 17  4 67 12  0  0
19 21 117544 160732784 1819972 27626660    0    0 773136 447552 193635 504937 16  4 67 12  0  0
13 22 117544 160739120 1819972 27626680    0    0 754800 452384 191660 495214 16  4 67 12  0  0
18 19 117544 160738368 1819972 27626696    0    0 752512 451768 191064 496144 16  4 67 12  0  0
17 19 117544 160742948 1819972 27626712    0    0 769744 449392 193683 503031 17  4 67 12  0  0
19 18 117544 160735616 1819980 27626720    0    0 759040 457896 192888 502743 17  4 67 12  0  0
17 17 117544 160730836 1819980 27626748    0    0 764288 454088 192528 503379 16  4 67 12  0  0
22 18 117544 160735112 1819980 27626776    0    0 765776 450288 192101 500007 16  4 67 12  0  0
16 22 117544 160730324 1819980 27626792    0    0 762368 455768 191730 499659 16  4 67 12  0  0
23 16 117544 160730160 1819980 27626808    0    0 760848 451748 192344 496044 16  4 68 12  0  0
25 16 117544 160726764 1819980 27626828    0    0 754464 444972 190439 495764 16  4 68 12  0  0
13 22 117544 160720276 1819980 27626848    0    0 768464 450720 191907 500272 16  4 67 12  0  0
14 23 117544 160724000 1819980 27626868    0    0 763584 454188 192829 500211 17  4 67 12  0  0
19 20 117544 160722904 1819988 27626876    0    0 767952 447416 192659 501200 16  4 67 12  0  0
19 17 117544 160730648 1819988 27626900    0    0 762112 458436 192377 495901 16  4 67 12  0  0
procs -----------memory---------- ---swap-- -----io---- -system-- -------cpu-------
 r  b   swpd   free   buff  cache   si   so    bi    bo   in   cs us sy id wa st gu
20 15 117544 160727136 1819988 27626920    0    0 766848 456428 192764 501427 16  4 67 12  0  0
16 22 117544 160725260 1819988 27626944    0    0 760304 464032 190485 491198 16  4 67 12  0  0
23 15 117544 160733164 1819988 27626964    0    0 763104 445544 192229 501877 16  4 67 12  0  0
19 17 117544 160733808 1819992 27626976    0    0 774112 448228 193881 507627 17  4 67 12  0  0
15 22 117544 160729932 1819992 27627000    0    0 768032 463068 193080 500920 16  4 67 12  0  0
16 19 117544 160730748 1819992 27627016    0    0 770240 449364 192155 500557 16  4 67 12  0  0
19 19 117544 160727840 1819992 27627036    0    0 767264 451844 192317 502843 16  4 67 12  0  0
23 15 117544 160727696 1819992 27627052    0    0 769824 450656 191683 497045 16  4 67 12  0  0
12 23 117544 160729648 1819996 27627068    0    0 761184 457096 192292 498764 16  4 68 12  0  0
15 22 117544 160731252 1819996 27627092    0    0 766944 454164 193031 502537 16  4 67 12  0  0
14 21 117544 160733292 1819996 27627108    0    0 760176 448072 191731 499222 16  4 68 12  0  0
13 22 117544 160728712 1819996 27627132    0    0 757904 451884 191514 498185 16  4 68 12  0  0
20 18 117544 160731108 1819996 27627148    0    0 758960 454552 190925 496496 16  4 67 12  0  0
21 19 117544 160727244 1819996 27627164    0    0 761264 456764 192964 501052 16  4 67 12  0  0
14 23 117544 160730184 1819996 27627180    0    0 758416 453340 190983 493947 16  4 68 12  0  0
20 19 117544 160728788 1819996 27627200    0    0 764944 454944 192693 500654 16  4 67 12  0  0
22 17 117544 160730008 1819996 27627220    0    0 765216 449024 192124 501236 16  4 68 12  0  0
17 18 117544 160725524 1819996 27627240    0    0 762544 457284 191434 498667 16  4 67 12  0  0
17 19 117544 160720968 1820004 27627248    0    0 766176 455820 192833 504068 16  4 67 12  0  0
11 25 117544 160719300 1820004 27627272    0    0 760816 461840 193700 504555 17  4 67 12  0  0
17 15 117544 160714508 1820004 27627288    0    0 751696 447292 191487 498481 17  4 67 12  0  0
procs -----------memory---------- ---swap-- -----io---- -system-- -------cpu-------
 r  b   swpd   free   buff  cache   si   so    bi    bo   in   cs us sy id wa st gu
28  9 117544 160710524 1820004 27627312    0    0 755664 453728 191797 494593 16  4 68 12  0  0
17 20 117544 160710324 1820004 27627332    0    0 752528 447492 190946 493106 16  4 68 12  0  0
19 17 117544 160713180 1820012 27627344    0    0 751440 458512 190694 490461 16  4 68 12  0  0
27  9 117544 160713188 1820012 27627368    0    0 763184 449776 191411 496617 16  4 67 12  0  0
20 18 117544 160719964 1820012 27627388    0    0 753904 453256 191613 502715 17  4 67 12  0  0
23 13 117544 160717952 1820016 27627412    0    0 760560 455228 192222 499521 16  4 67 12  0  0
12 22 117544 160718412 1820016 27627428    0    0 765888 452272 191745 502590 16  4 67 12  0  0
16 20 117544 160714360 1820020 27627440    0    0 771344 451848 193776 504882 17  4 67 12  0  0
25 14 117544 160718540 1820020 27627460    0    0 769616 452684 193560 504368 16  4 67 12  0  0
23 13 117544 160722264 1820020 27627480    0    0 772208 451872 192771 504599 16  4 67 12  0  0
18 19 117544 160720696 1820020 27627496    0    0 767568 464236 193326 502783 16  4 67 12  0  0
23 15 117544 160720204 1820020 27627516    0    0 767088 456388 192850 503863 17  4 67 12  0  0
20 17 117544 160723368 1820020 27627532    0    0 759872 454080 191485 498866 16  4 67 12  0  0
29 17 117544 160722928 1820020 27627616    0    0 764752 449888 192358 500969 16  4 67 12  0  0
17 18 117544 160717032 1820020 27627644    0    0 757264 459924 192138 494728 16  4 67 12  0  0
23 14 117544 160716428 1820020 27627660    0    0 769760 450532 192282 507005 16  4 67 12  0  0
16 21 117544 160715252 1820020 27627680    0    0 758016 462340 192438 497543 16  4 67 12  0  0
18 18 117544 160718792 1820020 27627696    0    0 762320 450784 192178 500996 17  5 67 12  0  0
 5  3 117544 160724772 1820024 27627720    0    0 766560 449804 194065 507477 17  4 67 12  0  0
 4  0 117544 160721724 1820024 27627736    0    0 760992 454856 193500 500393 16  4 67 12  0  0
 3  0 117544 160722148 1820032 27627748    0    0 763984 453248 192804 502043 17  4 67 12  0  0
procs -----------memory---------- ---swap-- -----io---- -system-- -------cpu-------
 r  b   swpd   free   buff  cache   si   so    bi    bo   in   cs us sy id wa st gu
17 18 117544 160718612 1820032 27627772    0    0 763392 458560 192471 499169 16  4 67 12  0  0
22 14 117544 160717448 1820032 27627788    0    0 774944 457180 193757 505692 17  4 67 12  0  0
 4  0 117544 160721920 1820032 27627812    0    0 759984 458768 191831 501247 16  4 67 12  0  0
21 14 117544 160715096 1820032 27627828    0    0 745952 457896 191191 500750 16  4 68 12  0  0
19 15 117544 160722440 1820032 27627848    0    0 775616 464076 194429 504742 16  4 67 12  0  0
 4  0 117544 160718840 1820032 27627864    0    0 780896 459960 194200 503805 17  4 67 12  0  0
 3  0 117544 160711344 1820032 27627884    0    0 767120 455560 193254 501194 16  4 67 12  0  0
 4  0 117544 160709616 1820036 27627904    0    0 768768 452972 193071 506432 17  4 67 12  0  0
24 11 117544 160711276 1820036 27627920    0    0 765664 451952 192634 497623 16  4 67 12  0  0
25 10 117544 160716288 1820036 27627936    0    0 756000 450396 191231 493171 16  4 68 12  0  0
21 13 117544 160724684 1820036 27627960    0    0 760912 456096 191516 497133 16  4 68 12  0  0
21 13 117544 160721228 1820036 27627976    0    0 752624 457232 198799 494039 16  4 68 12  0  0
25 11 117544 160721688 1820040 27627996    0    0 753936 457108 192896 495955 16  4 67 12  0  0
 4  1 117544 160724544 1820040 27628012    0    0 752944 449672 191251 494640 16  4 68 12  0  0
 4  0 117544 160717900 1820040 27628028    0    0 760624 449376 192676 503247 16  4 67 12  0  0
25 10 117544 160721892 1820040 27628056    0    0 773024 453092 192686 505232 17  4 67 12  0  0
 3  0 117544 160726612 1820040 27628076    0    0 755824 454812 191205 498016 16  4 68 12  0  0
21 15 117544 160723516 1820044 27628088    0    0 763072 459920 191749 500062 16  5 67 12  0  0
 2  1 117544 160727944 1820044 27628104    0    0 760976 452544 191500 500671 16  4 68 12  0  0
14 20 117544 160736288 1820044 27628124    0    0 757968 452572 192261 496951 16  4 68 12  0  0
19 16 117544 160738624 1820044 27628144    0    0 749040 445456 191409 494680 16  4 68 12  0  0
procs -----------memory---------- ---swap-- -----io---- -system-- -------cpu-------
 r  b   swpd   free   buff  cache   si   so    bi    bo   in   cs us sy id wa st gu
23  4 117544 160742836 1820044 27628160    0    0 744576 437896 189504 498699 16  4 68 12  0  0
 6  0 117544 160741684 1820044 27628180    0    0 761840 460120 192100 496126 16  4 68 12  0  0
28  8 117544 160732460 1820044 27628192    0    0 761392 451684 192439 503189 16  4 67 12  0  0
 5  0 117544 160735524 1820048 27628208    0    0 759744 464424 193566 501736 16  4 67 12  0  0
19 17 117544 160732436 1820048 27628232    0    0 775552 463872 195010 505266 16  4 67 12  0  0
 4  0 117544 160732132 1820048 27628256    0    0 762192 451672 193036 499784 16  4 67 12  0  0
 5  1 117544 160730440 1820056 27628272    0    0 761728 454508 193820 501586 16  4 67 12  0  0
 8  0 117544 160723384 1820056 27628292    0    0 766896 454304 193715 501211 16  4 68 12  0  0
 4  0 117544 160722548 1820056 27628308    0    0 763664 456140 193306 501530 16  4 68 12  0  0
23 15 117544 160718528 1820056 27628328    0    0 767072 465724 194105 503648 16  4 68 12  0  0
34  3 117544 160708500 1820056 27628356    0    0 763680 452544 193000 502846 16  4 67 12  0  0
24 11 117544 160712700 1820056 27628380    0    0 755504 460412 193190 500024 16  4 68 12  0  0
 4  0 117544 160710608 1820056 27628396    0    0 763936 466252 193830 499727 16  4 68 12  0  0
 2  1 117544 160715356 1820056 27628408    0    0 760560 457864 192755 498653 16  4 68 12  0  0
23 13 117544 160712816 1820056 27628424    0    0 765344 448860 193580 502169 16  4 67 12  0  0
 4  0 117544 160716568 1820056 27628448    0    0 751696 450400 192137 496117 16  4 67 12  0  0
12 22 117544 160713960 1820060 27628468    0    0 769376 452020 192394 493633 16  4 67 12  0  0
19 16 117544 160709340 1820060 27628484    0    0 775104 463004 192926 507033 17  4 67 12  0  0
 4  1 117544 160714688 1820060 27628500    0    0 776320 465912 194308 505907 16  4 67 12  0  0
 2  1 117544 160717668 1820060 27628516    0    0 761456 453468 190486 498227 17  4 68 12  0  0
14 20 117544 160729680 1820060 27628540    0    0 761712 459996 192068 501453 16  4 68 12  0  0
procs -----------memory---------- ---swap-- -----io---- -system-- -------cpu-------
 r  b   swpd   free   buff  cache   si   so    bi    bo   in   cs us sy id wa st gu
30  6 117544 160722376 1820064 27628556    0    0 769920 455580 193454 506999 16  4 67 12  0  0
18 16 117544 160723520 1820064 27628572    0    0 757232 453052 192591 499965 16  4 68 12  0  0
18 19 117544 160726780 1820064 27628588    0    0 765296 455980 193782 501903 16  4 68 12  0  0
23 13 117544 160726540 1820068 27628612    0    0 760288 462388 193207 500594 16  4 67 12  0  0
24 12 117544 160729476 1820068 27628632    0    0 758496 451008 191238 495782 16  4 68 12  0  0
23 15 117544 160735532 1820072 27628648    0    0 761536 454076 191686 498128 16  4 68 12  0  0
 5  0 117544 160739708 1820072 27628668    0    0 758560 457816 193075 501361 16  4 67 12  0  0
21 15 117544 160740904 1820072 27628684    0    0 761632 457272 192702 502814 16  4 67 12  0  0
22 12 117544 160741164 1820072 27628708    0    0 769104 461784 193317 501049 16  4 67 12  0  0
26 10 117544 160743544 1820072 27628728    0    0 773456 459044 193434 503698 17  4 67 12  0  0
17 19 117544 160740268 1820076 27628804    0    0 764640 460500 192334 496686 16  4 67 12  0  0
22 14 117544 160738272 1820076 27628824    0    0 768656 453608 192056 499214 16  4 67 12  0  0
22 13 117544 160739948 1820076 27628848    0    0 756912 457244 191769 500512 16  4 68 12  0  0
 8  0 117544 160738108 1820076 27628864    0    0 760448 458332 192316 500874 16  4 67 12  0  0
20 16 117544 160742392 1820076 27628884    0    0 744640 441224 190359 487559 16  4 68 12  0  0
22  7 117544 160740028 1820076 27628896    0    0 744080 439276 190126 494085 16  4 67 12  0  0
14  0 117544 160737032 1820076 27628916    0    0 742768 450296 188954 483772 16  4 68 12  0  0
25 13 117544 160729412 1820076 27628944    0    0 753024 443656 189457 490950 16  4 67 12  0  0
 5  1 117544 160729836 1820076 27628960    0    0 762944 449716 193504 503461 16  4 67 12  0  0
20 18 117544 160725792 1820076 27628976    0    0 773408 459500 193119 501834 16  4 67 12  0  0
 2  1 117544 160727700 1820080 27628992    0    0 767920 455320 192807 506776 16  4 67 12  0  0
procs -----------memory---------- ---swap-- -----io---- -system-- -------cpu-------
 r  b   swpd   free   buff  cache   si   so    bi    bo   in   cs us sy id wa st gu
28  4 117544 160726308 1820080 27629016    0    0 781680 463016 194879 507207 16  4 67 12  0  0
 2  2 117544 160731108 1820080 27629036    0    0 761920 464320 193377 500354 16  4 68 12  0  0
 4  0 117544 160731532 1820080 27629052    0    0 776208 464956 193479 500781 16  4 67 12  0  0
36  0 117544 160727920 1820080 27629072    0    0 761264 462584 192759 495191 16  4 68 12  0  0
 7  1 117544 160733632 1820080 27629096    0    0 760672 454728 190876 493732 16  4 68 12  0  0
 4  0 117544 160739516 1820080 27629112    0    0 767008 459636 193029 497028 17  4 67 12  0  0
 5  0 117544 160738268 1820080 27629128    0    0 764896 461372 193356 498078 16  4 67 12  0  0
17 17 117544 160735856 1820080 27629144    0    0 760288 459564 192353 496895 16  4 67 12  0  0
 4  0 117544 160729540 1820080 27629164    0    0 757456 460116 192148 494063 16  4 68 12  0  0
29  5 117544 160732808 1820088 27629180    0    0 775152 454708 193088 500734 16  4 67 12  0  0
17 18 117544 160730300 1820088 27629208    0    0 755936 453120 192642 499197 16  4 68 12  0  0
 4  0 117544 160727588 1820088 27629220    0    0 764880 454344 193046 505371 16  4 67 12  0  0
 5  1 117544 160722480 1820088 27629236    0    0 758336 464400 192707 499744 16  4 68 12  0  0
 8  1 117544 160731256 1820088 27629256    0    0 761280 458324 192686 497927 16  4 68 12  0  0
 3  0 117544 160731712 1820092 27629272    0    0 761808 462732 192162 499892 16  4 68 12  0  0
 4  0 117544 160725492 1820092 27629292    0    0 759440 448600 192146 500359 16  4 67 13  0  0
20 16 117544 160729440 1820092 27629316    0    0 744848 444428 189608 489006 16  4 68 12  0  0
 3  0 117544 160728916 1820092 27629332    0    0 741536 438332 189112 484819 16  4 67 12  0  0
20 17 117544 160725052 1820092 27629356    0    0 739600 443680 188304 483872 16  4 68 12  0  0
17 17 117544 160730400 1820092 27629376    0    0 735184 439108 188322 481978 16  4 67 13  0  0
25  9 117544 160729588 1820092 27629396    0    0 744896 432964 189546 482793 16  4 68 13  0  0
procs -----------memory---------- ---swap-- -----io---- -system-- -------cpu-------
 r  b   swpd   free   buff  cache   si   so    bi    bo   in   cs us sy id wa st gu
29  8 117544 160723020 1820092 27629424    0    0 743024 448140 190556 491628 16  4 67 12  0  0
19 18 117544 160725540 1820092 27629444    0    0 749488 436632 190637 486127 16  4 67 12  0  0
 3  0 117544 160728148 1820092 27629456    0    0 739200 444428 189437 484014 16  4 68 12  0  0
20 17 117544 160729760 1820092 27629480    0    0 745904 445200 190341 488816 16  4 67 12  0  0
 3  0 117544 160722312 1820092 27629496    0    0 754704 446872 191048 496677 16  4 67 13  0  0
16  0 117544 160728416 1820092 27629516    0    0 750144 446724 190833 491335 16  4 67 12  0  0
 4  4 117544 160724540 1820092 27629536    0    0 756352 450776 190621 494338 16  4 68 12  0  0
21 15 117544 160734260 1820092 27629552    0    0 759664 453972 192966 506970 17  4 67 12  0  0
19 17 117544 160736296 1820092 27629568    0    0 762992 458624 192106 498645 16  4 67 12  0  0
21 13 117544 160737280 1820096 27629588    0    0 765872 453972 193580 505379 16  4 67 12  0  0
22 13 117544 160738244 1820096 27629608    0    0 750784 456828 191070 495905 16  4 68 12  0  0
 5  0 117544 160733032 1820096 27629624    0    0 767392 460392 193114 503068 17  4 67 12  0  0
15 22 117544 160734556 1820096 27629640    0    0 769968 458124 193472 504124 16  4 67 12  0  0
20 19 117544 160734240 1820096 27629664    0    0 758448 459176 192225 498121 16  4 68 12  0  0
 8  0 117544 160728764 1820096 27629688    0    0 777520 459152 194449 507157 17  4 67 12  0  0
22 14 117544 160730908 1820096 27629704    0    0 760912 459416 192503 498259 16  4 68 12  0  0
25 10 117544 160727876 1820096 27629720    0    0 765600 460676 192888 499499 16  4 67 12  0  0
19 15 117544 160733168 1820096 27629736    0    0 758992 446700 191133 496143 16  4 67 13  0  0
 5  0 117544 160731368 1820096 27629756    0    0 756256 445992 190811 495134 16  4 67 13  0  0
24 16 117544 160734316 1820096 27629776    0    0 753520 439932 189870 492015 16  4 67 13  0  0
20 15 117544 160729644 1820096 27629792    0    0 756848 447020 190517 496247 16  4 67 13  0  0
procs -----------memory---------- ---swap-- -----io---- -system-- -------cpu-------
 r  b   swpd   free   buff  cache   si   so    bi    bo   in   cs us sy id wa st gu
 5  0 117544 160729644 1820096 27629808    0    0 743536 452340 190024 486608 16  4 67 13  0  0
23 11 117544 160731480 1820096 27629824    0    0 750160 443008 189726 489703 16  4 67 12  0  0
 4  0 117544 160726308 1820096 27629848    0    0 733616 441860 189178 482510 16  4 68 12  0  0
 5  2 117544 160726824 1820096 27629868    0    0 754128 441928 190529 495859 16  4 67 13  0  0
21 16 117544 160722028 1820096 27629880    0    0 737152 445016 189281 487844 16  4 68 12  0  0
 4  0 117544 160721992 1820096 27629900    0    0 740208 447532 190163 491046 16  4 68 12  0  0
28  7 117544 160715412 1820096 27629928    0    0 760928 442236 191123 499103 16  4 67 12  0  0
23 12 117544 160709464 1820096 27630028    0    0 738144 451848 189160 487575 16  4 67 12  0  0
35  1 117544 160703112 1820096 27630048    0    0 752816 440832 190547 496555 16  4 67 12  0  0
25 12 117544 160707376 1820096 27630068    0    0 762224 458248 192192 497596 16  4 68 12  0  0
 3  1 117544 160711572 1820096 27630084    0    0 762992 460056 192514 498223 16  4 67 12  0  0
23 14 117544 160716924 1820096 27630108    0    0 760064 447928 192026 497561 16  4 68 12  0  0
28  9 117544 160717384 1820096 27630124    0    0 761504 455760 192716 503413 16  5 67 12  0  0
 4  0 117544 160714276 1820096 27630144    0    0 760480 453664 193095 504670 17  4 67 12  0  0
 6  1 117544 160714748 1820096 27630160    0    0 761344 460368 192002 496723 16  4 68 12  0  0
20 15 117544 160719060 1820096 27630180    0    0 766128 450252 191942 497300 16  4 67 12  0  0
23 13 117544 160721680 1820096 27630196    0    0 754992 458428 192639 502946 16  4 68 12  0  0
26 13 117544 160720328 1820096 27630212    0    0 753904 449448 191038 496080 16  4 68 12  0  0
 4  0 117544 160719020 1820096 27630236    0    0 751648 448820 190414 495232 16  4 67 12  0  0
 3  0 117544 160720496 1820096 27630252    0    0 742640 444324 190405 493246 16  4 67 12  0  0
23 12 117544 160727792 1820096 27630272    0    0 745520 442504 189269 490597 16  4 68 12  0  0
procs -----------memory---------- ---swap-- -----io---- -system-- -------cpu-------
 r  b   swpd   free   buff  cache   si   so    bi    bo   in   cs us sy id wa st gu
 3  0 117544 160733872 1820096 27630288    0    0 746048 452684 190110 488411 16  4 67 12  0  0
19 17 117544 160725984 1820096 27630304    0    0 756096 444008 191303 497328 16  4 67 12  0  0
22 15 117544 160728480 1820096 27630324    0    0 744016 444388 191310 500572 16  4 67 12  0  0
19 18 117544 160731528 1820096 27630352    0    0 762208 456292 193296 501894 16  4 68 12  0  0
27  8 117544 160729920 1820096 27630372    0    0 766272 455100 191995 501485 16  4 67 12  0  0
 3  0 117544 160736900 1820096 27630388    0    0 760992 460368 191883 495532 16  4 68 12  0  0
19 17 117544 160729156 1820100 27630404    0    0 763696 459604 192130 497682 16  4 68 12  0  0
15 11 117544 160724300 1820100 27630424    0    0 775344 453396 192296 503254 16  4 68 12  0  0
 6  0 117544 160719948 1820100 27630444    0    0 764672 467416 192526 495606 16  4 68 12  0  0
27  9 117544 160723496 1820100 27630460    0    0 781456 453744 193981 504382 16  4 67 12  0  0
19  0 117544 160727936 1820100 27630480    0    0 762320 458952 192375 501475 16  4 68 12  0  0
 4  0 117544 160726400 1820100 27630496    0    0 783424 458632 193459 503803 16  4 67 12  0  0
29  5 117544 160723936 1820100 27630512    0    0 773904 462560 193450 502373 16  4 67 12  0  0
20 15 117544 160716452 1820100 27630532    0    0 763856 455804 191069 497560 16  4 68 12  0  0
23 13 117544 160714280 1820100 27630552    0    0 773376 460000 191839 500379 16  4 67 12  0  0
22 12 117544 160715984 1820100 27630568    0    0 755424 460512 192115 498975 16  4 68 12  0  0
 4  0 117544 160719672 1820100 27630588    0    0 761232 452820 191690 497651 16  4 68 12  0  0
24 12 117544 160722532 1820100 27630608    0    0 767072 462524 193056 498237 16  4 68 12  0  0
19  0 117544 160721900 1820100 27630628    0    0 760288 456568 191168 497370 16  4 68 12  0  0
