procs -----------memory---------- ---swap-- -----io---- -system-- -------cpu-------
 r  b   swpd   free   buff  cache   si   so    bi    bo   in   cs us sy id wa st gu
 4  0 117288 155438236 1922052 32982136    0    2 39017 34668 12620    6  4  1 95  1  0  0
 0  4 117288 155410548 1922052 32982216    0    0 134752 63576 95018 80951  3  1 94  2  0  0
 4  1 117288 155407948 1922052 32982220    0    0 182432 77056 99578 100426  3  1 94  2  0  0
 1  3 117288 155404156 1922052 32982228    0    0 188288 30048 97514 100563  3  1 94  2  0  0
 2  2 117288 155402252 1922052 32982236    0    0 187472 28760 97522 98204  3  1 94  2  0  0
 2  2 117288 155396348 1922052 32982248    0    0 184528 40300 97774 100193  3  1 94  2  0  0
 3  1 117288 155392676 1922052 32982260    0    0 180944 64732 98569 99042  3  1 95  2  0  0
 4  1 117288 155393540 1922052 32982268    0    0 172464 98256 99633 96610  3  1 95  2  0  0
 1  4 117288 155392416 1922052 32982276    0    0 170736 103464 99858 96639  3  1 95  2  0  0
 3  2 117288 155390464 1922052 32982284    0    0 171536 101128 99268 97232  2  1 95  2  0  0
 5  0 117288 155391228 1922056 32982288    0    0 173104 106272 99780 97928  2  1 95  2  0  0
 1  3 117288 155392628 1922056 32982300    0    0 177008 86384 99560 98161  2  1 95  2  0  0
 2  2 117288 155384660 1922056 32982316    0    0 176624 84568 99481 98433  3  1 95  2  0  0
 2  2 117288 155381812 1922056 32982324    0    0 174624 85784 98991 98456  2  1 95  2  0  0
 4  1 117288 155378248 1922056 32982332    0    0 175632 91376 99643 98492  3  1 95  2  0  0
 5  1 117288 155374188 1922056 32982344    0    0 176192 86652 98914 97804  2  1 95  2  0  0
 6  3 117288 155377524 1922056 32982356    0    0 175424 94240 99472 98125  2  1 95  2  0  0
 4  1 117288 155379316 1922056 32982364    0    0 174608 92072 99584 97422  3  1 94  2  0  0
 2  2 117288 155386364 1922056 32982372    0    0 175792 91508 99119 97564  3  1 95  2  0  0
 2  2 117288 155384920 1922056 32982376    0    0 174592 94292 99368 97276  3  1 95  2  0  0
 1  3 117288 155389152 1922060 32982380    0    0 174768 94316 99876 97453  3  1 95  2  0  0
procs -----------memory---------- ---swap-- -----io---- -system-- -------cpu-------
 r  b   swpd   free   buff  cache   si   so    bi    bo   in   cs us sy id wa st gu
 3  2 117288 155396404 1922060 32982400    0    0 175520 93864 99217 98278  3  1 95  2  0  0
 6  0 117288 155381804 1922060 32982408    0    0 175808 95480 99820 102775  3  1 94  2  0  0
 4  0 117288 155371748 1922060 32982420    0    0 173840 98472 99870 99151  3  1 94  2  0  0
 3  1 117288 155377220 1922060 32982428    0    0 174256 97132 99623 97131  3  1 95  2  0  0
 2  3 117288 155374664 1922060 32982440    0    0 175552 95512 99279 99251  3  1 95  2  0  0
 4  1 117288 155381476 1922060 32982452    0    0 174864 101540 99650 98479  2  1 95  2  0  0
 3  2 117288 155375324 1922064 32982456    0    0 173712 95536 99351 96612  3  1 95  2  0  0
 1  3 117288 155372020 1922064 32982468    0    0 175456 100332 100140 96834  3  1 94  2  0  0
 7  1 117288 155368744 1922064 32982476    0    0 180016 100384 100299 99411  3  1 94  2  0  0
 5  1 117288 155373704 1922064 32982488    0    0 178528 101776 99699 99076  2  1 95  2  0  0
 2  3 117288 155374300 1922064 32982500    0    0 177456 101696 99931 97736  2  1 95  2  0  0
 3  1 117288 155367448 1922064 32982508    0    0 175984 104212 100113 99188  3  1 94  2  0  0
 0  4 117288 155361848 1922064 32982520    0    0 177600 99848 99897 98508  2  1 95  2  0  0
 2  2 117288 155362492 1922064 32982528    0    0 175072 103348 100014 97697  3  1 95  2  0  0
 1  3 117288 155363512 1922064 32982544    0    0 177808 98404 99871 99017  2  1 95  2  0  0
 3  1 117288 155362140 1922064 32982552    0    0 175760 105812 99931 99830  3  1 95  2  0  0
 3  2 117288 155358276 1922064 32982560    0    0 175760 97636 99457 98874  3  1 95  2  0  0
 2  2 117288 155356576 1922064 32982568    0    0 176688 106580 99630 99480  3  1 95  2  0  0
 3  1 117288 155357984 1922064 32982576    0    0 177744 100952 100074 99581  3  1 95  2  0  0
 2  2 117288 155356596 1922064 32982588    0    0 175952 103072 99906 98424  2  1 95  2  0  0
 1  3 117288 155359352 1922064 32982600    0    0 175936 100680 99674 97853  3  1 95  2  0  0
procs -----------memory---------- ---swap-- -----io---- -system-- -------cpu-------
 r  b   swpd   free   buff  cache   si   so    bi    bo   in   cs us sy id wa st gu
 3  1 117288 155357016 1922064 32982612    0    0 177504 103684 100554 99303  3  1 95  2  0  0
 6  3 117288 155355184 1922064 32982620    0    0 176224 106732 100359 98692  2  1 95  2  0  0
 1  3 117288 155366224 1922064 32982632    0    0 177632 99484 100113 99217  3  1 94  2  0  0
 5  3 117288 155367412 1922064 32982640    0    0 174208 103968 99773 98600  2  1 95  2  0  0
 2  3 117288 155367776 1922064 32982648    0    0 177072 98420 99835 98214  2  1 95  2  0  0
 4  1 117288 155366880 1922068 32982660    0    0 176112 104104 100005 99302  3  1 94  2  0  0
 3  3 117288 155358112 1922068 32982676    0    0 177440 102040 100301 98938  3  1 94  2  0  0
 3  1 117288 155362208 1922068 32982684    0    0 176656 102152 100063 100012  2  1 95  2  0  0
 1  3 117288 155357392 1922068 32982692    0    0 175824 98036 99794 99433  3  1 94  2  0  0
 4  1 117288 155356840 1922068 32982788    0    0 175504 101492 99417 100048  3  1 94  2  0  0
 1  3 117288 155365072 1922068 32982800    0    0 177360 109720 100830 97815  2  1 95  2  0  0
 0  4 117288 155360560 1922068 32982808    0    0 174528 103468 99673 98416  3  1 95  2  0  0
 4  0 117288 155361664 1922068 32982816    0    0 174368 105140 99871 100086  3  1 95  2  0  0
 3  1 117288 155357748 1922068 32982828    0    0 175408 107588 100075 100637  2  1 95  2  0  0
 2  2 117288 155354148 1922068 32982836    0    0 177888 104680 100313 99176  3  1 95  2  0  0
 4  1 117288 155364752 1922068 32982848    0    0 177376 107900 100359 97601  3  1 95  2  0  0
 3  1 117288 155362196 1922068 32982860    0    0 175136 110064 100084 99513  3  1 94  2  0  0
 3  1 117288 155363192 1922068 32982868    0    0 176624 109948 100742 99905  3  1 94  2  0  0
 2  3 117288 155357860 1922068 32982876    0    0 176544 107272 100587 97461  3  1 95  2  0  0
 6  0 117288 155356912 1922068 32982884    0    0 178320 111244 100610 99772  2  1 95  2  0  0
 2  2 117288 155361192 1922068 32982896    0    0 176080 108188 99922 100795  2  1 95  2  0  0
procs -----------memory---------- ---swap-- -----io---- -system-- -------cpu-------
 r  b   swpd   free   buff  cache   si   so    bi    bo   in   cs us sy id wa st gu
 5  1 117288 155359252 1922068 32982908    0    0 177904 105068 100705 98616  3  1 94  2  0  0
 1  3 117288 155356776 1922068 32982916    0    0 177552 108532 100704 100938  2  1 95  2  0  0
 2  3 117288 155360660 1922068 32982928    0    0 177664 108676 100899 98528  3  1 94  2  0  0
 5  1 117288 155364576 1922068 32982936    0    0 177712 111184 100629 100342  3  1 94  2  0  0
 2  2 117288 155363076 1922068 32982948    0    0 176688 106560 100519 100504  3  1 94  2  0  0
 2  2 117288 155362388 1922072 32982964    0    0 177600 105620 100163 100741  3  1 95  2  0  0
 2  2 117288 155365052 1922072 32982972    0    0 177664 108028 100532 99099  3  1 94  2  0  0
 2  2 117288 155365120 1922072 32982980    0    0 176576 107232 99859 99835  3  1 95  2  0  0
 0  4 117288 155362260 1922072 32982984    0    0 175792 111164 100372 99348  3  1 95  2  0  0
 2  2 117288 155357624 1922072 32982992    0    0 175568 109104 100327 98288  3  1 95  2  0  0
 4  1 117288 155357972 1922076 32983004    0    0 176048 106184 100428 98617  3  1 94  2  0  0
 2  2 117288 155364824 1922076 32983016    0    0 176240 107208 99823 99499  2  1 95  2  0  0
 4  0 117288 155362732 1922076 32983024    0    0 174672 108348 99832 101001  3  1 95  2  0  0
 6  1 117288 155360712 1922076 32983032    0    0 179152 110516 100568 102201  2  1 95  2  0  0
 1  3 117288 155364476 1922076 32983044    0    0 176576 110856 100280 97549  3  1 95  2  0  0
 2  2 117288 155370444 1922076 32983056    0    0 176032 109852 100152 99673  3  1 95  2  0  0
 2  2 117288 155367104 1922076 32983064    0    0 176528 108152 100443 101085  2  1 95  2  0  0
 1  3 117288 155367200 1922076 32983076    0    0 178864 106860 100497 100686  3  1 94  2  0  0
 1  3 117288 155364872 1922076 32983084    0    0 176960 113588 100271 100054  3  1 95  2  0  0
 2  2 117288 155362964 1922076 32983092    0    0 174560 116452 100417 98692  3  1 95  2  0  0
 2  2 117288 155362056 1922076 32983108    0    0 177472 104872 99851 99551  3  1 95  2  0  0
procs -----------memory---------- ---swap-- -----io---- -system-- -------cpu-------
 r  b   swpd   free   buff  cache   si   so    bi    bo   in   cs us sy id wa st gu
 1  3 117288 155357652 1922076 32983116    0    0 175888 110856 100486 100114  3  1 95  2  0  0
 1  3 117288 155361544 1922076 32983124    0    0 176240 112428 100524 99467  3  1 94  2  0  0
 4  1 117288 155356088 1922076 32983132    0    0 177472 111752 100340 100560  2  1 95  2  0  0
 5  0 117288 155362452 1922076 32983144    0    0 174304 112464 100233 97598  3  1 95  2  0  0
 5  1 117288 155363196 1922076 32983152    0    0 172960 111180 100378 97483  3  1 95  2  0  0
 0  4 117288 155359740 1922076 32983160    0    0 175872 109872 100395 98054  3  1 94  2  0  0
 2  2 117288 155354328 1922076 32983168    0    0 175200 107784 100012 99614  3  1 94  2  0  0
 3  2 117288 155367572 1922076 32983176    0    0 174480 110592 99887 98616  2  1 95  2  0  0
 4  2 117288 155367940 1922076 32983188    0    0 177600 111992 100720 101173  2  1 95  2  0  0
 3  1 117288 155368432 1922076 32983200    0    0 177600 108572 100544 98866  3  1 94  2  0  0
 3  1 117288 155364052 1922076 32983208    0    0 176528 105916 100092 99612  3  1 94  2  0  0
 3  1 117288 155366192 1922076 32983216    0    0 176272 105652 100620 98186  3  1 95  2  0  0
 3  1 117288 155373496 1922076 32983224    0    0 176736 107700 100456 100153  3  1 95  2  0  0
 4  0 117288 155367252 1922076 32983240    0    0 174336 109996 100045 99734  3  1 95  2  0  0
 2  2 117288 155367208 1922080 32983248    0    0 175632 111928 100023 100973  3  1 95  2  0  0
 3  2 117288 155365108 1922080 32983264    0    0 175712 109284 99696 100649  3  1 95  2  0  0
 2  2 117288 155369744 1922080 32983272    0    0 174624 107556 100349 98563  3  1 95  2  0  0
 3  1 117288 155368736 1922080 32983280    0    0 175344 111436 100395 100821  2  1 95  2  0  0
 1  3 117288 155374076 1922080 32983296    0    0 174976 109960 100442 98253  3  1 94  2  0  0
 2  3 117288 155376024 1922080 32983308    0    0 176704 113664 100580 100948  3  1 94  2  0  0
 2  2 117288 155373492 1922080 32983316    0    0 178304 107556 100262 102243  3  1 94  2  0  0
procs -----------memory---------- ---swap-- -----io---- -system-- -------cpu-------
 r  b   swpd   free   buff  cache   si   so    bi    bo   in   cs us sy id wa st gu
 2  2 117288 155374600 1922080 32983324    0    0 175136 108932 100245 98639  3  1 94  2  0  0
 2  3 117288 155374176 1922080 32983332    0    0 177120 109784 100375 99586  3  1 94  2  0  0
 3  3 117288 155375732 1922080 32983340    0    0 177040 110860 100388 100702  2  1 95  2  0  0
 1  3 117288 155376788 1922080 32983348    0    0 176144 108184 100069 100239  2  1 95  2  0  0
 4  1 117288 155380136 1922084 32983364    0    0 177200 102644 100218 100750  3  1 95  2  0  0
 3  1 117288 155382696 1922084 32983372    0    0 174176 109224 100158 99117  3  1 94  2  0  0
 3  1 117288 155389076 1922084 32983448    0    0 175552 110684 100205 98923  3  1 94  2  0  0
 2  1 117288 155384840 1922084 32983456    0    0 175904 114932 100549 99205  3  1 95  2  0  0
 4  0 117288 155384152 1922084 32983464    0    0 175616 112844 100702 100439  3  1 94  2  0  0
 3  2 117288 155380196 1922088 32983476    0    0 176928 114956 100907 98711  3  1 94  2  0  0
 3  1 117288 155372588 1922088 32983484    0    0 175696 114180 100087 99739  2  1 95  2  0  0
 3  1 117288 155380928 1922088 32983496    0    0 176800 111272 100667 99424  3  1 94  2  0  0
 6  0 117288 155379016 1922088 32983504    0    0 176544 109676 100411 99655  3  1 95  2  0  0
 4  0 117288 155383572 1922088 32983512    0    0 174560 110256 100263 98653  3  1 95  2  0  0
 2  2 117288 155384292 1922096 32983516    0    0 176688 110688 100029 99640  3  1 95  2  0  0
 3  2 117288 155380812 1922096 32983540    0    0 176752 109380 100499 99318  3  1 94  2  0  0
 3  1 117288 155383628 1922096 32983548    0    0 177248 111420 100385 99558  3  1 95  2  0  0
 8  1 117288 155382048 1922096 32983556    0    0 176288 107248 100057 99039  3  1 95  2  0  0
 1  3 117288 155386140 1922096 32983560    0    0 174496 108564 99880 99186  2  1 95  2  0  0
 2  2 117288 155385164 1922096 32983572    0    0 175536 111048 100330 100003  3  1 94  2  0  0
 5  0 117288 155377516 1922096 32983584    0    0 175424 113840 100034 101419  3  1 95  2  0  0
procs -----------memory---------- ---swap-- -----io---- -system-- -------cpu-------
 r  b   swpd   free   buff  cache   si   so    bi    bo   in   cs us sy id wa st gu
 2  2 117288 155377940 1922096 32983592    0    0 174752 111748 100208 99948  3  1 94  2  0  0
 3  1 117288 155377672 1922096 32983600    0    0 174160 109020 99908 98557  3  1 94  2  0  0
 2  2 117288 155384760 1922096 32983608    0    0 176400 110128 100414 100744  3  1 94  2  0  0
 2  0 117288 155390016 1922096 32983616    0    0 175264 111424 100603 98700  3  1 95  2  0  0
 2  2 117288 155388780 1922096 32983632    0    0 175888 103796 99494 100217  2  1 95  2  0  0
 3  1 117288 155394904 1922096 32983644    0    0 175520 109380 100007 98647  3  1 95  2  0  0
 3  1 117288 155393744 1922096 32983652    0    0 176880 112876 100429 100307  2  1 95  2  0  0
 3  1 117288 155390004 1922096 32983660    0    0 177328 111356 100792 99452  3  1 95  2  0  0
 1  3 117288 155388944 1922100 32983668    0    0 176560 111328 100516 99337  3  1 95  2  0  0
 2  3 117288 155391688 1922100 32983684    0    0 177424 109948 100392 99040  3  1 94  2  0  0
 1  3 117288 155394500 1922100 32983692    0    0 175808 108776 100420 100001  3  1 95  2  0  0
 3  3 117288 155387404 1922100 32983704    0    0 176256 117576 100589 100252  3  1 95  2  0  0
 7  0 117288 155388892 1922100 32983712    0    0 176912 104224 99807 98961  2  1 95  2  0  0
 3  1 117288 155396668 1922104 32983720    0    0 174592 110596 99944 98441  3  1 95  2  0  0
 3  0 117288 155397728 1922104 32983732    0    0 175664 107164 100282 101101  3  1 95  2  0  0
 2  2 117288 155390940 1922104 32983740    0    0 176592 109108 100141 99339  3  1 95  2  0  0
 2  0 117288 155392900 1922104 32983748    0    0 175136 115104 100314 99264  3  1 94  2  0  0
 1  3 117288 155391136 1922104 32983756    0    0 176192 114340 100519 99265  3  1 94  2  0  0
 2  0 117288 155387168 1922112 32983756    0    0 178528 111124 100247 101345  3  1 95  2  0  0
 3  0 117288 155387244 1922112 32983780    0    0 177136 106912 100239 99539  3  1 95  2  0  0
 6  0 117288 155382252 1922112 32983792    0    0 176976 111080 100211 100785  3  1 94  2  0  0
procs -----------memory---------- ---swap-- -----io---- -system-- -------cpu-------
 r  b   swpd   free   buff  cache   si   so    bi    bo   in   cs us sy id wa st gu
 3  1 117288 155383236 1922112 32983800    0    0 174144 110912 100250 97978  3  1 95  2  0  0
 4  1 117288 155384548 1922112 32983808    0    0 174544 109916 99806 99799  3  1 95  2  0  0
 2  2 117288 155376968 1922112 32983820    0    0 174848 108264 100160 99897  3  1 95  2  0  0
 3  1 117288 155378728 1922116 32983832    0    0 174336 109932 100296 97941  3  1 95  2  0  0
 4  0 117288 155376932 1922116 32983840    0    0 174752 111024 100117 98142  3  1 95  2  0  0
 3  2 117288 155373632 1922116 32983848    0    0 173952 110996 99707 100695  3  1 95  2  0  0
 5  2 117288 155370124 1922116 32983856    0    0 173904 109440 100063 97512  3  1 95  2  0  0
 5  0 117288 155370528 1922116 32983868    0    0 176288 116472 100522 98426  2  1 95  2  0  0
 4  0 117288 155377140 1922116 32983880    0    0 178672 102436 100468 100541  3  1 94  2  0  0
 1  0 117288 155370284 1922116 32983888    0    0 176736 115644 100514 100016  2  1 95  2  0  0
 3  1 117288 155369268 1922124 32983884    0    0 173728 114312 100381 98385  2  1 95  2  0  0
 3  1 117288 155375088 1922124 32983900    0    0 173504 107396 99826 98679  3  1 95  2  0  0
 3  1 117288 155374204 1922124 32983912    0    0 176752 102920 100176 99286  3  1 95  2  0  0
 1  3 117288 155377556 1922124 32983928    0    0 173568 110648 99834 98771  3  1 94  2  0  0
 0  4 117288 155378024 1922124 32983936    0    0 176304 110092 100526 99880  3  1 95  2  0  0
 3  1 117288 155377736 1922124 32983944    0    0 175856 105916 99995 97516  3  1 95  2  0  0
 1  3 117288 155376408 1922124 32983964    0    0 175792 113496 100299 99683  3  1 95  2  0  0
 2  2 117288 155374584 1922124 32983972    0    0 176816 112632 100193 100579  3  1 95  2  0  0
 1  3 117288 155375884 1922128 32983980    0    0 179152 113900 100567 100861  2  1 95  2  0  0
 4  0 117288 155373556 1922128 32983992    0    0 176912 117144 100542 100527  3  1 95  2  0  0
 3  1 117288 155371956 1922128 32984000    0    0 176736 114012 100655 99677  3  1 95  2  0  0
procs -----------memory---------- ---swap-- -----io---- -system-- -------cpu-------
 r  b   swpd   free   buff  cache   si   so    bi    bo   in   cs us sy id wa st gu
 3  2 117288 155369148 1922128 32984012    0    0 177920 105112 100336 100334  2  1 95  2  0  0
 3  3 117288 155370916 1922128 32984020    0    0 175568 117380 100674 97366  2  1 95  2  0  0
 2  2 117288 155367968 1922132 32984032    0    0 175344 109436 100368 99820  3  1 95  2  0  0
 4  0 117288 155360412 1922132 32984112    0    0 177776 109576 100211 99655  3  1 94  2  0  0
 3  2 117288 155362676 1922132 32984124    0    0 177936 111716 100619 100058  3  1 95  2  0  0
 4  1 117288 155365328 1922132 32984132    0    0 178928 105272 100401 100913  3  1 94  2  0  0
 4  1 117288 155369732 1922132 32984140    0    0 175696 114236 100341 98679  3  1 94  2  0  0
 5  1 117288 155369568 1922132 32984144    0    0 174800 116904 100189 100703  2  1 95  2  0  0
 3  2 117288 155361368 1922132 32984156    0    0 178352 107324 100235 100633  3  1 94  2  0  0
 3  2 117288 155367520 1922132 32984164    0    0 176208 103904 99863 98831  2  1 95  2  0  0
 4  1 117288 155366008 1922132 32984176    0    0 173200 115732 100259 98378  3  1 94  2  0  0
 5  1 117288 155367776 1922132 32984184    0    0 177024 108536 100105 101256  3  1 94  2  0  0
 3  2 117288 155361788 1922132 32984192    0    0 175200 112512 100313 99975  2  1 95  2  0  0
 2  3 117288 155355144 1922132 32984204    0    0 174992 110520 99869 100657  3  1 95  2  0  0
 4  1 117288 155356452 1922132 32984216    0    0 175936 109756 100192 99114  3  1 94  2  0  0
 3  2 117288 155361032 1922132 32984224    0    0 172704 111032 100158 99638  3  1 95  2  0  0
 6  2 117288 155360404 1922132 32984232    0    0 177552 105956 100206 100221  3  1 95  2  0  0
 1  4 117288 155368408 1922132 32984240    0    0 175904 105704 100234 98894  2  1 95  2  0  0
 5  1 117288 155376016 1922132 32984252    0    0 174704 108396 100141 98830  2  1 95  2  0  0
 4  1 117288 155370308 1922132 32984264    0    0 176848 107992 100265 100148  3  1 95  2  0  0
 3  1 117288 155373908 1922140 32984264    0    0 173376 121968 100905 98805  3  1 95  2  0  0
procs -----------memory---------- ---swap-- -----io---- -system-- -------cpu-------
 r  b   swpd   free   buff  cache   si   so    bi    bo   in   cs us sy id wa st gu
 2  2 117288 155368748 1922140 32984280    0    0 178496 101700 99910 100970  3  1 95  2  0  0
 3  1 117288 155374260 1922140 32984288    0    0 176032 105324 100364 99783  3  1 95  2  0  0
 1  0 117288 155372160 1922140 32984300    0    0 175584 110156 100405 99710  3  1 95  2  0  0
 2  2 117288 155382756 1922140 32984308    0    0 176784 112892 100451 100054  2  1 95  2  0  0
 2  0 117288 155382544 1922140 32984316    0    0 178656 115580 100262 101223  2  1 95  2  0  0
 2  0 117288 155383472 1922140 32984324    0    0 179136 104744 100562 100823  2  1 95  2  0  0
 2  2 117288 155384280 1922140 32984336    0    0 173968 118472 100151 99868  2  1 95  2  0  0
 1  3 117288 155383804 1922140 32984352    0    0 178992 111860 100531 101390  3  1 95  2  0  0
 3  1 117288 155385788 1922140 32984364    0    0 177280 111552 100237 101071  2  1 95  2  0  0
 1  3 117288 155387508 1922140 32984372    0    0 176752 106024 100075 99715  3  1 94  2  0  0
 2  3 117288 155385156 1922140 32984384    0    0 176672 107076 99511 100985  2  1 95  2  0  0
 5  1 117288 155384580 1922140 32984392    0    0 176832 111080 100400 99893  2  1 95  2  0  0
 3  1 117288 155383172 1922140 32984408    0    0 177616 105228 100081 100122  3  1 95  2  0  0
 2  1 117288 155391664 1922140 32984416    0    0 174880 112276 100419 99404  2  1 95  2  0  0
 2  2 117288 155391196 1922140 32984428    0    0 179040 105552 100261 100625  3  1 94  2  0  0
 3  1 117288 155391492 1922140 32984436    0    0 174528 117076 100844 99876  3  1 95  2  0  0
 2  2 117288 155390564 1922140 32984444    0    0 177136 106720 100212 100601  3  1 94  2  0  0
 1  3 117288 155394024 1922140 32984456    0    0 176544 108500 99992 99935  2  1 95  2  0  0
 3  2 117288 155391380 1922140 32984468    0    0 177920 109316 99791 101593  3  1 95  2  0  0
 1  0 117288 155393124 1922140 32984476    0    0 179120 109848 100759 101724  3  1 94  2  0  0
 3  2 117288 155387828 1922140 32984480    0    0 174768 110272 99988 100221  3  1 95  2  0  0
procs -----------memory---------- ---swap-- -----io---- -system-- -------cpu-------
 r  b   swpd   free   buff  cache   si   so    bi    bo   in   cs us sy id wa st gu
 1  3 117288 155391624 1922140 32984488    0    0 175680 110324 100178 100884  3  1 95  2  0  0
 0  4 117288 155394412 1922140 32984500    0    0 174000 107236 99824 99892  3  1 95  2  0  0
 1  3 117288 155395192 1922140 32984512    0    0 174688 114708 100219 99887  3  1 95  2  0  0
 2  2 117288 155399188 1922140 32984520    0    0 175840 111064 100079 100646  2  1 95  2  0  0
 4  1 117288 155398296 1922140 32984528    0    0 178208 111472 100495 100445  2  1 95  2  0  0
 4  3 117288 155390608 1922140 32984536    0    0 178016 105576 99851 100013  2  1 95  2  0  0
 1  3 117288 155394752 1922144 32984544    0    0 176784 112228 100295 100629  2  1 95  2  0  0
 2  2 117288 155390148 1922144 32984564    0    0 178400 110220 100026 101420  3  1 94  2  0  0
 0  4 117288 155387408 1922144 32984572    0    0 174912 108292 99774 98715  3  1 95  2  0  0
 3  1 117288 155383592 1922148 32984580    0    0 175904 110580 99941 99644  2  1 95  2  0  0
 4  1 117288 155384604 1922148 32984588    0    0 176592 110892 100373 99958  3  1 94  2  0  0
 1  3 117288 155386912 1922148 32984600    0    0 174400 113540 100515 97402  3  1 95  2  0  0
 2  2 117288 155384980 1922148 32984612    0    0 175408 105156 99901 99537  3  1 94  2  0  0
 2  2 117288 155386500 1922148 32984620    0    0 175808 109428 99898 100198  3  1 94  2  0  0
 2  2 117288 155384584 1922156 32984620    0    0 174896 108472 100144 99928  3  1 94  2  0  0
 5  0 117288 155379332 1922156 32984640    0    0 172192 111292 100309 97714  3  1 94  2  0  0
 4  0 117288 155378060 1922160 32984644    0    0 173888 104848 99503 99669  3  1 95  2  0  0
 2  2 117288 155379428 1922160 32984656    0    0 176912 108004 100604 98698  2  1 95  2  0  0
 2  2 117288 155375980 1922160 32984668    0    0 176624 109492 100351 99108  3  1 95  2  0  0
 1  0 117288 155374952 1922160 32984676    0    0 179376 108196 100051 100729  3  1 95  2  0  0
 4  2 117288 155371772 1922160 32984688    0    0 174608 114428 99931 100963  3  1 95  2  0  0
procs -----------memory---------- ---swap-- -----io---- -system-- -------cpu-------
 r  b   swpd   free   buff  cache   si   so    bi    bo   in   cs us sy id wa st gu
 4  2 117288 155376836 1922160 32984760    0    0 178256 112984 100490 98334  2  1 95  2  0  0
 2  2 117288 155374388 1922160 32984772    0    0 175008 111348 100216 100024  3  1 95  2  0  0
 3  2 117288 155377592 1922160 32984780    0    0 175856 110412 100689 98884  3  1 94  2  0  0
 2  0 117288 155379340 1922160 32984792    0    0 176192 110868 100178 99339  3  1 95  2  0  0
 1  3 117288 155390104 1922160 32984800    0    0 174016 110808 100060 99271  3  1 95  2  0  0
 3  1 117288 155384700 1922160 32984808    0    0 173456 112444 100224 97868  3  1 95  2  0  0
 4  0 117288 155386192 1922164 32984820    0    0 174336 98648 99324 97723  3  1 94  2  0  0
 2  1 117288 155388524 1922164 32984832    0    0 172912 114640 100072 96429  3  1 95  2  0  0
 2  0 117288 155385292 1922164 32984844    0    0 176192 109072 99805 97540  3  1 94  2  0  0
 4  1 117288 155383104 1922164 32984856    0    0 176784 106728 100254 100504  3  1 94  2  0  0
 3  2 117288 155391480 1922164 32984864    0    0 174672 108380 100151 99363  3  1 95  2  0  0
 3  1 117288 155387760 1922168 32984872    0    0 174688 109448 99834 99396  3  1 94  2  0  0
 4  2 117288 155388200 1922168 32984884    0    0 174480 112264 100164 100232  2  1 95  2  0  0
 3  1 117288 155379484 1922168 32984892    0    0 177104 106168 100142 99092  3  1 95  2  0  0
 2  2 117288 155379516 1922168 32984904    0    0 176448 109320 100342 99208  3  1 95  2  0  0
 6  1 117288 155380444 1922168 32984912    0    0 178000 110568 99834 101338  2  1 95  2  0  0
 1  0 117288 155380916 1922172 32984916    0    0 177824 104704 100132 100304  2  1 95  2  0  0
 7  2 117288 155381500 1922172 32984932    0    0 176176 116208 100551 101521  3  1 95  2  0  0
 2  2 117288 155387612 1922172 32984944    0    0 176528 112300 100069 99924  3  1 95  2  0  0
 3  3 117288 155390204 1922172 32984952    0    0 179120 110576 100495 101416  3  1 94  2  0  0
 3  1 117288 155389440 1922172 32984960    0    0 179168 108396 100443 101094  3  1 94  2  0  0
procs -----------memory---------- ---swap-- -----io---- -system-- -------cpu-------
 r  b   swpd   free   buff  cache   si   so    bi    bo   in   cs us sy id wa st gu
 1  3 117288 155389732 1922176 32984968    0    0 179424 112476 100907 100517  2  1 95  2  0  0
 4  2 117288 155395124 1922176 32984980    0    0 178640 105120 100260 99783  3  1 94  2  0  0
 2  0 117288 155393020 1922176 32984992    0    0 177152 113524 100417 100099  3  1 95  2  0  0
 1  0 117288 155388516 1922176 32985000    0    0 179040 105664 100309 99126  3  1 94  2  0  0
 4  0 117288 155390300 1922176 32985008    0    0 175440 118860 100634 98662  2  1 95  2  0  0
 2  3 117288 155388300 1922180 32985012    0    0 178480 107984 100447 100165  3  1 94  2  0  0
 2  2 117288 155385360 1922180 32985028    0    0 176080 108264 100092 99597  3  1 95  2  0  0
 2  2 117288 155381136 1922180 32985040    0    0 177040 111160 100595 99960  3  1 95  2  0  0
 4  1 117288 155384744 1922180 32985052    0    0 180400 103788 100884 100495  3  1 94  2  0  0
 5  2 117288 155377092 1922180 32985056    0    0 176496 114544 100401 99760  2  1 95  2  0  0
 1  3 117288 155385112 1922184 32985060    0    0 175488 115036 100233 99664  2  1 95  2  0  0
 2  2 117288 155382056 1922184 32985080    0    0 178704 107912 100356 100323  3  1 94  2  0  0
 4  0 117288 155380992 1922184 32985088    0    0 176496 107388 100499 98732  3  1 95  2  0  0
 1  3 117288 155379092 1922184 32985096    0    0 175216 114644 100884 99380  2  1 95  2  0  0
 2  2 117288 155383848 1922184 32985104    0    0 178688 104960 100317 100625  2  1 95  2  0  0
 2  2 117288 155377524 1922188 32985108    0    0 177760 110900 100295 101410  3  1 94  2  0  0
 5  3 117288 155375488 1922188 32985124    0    0 177328 112108 100695 99504  3  1 95  2  0  0
 3  1 117288 155379084 1922188 32985136    0    0 179152 104680 99994 101194  3  1 94  2  0  0
 4  0 117288 155376612 1922188 32985144    0    0 176256 109472 99628 101393  3  1 95  2  0  0
 2  2 117288 155385324 1922188 32985160    0    0 175616 113948 100090 100409  3  1 95  2  0  0
 1  3 117288 155380980 1922188 32985168    0    0 176304 112380 100022 101105  3  1 95  2  0  0
procs -----------memory---------- ---swap-- -----io---- -system-- -------cpu-------
 r  b   swpd   free   buff  cache   si   so    bi    bo   in   cs us sy id wa st gu
 4  1 117288 155379296 1922188 32985184    0    0 175680 112024 100275 99531  3  1 94  2  0  0
 3  1 117288 155378740 1922188 32985192    0    0 177840 108580 100127 100285  3  1 94  2  0  0
 1  3 117288 155383480 1922188 32985200    0    0 173408 117288 100033 98906  3  1 95  2  0  0
 3  1 117288 155378520 1922188 32985208    0    0 178672 108916 100163 100892  3  1 95  2  0  0
 3  4 117288 155375820 1922188 32985220    0    0 173776 114304 100298 99662  2  1 95  2  0  0
 4  1 117288 155380628 1922192 32985228    0    0 176432 107356 100433 99662  3  1 95  2  0  0
 3  1 117288 155380292 1922192 32985240    0    0 174496 112268 99762 98482  3  1 95  2  0  0
 1  3 117288 155378836 1922192 32985248    0    0 175648 109892 100179 100160  3  1 95  2  0  0
 3  1 117288 155378480 1922192 32985256    0    0 175872 110004 99974 99390  3  1 95  2  0  0
 2  2 117288 155376280 1922192 32985264    0    0 176224 109628 100769 99097  3  1 95  2  0  0
 3  1 117288 155372548 1922192 32985276    0    0 177104 107484 100085 99179  2  1 95  2  0  0
 0  4 117288 155374772 1922192 32985288    0    0 177216 108028 100110 101099  3  1 94  2  0  0
 3  1 117288 155376772 1922192 32985296    0    0 174720 108584 99828 98991  2  1 95  2  0  0
 5  1 117288 155377160 1922192 32985304    0    0 176288 105516 100176 98858  2  1 95  2  0  0
 0  1 117288 155377284 1922192 32985316    0    0 175568 110668 100083 99182  3  1 95  2  0  0
 1  3 117288 155370196 1922192 32985324    0    0 177296 105056 99973 100578  3  1 95  2  0  0
 3  1 117288 155370412 1922192 32985336    0    0 176688 109972 100037 101042  3  1 94  2  0  0
 3  1 117288 155371640 1922192 32985344    0    0 174288 120780 100609 99206  3  1 95  2  0  0
 1  3 117288 155370836 1922192 32985420    0    0 176752 111676 99867 101377  3  1 95  2  0  0
 5  2 117288 155371320 1922192 32985432    0    0 177520 106868 100393 100204  3  1 94  2  0  0
 5  1 117288 155375712 1922192 32985448    0    0 175040 114380 100241 100921  2  1 95  2  0  0
procs -----------memory---------- ---swap-- -----io---- -system-- -------cpu-------
 r  b   swpd   free   buff  cache   si   so    bi    bo   in   cs us sy id wa st gu
 2  2 117288 155372304 1922192 32985460    0    0 176192 110848 100033 101095  3  1 95  2  0  0
 2  2 117288 155379784 1922192 32985468    0    0 178016 112848 100177 100914  3  1 94  2  0  0
 2  2 117288 155375304 1922192 32985472    0    0 177616 108020 100017 101295  3  1 94  2  0  0
 2  0 117288 155373728 1922192 32985484    0    0 176672 114348 100123 100526  3  1 95  2  0  0
 2  2 117288 155378432 1922196 32985492    0    0 177536 110424 100291 102373  3  1 95  2  0  0
 0  4 117288 155380344 1922196 32985504    0    0 178256 108612 100032 101784  3  1 95  2  0  0
 3  1 117288 155377912 1922196 32985512    0    0 174832 113472 100060 101101  3  1 95  2  0  0
 4  0 117288 155378688 1922196 32985520    0    0 177360 110868 100432 99133  2  1 95  2  0  0
 2  2 117288 155373764 1922196 32985532    0    0 174224 115136 100253 100842  3  1 95  2  0  0
 1  3 117288 155367472 1922200 32985536    0    0 177072 108684 99965 99420  3  1 95  2  0  0
 3  1 117288 155370840 1922200 32985552    0    0 176928 112584 100129 100765  3  1 95  2  0  0
 0  4 117288 155367792 1922200 32985564    0    0 176832 111864 100183 100437  2  1 95  2  0  0
 2  2 117288 155373728 1922200 32985576    0    0 175792 111600 100120 100618  2  1 95  2  0  0
 2  2 117288 155373780 1922200 32985584    0    0 176272 111540 100093 100973  2  1 95  2  0  0
 4  3 117288 155372360 1922200 32985592    0    0 177216 110692 100275 100379  2  1 95  2  0  0
 2  2 117288 155371708 1922200 32985600    0    0 175328 112228 100234 99090  2  1 95  2  0  0
 2  2 117288 155379668 1922200 32985612    0    0 178752 110864 100561 99555  3  1 95  2  0  0
 4  0 117288 155379408 1922200 32985620    0    0 177312 107468 99984 99690  2  1 95  2  0  0
 3  1 117288 155382688 1922200 32985632    0    0 172816 113524 99876 98510  2  1 95  2  0  0
 1  3 117288 155383604 1922200 32985636    0    0 173184 110092 100030 98885  3  1 95  2  0  0
 3  1 117288 155382916 1922204 32985644    0    0 179776 108924 100423 100769  2  1 95  2  0  0
procs -----------memory---------- ---swap-- -----io---- -system-- -------cpu-------
 r  b   swpd   free   buff  cache   si   so    bi    bo   in   cs us sy id wa st gu
 2  2 117288 155376580 1922204 32985656    0    0 176256 120348 100482 100223  3  1 95  2  0  0
 1  3 117288 155379600 1922204 32985668    0    0 175424 112516 100326 100671  3  1 95  2  0  0
 2  2 117288 155378316 1922204 32985680    0    0 176608 108056 100123 99076  3  1 95  2  0  0
 2  3 117288 155375700 1922208 32985684    0    0 173792 117692 100344 99615  3  1 95  2  0  0
 2  2 117288 155384148 1922212 32985696    0    0 176208 113204 100352 99308  3  1 95  2  0  0
 3  1 117288 155383000 1922212 32985708    0    0 176928 111496 100632 100694  2  1 95  2  0  0
 2  2 117288 155380528 1922212 32985720    0    0 177152 112300 100568 100389  3  1 94  2  0  0
 3  1 117288 155382352 1922212 32985736    0    0 174112 118924 99984 99701  3  1 95  2  0  0
 4  3 117288 155383136 1922212 32985744    0    0 177616 114756 100585 100656  2  1 95  2  0  0
 1  0 117288 155377976 1922212 32985752    0    0 177792 111000 100478 100981  3  1 95  2  0  0
 2  2 117288 155373412 1922212 32985772    0    0 176176 116232 100532 101133  3  1 95  2  0  0
 1  3 117288 155373364 1922212 32985784    0    0 179088 114008 100516 101241  3  1 94  2  0  0
 5  2 117288 155366036 1922212 32985792    0    0 177824 115800 100666 100855  2  1 95  2  0  0
 7  1 117288 155366632 1922212 32985800    0    0 177568 117180 100964 101841  2  1 95  2  0  0
 1  3 117288 155361212 1922212 32985808    0    0 174304 118084 100662 99789  3  1 95  2  0  0
 2  3 117288 155362224 1922212 32985820    0    0 177216 117272 100825 99663  3  1 95  2  0  0
 3  1 117288 155356796 1922212 32985828    0    0 174880 117196 100906 98412  2  1 95  2  0  0
 3  2 117288 155359184 1922216 32985832    0    0 176096 118364 100837 98993  3  1 94  2  0  0
 2  2 117288 155360684 1922216 32985844    0    0 177024 118148 100534 101567  3  1 94  2  0  0
 4  1 117288 155361408 1922216 32985856    0    0 176880 111880 100339 101019  2  1 95  2  0  0
 1  3 117288 155369944 1922216 32985868    0    0 177968 112428 100730 102295  3  1 95  2  0  0
procs -----------memory---------- ---swap-- -----io---- -system-- -------cpu-------
 r  b   swpd   free   buff  cache   si   so    bi    bo   in   cs us sy id wa st gu
 2  2 117288 155368232 1922216 32985876    0    0 178768 112020 100700 101370  2  1 95  2  0  0
 2  3 117288 155368032 1922220 32985880    0    0 178304 116928 100874 100010  3  1 95  2  0  0
 7  0 117288 155361280 1922220 32985892    0    0 175984 115092 100309 100916  2  1 95  2  0  0
 2  2 117288 155371460 1922220 32985912    0    0 176608 116464 101053 100827  2  1 95  2  0  0
 4  1 117288 155363148 1922220 32985920    0    0 177440 112488 100350 99949  3  1 95  2  0  0
 3  1 117288 155376052 1922220 32985928    0    0 176848 111944 100221 100273  3  1 94  2  0  0
 2  2 117288 155371584 1922220 32985936    0    0 176768 115192 100493 101283  3  1 94  2  0  0
 1  3 117288 155382532 1922220 32985948    0    0 175824 113216 100139 98686  3  1 95  2  0  0
 2  2 117288 155384240 1922220 32985956    0    0 177488 110960 100459 101016  3  1 94  2  0  0
 3  1 117288 155382088 1922220 32985968    0    0 177440 114740 100456 100283  3  1 95  2  0  0
 2  2 117288 155383568 1922220 32985980    0    0 178800 107996 100550 98901  3  1 95  2  0  0
 2  2 117288 155380452 1922224 32985984    0    0 178560 113472 100743 100433  3  1 94  2  0  0
 1  3 117288 155381172 1922224 32985992    0    0 177168 118028 100806 102323  3  1 94  2  0  0
 2  2 117288 155380276 1922224 32986004    0    0 177600 114796 100615 101607  3  1 95  2  0  0
 2  2 117288 155383580 1922224 32986016    0    0 177872 115168 100852 100315  3  1 94  2  0  0
 3  1 117288 155386952 1922224 32986108    0    0 179312 111764 100748 103262  3  1 94  2  0  0
 4  0 117288 155386752 1922224 32986116    0    0 180272 113608 100477 103192  3  1 94  2  0  0
 2  2 117288 155386864 1922224 32986124    0    0 179280 114928 100374 103183  3  1 94  2  0  0
 7  0 117288 155384812 1922224 32986136    0    0 175264 118696 100231 100224  2  1 95  2  0  0
 0  4 117288 155387056 1922224 32986144    0    0 177360 112776 100461 100679  3  1 95  2  0  0
 3  1 117288 155392244 1922224 32986156    0    0 178368 114024 100757 101440  3  1 94  2  0  0
procs -----------memory---------- ---swap-- -----io---- -system-- -------cpu-------
 r  b   swpd   free   buff  cache   si   so    bi    bo   in   cs us sy id wa st gu
 3  1 117288 155391560 1922224 32986164    0    0 177264 111344 100474 99977  3  1 94  2  0  0
 0  4 117288 155388104 1922224 32986180    0    0 176400 109992 100324 100588  3  1 95  2  0  0
 5  0 117288 155385788 1922224 32986192    0    0 175200 114680 100056 102053  3  1 95  2  0  0
 4  1 117288 155384092 1922224 32986200    0    0 176832 115280 100412 101089  3  1 94  2  0  0
 4  1 117288 155379064 1922224 32986212    0    0 177232 114600 100804 102190  3  1 95  2  0  0
 2  2 117288 155378016 1922224 32986220    0    0 177376 111928 100617 100170  2  1 95  2  0  0
 1  3 117288 155377624 1922224 32986228    0    0 177312 108704 100089 98111  3  1 95  2  0  0
 2  2 117288 155374144 1922224 32986240    0    0 179312 113824 100634 103446  3  1 94  2  0  0
 2  2 117288 155373668 1922224 32986244    0    0 176464 114928 100573 100040  2  1 95  2  0  0
 3  1 117288 155373004 1922224 32986256    0    0 176752 114976 100637 100523  2  1 95  2  0  0
 4  1 117288 155376076 1922228 32986260    0    0 178256 117732 101000 101406  3  1 94  2  0  0
 3  1 117288 155373168 1922228 32986276    0    0 176240 112660 100802 98632  3  1 95  2  0  0
 5  2 117288 155370328 1922228 32986284    0    0 177936 111108 100219 100289  2  1 95  2  0  0
 0  4 117288 155378804 1922228 32986296    0    0 178272 111976 100388 100807  2  1 95  2  0  0
 3  1 117288 155373684 1922232 32986300    0    0 179696 113564 101007 98698  3  1 94  2  0  0
 3  1 117288 155377012 1922236 32986308    0    0 178752 117376 100575 101509  2  1 95  2  0  0
 5  0 117288 155373728 1922236 32986324    0    0 176144 117596 100352 101632  3  1 95  2  0  0
 4  0 117288 155375936 1922236 32986336    0    0 178784 113500 100577 102657  3  1 94  2  0  0
 3  1 117288 155375868 1922236 32986352    0    0 180672 112992 100592 102429  3  1 94  2  0  0
 2  2 117288 155379016 1922236 32986356    0    0 176240 113832 100659 100184  3  1 94  2  0  0
 3  1 117288 155375888 1922236 32986364    0    0 177936 112464 100414 101000  3  1 95  2  0  0
procs -----------memory---------- ---swap-- -----io---- -system-- -------cpu-------
 r  b   swpd   free   buff  cache   si   so    bi    bo   in   cs us sy id wa st gu
 1  3 117288 155377620 1922236 32986388    0    0 177648 114540 100519 102655  3  1 94  2  0  0
 3  1 117288 155371396 1922236 32986388    0    0 177552 114944 100610 100563  3  1 94  2  0  0
 2  2 117288 155371776 1922236 32986396    0    0 177776 114084 100181 104000  2  1 95  2  0  0
 2  2 117288 155367344 1922236 32986408    0    0 177200 114452 100895 99469  3  1 94  2  0  0
 3  1 117288 155373712 1922236 32986412    0    0 176624 117988 100394 103437  3  1 94  2  0  0
 2  2 117288 155379968 1922236 32986432    0    0 179008 109536 100459 101782  3  1 94  2  0  0
 5  1 117288 155379660 1922236 32986432    0    0 178688 112600 100822 101643  3  1 95  2  0  0
 6  1 117288 155382352 1922236 32986440    0    0 179840 115652 101022 101047  2  1 95  2  0  0
 4  0 117288 155382656 1922236 32986456    0    0 176896 114456 100316 100107  2  1 95  2  0  0
 2  3 117288 155383604 1922236 32986464    0    0 178592 115872 100937 100151  3  1 94  2  0  0
 3  2 117288 155387492 1922244 32986472    0    0 178032 110724 100308 100780  3  1 94  2  0  0
 3  2 117288 155391404 1922244 32986488    0    0 175744 112228 100009 100330  3  1 95  2  0  0
 2  3 117288 155387612 1922244 32986488    0    0 176960 112532 99771 101258  3  1 95  2  0  0
 2  2 117288 155385452 1922244 32986516    0    0 177040 111496 100254 100704  3  1 95  2  0  0
 0  4 117288 155384260 1922244 32986520    0    0 176208 111808 100280 99381  3  1 95  2  0  0
 2  1 117288 155378368 1922248 32986524    0    0 177552 111624 100370 101756  3  1 95  2  0  0
 2  2 117288 155374204 1922248 32986544    0    0 177120 112948 100361 101494  3  1 95  2  0  0
 0  4 117288 155374276 1922248 32986544    0    0 178048 114416 100496 101315  3  1 94  2  0  0
 4  0 117288 155381216 1922248 32986556    0    0 177744 116252 100849 103312  3  1 95  2  0  0
 4  0 117288 155382672 1922248 32986580    0    0 175728 111636 100514 99869  3  1 95  2  0  0
 4  0 117288 155376340 1922248 32986580    0    0 174736 109468 100459 97919  3  1 94  2  0  0
procs -----------memory---------- ---swap-- -----io---- -system-- -------cpu-------
 r  b   swpd   free   buff  cache   si   so    bi    bo   in   cs us sy id wa st gu
 3  1 117288 155379192 1922248 32986592    0    0 175360 113036 100248 100536  3  1 94  2  0  0
 6  1 117288 155377428 1922248 32986600    0    0 176800 113840 100363 101968  3  1 95  2  0  0
 6  1 117288 155383508 1922248 32986608    0    0 180080 111840 100689 103490  2  1 95  2  0  0
 4  1 117288 155383776 1922248 32986624    0    0 178416 115240 100623 103433  3  1 95  2  0  0
 2  2 117288 155375748 1922252 32986620    0    0 178976 110224 100402 100695  3  1 94  2  0  0
 2  2 117288 155365556 1922252 32986632    0    0 176464 109152 99918 101302  3  1 94  2  0  0
 3  1 117288 155371696 1922252 32986648    0    0 176880 111528 99900 103317  3  1 95  2  0  0
 2  2 117288 155369028 1922252 32986656    0    0 177056 113832 100511 100679  2  1 95  2  0  0
 7  0 117288 155362136 1922252 32986676    0    0 178496 115096 100841 102366  3  1 95  2  0  0
 1  3 117288 155364472 1922256 32986680    0    0 177680 116304 100784 101938  3  1 95  2  0  0
 1  3 117288 155367388 1922256 32986684    0    0 180192 115484 101129 101387  3  1 94  2  0  0
 1  3 117288 155363980 1922256 32986700    0    0 180768 114232 100394 102435  3  1 94  2  0  0
 2  2 117288 155359092 1922260 32986776    0    0 178976 113056 100671 99716  3  1 94  2  0  0
 5  0 117288 155352932 1922260 32986784    0    0 177568 114352 100184 103015  3  1 95  2  0  0
 1  3 117288 155363716 1922260 32986800    0    0 176608 115180 100370 102473  3  1 94  2  0  0
 1  3 117288 155361992 1922260 32986800    0    0 179840 115608 100805 101419  3  1 94  2  0  0
 7  0 117288 155366508 1922260 32986816    0    0 178896 112260 100330 103871  3  1 94  2  0  0
 5  1 117288 155371040 1922260 32986824    0    0 178336 111468 100491 102158  2  1 95  2  0  0
 2  2 117288 155367616 1922260 32986828    0    0 178656 114196 100462 101757  3  1 94  2  0  0
 4  1 117288 155360296 1922264 32986840    0    0 177824 113832 100359 102641  3  1 94  2  0  0
 0  4 117288 155357960 1922264 32986852    0    0 177776 116556 100815 100347  2  1 95  2  0  0
procs -----------memory---------- ---swap-- -----io---- -system-- -------cpu-------
 r  b   swpd   free   buff  cache   si   so    bi    bo   in   cs us sy id wa st gu
 2  2 117288 155362500 1922264 32986852    0    0 179824 114636 100766 103623  3  1 94  2  0  0
 6  0 117288 155369592 1922264 32986872    0    0 180512 113800 100132 103323  3  1 94  2  0  0
 3  1 117288 155373628 1922264 32986884    0    0 179456 112172 100074 102314  3  1 94  2  0  0
 3  2 117288 155370596 1922268 32986884    0    0 178960 110768 100357 101550  3  1 94  2  0  0
 2  2 117288 155373768 1922268 32986904    0    0 178928 112008 100166 102682  3  1 94  2  0  0
 7  1 117288 155376492 1922268 32986904    0    0 175456 115456 100569 98354  3  1 95  2  0  0
 5  1 117288 155377552 1922268 32986924    0    0 179232 113984 100282 101353  3  1 94  2  0  0
 2  2 117288 155375552 1922268 32986932    0    0 181024 115196 101013 103773  3  1 94  2  0  0
 3  1 117288 155372600 1922268 32986936    0    0 180096 111488 101043 102847  3  1 94  2  0  0
 2  2 117288 155376896 1922272 32986952    0    0 179840 114128 100551 102623  3  1 94  2  0  0
 5  1 117288 155378532 1922272 32986964    0    0 179104 110564 100240 100013  3  1 94  2  0  0
 7  1 117288 155379948 1922272 32986964    0    0 178816 117260 100300 103649  2  1 95  2  0  0
 4  1 117288 155390256 1922272 32986984    0    0 178992 114644 100805 103009  2  1 95  2  0  0
 2  2 117288 155384284 1922272 32986988    0    0 178352 115964 100208 102902  3  1 95  2  0  0
 2  4 117288 155380752 1922276 32987000    0    0 179088 113088 100281 102158  2  1 95  2  0  0
 2  2 117288 155378104 1922276 32987012    0    0 179104 113976 100436 103347  2  1 95  2  0  0
 2  3 117288 155375504 1922276 32987012    0    0 180192 112636 100502 103349  2  1 95  2  0  0
 1  3 117288 155380832 1922276 32987032    0    0 179488 113732 100485 101859  3  1 94  2  0  0
 4  3 117288 155381712 1922276 32987044    0    0 180592 114800 100673 103470  3  1 94  2  0  0
 3  1 117288 155380652 1922280 32987044    0    0 179344 113796 100079 103290  3  1 94  2  0  0
 2  2 117288 155384392 1922280 32987068    0    0 178496 113576 100623 104050  2  1 95  2  0  0
procs -----------memory---------- ---swap-- -----io---- -system-- -------cpu-------
 r  b   swpd   free   buff  cache   si   so    bi    bo   in   cs us sy id wa st gu
 2  1 117288 155382212 1922280 32987076    0    0 180592 112968 100642 104156  2  1 95  2  0  0
 2  2 117288 155380456 1922280 32987092    0    0 177040 109308 100165 100458  3  1 94  2  0  0
 3  2 117288 155376596 1922280 32987100    0    0 176400 115208 100496 102259  3  1 94  2  0  0
 1  3 117288 155375436 1922284 32987100    0    0 177616 113192 100823 100612  3  1 94  2  0  0
 2  2 117288 155371768 1922284 32987120    0    0 177136 114608 100403 101568  2  1 95  2  0  0
 5  3 117288 155368160 1922284 32987128    0    0 177872 110520 100329 100057  3  1 95  2  0  0
 4  0 117288 155371504 1922284 32987128    0    0 177472 112872 100367 100879  2  1 95  2  0  0
 1  3 117288 155373600 1922284 32987148    0    0 178432 116804 100946 100556  2  1 95  2  0  0
 2  2 117288 155375940 1922284 32987160    0    0 178144 118104 100214 104172  3  1 94  2  0  0
 3  2 117288 155369480 1922284 32987208    0    0 178416 113340 100751 103716  3  1 94  2  0  0
 4  0 117288 155365048 1922284 32987220    0    0 177872 112504 100024 103127  2  1 95  2  0  0
 1  3 117288 155363596 1922284 32987228    0    0 179184 109968 100043 102679  3  1 94  2  0  0
 2  2 117288 155363032 1922284 32987244    0    0 176608 116644 100208 101509  2  1 94  2  0  0
 4  0 117288 155368480 1922288 32987256    0    0 178064 114652 100340 102137  3  1 94  2  0  0
 1  3 117288 155364368 1922288 32987256    0    0 177072 114060 100619 101720  3  1 94  2  0  0
 1  3 117288 155375592 1922288 32987272    0    0 179888 114456 100807 103117  3  1 94  2  0  0
 2  2 117288 155374892 1922288 32987280    0    0 179296 108108 100411 100881  3  1 95  2  0  0
 2  2 117288 155374632 1922288 32987292    0    0 178720 113396 100140 100650  3  1 94  2  0  0
 3  1 117288 155374276 1922288 32987304    0    0 178592 114088 100882 100308  3  1 94  2  0  0
 3  1 117288 155374012 1922288 32987312    0    0 178336 115764 100639 101230  3  1 95  2  0  0
 3  1 117288 155371220 1922288 32987320    0    0 178496 111620 100241 102587  2  1 94  2  0  0
procs -----------memory---------- ---swap-- -----io---- -system-- -------cpu-------
 r  b   swpd   free   buff  cache   si   so    bi    bo   in   cs us sy id wa st gu
 6  1 117288 155381600 1922288 32987328    0    0 178976 112676 100311 102394  2  1 95  2  0  0
 3  2 117288 155385360 1922288 32987344    0    0 178352 115540 101092 101614  3  1 95  2  0  0
 3  1 117288 155386272 1922292 32987352    0    0 177296 110544 100128 102456  3  1 95  2  0  0
 1  3 117288 155387596 1922292 32987360    0    0 177104 118436 100262 103030  3  1 94  2  0  0
 0  4 117288 155388512 1922292 32987368    0    0 179440 112756 100526 103624  3  1 95  2  0  0
 2  2 117288 155387652 1922292 32987372    0    0 177776 109936 100490 102063  3  1 95  2  0  0
 4  0 117288 155388772 1922292 32987380    0    0 176880 115792 100400 102223  3  1 95  2  0  0
 2  2 117288 155384704 1922292 32987396    0    0 179360 113668 100211 101942  3  1 94  2  0  0
 3  2 117288 155390804 1922292 32987404    0    0 178768 117508 100385 104470  3  1 94  2  0  0
 4  0 117288 155389396 1922292 32987480    0    0 180384 111756 100353 103021  3  1 94  2  0  0
 2  2 117288 155389952 1922292 32987488    0    0 180032 108124 100381 102860  3  1 94  2  0  0
 2  2 117288 155389676 1922292 32987504    0    0 179344 114980 100408 102772  3  1 94  2  0  0
 4  1 117288 155385584 1922292 32987516    0    0 176352 116396 100403 99504  2  1 95  2  0  0
 1  3 117288 155383244 1922296 32987524    0    0 177424 115328 100048 102720  3  1 95  2  0  0
 3  1 117288 155383052 1922296 32987536    0    0 180576 113444 101059 101815  3  1 94  2  0  0
 4  3 117288 155379188 1922296 32987544    0    0 179872 109196 100621 102467  2  1 95  2  0  0
 3  2 117288 155392280 1922296 32987552    0    0 180224 108216 99891 103425  2  1 95  2  0  0
 1  3 117288 155396688 1922296 32987564    0    0 177408 115604 100336 102403  3  1 94  2  0  0
 4  0 117288 155396652 1922296 32987576    0    0 177824 116388 100772 101436  3  1 94  2  0  0
 1  3 117288 155391524 1922296 32987584    0    0 178512 116576 100611 102043  3  1 94  2  0  0
 2  2 117288 155384592 1922296 32987592    0    0 179792 110144 100520 101692  3  1 94  2  0  0
procs -----------memory---------- ---swap-- -----io---- -system-- -------cpu-------
 r  b   swpd   free   buff  cache   si   so    bi    bo   in   cs us sy id wa st gu
 3  1 117288 155380576 1922296 32987604    0    0 179904 109224 100439 101715  2  1 95  2  0  0
 4  0 117288 155387136 1922296 32987616    0    0 178624 109064 100420 101961  2  1 95  2  0  0
 1  3 117288 155379708 1922296 32987620    0    0 178704 110676 100510 99952  2  1 95  2  0  0
 4  1 117288 155383912 1922296 32987628    0    0 176864 119224 100577 101192  3  1 94  2  0  0
 2  2 117288 155383220 1922296 32987636    0    0 177296 113976 100334 102052  2  1 95  2  0  0
 2  2 117288 155383288 1922296 32987656    0    0 177328 115976 99927 101416  3  1 95  2  0  0
 2  2 117288 155380236 1922296 32987664    0    0 175280 110836 99811 99926  2  1 95  2  0  0
 1  3 117288 155374808 1922300 32987676    0    0 176336 110560 100373 100327  3  1 94  2  0  0
 3  2 117288 155372100 1922300 32987688    0    0 178752 112268 100215 102737  3  1 95  2  0  0
 2  2 117288 155369056 1922300 32987700    0    0 176400 114996 100364 102740  3  1 94  2  0  0
 4  3 117288 155370520 1922300 32987708    0    0 178976 108276 100359 101990  2  1 95  2  0  0
 2  1 117288 155375536 1922300 32987720    0    0 179696 114840 101050 101851  3  1 94  2  0  0
 2  2 117288 155379584 1922300 32987728    0    0 179152 113256 100649 102974  3  1 95  2  0  0
 2  2 117288 155368712 1922300 32987736    0    0 179184 114712 100405 103645  3  1 94  2  0  0
 2  2 117288 155374500 1922300 32987744    0    0 179488 112668 100434 101073  3  1 94  2  0  0
 1  3 117288 155370336 1922300 32987756    0    0 180160 109124 100412 101598  3  1 95  2  0  0
 3  0 117288 155366476 1922300 32987764    0    0 179312 108884 100131 100143  3  1 94  2  0  0
 4  1 117288 155370792 1922300 32987776    0    0 177104 116180 100518 100946  3  1 94  2  0  0
 4  2 117288 155376876 1922300 32987788    0    0 176176 113392 100254 100446  3  1 94  2  0  0
 2  2 117288 155368308 1922300 32987792    0    0 177744 114824 100649 101459  3  1 95  2  0  0
 8  0 117288 155363240 1922300 32987800    0    0 178672 115252 101293 100167  3  1 94  2  0  0
procs -----------memory---------- ---swap-- -----io---- -system-- -------cpu-------
 r  b   swpd   free   buff  cache   si   so    bi    bo   in   cs us sy id wa st gu
 3  1 117288 155364920 1922300 32987808    0    0 180784 107168 100398 102496  3  1 94  2  0  0
 8  0 117288 155365184 1922304 32987820    0    0 177744 113032 100418 99606  3  1 94  2  0  0
 7  1 117288 155363036 1922304 32987832    0    0 176864 112412 100370 102363  3  1 94  2  0  0
 3  1 117288 155362776 1922304 32987840    0    0 180752 117048 100513 104127  2  1 95  2  0  0
 5  2 117288 155366164 1922304 32987852    0    0 179312 115100 100624 101705  2  1 95  2  0  0
 2  2 117288 155376520 1922304 32987860    0    0 179424 114376 100828 99284  2  1 95  2  0  0
 3  2 117288 155377032 1922304 32987872    0    0 179136 112020 100231 101213  3  1 94  2  0  0
 1  3 117288 155375648 1922304 32987880    0    0 179824 114944 100727 101603  3  1 94  2  0  0
 3  1 117288 155372860 1922304 32987892    0    0 180128 110532 100471 101222  2  1 94  2  0  0
 2  3 117288 155370800 1922304 32987900    0    0 178672 113200 100317 101412  2  1 95  2  0  0
 2  2 117288 155366504 1922304 32987908    0    0 180368 107700 100191 99814  3  1 94  2  0  0
 3  3 117288 155372900 1922304 32987924    0    0 179520 113292 100579 100065  3  1 94  2  0  0
 2  2 117288 155374884 1922304 32987936    0    0 179040 119936 100469 102796  3  1 94  2  0  0
 4  2 117288 155379960 1922304 32987944    0    0 179504 118976 100528 102782  3  1 95  2  0  0
 4  1 117288 155382356 1922304 32987952    0    0 180752 109836 100373 101510  2  1 95  2  0  0
 4  1 117288 155379176 1922304 32987956    0    0 177888 108716 99999 99957  2  1 94  2  0  0
 2  2 117288 155379984 1922308 32987976    0    0 179696 112356 100428 102119  3  1 94  2  0  0
 5  1 117288 155377780 1922308 32987984    0    0 179072 113868 100406 102542  2  1 95  2  0  0
 2  2 117288 155379416 1922308 32987992    0    0 180144 116720 100620 102946  3  1 94  2  0  0
 5  1 117288 155372260 1922308 32988000    0    0 181968 112796 100352 104297  3  1 94  2  0  0
 3  2 117288 155377384 1922308 32988008    0    0 181728 114896 100842 102579  2  1 95  2  0  0
procs -----------memory---------- ---swap-- -----io---- -system-- -------cpu-------
 r  b   swpd   free   buff  cache   si   so    bi    bo   in   cs us sy id wa st gu
 2  2 117288 155377616 1922308 32988020    0    0 180672 111972 100586 102593  2  1 94  2  0  0
 3  1 117288 155384328 1922308 32988032    0    0 182528 114948 100637 102716  3  1 94  2  0  0
 4  0 117288 155378040 1922308 32988040    0    0 178832 119604 100407 100855  3  1 95  2  0  0
 3  1 117288 155374160 1922308 32988048    0    0 183280 116484 100711 104150  2  1 94  2  0  0
 0  4 117288 155376988 1922308 32988056    0    0 182544 115768 100960 103796  2  1 94  2  0  0
 4  2 117288 155378736 1922308 32988072    0    0 182352 110764 100835 101447  3  1 94  2  0  0
 7  0 117288 155376956 1922308 32988144    0    0 181344 110416 100538 102111  3  1 95  2  0  0
 5  0 117288 155378220 1922308 32988152    0    0 179952 112648 100706 101434  3  1 94  2  0  0
 2  2 117288 155380408 1922308 32988160    0    0 176912 115576 100247 100686  3  1 94  2  0  0
 2  2 117288 155374500 1922308 32988168    0    0 176416 113544 100364 99239  2  1 95  2  0  0
 4  0 117288 155372912 1922308 32988184    0    0 177616 110324 100114 101746  3  1 94  2  0  0
 2  2 117288 155372780 1922308 32988192    0    0 178448 112048 100065 102829  3  1 94  2  0  0
 4  2 117288 155372036 1922308 32988196    0    0 178688 112192 100516 101851  3  1 94  2  0  0
 3  1 117288 155373628 1922308 32988204    0    0 178048 118248 100760 102142  3  1 94  2  0  0
 6  2 117288 155378232 1922308 32988212    0    0 178448 115268 100335 101275  2  1 95  2  0  0
 4  1 117288 155386236 1922308 32988228    0    0 176816 113560 100666 101019  2  1 95  2  0  0
 2  2 117288 155398572 1922312 32988244    0    0 176912 107936 99928 100631  3  1 94  2  0  0
 2  2 117288 155399572 1922312 32988256    0    0 175440 106740 99993 98849  3  1 94  2  0  0
 4  0 117288 155392980 1922312 32988264    0    0 175472 113700 100127 100030  3  1 95  2  0  0
 2  2 117288 155387112 1922312 32988272    0    0 174416 114320 100337 100487  3  1 95  2  0  0
 2  2 117288 155384184 1922312 32988284    0    0 177696 113736 100117 99225  3  1 94  2  0  0
procs -----------memory---------- ---swap-- -----io---- -system-- -------cpu-------
 r  b   swpd   free   buff  cache   si   so    bi    bo   in   cs us sy id wa st gu
 2  2 117288 155383604 1922324 32988292    0    0 180064 111208 100332 102655  2  1 95  2  0  0
 3  2 117288 155379112 1922324 32988304    0    0 177520 115676 100238 102063  2  1 95  2  0  0
 2  2 117288 155382716 1922324 32988312    0    0 180048 113848 100359 103263  3  1 94  2  0  0
 1  3 117288 155375080 1922324 32988320    0    0 180832 109960 100205 102314  3  1 94  2  0  0
 2  2 117288 155369088 1922324 32988332    0    0 178384 111080 100382 99131  2  1 95  2  0  0
 2  2 117288 155385964 1922328 32988344    0    0 180848 112320 100400 102287  2  1 95  2  0  0
 2  2 117288 155380184 1922328 32988356    0    0 177808 116472 100612 100628  3  1 95  2  0  0
 2  2 117288 155378260 1922328 32988368    0    0 176816 119036 100128 102296  3  1 95  2  0  0
 6  3 117288 155377484 1922328 32988376    0    0 179152 113936 100129 102694  3  1 94  2  0  0
 4  1 117288 155389184 1922328 32988384    0    0 180128 110612 99838 102451  2  1 95  2  0  0
 6  2 117288 155397000 1922336 32988388    0    0 181728 108752 100533 103388  3  1 94  2  0  0
 2  2 117288 155395228 1922336 32988404    0    0 180624 107264 99844 102290  3  1 94  2  0  0
 1  3 117288 155393420 1922336 32988412    0    0 178624 119000 100639 100213  3  1 94  2  0  0
 2  2 117288 155386740 1922336 32988424    0    0 178416 117188 100373 100250  2  1 94  2  0  0
 2  2 117288 155383540 1922336 32988432    0    0 179824 115300 100607 102569  3  1 95  2  0  0
 0  4 117288 155384064 1922336 32988440    0    0 179744 109844 100041 101724  3  1 94  2  0  0
 4  1 117288 155389536 1922336 32988452    0    0 178368 106348 99972 101606  3  1 95  2  0  0
 2  2 117288 155388880 1922336 32988464    0    0 176192 111036 100232 100157  3  1 95  2  0  0
 2  2 117288 155383256 1922336 32988472    0    0 174944 114588 100053 100877  2  1 95  2  0  0
 2  2 117288 155383516 1922336 32988480    0    0 177808 112040 100590 99881  3  1 94  2  0  0
 1  3 117288 155385336 1922336 32988488    0    0 177728 116788 100446 100765  2  1 94  2  0  0
procs -----------memory---------- ---swap-- -----io---- -system-- -------cpu-------
 r  b   swpd   free   buff  cache   si   so    bi    bo   in   cs us sy id wa st gu
 2  2 117288 155397584 1922336 32988504    0    0 180336 109648 100266 103227  3  1 94  2  0  0
 2  1 117288 155391312 1922336 32988512    0    0 179040 112960 100368 101649  2  1 95  2  0  0
 2  2 117288 155392656 1922336 32988520    0    0 180064 113512 100510 102926  3  1 94  2  0  0
 8  0 117288 155389208 1922336 32988528    0    0 181104 110344 100511 101161  2  1 95  2  0  0
 3  2 117288 155388292 1922336 32988532    0    0 179088 115320 100345 101065  2  1 95  2  0  0
 3  1 117288 155387512 1922336 32988544    0    0 179584 111952 100557 101688  3  1 94  2  0  0
 3  1 117288 155388200 1922336 32988556    0    0 178336 113760 100399 102594  2  1 95  2  0  0
 3  1 117288 155387924 1922336 32988564    0    0 179376 113792 100251 101586  3  1 94  2  0  0
 3  1 117288 155385084 1922336 32988572    0    0 178720 111520 100571 100451  3  1 94  2  0  0
 5  0 117288 155390952 1922336 32988584    0    0 178080 111612 100523 100776  3  1 94  2  0  0
 1  3 117288 155392932 1922340 32988600    0    0 176992 110948 100318 100591  3  1 94  2  0  0
 3  2 117288 155396408 1922340 32988608    0    0 178064 111256 100521 101473  3  1 95  2  0  0
 1  3 117288 155391468 1922340 32988616    0    0 177568 115384 100408 100212  3  1 95  2  0  0
 2  2 117288 155391376 1922340 32988624    0    0 178608 113704 100408 100454  3  1 94  2  0  0
 3  2 117288 155383264 1922340 32988632    0    0 180224 112880 100723 101560  3  1 95  2  0  0
 2  2 117288 155378148 1922340 32988648    0    0 181968 112356 100475 101591  3  1 94  2  0  0
 2  2 117288 155383944 1922340 32988656    0    0 177920 110264 100188 100760  3  1 94  2  0  0
 3  1 117288 155378388 1922340 32988664    0    0 179536 111624 100627 100962  3  1 94  2  0  0
 6  1 117288 155378304 1922340 32988676    0    0 179824 115732 100600 101319  2  1 95  2  0  0
 1  3 117288 155387684 1922340 32988684    0    0 179152 115824 100447 102303  2  1 95  2  0  0
 3  1 117288 155390788 1922340 32988700    0    0 181376 114620 100959 103342  2  1 94  2  0  0
procs -----------memory---------- ---swap-- -----io---- -system-- -------cpu-------
 r  b   swpd   free   buff  cache   si   so    bi    bo   in   cs us sy id wa st gu
 2  2 117288 155393832 1922340 32988704    0    0 179120 114656 100403 103986  3  1 94  2  0  0
 1  2 117288 155397336 1922340 32988716    0    0 181008 115024 100626 102415  3  1 94  2  0  0
 2  2 117288 155395764 1922340 32988724    0    0 180720 116380 100723 102480  3  1 94  2  0  0
 1  3 117288 155402376 1922340 32988800    0    0 182000 113172 100779 104565  3  1 94  2  0  0
 2  2 117288 155398968 1922340 32988816    0    0 180496 111748 100765 101410  3  1 94  2  0  0
 2  2 117288 155397564 1922340 32988824    0    0 179920 114248 100922 100641  3  1 94  2  0  0
 3  1 117288 155396632 1922340 32988836    0    0 178928 111640 100165 102088  3  1 94  2  0  0
 3  1 117288 155393364 1922340 32988844    0    0 178272 110332 100220 102407  3  1 94  2  0  0
 4  0 117288 155385456 1922348 32988852    0    0 177136 113276 100679 101601  3  1 94  2  0  0
 1  3 117288 155381664 1922352 32988864    0    0 176240 108868 100130 100112  3  1 94  2  0  0
 0  4 117288 155384260 1922352 32988880    0    0 177872 111800 99847 101082  3  1 94  2  0  0
 5  0 117288 155382816 1922352 32988888    0    0 177728 113000 100396 100164  2  1 95  2  0  0
 3  2 117288 155389652 1922352 32988896    0    0 176704 114920 100229 101520  3  1 94  2  0  0
 4  3 117288 155386380 1922352 32988904    0    0 179200 112272 100180 101946  2  1 95  2  0  0
 2  2 117288 155394844 1922352 32988916    0    0 177936 107580 100006 100973  2  1 95  2  0  0
 2  2 117288 155393900 1922352 32988928    0    0 177440 112736 100622 100370  3  1 94  2  0  0
 1  3 117288 155400844 1922352 32988936    0    0 176000 110876 99921 102525  3  1 94  2  0  0
 3  2 117288 155389408 1922352 32988944    0    0 175632 114616 100289 99123  3  1 94  2  0  0
 0  4 117288 155387900 1922352 32988948    0    0 176160 109344 99742 99287  2  1 95  2  0  0
 0  4 117288 155386464 1922352 32988964    0    0 176096 114092 100180 100725  3  1 94  2  0  0
 1  3 117288 155386432 1922352 32988972    0    0 178400 111604 100566 101385  3  1 94  2  0  0
procs -----------memory---------- ---swap-- -----io---- -system-- -------cpu-------
 r  b   swpd   free   buff  cache   si   so    bi    bo   in   cs us sy id wa st gu
 4  1 117288 155387724 1922352 32988980    0    0 178560 113488 100480 101124  2  1 95  2  0  0
 3  1 117288 155388024 1922352 32988992    0    0 177824 113516 100329 100244  2  1 95  2  0  0
 4  0 117288 155387228 1922352 32989004    0    0 175584 111820 99751 101292  3  1 94  2  0  0
 2  2 117288 155378788 1922352 32989012    0    0 177312 113048 100649 100382  3  1 94  2  0  0
 5  0 117288 155376424 1922352 32989020    0    0 178752 111656 100167 102482  2  1 95  2  0  0
 3  1 117288 155377388 1922352 32989032    0    0 176288 112316 99862 100948  3  1 94  2  0  0
 2  2 117288 155370224 1922352 32989040    0    0 179248 113180 100294 102763  3  1 94  2  0  0
 4  2 117288 155371324 1922352 32989052    0    0 181520 112512 100924 102684  2  1 94  2  0  0
 5  1 117288 155373340 1922352 32989064    0    0 180608 115892 100340 102517  2  1 95  2  0  0
 2  2 117288 155366548 1922352 32989072    0    0 180320 111100 101053 102390  3  1 94  2  0  0
 1  2 117288 155361772 1922352 32989084    0    0 180736 111476 100646 102739  2  1 95  2  0  0
 2  2 117288 155369748 1922352 32989092    0    0 178464 110624 100486 100359  3  1 95  2  0  0
 3  1 117288 155367208 1922352 32989100    0    0 177712 111916 100326 102244  2  1 95  2  0  0
 1  3 117288 155361084 1922352 32989120    0    0 179152 115680 100476 102868  3  1 94  2  0  0
 2  3 117288 155360740 1922352 32989128    0    0 179936 114668 100492 102838  3  1 94  2  0  0
 1  3 117288 155363072 1922352 32989136    0    0 180096 114440 100481 101860  2  1 95  2  0  0
 2  2 117288 155361984 1922352 32989148    0    0 180288 110036 100497 101949  3  1 94  2  0  0
 3  1 117288 155358868 1922352 32989156    0    0 177536 113480 100439 103052  3  1 95  2  0  0
 1  2 117288 155362304 1922352 32989164    0    0 177984 113360 100541 100337  2  1 95  2  0  0
 2  2 117288 155369400 1922352 32989176    0    0 178432 110564 100639 101671  3  1 94  2  0  0
 2  2 117288 155364072 1922352 32989184    0    0 178384 112728 100073 100768  3  1 94  2  0  0
procs -----------memory---------- ---swap-- -----io---- -system-- -------cpu-------
 r  b   swpd   free   buff  cache   si   so    bi    bo   in   cs us sy id wa st gu
 3  1 117288 155360712 1922352 32989196    0    0 180400 111828 100430 103217  2  1 94  2  0  0
 4  0 117288 155358092 1922352 32989204    0    0 178912 116684 100626 102699  2  1 94  2  0  0
 5  2 117288 155359036 1922352 32989212    0    0 179424 114436 100250 103977  2  1 95  2  0  0
 1  3 117288 155366396 1922352 32989224    0    0 180064 113916 100414 103403  3  1 95  2  0  0
 1  3 117288 155363660 1922352 32989236    0    0 180640 111004 100908 102682  3  1 94  2  0  0
 3  1 117288 155371644 1922352 32989248    0    0 180000 106068 100318 101923  3  1 94  2  0  0
 2  2 117288 155366092 1922352 32989256    0    0 177760 114360 100385 101444  2  1 95  2  0  0
 4  0 117288 155364596 1922352 32989264    0    0 178336 114664 100355 102908  2  1 95  2  0  0
 3  1 117288 155370520 1922356 32989280    0    0 178528 111420 100495 100897  3  1 94  2  0  0
 2  2 117288 155372856 1922356 32989292    0    0 178688 113552 100669 101272  2  1 94  2  0  0
 3  2 117288 155378876 1922356 32989296    0    0 178704 112288 100434 101460  3  1 94  2  0  0
 1  3 117288 155381328 1922356 32989304    0    0 176256 113416 100190 99555  2  1 95  2  0  0
 4  1 117288 155375972 1922356 32989312    0    0 178976 113272 100375 102606  2  1 95  2  0  0
 1  3 117288 155380856 1922360 32989328    0    0 179376 109000 100540 101756  3  1 94  2  0  0
 2  2 117288 155380132 1922360 32989340    0    0 179440 112284 100477 102988  2  1 95  2  0  0
 3  1 117288 155378168 1922360 32989348    0    0 178800 115032 100746 100912  3  1 94  2  0  0
 3  1 117288 155385336 1922360 32989356    0    0 179376 110824 100289 102155  3  1 95  2  0  0
 5  2 117288 155383888 1922360 32989364    0    0 180032 113804 100720 102796  2  1 95  2  0  0
 2  2 117288 155387960 1922364 32989372    0    0 179840 110032 100174 100780  2  1 95  2  0  0
 2  2 117288 155386636 1922364 32989396    0    0 179200 112768 100202 101470  3  1 94  2  0  0
 2  2 117288 155384792 1922364 32989404    0    0 178848 114496 100375 101075  3  1 94  2  0  0
procs -----------memory---------- ---swap-- -----io---- -system-- -------cpu-------
 r  b   swpd   free   buff  cache   si   so    bi    bo   in   cs us sy id wa st gu
 3  2 117288 155381228 1922364 32989496    0    0 177792 111788 99972 100756  2  1 95  2  0  0
 2  2 117288 155385736 1922364 32989504    0    0 177568 115264 100108 102919  2  1 95  2  0  0
 4  0 117288 155386464 1922364 32989512    0    0 177696 111608 100101 102011  2  1 95  2  0  0
 4  0 117288 155386516 1922364 32989528    0    0 178960 115388 100221 103812  3  1 94  2  0  0
 7  0 117288 155381232 1922364 32989536    0    0 177184 110220 99942 101847  3  1 94  2  0  0
 2  2 117288 155378176 1922364 32989544    0    0 179888 111152 100494 101201  3  1 95  2  0  0
 2  2 117288 155373432 1922364 32989552    0    0 179840 109192 100508 102942  3  1 95  2  0  0
 3  1 117288 155370624 1922364 32989560    0    0 177024 114272 100279 102605  3  1 95  2  0  0
 1  3 117288 155371060 1922364 32989572    0    0 178304 113332 100476 101476  3  1 94  2  0  0
 2  2 117288 155371912 1922364 32989580    0    0 175168 111496 100327 100703  3  1 94  2  0  0
 3  1 117288 155372208 1922364 32989588    0    0 180704 111604 100756 102761  2  1 94  2  0  0
 4  2 117288 155368776 1922364 32989596    0    0 179760 109640 100386 101339  2  1 95  2  0  0
 7  0 117288 155371220 1922364 32989604    0    0 179360 113468 100719 101104  2  1 95  2  0  0
 3  1 117288 155376300 1922364 32989620    0    0 178944 112896 100556 103303  2  1 95  2  0  0
 2  2 117288 155370312 1922364 32989628    0    0 177840 112276 100012 102922  2  1 95  2  0  0
 3  1 117288 155371056 1922364 32989636    0    0 180480 114172 100510 101843  3  1 94  2  0  0
 4  0 117288 155376832 1922364 32989644    0    0 179360 109668 100289 101201  2  1 95  2  0  0
 1  3 117288 155374860 1922364 32989656    0    0 178496 114620 100427 100346  3  1 94  2  0  0
 3  1 117288 155374852 1922364 32989668    0    0 178432 113372 100807 101130  3  1 94  2  0  0
 1  3 117288 155370320 1922364 32989676    0    0 179152 110368 100049 101359  3  1 94  2  0  0
 4  1 117288 155370660 1922364 32989684    0    0 179840 111920 100422 101746  2  1 94  2  0  0
procs -----------memory---------- ---swap-- -----io---- -system-- -------cpu-------
 r  b   swpd   free   buff  cache   si   so    bi    bo   in   cs us sy id wa st gu
 1  3 117288 155368932 1922364 32989692    0    0 177680 113308 100477 101309  2  1 94  2  0  0
 2  2 117288 155370968 1922364 32989708    0    0 177696 111984 100253 101341  2  1 94  2  0  0
 2  2 117288 155370960 1922364 32989720    0    0 178928 116704 100625 101927  2  1 95  2  0  0
 3  1 117288 155366212 1922364 32989724    0    0 178816 108636 100450 101687  3  1 94  2  0  0
 3  1 117288 155364360 1922364 32989736    0    0 178064 109384 100338 102647  2  1 94  2  0  0
 1  3 117288 155364936 1922364 32989744    0    0 177808 113516 100315 102473  3  1 94  2  0  0
 8  0 117288 155370116 1922372 32989756    0    0 178544 110504 100231 100449  2  1 95  2  0  0
 2  2 117288 155375944 1922372 32989768    0    0 177744 114492 100429 101330  2  1 95  2  0  0
 3  1 117288 155372380 1922372 32989776    0    0 179024 109620 100334 101668  3  1 95  2  0  0
 2  2 117288 155371896 1922372 32989784    0    0 178128 112184 100767 100826  3  1 94  2  0  0
 1  3 117288 155366832 1922372 32989800    0    0 175984 108872 99804 99558  3  1 95  2  0  0
 3  1 117288 155369296 1922372 32989808    0    0 176640 109932 99936 100314  3  1 95  2  0  0
 1  3 117288 155368852 1922372 32989816    0    0 174144 116064 100031 100342  3  1 95  2  0  0
 3  1 117288 155367944 1922372 32989828    0    0 176944 109928 100321 99256  2  1 95  2  0  0
 0  4 117288 155368040 1922372 32989836    0    0 178576 111612 100330 101429  3  1 95  2  0  0
 2  2 117288 155369388 1922372 32989848    0    0 178496 111256 100412 101615  2  1 95  2  0  0
 3  2 117288 155367296 1922376 32989860    0    0 179664 111412 100528 102379  3  1 94  2  0  0
 4  1 117288 155364236 1922376 32989868    0    0 178048 112320 100732 101239  3  1 94  2  0  0
 5  1 117288 155359880 1922376 32989880    0    0 178016 114388 100439 101997  3  1 94  2  0  0
 4  1 117288 155364136 1922376 32989892    0    0 180976 109908 100357 102313  3  1 94  2  0  0
 1  3 117288 155365796 1922376 32989896    0    0 178544 111168 100095 102792  2  1 95  2  0  0
procs -----------memory---------- ---swap-- -----io---- -system-- -------cpu-------
 r  b   swpd   free   buff  cache   si   so    bi    bo   in   cs us sy id wa st gu
 4  0 117288 155362084 1922380 32989904    0    0 177536 111832 100178 100536  2  1 95  2  0  0
 6  1 117288 155361036 1922380 32989912    0    0 178032 113460 100304 102088  2  1 95  2  0  0
 2  2 117288 155356956 1922380 32989924    0    0 176096 114160 100543 101632  2  1 95  2  0  0
 4  0 117288 155356160 1922380 32989932    0    0 180288 108720 100249 102683  3  1 94  2  0  0
 1  3 117288 155359992 1922380 32989944    0    0 179088 110908 100258 101539  3  1 94  2  0  0
 2  2 117288 155365364 1922380 32989952    0    0 178768 108704 100185 100580  3  1 94  2  0  0
 4  1 117288 155367552 1922380 32989960    0    0 179872 113380 100524 101084  2  1 95  2  0  0
 2  3 117288 155361248 1922380 32989972    0    0 179024 114772 100749 101537  3  1 94  2  0  0
 3  2 117288 155358152 1922380 32989984    0    0 176672 113388 100095 101533  3  1 94  2  0  0
 2  2 117288 155363744 1922380 32989992    0    0 177568 108828 100231 100412  2  1 95  2  0  0
 1  2 117288 155366632 1922380 32990004    0    0 177152 108836 100309 101018  3  1 94  2  0  0
 1  3 117288 155365688 1922384 32990012    0    0 176224 113660 100627 100401  3  1 94  2  0  0
 2  2 117288 155371564 1922384 32990024    0    0 178256 114860 100404 102323  2  1 95  2  0  0
 2  2 117288 155372928 1922384 32990036    0    0 178320 113552 100306 102042  2  1 95  2  0  0
 1  3 117288 155368436 1922384 32990044    0    0 178848 109908 100319 100781  2  1 95  2  0  0
 3  1 117288 155366008 1922384 32990052    0    0 179888 111508 100593 102262  2  1 95  2  0  0
 5  2 117288 155361828 1922388 32990056    0    0 178240 113920 100222 102710  2  1 95  2  0  0
 0  4 117288 155368460 1922388 32990136    0    0 178032 113420 100527 102337  2  1 95  2  0  0
 2  4 117288 155367204 1922388 32990152    0    0 179312 110680 100269 102523  2  1 95  2  0  0
 3  1 117288 155372552 1922388 32990160    0    0 178736 109052 100730 101980  3  1 94  2  0  0
 4  1 117288 155371604 1922388 32990172    0    0 176448 112080 100085 99271  3  1 95  2  0  0
procs -----------memory---------- ---swap-- -----io---- -system-- -------cpu-------
 r  b   swpd   free   buff  cache   si   so    bi    bo   in   cs us sy id wa st gu
 2  2 117288 155376120 1922388 32990184    0    0 176032 109688 100187 99389  3  1 94  2  0  0
 2  2 117288 155376312 1922388 32990192    0    0 175232 111540 100527 99368  3  1 94  2  0  0
 2  2 117288 155377428 1922388 32990208    0    0 174256 114568 100515 99265  3  1 94  2  0  0
 3  1 117288 155373444 1922388 32990216    0    0 177504 107104 100205 100358  3  1 94  2  0  0
 1  3 117288 155369364 1922388 32990224    0    0 178592 110432 100238 100347  3  1 94  2  0  0
 3  2 117288 155371296 1922388 32990232    0    0 176416 109224 100022 100648  3  1 94  2  0  0
 1  3 117288 155366064 1922388 32990244    0    0 176784 110464 100174 102099  3  1 95  2  0  0
 4  2 117288 155369128 1922388 32990256    0    0 177088 114656 100200 100565  2  1 94  2  0  0
 4  1 117288 155364920 1922388 32990264    0    0 175904 115748 100895 100313  2  1 94  2  0  0
 1  4 117288 155370448 1922388 32990272    0    0 178848 110056 100332 101977  2  1 95  2  0  0
 2  2 117288 155370852 1922392 32990280    0    0 177344 107648 100252 100465  3  1 94  2  0  0
 5  4 117288 155371796 1922392 32990288    0    0 176464 111228 100224 100322  2  1 95  2  0  0
 1  3 117288 155377796 1922392 32990304    0    0 175984 109796 100037 100681  3  1 95  2  0  0
 2  2 117288 155374632 1922392 32990308    0    0 177616 114056 100326 102199  3  1 95  2  0  0
 3  1 117288 155376480 1922392 32990316    0    0 177472 110684 100514 100203  3  1 94  2  0  0
 2  2 117288 155374964 1922392 32990324    0    0 178144 110164 100410 101440  2  1 95  2  0  0
 1  3 117288 155374368 1922392 32990336    0    0 179232 108592 100382 101658  2  1 95  2  0  0
 2  2 117288 155370004 1922392 32990348    0    0 177296 116568 100244 101986  3  1 94  2  0  0
 6  0 117288 155364216 1922392 32990356    0    0 177296 106216 100152 102489  3  1 95  2  0  0
 1  3 117288 155365728 1922392 32990364    0    0 175664 112468 100230 101551  2  1 95  2  0  0
 3  2 117288 155365276 1922392 32990372    0    0 178784 105804 100304 101401  3  1 95  2  0  0
procs -----------memory---------- ---swap-- -----io---- -system-- -------cpu-------
 r  b   swpd   free   buff  cache   si   so    bi    bo   in   cs us sy id wa st gu
 3  2 117288 155361672 1922392 32990384    0    0 180848 110308 100371 102962  3  1 95  2  0  0
 2  2 117288 155366180 1922392 32990396    0    0 175712 115108 100470 101290  2  1 95  2  0  0
 2  2 117288 155369692 1922392 32990408    0    0 177888 111712 100761 100611  3  1 94  2  0  0
 4  1 117288 155367760 1922392 32990416    0    0 178256 113520 100549 101183  3  1 95  2  0  0
 4  0 117288 155367020 1922392 32990424    0    0 177936 109104 100417 100401  3  1 94  2  0  0
 3  4 117288 155372832 1922396 32990436    0    0 178176 107924 100264 101326  2  1 95  2  0  0
 2  2 117288 155373856 1922396 32990448    0    0 179264 113544 100395 103204  2  1 95  2  0  0
 4  0 117288 155379504 1922396 32990456    0    0 175888 111500 100298 101052  3  1 94  2  0  0
 3  1 117288 155377360 1922396 32990464    0    0 174688 111240 100603 99815  2  1 95  2  0  0
 2  2 117288 155378960 1922396 32990476    0    0 174768 106368 99791 100931  3  1 95  2  0  0
 2  2 117288 155368944 1922396 32990484    0    0 175936 110084 100280 100064  2  1 94  2  0  0
 2  2 117288 155372324 1922396 32990500    0    0 176704 108940 99993 100523  2  1 95  2  0  0
 3  1 117288 155371944 1922396 32990508    0    0 177760 111628 99977 101460  3  1 94  2  0  0
 3  2 117288 155369276 1922396 32990516    0    0 177952 113504 100574 101031  3  1 94  2  0  0
 3  1 117288 155367372 1922396 32990528    0    0 176896 113004 100495 98825  3  1 94  2  0  0
 2  2 117288 155367840 1922400 32990536    0    0 177760 109920 100435 99919  3  1 94  2  0  0
 3  1 117288 155364172 1922400 32990544    0    0 174304 111448 100197 98584  3  1 95  2  0  0
 3  1 117288 155365676 1922400 32990560    0    0 176848 113428 100413 101819  3  1 95  2  0  0
 1  3 117288 155364052 1922400 32990572    0    0 179824 111904 100774 100567  3  1 94  2  0  0
 3  1 117288 155373040 1922400 32990580    0    0 177040 111684 100408 101483  3  1 95  2  0  0
 4  2 117288 155374464 1922400 32990588    0    0 177040 106964 100079 102202  2  1 95  2  0  0
procs -----------memory---------- ---swap-- -----io---- -system-- -------cpu-------
 r  b   swpd   free   buff  cache   si   so    bi    bo   in   cs us sy id wa st gu
 2  3 117288 155382212 1922400 32990596    0    0 177536 108644 99941 102141  2  1 95  2  0  0
 3  1 117288 155377272 1922400 32990612    0    0 175472 114460 100115 101658  3  1 94  2  0  0
 2  2 117288 155378568 1922400 32990620    0    0 178800 112416 100737 100724  2  1 95  2  0  0
 3  1 117288 155379396 1922400 32990632    0    0 176432 111536 100324 101438  2  1 95  2  0  0
 1  3 117288 155379248 1922400 32990640    0    0 176320 107928 99921 101593  3  1 95  2  0  0
 1  3 117288 155376388 1922400 32990644    0    0 178272 106592 100259 102541  3  1 95  2  0  0
 2  3 117288 155374936 1922400 32990656    0    0 176896 111588 100332 100560  3  1 95  2  0  0
 1  3 117288 155377148 1922400 32990668    0    0 177200 110728 100520 101688  2  1 95  2  0  0
 2  3 117288 155375192 1922400 32990676    0    0 177568 111796 99955 102255  2  1 95  2  0  0
 3  1 117288 155373220 1922408 32990684    0    0 176512 112996 100241 100619  3  1 94  2  0  0
 1  3 117288 155375600 1922408 32990692    0    0 177472 112304 100699 101391  3  1 94  2  0  0
 3  1 117288 155369516 1922408 32990704    0    0 177056 110652 100324 101521  3  1 94  2  0  0
 1  3 117288 155369948 1922408 32990716    0    0 179008 112048 100791 99460  3  1 94  2  0  0
 3  1 117288 155376812 1922408 32990724    0    0 179040 113280 100683 100505  2  1 94  2  0  0
 3  1 117288 155369860 1922416 32990796    0    0 176864 110212 100164 102204  2  1 94  2  0  0
 5  2 117288 155375876 1922416 32990804    0    0 176800 109556 100052 101770  2  1 95  2  0  0
 3  1 117288 155380252 1922416 32990816    0    0 178624 111756 100430 100059  2  1 95  2  0  0
 2  2 117288 155382088 1922416 32990828    0    0 176880 109720 100051 100960  3  1 94  2  0  0
 3  1 117288 155378708 1922416 32990836    0    0 176656 115028 100382 100728  3  1 94  2  0  0
 3  0 117288 155379152 1922416 32990844    0    0 179072 111936 100801 102560  3  1 94  2  0  0
 2  2 117288 155379568 1922424 32990852    0    0 178688 108652 100241 100655  3  1 94  2  0  0
procs -----------memory---------- ---swap-- -----io---- -system-- -------cpu-------
 r  b   swpd   free   buff  cache   si   so    bi    bo   in   cs us sy id wa st gu
 3  1 117288 155383592 1922424 32990864    0    0 178064 114392 100667 101420  3  1 95  2  0  0
 3  1 117288 155381008 1922424 32990876    0    0 177408 113716 100290 101081  3  1 94  2  0  0
 3  1 117288 155375876 1922424 32990888    0    0 177664 115540 100603 101569  2  1 94  2  0  0
 4  0 117288 155377944 1922424 32990896    0    0 177792 108548 100444 102538  3  1 94  2  0  0
 4  0 117288 155373620 1922424 32990904    0    0 178208 106016 100426 99949  3  1 94  2  0  0
 5  0 117288 155368980 1922424 32990916    0    0 173872 111720 99899 100676  3  1 94  2  0  0
 0  4 117288 155372848 1922424 32990928    0    0 177424 112784 100236 100882  3  1 94  2  0  0
 4  0 117288 155367480 1922424 32990936    0    0 178032 113184 100720 99296  2  1 94  2  0  0
 0  4 117288 155373920 1922424 32990944    0    0 177728 110508 99975 100211  3  1 94  2  0  0
 5  2 117288 155376796 1922428 32990956    0    0 177456 112908 100143 99037  2  1 95  2  0  0
 1  3 117288 155377676 1922428 32990964    0    0 180288 109568 100155 102732  2  1 94  2  0  0
 1  3 117288 155375252 1922428 32990980    0    0 178848 110572 100420 102684  3  1 94  2  0  0
 1  3 117288 155375184 1922428 32990988    0    0 176112 113536 100442 100585  2  1 94  2  0  0
 2  2 117288 155370572 1922428 32990996    0    0 178432 108104 99981 99724  2  1 95  2  0  0
 0  4 117288 155367172 1922428 32991008    0    0 179712 109664 100028 101515  3  1 95  2  0  0
 4  1 117288 155375480 1922428 32991020    0    0 176336 111952 100491 99580  2  1 95  2  0  0
 3  2 117288 155370736 1922428 32991032    0    0 175312 115824 100019 101979  2  1 95  2  0  0
 2  2 117288 155363936 1922428 32991040    0    0 178432 114592 100212 101611  3  1 94  2  0  0
 5  0 117288 155365384 1922428 32991048    0    0 178368 111832 99958 102708  3  1 94  2  0  0
 2  2 117288 155364772 1922428 32991052    0    0 180144 105648 100109 103059  3  1 94  2  0  0
 1  3 117288 155357816 1922428 32991060    0    0 178400 113896 100479 101565  2  1 95  2  0  0
procs -----------memory---------- ---swap-- -----io---- -system-- -------cpu-------
 r  b   swpd   free   buff  cache   si   so    bi    bo   in   cs us sy id wa st gu
 2  2 117288 155356172 1922428 32991076    0    0 177680 111204 100118 101346  2  1 95  2  0  0
 2  2 117288 155354656 1922428 32991084    0    0 176560 113544 100249 99675  2  1 95  2  0  0
 3  1 117288 155353084 1922428 32991092    0    0 175200 111772 99918 101508  3  1 94  2  0  0
 5  2 117288 155350988 1922428 32991100    0    0 175376 108468 99605 100904  2  1 95  2  0  0
 2  2 117288 155357132 1922428 32991112    0    0 179072 109680 100187 100981  2  1 95  2  0  0
 3  1 117288 155355732 1922428 32991124    0    0 178912 111364 100159 101803  2  1 94  2  0  0
 2  3 117288 155352416 1922428 32991132    0    0 175888 110664 100291 101211  3  1 94  2  0  0
 2  2 117288 155350748 1922428 32991140    0    0 177776 114444 100224 101003  2  1 95  2  0  0
 3  2 117288 155347312 1922428 32991152    0    0 177536 110908 100393 100568  3  1 94  2  0  0
 4  0 117288 155345944 1922428 32991160    0    0 176704 109264 99982 100832  2  1 95  2  0  0
 3  1 117288 155351772 1922428 32991172    0    0 177184 109304 100225 101103  3  1 94  2  0  0
 4  1 117288 155344848 1922428 32991180    0    0 175040 108944 100008 99594  3  1 94  2  0  0
 1  3 117288 155347060 1922428 32991188    0    0 174720 109516 100243 97897  2  1 95  2  0  0
 3  0 117288 155344620 1922436 32991208    0    0 177664 109844 100207 100062  3  1 94  2  0  0
 3  2 117288 155353996 1922436 32991216    0    0 176224 111752 100221 100805  2  1 95  2  0  0
 3  1 117288 155355900 1922436 32991228    0    0 177440 111792 100255 103294  2  1 95  2  0  0
 3  1 117288 155352004 1922436 32991236    0    0 178224 105396 100085 100770  2  1 94  2  0  0
 4  0 117288 155351824 1922436 32991244    0    0 178176 109664 99819 101745  2  1 95  2  0  0
 6  1 117288 155354032 1922436 32991256    0    0 178144 113396 100237 102277  3  1 94  2  0  0
 7  1 117288 155349656 1922444 32991264    0    0 176384 113056 99960 100158  2  1 95  2  0  0
 4  1 117288 155353012 1922444 32991272    0    0 175632 112732 100174 99962  3  1 95  2  0  0
procs -----------memory---------- ---swap-- -----io---- -system-- -------cpu-------
 r  b   swpd   free   buff  cache   si   so    bi    bo   in   cs us sy id wa st gu
 2  2 117288 155357864 1922444 32991280    0    0 178656 104576 99928 100678  3  1 94  2  0  0
 4  0 117288 155357908 1922444 32991292    0    0 180096 110164 100579 100461  3  1 94  2  0  0
 1  3 117288 155356148 1922444 32991304    0    0 177136 112660 99997 101572  3  1 94  2  0  0
 2  2 117288 155365832 1922444 32991312    0    0 177408 110400 99760 101471  3  1 94  2  0  0
 3  1 117288 155361064 1922444 32991320    0    0 175264 114600 99899 101089  2  1 95  2  0  0
 2  2 117288 155358740 1922444 32991332    0    0 175408 109620 100253 100148  3  1 95  2  0  0
 2  2 117288 155357080 1922444 32991344    0    0 177488 108540 100113 99725  3  1 94  2  0  0
 3  1 117288 155356304 1922444 32991352    0    0 176096 111540 99981 99586  3  1 94  2  0  0
 4  1 117288 155360428 1922448 32991360    0    0 176896 108332 99884 100877  3  1 94  2  0  0
 3  2 117288 155358992 1922448 32991368    0    0 174544 114064 100105 100291  3  1 95  2  0  0
 2  2 117288 155358088 1922448 32991380    0    0 177792 109996 100084 101691  2  1 95  2  0  0
 1  3 117288 155358588 1922448 32991452    0    0 175968 108724 100078 99488  3  1 94  2  0  0
 2  2 117288 155365548 1922448 32991468    0    0 176736 109896 99967 100796  2  1 95  2  0  0
 6  2 117288 155366732 1922452 32991476    0    0 175840 107948 99965 101321  2  1 95  2  0  0
 3  1 117288 155367368 1922452 32991484    0    0 176624 109932 99972 101189  2  1 95  2  0  0
 1  3 117288 155363440 1922452 32991496    0    0 175920 112852 100237 99940  3  1 95  2  0  0
 3  1 117288 155367388 1922452 32991508    0    0 178784 108748 100087 101677  3  1 94  2  0  0
 2  2 117288 155369844 1922452 32991520    0    0 178448 110408 100627 100510  2  1 95  2  0  0
 3  2 117288 155367208 1922460 32991528    0    0 177888 111300 100114 102100  2  1 95  2  0  0
 3  1 117288 155363644 1922460 32991536    0    0 178464 112216 100288 102026  2  1 95  2  0  0
 2  2 117288 155362836 1922460 32991548    0    0 178368 109952 100127 102440  2  1 95  2  0  0
procs -----------memory---------- ---swap-- -----io---- -system-- -------cpu-------
 r  b   swpd   free   buff  cache   si   so    bi    bo   in   cs us sy id wa st gu
 2  2 117288 155356836 1922460 32991560    0    0 178720 113360 100314 102926  3  1 94  2  0  0
 4  0 117288 155358736 1922460 32991568    0    0 179088 112796 100545 102977  2  1 95  2  0  0
 3  1 117288 155366004 1922464 32991576    0    0 179296 111096 100256 102258  3  1 94  2  0  0
 2  2 117288 155363376 1922464 32991588    0    0 178736 110888 100270 100864  3  1 94  2  0  0
 1  3 117288 155359012 1922464 32991600    0    0 180432 110752 100815 101517  3  1 95  2  0  0
 2  2 117288 155356476 1922464 32991612    0    0 178592 109052 100398 100862  2  1 95  2  0  0
 3  1 117288 155354348 1922464 32991620    0    0 178528 114680 100333 102747  2  1 95  2  0  0
 6  0 117288 155354440 1922468 32991628    0    0 177616 112152 100655 100669  3  1 94  2  0  0
 4  1 117288 155355032 1922468 32991636    0    0 177936 109260 100220 102205  2  1 95  2  0  0
 3  1 117288 155355108 1922468 32991644    0    0 178128 111728 100443 102226  2  1 95  2  0  0
 0  1 117288 155352904 1922468 32991660    0    0 177248 113916 99996 101616  2  1 95  2  0  0
 2  0 117288 155354288 1922468 32991668    0    0 177648 115392 100236 102340  2  1 95  2  0  0
 2  2 117288 155351468 1922468 32991676    0    0 179104 110104 100322 104458  3  1 94  2  0  0
 2  2 117288 155350060 1922468 32991684    0    0 180448 110284 100682 101403  3  1 94  2  0  0
 2  2 117288 155345784 1922468 32991696    0    0 177968 113852 100550 102155  3  1 94  2  0  0
 3  2 117288 155343036 1922468 32991708    0    0 179872 105224 100171 100052  2  1 95  2  0  0
 3  2 117288 155346584 1922468 32991716    0    0 175408 117700 100507 99409  2  1 95  2  0  0
 5  0 117288 155356032 1922468 32991724    0    0 179296 106016 100157 102749  2  1 94  2  0  0
 0  4 117288 155355740 1922472 32991732    0    0 177008 111896 100390 99655  3  1 95  2  0  0
 2  2 117288 155353444 1922472 32991744    0    0 177088 111692 100149 100374  2  1 94  2  0  0
 2  2 117288 155358868 1922472 32991756    0    0 178176 112396 100314 100847  2  1 95  2  0  0
procs -----------memory---------- ---swap-- -----io---- -system-- -------cpu-------
 r  b   swpd   free   buff  cache   si   so    bi    bo   in   cs us sy id wa st gu
 1  3 117288 155359356 1922472 32991764    0    0 176832 112216 100201 100799  2  1 95  2  0  0
 2  1 117288 155358784 1922472 32991772    0    0 177408 112676 100533 101249  2  1 95  2  0  0
 4  3 117288 155353352 1922472 32991780    0    0 177968 108688 100274 100306  2  1 95  2  0  0
 2  2 117288 155357060 1922472 32991792    0    0 177696 107216 100142 101063  2  1 95  2  0  0
 2  0 117288 155360892 1922472 32991796    0    0 176256 113372 100284 101488  2  1 95  2  0  0
 2  0 117288 155359452 1922472 32991812    0    0 176944 111884 100289 101885  2  1 95  2  0  0
 3  1 117288 155361288 1922472 32991820    0    0 177264 110724 100064 102401  2  1 95  2  0  0
 1  3 117288 155363460 1922476 32991832    0    0 177872 110288 100053 102623  3  1 94  2  0  0
 3  2 117288 155364892 1922476 32991840    0    0 176880 109548 99902 101114  2  1 95  2  0  0
 1  3 117288 155361164 1922476 32991856    0    0 177520 107584 99972 100243  3  1 94  2  0  0
 3  1 117288 155362260 1922476 32991864    0    0 175808 110300 99996 98831  2  1 95  2  0  0
 2  2 117288 155358200 1922476 32991872    0    0 174832 113708 100106 100139  2  1 95  2  0  0
 2  2 117288 155366124 1922484 32991884    0    0 175728 112076 100070 98679  3  1 95  2  0  0
 4  1 117288 155360032 1922484 32991892    0    0 176288 112024 100195 100963  3  1 95  2  0  0
 2  2 117288 155362644 1922484 32991904    0    0 178304 107464 100093 101577  3  1 94  2  0  0
 2  2 117288 155365756 1922484 32991912    0    0 177728 108380 100340 99910  2  1 95  2  0  0
 3  1 117288 155359252 1922484 32991924    0    0 178384 111784 100466 101122  3  1 94  2  0  0
 3  1 117288 155357732 1922484 32991936    0    0 176464 111080 100250 100730  2  1 95  2  0  0
 6  2 117288 155362552 1922484 32991944    0    0 174480 113492 99955 99761  2  1 95  2  0  0
 2  2 117288 155359828 1922484 32991960    0    0 176432 109084 100113 100136  2  1 95  2  0  0
 4  1 117288 155361176 1922484 32991968    0    0 175760 107344 99619 100017  2  1 95  2  0  0
procs -----------memory---------- ---swap-- -----io---- -system-- -------cpu-------
 r  b   swpd   free   buff  cache   si   so    bi    bo   in   cs us sy id wa st gu
 2  2 117288 155359364 1922484 32991972    0    0 176256 108548 99827 100554  3  1 94  2  0  0
 3  1 117288 155354584 1922484 32991984    0    0 176720 112000 99906 100404  3  1 94  2  0  0
 4  1 117288 155358856 1922484 32991992    0    0 177648 115756 100345 101328  2  1 95  2  0  0
 3  1 117288 155364616 1922484 32992004    0    0 175936 111760 99797 100426  3  1 94  2  0  0
 4  0 117288 155365340 1922484 32992016    0    0 176192 111112 100366 98572  3  1 94  2  0  0
 0  4 117288 155359904 1922484 32992028    0    0 178320 109876 100087 101520  3  1 94  2  0  0
 4  1 117288 155363280 1922492 32992036    0    0 178352 109148 100296 101152  3  1 94  2  0  0
 2  2 117288 155362568 1922492 32992044    0    0 175104 108180 99481 101132  3  1 95  2  0  0
 2  2 117288 155371148 1922492 32992116    0    0 177040 110076 100350 99805  3  1 94  2  0  0
 2  2 117288 155373912 1922492 32992128    0    0 177104 114052 100134 100868  2  1 95  2  0  0
 2  2 117288 155372652 1922492 32992136    0    0 179360 110416 99754 102130  2  1 95  2  0  0
 1  3 117288 155369280 1922492 32992148    0    0 179216 110208 99937 103100  3  1 94  2  0  0
 7  0 117288 155374916 1922496 32992156    0    0 176144 110248 99869 101013  2  1 95  2  0  0
 2  2 117288 155376328 1922496 32992164    0    0 179152 110412 100108 100159  2  1 95  2  0  0
 4  2 117288 155372504 1922496 32992172    0    0 176384 112012 100281 101028  3  1 94  2  0  0
 3  1 117288 155369564 1922496 32992188    0    0 177024 111996 100389 99797  3  1 94  2  0  0
 3  1 117288 155372328 1922496 32992196    0    0 176576 110816 99668 104215  2  1 95  2  0  0
 3  3 117288 155362456 1922496 32992204    0    0 178128 108508 100360 100685  2  1 95  2  0  0
