procs -----------memory---------- ---swap-- -----io---- -system-- -------cpu-------
 r  b   swpd   free   buff  cache   si   so    bi    bo   in   cs us sy id wa st gu
 4  0 111728 150525608 1872084 35796008   25   29 243634 219102 65408   38 20  3 72  4  0  0
 2  2 111728 150490716 1872088 35796084    0    0 135008 102780 96800 86539  3  1 94  2  0  0
 2  2 111728 150488260 1872088 35796088    0    0 190304 32908 98103 100531  3  1 94  2  0  0
 0  3 111728 150485056 1872088 35796096    0    0 190336 31608 97793 101807  3  1 94  2  0  0
 2  2 111728 150487400 1872088 35796104    0    0 189168 30392 97701 100814  3  1 94  2  0  0
 3  1 111728 150488992 1872088 35796112    0    0 190480 31632 97780 100686  3  1 94  2  0  0
 4  1 111728 150486804 1872088 35796128    0    0 191040 31996 97787 101942  3  1 94  2  0  0
 2  3 111728 150479680 1872088 35796136    0    0 190848 31960 97857 102135  3  1 94  2  0  0
 4  1 111728 150480480 1872088 35796144    0    0 190128 32116 97920 100939  3  1 94  2  0  0
 3  2 111728 150478716 1872088 35796152    0    0 190736 43064 98242 102000  3  1 94  2  0  0
 2  2 111728 150476636 1872092 35796156    0    0 189936 43620 98278 101111  3  1 94  2  0  0
 0  4 111728 150475224 1872092 35796176    0    0 179008 94628 99647 100071  3  1 94  2  0  0
 1  3 111728 150470572 1872092 35796184    0    0 173712 106460 99875 98225  2  1 95  2  0  0
 2  2 111728 150477604 1872092 35796192    0    0 175184 109800 99966 100749  3  1 95  2  0  0
 4  1 111728 150477616 1872092 35796200    0    0 175024 107000 99661 99848  3  1 95  2  0  0
 5  1 111728 150482196 1872092 35796212    0    0 175264 110172 99965 99760  2  1 95  2  0  0
 3  1 111728 150481784 1872092 35796224    0    0 173616 106492 99548 99334  3  1 95  2  0  0
 2  2 111728 150482656 1872092 35796232    0    0 173408 108544 99892 99602  3  1 95  2  0  0
 3  1 111728 150479328 1872092 35796240    0    0 174672 110832 100010 99922  3  1 95  2  0  0
 3  2 111728 150478976 1872092 35796244    0    0 176784 101032 99419 99534  2  1 95  2  0  0
 2  2 111728 150485024 1872092 35796252    0    0 179264 89432 99342 99892  3  1 95  2  0  0
procs -----------memory---------- ---swap-- -----io---- -system-- -------cpu-------
 r  b   swpd   free   buff  cache   si   so    bi    bo   in   cs us sy id wa st gu
 2  2 111728 150483052 1872092 35796268    0    0 179584 86108 99197 99791  3  1 95  2  0  0
 3  1 111728 150476904 1872092 35796276    0    0 178752 91268 99359 100932  3  1 94  2  0  0
 2  2 111728 150479672 1872092 35796284    0    0 180000 89800 99682 101284  3  1 95  2  0  0
 2  2 111728 150480140 1872092 35796292    0    0 177968 96580 99402 99208  3  1 95  2  0  0
 2  2 111728 150478500 1872092 35796304    0    0 179696 90988 99626 99838  3  1 94  2  0  0
 2  2 111728 150478588 1872092 35796312    0    0 178432 97112 99638 100046  3  1 94  2  0  0
 2  2 111728 150484296 1872092 35796324    0    0 179296 93652 99808 99561  3  1 95  2  0  0
 4  0 111728 150480004 1872092 35796332    0    0 177408 96176 99842 98656  3  1 94  2  0  0
 3  1 111728 150479844 1872092 35796340    0    0 176336 94944 99371 98990  3  1 94  2  0  0
 6  1 111728 150477872 1872092 35796352    0    0 178736 95240 99976 99634  2  1 95  2  0  0
 2  2 111728 150480756 1872096 35796364    0    0 175424 99148 99963 99539  3  1 95  2  0  0
 2  2 111728 150477644 1872096 35796372    0    0 175584 99100 99797 98127  3  1 95  2  0  0
 3  2 111728 150472140 1872096 35796384    0    0 174224 90472 99225 97205  3  1 95  2  0  0
 3  1 111728 150470552 1872096 35796396    0    0 175248 99056 99669 98568  3  1 95  2  0  0
 2  2 111728 150468604 1872096 35796408    0    0 178592 96832 99945 100409  3  1 94  2  0  0
 2  3 111728 150464024 1872104 35796416    0    0 176320 95960 99794 98775  3  1 94  2  0  0
 0  4 111728 150465140 1872104 35796424    0    0 173792 97736 100032 97588  3  1 94  2  0  0
 4  0 111728 150464936 1872104 35796432    0    0 174880 97636 99742 98752  3  1 94  2  0  0
 2  2 111728 150469028 1872104 35796440    0    0 176816 99800 100161 100632  3  1 95  2  0  0
 2  3 111728 150470260 1872104 35796452    0    0 175808 97848 99971 99305  3  1 95  2  0  0
 1  3 111728 150479284 1872104 35796464    0    0 176048 107124 100618 99660  3  1 94  2  0  0
procs -----------memory---------- ---swap-- -----io---- -system-- -------cpu-------
 r  b   swpd   free   buff  cache   si   so    bi    bo   in   cs us sy id wa st gu
 3  1 111728 150485468 1872104 35796544    0    0 171472 102772 99601 97888  3  1 94  2  0  0
 0  4 111728 150485124 1872104 35796552    0    0 173584 98540 99935 98442  3  1 94  2  0  0
 4  1 111728 150479644 1872104 35796564    0    0 174224 105988 100096 97538  3  1 95  2  0  0
 2  3 111728 150472604 1872104 35796572    0    0 175344 99228 99311 99517  3  1 94  2  0  0
 7  1 111728 150474612 1872104 35796580    0    0 177264 101948 99911 99508  2  1 95  2  0  0
 0  4 111728 150478352 1872104 35796596    0    0 176848 101140 100179 98929  3  1 95  2  0  0
 1  3 111728 150470020 1872104 35796608    0    0 175360 102816 99787 98348  3  1 94  2  0  0
 1  3 111728 150468344 1872104 35796616    0    0 177856 96964 99986 97579  3  1 94  2  0  0
 2  2 111728 150465104 1872104 35796624    0    0 176208 105012 99974 100191  3  1 95  2  0  0
 5  0 111728 150467680 1872108 35796628    0    0 177472 103264 100262 101281  3  1 95  2  0  0
 2  2 111728 150465608 1872108 35796644    0    0 175472 113236 100210 99865  3  1 95  2  0  0
 2  3 111728 150460176 1872108 35796652    0    0 176176 110528 100410 98558  3  1 94  2  0  0
 3  1 111728 150460424 1872108 35796660    0    0 177248 109124 99888 100452  3  1 94  2  0  0
 4  1 111728 150461360 1872108 35796672    0    0 177456 108628 100397 99228  3  1 95  2  0  0
 5  0 111728 150461528 1872112 35796676    0    0 177296 108844 100019 100567  3  1 94  2  0  0
 1  3 111728 150454296 1872112 35796692    0    0 175312 117776 100568 100959  3  1 95  2  0  0
 5  2 111728 150450432 1872112 35796704    0    0 175104 111412 100374 100005  3  1 95  2  0  0
 2  2 111728 150449696 1872112 35796712    0    0 176384 109516 100221 100748  3  1 95  2  0  0
 3  1 111728 150448160 1872112 35796720    0    0 176096 110044 100338 100491  3  1 95  2  0  0
 5  2 111728 150451800 1872112 35796728    0    0 174912 113192 100475 98896  2  1 95  2  0  0
 1  3 111728 150459120 1872112 35796740    0    0 172896 104208 99689 99173  3  1 95  2  0  0
procs -----------memory---------- ---swap-- -----io---- -system-- -------cpu-------
 r  b   swpd   free   buff  cache   si   so    bi    bo   in   cs us sy id wa st gu
 1  3 111728 150459356 1872112 35796752    0    0 173040 108612 99947 99142  3  1 95  2  0  0
 4  0 111728 150461084 1872112 35796760    0    0 174880 108168 99858 98821  3  1 95  2  0  0
 3  2 111728 150460136 1872112 35796768    0    0 176160 111864 100747 100068  3  1 94  2  0  0
 4  0 111728 150454476 1872112 35796780    0    0 175248 108780 99829 101159  3  1 94  2  0  0
 2  2 111728 150458688 1872112 35796792    0    0 177504 110712 100286 99808  3  1 94  2  0  0
 2  2 111728 150455480 1872112 35796808    0    0 176320 118076 100572 99056  3  1 94  2  0  0
 1  2 111728 150448124 1872112 35796816    0    0 179824 106704 100240 102123  3  1 95  2  0  0
 4  2 111728 150454084 1872112 35796824    0    0 178096 111136 100680 99880  3  1 94  2  0  0
 2  2 111728 150457492 1872112 35796828    0    0 178928 107172 100419 98363  3  1 95  2  0  0
 2  2 111728 150463684 1872116 35796836    0    0 179216 111892 100588 100692  3  1 94  2  0  0
 4  0 111728 150466880 1872116 35796852    0    0 179744 108884 100441 100937  3  1 94  2  0  0
 2  2 111728 150462304 1872116 35796860    0    0 175456 113688 100175 99225  2  1 95  2  0  0
 3  1 111728 150458088 1872116 35796868    0    0 177936 113192 100762 99135  3  1 94  2  0  0
 6  3 111728 150458044 1872116 35796876    0    0 175840 109124 100535 98162  3  1 95  2  0  0
 2  1 111728 150464208 1872120 35796888    0    0 174288 114548 100244 100988  2  1 95  2  0  0
 4  0 111728 150460028 1872120 35796900    0    0 178528 108512 100651 99882  3  1 94  2  0  0
 1  3 111728 150453576 1872120 35796908    0    0 179856 106396 100612 101217  3  1 94  2  0  0
 4  0 111728 150460260 1872120 35796920    0    0 178832 107388 100698 100064  3  1 94  2  0  0
 2  2 111728 150458056 1872120 35796928    0    0 176384 110380 100448 99590  3  1 95  2  0  0
 2  2 111728 150467864 1872124 35796932    0    0 177648 115460 100975 100387  3  1 95  2  0  0
 1  3 111728 150469900 1872124 35796952    0    0 176128 118548 101253 100767  3  1 95  2  0  0
procs -----------memory---------- ---swap-- -----io---- -system-- -------cpu-------
 r  b   swpd   free   buff  cache   si   so    bi    bo   in   cs us sy id wa st gu
 2  2 111728 150471596 1872124 35796960    0    0 176128 113728 100173 101049  3  1 95  2  0  0
 5  0 111728 150465532 1872124 35796968    0    0 176832 118524 100572 98736  2  1 95  2  0  0
 0  4 111728 150466012 1872124 35796976    0    0 178352 117916 101049 100865  3  1 94  2  0  0
 1  3 111728 150470120 1872132 35796980    0    0 177680 116080 100922 101830  3  1 95  2  0  0
 2  2 111728 150472008 1872132 35796996    0    0 177072 114028 100437 102608  3  1 94  2  0  0
 0  4 111728 150469116 1872132 35797004    0    0 178224 114788 100573 100082  3  1 94  2  0  0
 1  3 111728 150472028 1872132 35797012    0    0 178944 116228 100724 99845  3  1 95  2  0  0
 2  2 111728 150469912 1872132 35797024    0    0 179888 110492 100685 102198  3  1 95  2  0  0
 6  1 111728 150469924 1872136 35797028    0    0 177632 110860 100036 100389  2  1 95  2  0  0
 4  0 111728 150470112 1872136 35797044    0    0 178304 112244 100487 100456  3  1 95  2  0  0
 3  2 111728 150465840 1872136 35797052    0    0 179584 115824 100809 101086  3  1 94  2  0  0
 4  1 111728 150472028 1872136 35797060    0    0 177984 115640 100749 101070  2  1 95  2  0  0
 4  0 111728 150479712 1872136 35797072    0    0 178512 120924 100935 99704  3  1 95  2  0  0
 4  1 111728 150482384 1872136 35797084    0    0 179200 107376 100112 102143  2  1 95  2  0  0
 1  3 111728 150492012 1872136 35797096    0    0 179776 117468 100601 102175  3  1 94  2  0  0
 2  3 111728 150480324 1872136 35797108    0    0 177376 115084 100490 100814  3  1 94  2  0  0
 3  1 111728 150481728 1872136 35797116    0    0 175520 116320 100617 98538  3  1 95  2  0  0
 3  1 111728 150478816 1872136 35797128    0    0 177248 111272 100185 100163  3  1 94  2  0  0
 4  1 111728 150475888 1872136 35797140    0    0 180032 111924 100304 102103  3  1 94  2  0  0
 2  2 111728 150484964 1872136 35797220    0    0 178816 114116 100523 99690  3  1 94  2  0  0
 5  0 111728 150485528 1872136 35797228    0    0 179504 111928 100644 100083  3  1 94  2  0  0
procs -----------memory---------- ---swap-- -----io---- -system-- -------cpu-------
 r  b   swpd   free   buff  cache   si   so    bi    bo   in   cs us sy id wa st gu
 4  2 111728 150484556 1872136 35797236    0    0 174400 116212 100328 98712  3  1 95  2  0  0
 2  1 111728 150476940 1872136 35797244    0    0 179088 112972 100296 101910  3  1 94  2  0  0
 7  1 111728 150482684 1872136 35797252    0    0 176880 122000 100943 98906  2  1 95  2  0  0
 0  4 111728 150484852 1872136 35797260    0    0 176304 116420 100292 100998  3  1 95  2  0  0
 3  2 111728 150484188 1872136 35797276    0    0 177120 115692 100454 99113  3  1 94  2  0  0
 1  3 111728 150491640 1872136 35797288    0    0 179712 111036 100798 100324  3  1 95  2  0  0
 4  2 111728 150492492 1872136 35797296    0    0 178144 118244 100943 99881  3  1 95  2  0  0
 2  2 111728 150493028 1872136 35797304    0    0 178240 115288 100816 101564  3  1 94  2  0  0
 0  4 111728 150493204 1872136 35797312    0    0 177936 115664 100554 101663  3  1 95  2  0  0
 2  2 111728 150506496 1872136 35797324    0    0 176928 118368 100546 101050  3  1 94  2  0  0
 2  2 111728 150498640 1872136 35797332    0    0 174496 114532 100519 101242  3  1 95  2  0  0
 3  1 111728 150500216 1872136 35797344    0    0 177760 118464 100830 102251  3  1 95  2  0  0
 4  1 111728 150492304 1872144 35797344    0    0 175600 121488 100214 100821  3  1 95  2  0  0
 2  2 111728 150501568 1872144 35797360    0    0 174416 120496 100415 99088  3  1 94  2  0  0
 1  3 111728 150498196 1872144 35797372    0    0 175120 118100 100374 99925  3  1 95  2  0  0
 3  1 111728 150491556 1872144 35797388    0    0 175392 117416 100385 98148  3  1 95  2  0  0
 2  2 111728 150489052 1872144 35797396    0    0 177328 118848 101030 99615  3  1 94  2  0  0
 4  2 111728 150490516 1872144 35797404    0    0 178144 114728 100629 100242  3  1 95  2  0  0
 2  2 111728 150495452 1872148 35797408    0    0 174992 114204 100157 99632  2  1 95  2  0  0
 3  1 111728 150491092 1872148 35797420    0    0 176064 115188 100159 100603  3  1 94  2  0  0
 2  2 111728 150489512 1872148 35797432    0    0 176064 117976 100517 99519  3  1 94  2  0  0
procs -----------memory---------- ---swap-- -----io---- -system-- -------cpu-------
 r  b   swpd   free   buff  cache   si   so    bi    bo   in   cs us sy id wa st gu
 4  1 111728 150485840 1872148 35797440    0    0 177552 116740 100735 99614  3  1 95  2  0  0
 2  2 111728 150483312 1872148 35797448    0    0 174960 119784 100993 98721  3  1 94  2  0  0
 3  0 111728 150485080 1872152 35797456    0    0 176192 112148 100298 98255  3  1 94  2  0  0
 2  2 111728 150487328 1872152 35797468    0    0 175584 113976 100619 98135  3  1 94  2  0  0
 2  2 111728 150482112 1872152 35797480    0    0 174512 115496 100365 99210  3  1 95  2  0  0
 3  1 111728 150486772 1872152 35797492    0    0 174784 116872 100724 100429  3  1 95  2  0  0
 4  2 111728 150482564 1872152 35797500    0    0 175376 118048 101211 100319  3  1 94  2  0  0
 3  2 111728 150484668 1872156 35797508    0    0 175920 114800 100665 99847  3  1 95  2  0  0
 4  0 111728 150479548 1872156 35797524    0    0 177520 114648 100833 99315  3  1 94  2  0  0
 4  1 111728 150470992 1872156 35797532    0    0 176992 117680 101126 101821  3  1 95  2  0  0
 5  1 111728 150473612 1872156 35797544    0    0 176304 116676 100567 101881  3  1 95  2  0  0
 3  3 111728 150471724 1872156 35797552    0    0 175088 119620 100811 100668  3  1 94  2  0  0
 7  1 111728 150469112 1872156 35797560    0    0 177872 119616 100871 100135  2  1 95  2  0  0
 5  0 111728 150476740 1872156 35797576    0    0 178160 108584 100224 100824  3  1 95  2  0  0
 3  2 111728 150475832 1872156 35797580    0    0 177568 115392 100732 101562  3  1 95  2  0  0
 2  2 111728 150484660 1872156 35797588    0    0 176432 120332 100859 99580  3  1 95  2  0  0
 4  1 111728 150478516 1872156 35797596    0    0 176064 115264 100474 99507  3  1 94  2  0  0
 2  3 111728 150478420 1872160 35797600    0    0 175600 115180 100222 99334  3  1 95  2  0  0
 3  1 111728 150481452 1872160 35797616    0    0 175424 114848 100087 98226  3  1 95  2  0  0
 0  4 111728 150481808 1872160 35797624    0    0 174416 124040 100694 99383  3  1 95  2  0  0
 2  0 111728 150477384 1872160 35797640    0    0 176768 118056 100652 100703  3  1 95  2  0  0
procs -----------memory---------- ---swap-- -----io---- -system-- -------cpu-------
 r  b   swpd   free   buff  cache   si   so    bi    bo   in   cs us sy id wa st gu
 3  1 111728 150483408 1872160 35797648    0    0 175456 116856 100375 100780  3  1 95  2  0  0
 2  2 111728 150482780 1872164 35797652    0    0 179568 114648 100698 100949  3  1 94  2  0  0
 3  1 111728 150481388 1872164 35797668    0    0 179616 116084 100991 103187  2  1 94  2  0  0
 1  3 111728 150479232 1872164 35797680    0    0 178080 116872 101005 101156  3  1 95  2  0  0
 3  1 111728 150476276 1872164 35797688    0    0 174208 117164 100537 100188  2  1 95  2  0  0
 3  1 111728 150480112 1872164 35797696    0    0 175344 116432 100493 99778  3  1 95  2  0  0
 5  2 111728 150477740 1872168 35797704    0    0 179376 114232 100556 102182  2  1 95  2  0  0
 4  0 111728 150486644 1872168 35797716    0    0 179024 119568 100495 104034  2  1 95  2  0  0
 1  3 111728 150488124 1872168 35797728    0    0 179712 111836 100763 100904  3  1 95  2  0  0
 4  1 111728 150485524 1872180 35797724    0    0 178400 116840 100648 101865  3  1 94  2  0  0
 3  1 111728 150482336 1872180 35797740    0    0 177632 115620 100792 101495  3  1 94  2  0  0
 3  2 111728 150484180 1872180 35797748    0    0 178368 120160 100394 101886  3  1 95  2  0  0
 4  1 111728 150487092 1872180 35797764    0    0 177168 115692 100794 100681  3  1 95  2  0  0
 1  3 111728 150484412 1872180 35797776    0    0 178256 115676 100624 101999  3  1 94  2  0  0
 2  0 111728 150484008 1872180 35797784    0    0 176896 118524 100765 101157  3  1 94  2  0  0
 3  2 111728 150490724 1872180 35797792    0    0 177600 118352 100555 101390  3  1 94  2  0  0
 2  2 111728 150492516 1872180 35797876    0    0 176464 125748 101189 100802  3  1 94  2  0  0
 3  1 111728 150486456 1872180 35797884    0    0 177584 112112 100250 100886  3  1 95  2  0  0
 1  3 111728 150483996 1872180 35797896    0    0 177520 117456 100715 101440  3  1 94  2  0  0
 3  1 111728 150481112 1872180 35797904    0    0 175216 117544 100141 98021  3  1 95  2  0  0
 2  2 111728 150480744 1872180 35797912    0    0 175472 117432 100402 99792  3  1 95  2  0  0
procs -----------memory---------- ---swap-- -----io---- -system-- -------cpu-------
 r  b   swpd   free   buff  cache   si   so    bi    bo   in   cs us sy id wa st gu
 5  2 111728 150480956 1872180 35797924    0    0 173488 115464 99910 99373  3  1 95  2  0  0
 9  0 111728 150482556 1872184 35797932    0    0 176992 114032 100149 100963  2  1 95  2  0  0
 2  2 111728 150483752 1872184 35797944    0    0 178144 115596 100436 100594  3  1 94  2  0  0
 4  1 111728 150479208 1872184 35797956    0    0 176176 117416 100584 101025  3  1 95  2  0  0
 4  2 111728 150490620 1872184 35797968    0    0 177184 111528 100617 100062  3  1 94  2  0  0
 5  1 111728 150485588 1872184 35797976    0    0 177280 117256 100461 100337  3  1 95  2  0  0
 1  4 111728 150494480 1872192 35797984    0    0 175248 117876 100865 98240  3  1 94  2  0  0
 3  2 111728 150498920 1872192 35797988    0    0 176000 117944 100469 100437  2  1 95  2  0  0
 2  3 111728 150504368 1872192 35798000    0    0 177488 115980 100611 100863  3  1 94  2  0  0
 3  3 111728 150499520 1872192 35798008    0    0 174608 116308 100000 99838  3  1 94  2  0  0
 5  1 111728 150504424 1872192 35798020    0    0 173728 114928 100160 97880  3  1 95  2  0  0
 3  2 111728 150499964 1872196 35798024    0    0 175088 117660 100733 100032  3  1 95  2  0  0
 1  1 111728 150499568 1872196 35798036    0    0 178480 114260 100453 100809  3  1 94  2  0  0
 2  3 111728 150490420 1872196 35798048    0    0 176976 120192 101223 100353  3  1 94  2  0  0
 3  2 111728 150485640 1872196 35798060    0    0 176944 118684 100688 99872  3  1 95  2  0  0
 4  1 111728 150485672 1872196 35798068    0    0 176656 119084 100484 99768  3  1 94  2  0  0
10  0 111728 150486336 1872196 35798076    0    0 177808 113076 100434 101761  2  1 95  2  0  0
 1  3 111728 150486032 1872196 35798084    0    0 175712 122100 100693 100472  3  1 95  2  0  0
 3  1 111728 150485716 1872196 35798100    0    0 176496 114936 100479 99890  3  1 95  2  0  0
 1  3 111728 150482676 1872200 35798108    0    0 176688 115116 100368 101295  3  1 95  2  0  0
 3  1 111728 150493280 1872200 35798116    0    0 176352 116800 100060 100670  3  1 95  2  0  0
procs -----------memory---------- ---swap-- -----io---- -system-- -------cpu-------
 r  b   swpd   free   buff  cache   si   so    bi    bo   in   cs us sy id wa st gu
 2  2 111728 150489964 1872204 35798120    0    0 174960 112580 99708 99941  3  1 95  2  0  0
 2  3 111728 150493588 1872204 35798132    0    0 178656 108476 100131 100043  3  1 94  2  0  0
 3  1 111728 150503196 1872204 35798144    0    0 176832 115248 100588 99050  3  1 94  2  0  0
 3  2 111728 150496412 1872204 35798152    0    0 175696 116252 100366 99172  3  1 95  2  0  0
 2  2 111728 150492148 1872204 35798160    0    0 175632 116940 99981 99330  3  1 95  2  0  0
 1  3 111728 150489116 1872204 35798168    0    0 175120 118400 99971 100511  3  1 95  2  0  0
 1  3 111728 150490652 1872204 35798180    0    0 177152 116832 100756 101636  3  1 95  2  0  0
 5  0 111728 150487856 1872204 35798200    0    0 176496 115332 100167 101699  3  1 95  2  0  0
 2  3 111728 150489004 1872204 35798208    0    0 174944 116956 100360 100126  3  1 95  2  0  0
 1  3 111728 150484696 1872204 35798220    0    0 174016 115628 100434 98078  3  1 95  2  0  0
 3  4 111728 150488780 1872204 35798228    0    0 174368 115516 100643 98401  2  1 95  2  0  0
 3  3 111728 150489876 1872204 35798236    0    0 179216 117728 100390 100318  2  1 95  2  0  0
 3  1 111728 150491328 1872204 35798252    0    0 176368 115892 100194 100124  3  1 95  2  0  0
 4  2 111728 150494648 1872204 35798260    0    0 179088 114100 100774 99427  3  1 94  2  0  0
 2  2 111728 150492240 1872204 35798272    0    0 176736 115548 100376 99755  3  1 95  2  0  0
 2  2 111728 150487688 1872204 35798280    0    0 178032 116716 100439 100361  2  1 95  2  0  0
 1  3 111728 150482084 1872204 35798288    0    0 177392 116264 100192 101367  3  1 94  2  0  0
 4  1 111728 150484632 1872204 35798304    0    0 178336 113048 100188 99676  3  1 94  2  0  0
 1  3 111728 150487836 1872204 35798312    0    0 177568 117116 100367 101458  3  1 95  2  0  0
 1  3 111728 150482928 1872204 35798320    0    0 178496 115368 100333 100715  3  1 94  2  0  0
 2  2 111728 150484796 1872208 35798320    0    0 177296 117904 100364 100311  2  1 95  2  0  0
procs -----------memory---------- ---swap-- -----io---- -system-- -------cpu-------
 r  b   swpd   free   buff  cache   si   so    bi    bo   in   cs us sy id wa st gu
 2  2 111728 150482960 1872208 35798332    0    0 177376 117112 100609 100332  3  1 95  2  0  0
 1  3 111728 150480792 1872208 35798344    0    0 176672 114356 100425 99741  3  1 94  2  0  0
 1  3 111728 150479228 1872208 35798356    0    0 174784 116268 99941 99056  3  1 95  2  0  0
 0  4 111728 150480468 1872208 35798364    0    0 177136 116884 100604 100049  3  1 95  2  0  0
 4  3 111728 150474820 1872208 35798372    0    0 178112 116700 100270 102193  2  1 95  2  0  0
 3  1 111728 150483980 1872212 35798384    0    0 176800 114820 100852 99423  2  1 95  2  0  0
 1  4 111728 150489088 1872212 35798392    0    0 176784 117136 100630 101233  2  1 95  2  0  0
 2  2 111728 150485132 1872212 35798404    0    0 177872 115480 100360 101564  3  1 95  2  0  0
 3  1 111728 150480752 1872212 35798416    0    0 177008 116776 100616 102369  3  1 94  2  0  0
 2  2 111728 150480676 1872212 35798424    0    0 176672 113872 100938 99358  3  1 94  2  0  0
 4  1 111728 150474108 1872212 35798432    0    0 178352 119576 100845 100875  3  1 95  2  0  0
 2  2 111728 150480072 1872212 35798444    0    0 175680 117772 100596 100080  3  1 95  2  0  0
 4  0 111728 150482028 1872220 35798448    0    0 178240 109840 100387 101428  3  1 94  2  0  0
 2  2 111728 150478132 1872220 35798552    0    0 174800 114248 100263 99719  3  1 94  2  0  0
 4  1 111728 150479096 1872220 35798560    0    0 175280 112976 100401 98996  3  1 94  2  0  0
 2  0 111728 150485340 1872220 35798572    0    0 173280 118516 100850 98565  3  1 95  2  0  0
 3  0 111728 150479204 1872220 35798580    0    0 174496 114792 100057 98864  3  1 94  2  0  0
 4  1 111728 150471184 1872220 35798588    0    0 177184 111580 100252 101331  2  1 95  2  0  0
 4  2 111728 150468068 1872220 35798600    0    0 175344 113092 100264 99936  3  1 95  2  0  0
 4  1 111728 150472020 1872220 35798612    0    0 173248 114436 100500 99937  3  1 95  2  0  0
 4  3 111728 150481008 1872220 35798620    0    0 174512 117928 100313 98238  2  1 95  2  0  0
procs -----------memory---------- ---swap-- -----io---- -system-- -------cpu-------
 r  b   swpd   free   buff  cache   si   so    bi    bo   in   cs us sy id wa st gu
 1  2 111728 150490356 1872220 35798628    0    0 177184 112796 100780 100844  2  1 95  2  0  0
 3  1 111728 150490612 1872224 35798636    0    0 180144 111432 101054 102060  3  1 94  2  0  0
 2  2 111728 150498264 1872224 35798648    0    0 177536 111444 100926 100213  3  1 94  2  0  0
 2  3 111728 150495524 1872224 35798660    0    0 175904 112204 100369 99056  3  1 95  2  0  0
 1  3 111728 150492836 1872224 35798668    0    0 175696 117756 100572 99339  3  1 95  2  0  0
14  0 111728 150499056 1872224 35798676    0    0 176560 118700 100401 100792  3  1 95  2  0  0
 4  1 111728 150502844 1872228 35798688    0    0 178592 111056 100320 101892  3  1 94  2  0  0
 2  3 111728 150507820 1872228 35798704    0    0 177520 121392 100650 101652  3  1 95  2  0  0
 2  2 111728 150503564 1872228 35798716    0    0 174608 120832 100598 99767  3  1 94  2  0  0
 1  3 111728 150498880 1872228 35798724    0    0 174320 116884 99755 99858  3  1 95  2  0  0
 1  0 111728 150498556 1872228 35798732    0    0 177200 106808 99944 100571  3  1 94  2  0  0
 2  0 111728 150493004 1872228 35798740    0    0 175072 117884 100449 100770  3  1 95  2  0  0
 2  0 111728 150486108 1872228 35798752    0    0 175344 112492 100069 100711  3  1 95  2  0  0
 2  2 111728 150491040 1872228 35798760    0    0 174448 107052 99916 99636  3  1 94  2  0  0
 6  1 111728 150491496 1872228 35798772    0    0 174912 114388 100171 98729  3  1 95  2  0  0
 3  1 111728 150497408 1872228 35798780    0    0 174608 118976 100447 98961  2  1 95  2  0  0
 3  1 111728 150504076 1872228 35798788    0    0 179008 104772 100011 100873  3  1 94  2  0  0
 2  2 111728 150504456 1872228 35798804    0    0 175664 122656 100597 98395  3  1 94  2  0  0
 2  2 111728 150500448 1872228 35798812    0    0 176752 115700 100038 100350  3  1 94  2  0  0
 1  3 111728 150497232 1872228 35798820    0    0 178304 107024 100227 101146  3  1 94  2  0  0
 4  0 111728 150497268 1872228 35798828    0    0 177312 110640 100444 101406  3  1 94  2  0  0
procs -----------memory---------- ---swap-- -----io---- -system-- -------cpu-------
 r  b   swpd   free   buff  cache   si   so    bi    bo   in   cs us sy id wa st gu
 2  0 111728 150495004 1872232 35798832    0    0 175824 114380 100651 99723  3  1 95  2  0  0
 3  2 111728 150500356 1872232 35798848    0    0 176896 110824 100496 99936  3  1 94  2  0  0
 2  2 111728 150497400 1872232 35798860    0    0 178336 113184 100465 101962  3  1 94  2  0  0
 2  0 111728 150492388 1872232 35798868    0    0 177088 117392 100351 101464  3  1 95  2  0  0
 6  1 111728 150485112 1872232 35798876    0    0 177408 111232 100673 100169  3  1 95  2  0  0
 1  3 111728 150484148 1872232 35798884    0    0 177152 113192 100615 100110  3  1 94  2  0  0
 2  2 111728 150484232 1872232 35798900    0    0 176592 113868 100496 101266  3  1 94  2  0  0
 5  0 111728 150485760 1872232 35798908    0    0 176032 116768 100155 101346  3  1 95  2  0  0
 5  3 111728 150483836 1872232 35798920    0    0 176416 115196 100495 100220  3  1 95  2  0  0
 2  0 111728 150486924 1872232 35798924    0    0 176944 112340 100295 99584  2  1 95  2  0  0
 3  1 111728 150486664 1872232 35798932    0    0 176960 111292 100435 100414  3  1 94  2  0  0
 1  3 111728 150482624 1872236 35798944    0    0 174816 116284 100226 101161  3  1 95  2  0  0
 2  2 111728 150477176 1872236 35798956    0    0 176640 111512 100211 100407  3  1 94  2  0  0
 2  2 111728 150476360 1872236 35798964    0    0 176096 117892 100527 100122  3  1 94  2  0  0
 2  2 111728 150477164 1872236 35798972    0    0 177152 115252 100622 100138  3  1 95  2  0  0
 2  2 111728 150477028 1872236 35798980    0    0 177152 112024 100435 101047  3  1 95  2  0  0
 1  2 111728 150479932 1872236 35798996    0    0 175584 119812 100697 99500  3  1 95  2  0  0
 3  1 111728 150476344 1872236 35799004    0    0 176528 115044 100386 99613  3  1 94  2  0  0
 4  0 111728 150475732 1872236 35799012    0    0 177072 110624 100212 100208  3  1 94  2  0  0
 3  1 111728 150474364 1872236 35799024    0    0 178224 113388 100815 100633  3  1 94  2  0  0
 3  1 111728 150470812 1872236 35799044    0    0 176912 114888 100378 101153  3  1 94  2  0  0
procs -----------memory---------- ---swap-- -----io---- -system-- -------cpu-------
 r  b   swpd   free   buff  cache   si   so    bi    bo   in   cs us sy id wa st gu
 2  2 111728 150472948 1872240 35799048    0    0 177520 111116 100275 101574  3  1 94  2  0  0
 2  2 111728 150473248 1872240 35799060    0    0 178208 112904 100471 102071  3  1 94  2  0  0
 2  2 111728 150465508 1872240 35799068    0    0 178064 112752 100249 102233  3  1 94  2  0  0
 5  2 111728 150471632 1872240 35799076    0    0 176784 112156 100635 100098  2  1 95  2  0  0
 2  2 111728 150473084 1872240 35799092    0    0 177264 117780 100921 100642  3  1 95  2  0  0
 2  2 111728 150471768 1872244 35799092    0    0 177120 114296 100574 100758  3  1 95  2  0  0
 3  1 111728 150464164 1872244 35799108    0    0 177696 113144 100951 101461  3  1 94  2  0  0
 3  1 111728 150461436 1872244 35799116    0    0 178480 114372 100614 100933  3  1 94  2  0  0
 2  2 111728 150459948 1872244 35799124    0    0 177984 112120 100135 100157  3  1 95  2  0  0
 3  2 111728 150464376 1872248 35799204    0    0 176256 117052 100476 101102  3  1 94  2  0  0
 0  4 111728 150467792 1872248 35799216    0    0 175776 116292 100447 101359  3  1 94  2  0  0
 2  2 111728 150470372 1872248 35799224    0    0 175472 113820 100306 99784  3  1 95  2  0  0
 4  1 111728 150470092 1872248 35799232    0    0 177424 112560 100613 98734  3  1 94  2  0  0
 4  1 111728 150468236 1872248 35799240    0    0 175152 121420 100370 100057  3  1 95  2  0  0
 4  0 111728 150470284 1872248 35799252    0    0 177840 113376 100815 101257  2  1 95  2  0  0
 1  3 111728 150466632 1872248 35799260    0    0 175712 115776 100383 100788  3  1 94  2  0  0
 2  2 111728 150464856 1872248 35799272    0    0 177552 115072 100674 100212  2  1 95  2  0  0
 2  2 111728 150464580 1872248 35799280    0    0 177632 114044 100435 101567  3  1 94  2  0  0
 4  3 111728 150460776 1872248 35799292    0    0 178304 113056 100455 100091  2  1 95  2  0  0
 2  2 111728 150468320 1872248 35799300    0    0 175840 114768 100878 99591  2  1 95  2  0  0
 2  2 111728 150467560 1872248 35799308    0    0 177056 109636 100349 100103  3  1 95  2  0  0
procs -----------memory---------- ---swap-- -----io---- -system-- -------cpu-------
 r  b   swpd   free   buff  cache   si   so    bi    bo   in   cs us sy id wa st gu
 2  2 111728 150472356 1872248 35799328    0    0 176864 111908 100193 99318  3  1 94  2  0  0
 2  2 111728 150475632 1872248 35799336    0    0 175984 117708 100420 100249  3  1 95  2  0  0
 2  2 111728 150476328 1872248 35799340    0    0 176304 113588 100756 98566  2  1 95  2  0  0
 2  2 111728 150476944 1872252 35799348    0    0 176656 117264 100926 99755  3  1 95  2  0  0
 2  0 111728 150471772 1872252 35799360    0    0 177888 110948 100452 100887  3  1 94  2  0  0
 2  2 111728 150476132 1872252 35799372    0    0 176208 116972 100985 101233  3  1 95  2  0  0
 2  2 111728 150473124 1872252 35799380    0    0 176016 114588 100653 99664  3  1 94  2  0  0
 5  1 111728 150473316 1872252 35799392    0    0 176288 110728 100781 101205  3  1 95  2  0  0
 3  1 111728 150472288 1872256 35799396    0    0 178576 111088 100319 101685  3  1 95  2  0  0
 3  1 111728 150473824 1872256 35799408    0    0 177920 110900 100237 101092  3  1 95  2  0  0
 3  1 111728 150474176 1872256 35799420    0    0 177744 111488 100366 100559  3  1 94  2  0  0
 2  0 111728 150478540 1872256 35799432    0    0 177648 113156 100355 101338  2  1 95  2  0  0
 4  1 111728 150477836 1872256 35799444    0    0 178816 119036 100796 102865  2  1 95  2  0  0
 4  2 111728 150477396 1872256 35799452    0    0 177536 112924 101038 100725  2  1 95  2  0  0
 4  1 111728 150481604 1872256 35799460    0    0 177424 115100 100319 100283  3  1 95  2  0  0
 4  1 111728 150480080 1872256 35799468    0    0 179280 111116 100464 100886  3  1 95  2  0  0
 3  2 111728 150481464 1872256 35799480    0    0 177280 115620 100296 101401  3  1 94  2  0  0
 1  3 111728 150477752 1872256 35799492    0    0 179520 108708 100672 103350  3  1 94  2  0  0
 2  2 111728 150475772 1872260 35799496    0    0 176368 114156 100455 100331  3  1 95  2  0  0
 3  1 111728 150471112 1872260 35799504    0    0 177360 112892 100204 99159  3  1 95  2  0  0
 2  0 111728 150468408 1872260 35799512    0    0 176272 114576 100340 99542  2  1 95  2  0  0
procs -----------memory---------- ---swap-- -----io---- -system-- -------cpu-------
 r  b   swpd   free   buff  cache   si   so    bi    bo   in   cs us sy id wa st gu
 2  2 111728 150462104 1872260 35799524    0    0 174320 112356 100362 99996  3  1 95  2  0  0
 4  1 111728 150467336 1872260 35799540    0    0 174896 115816 100407 100184  3  1 95  2  0  0
 3  1 111728 150469180 1872268 35799540    0    0 176224 112336 100244 98053  2  1 95  2  0  0
 3  1 111728 150474612 1872268 35799556    0    0 177904 112544 100229 100088  3  1 95  2  0  0
 4  1 111728 150473056 1872268 35799564    0    0 177360 108852 100386 100126  3  1 95  2  0  0
 2  2 111728 150468492 1872268 35799580    0    0 175072 112540 100445 100418  3  1 95  2  0  0
 4  1 111728 150472980 1872268 35799588    0    0 179408 109252 100596 100849  3  1 95  2  0  0
 4  3 111728 150470492 1872268 35799596    0    0 176688 115132 100278 100985  2  1 95  2  0  0
 2  3 111728 150475028 1872268 35799604    0    0 176432 114112 100749 100944  2  1 95  2  0  0
 2  2 111728 150475420 1872268 35799616    0    0 177856 114156 100395 101722  3  1 94  2  0  0
 3  1 111728 150479744 1872268 35799632    0    0 177392 113904 100166 100680  3  1 94  2  0  0
 4  1 111728 150475124 1872268 35799644    0    0 175856 114536 100174 98808  3  1 94  2  0  0
 0  4 111728 150480124 1872268 35799652    0    0 176720 113260 100545 100049  3  1 94  2  0  0
 2  2 111728 150478480 1872268 35799660    0    0 176576 110280 100315 100332  3  1 95  2  0  0
 2  2 111728 150485688 1872268 35799672    0    0 171376 117980 100500 98683  3  1 95  2  0  0
 0  4 111728 150481352 1872268 35799680    0    0 176832 109344 99990 100602  3  1 95  2  0  0
 3  2 111728 150481692 1872268 35799688    0    0 175072 116496 100332 100029  3  1 95  2  0  0
 2  0 111728 150486852 1872268 35799696    0    0 178128 112284 100864 100299  3  1 95  2  0  0
 1  0 111728 150485668 1872272 35799700    0    0 178368 107196 100550 100109  2  1 95  2  0  0
 3  1 111728 150487776 1872272 35799720    0    0 173600 120228 100743 98240  3  1 95  2  0  0
 2  2 111728 150487932 1872272 35799728    0    0 175216 108296 99889 99277  2  1 95  2  0  0
procs -----------memory---------- ---swap-- -----io---- -system-- -------cpu-------
 r  b   swpd   free   buff  cache   si   so    bi    bo   in   cs us sy id wa st gu
 2  2 111728 150488424 1872272 35799736    0    0 173424 119876 100326 100587  3  1 95  2  0  0
 7  2 111728 150489524 1872272 35799744    0    0 177344 115052 100445 100112  2  1 95  2  0  0
 2  2 111728 150498428 1872272 35799752    0    0 178832 105856 99985 100828  2  1 95  2  0  0
 0  4 111728 150499936 1872272 35799768    0    0 173408 121908 100172 99823  3  1 94  2  0  0
 2  2 111728 150497484 1872272 35799784    0    0 175824 107556 100086 98674  3  1 95  2  0  0
 4  2 111728 150493564 1872272 35799792    0    0 176176 112732 100143 100191  3  1 95  2  0  0
 3  1 111728 150496928 1872272 35799812    0    0 177648 114092 100614 100026  3  1 94  2  0  0
 0  4 111728 150493256 1872272 35799880    0    0 176896 111992 100491 101529  3  1 94  2  0  0
 2  4 111728 150489948 1872272 35799892    0    0 174336 118452 100374 98514  3  1 94  2  0  0
 2  2 111728 150484432 1872272 35799900    0    0 175024 111732 100069 99314  3  1 95  2  0  0
 2  2 111728 150481460 1872272 35799912    0    0 177184 115132 101104 101520  3  1 95  2  0  0
 1  3 111728 150479056 1872272 35799920    0    0 178464 104316 100475 100286  3  1 95  2  0  0
 2  2 111728 150479300 1872272 35799924    0    0 175104 117324 100137 101970  3  1 94  2  0  0
 2  2 111728 150476140 1872272 35799936    0    0 173568 117472 100159 99424  3  1 95  2  0  0
 3  1 111728 150475000 1872276 35799940    0    0 173952 106744 99814 100056  3  1 94  2  0  0
 4  1 111728 150475056 1872276 35799956    0    0 173776 114332 99903 100872  3  1 94  2  0  0
 3  1 111728 150487332 1872276 35799964    0    0 175552 111912 100236 100191  3  1 94  2  0  0
 5  2 111728 150487204 1872280 35799972    0    0 177280 109516 99869 100836  2  1 95  2  0  0
 1  3 111728 150491724 1872280 35799984    0    0 177392 107108 100124 101076  3  1 95  2  0  0
 2  2 111728 150487080 1872280 35799992    0    0 175632 112584 100261 100653  3  1 95  2  0  0
 2  2 111728 150492868 1872280 35800004    0    0 175712 108176 99681 99696  3  1 95  2  0  0
procs -----------memory---------- ---swap-- -----io---- -system-- -------cpu-------
 r  b   swpd   free   buff  cache   si   so    bi    bo   in   cs us sy id wa st gu
 2  2 111728 150486820 1872280 35800016    0    0 177184 111164 99891 100435  3  1 94  2  0  0
 1  0 111728 150498844 1872288 35800024    0    0 173616 120152 100678 99364  3  1 95  2  0  0
 2  0 111728 150499480 1872288 35800040    0    0 176016 113064 99869 101723  3  1 94  2  0  0
 2  2 111728 150496928 1872288 35800048    0    0 173872 115260 100439 100419  2  1 95  2  0  0
 1  3 111728 150495324 1872288 35800060    0    0 177344 110328 100217 101148  2  1 95  2  0  0
 2  2 111728 150497012 1872288 35800068    0    0 176672 113976 100136 101207  3  1 95  2  0  0
 1  3 111728 150489528 1872288 35800080    0    0 177376 111508 100046 101100  3  1 94  2  0  0
 0  1 111728 150486840 1872288 35800088    0    0 176432 112952 100295 100302  3  1 94  2  0  0
 2  2 111728 150491320 1872288 35800092    0    0 178032 106664 100224 102357  3  1 95  2  0  0
 1  1 111728 150491312 1872288 35800104    0    0 175648 115340 100007 100814  3  1 95  2  0  0
 3  1 111728 150486336 1872288 35800116    0    0 176592 113340 100657 100610  2  1 95  2  0  0
 6  1 111728 150486516 1872288 35800124    0    0 178944 114128 100084 103029  2  1 95  2  0  0
 1  3 111728 150488664 1872292 35800132    0    0 177488 110808 99931 102095  2  1 95  2  0  0
 3  1 111728 150482796 1872292 35800140    0    0 177600 115536 100474 101256  3  1 95  2  0  0
 1  3 111728 150483152 1872292 35800152    0    0 179920 110164 100358 100633  3  1 95  2  0  0
 3  2 111728 150485600 1872292 35800160    0    0 178768 110580 100544 101140  3  1 95  2  0  0
 3  2 111728 150486512 1872292 35800176    0    0 177568 112500 100311 100739  3  1 94  2  0  0
 3  1 111728 150486280 1872296 35800184    0    0 178160 113676 100362 101797  3  1 94  2  0  0
 2  2 111728 150488264 1872296 35800192    0    0 176704 115052 100649 100867  3  1 95  2  0  0
 3  1 111728 150483336 1872296 35800200    0    0 175776 113668 100374 100998  3  1 94  2  0  0
 1  0 111728 150484540 1872296 35800216    0    0 175312 112108 100175 100859  3  1 95  2  0  0
procs -----------memory---------- ---swap-- -----io---- -system-- -------cpu-------
 r  b   swpd   free   buff  cache   si   so    bi    bo   in   cs us sy id wa st gu
 2  2 111728 150480036 1872296 35800224    0    0 178624 109484 100675 100343  2  1 95  2  0  0
 3  2 111728 150476244 1872300 35800232    0    0 176480 115916 100727 100046  3  1 95  2  0  0
 3  2 111728 150480572 1872300 35800244    0    0 176496 114896 100637 100931  2  1 95  2  0  0
 3  0 111728 150483424 1872300 35800252    0    0 178640 113916 100456 101728  3  1 94  2  0  0
 2  0 111728 150489492 1872300 35800264    0    0 177728 112056 100134 101971  2  1 95  2  0  0
 3  2 111728 150484960 1872300 35800272    0    0 174992 120280 101160 101509  3  1 94  2  0  0
 5  2 111728 150484116 1872304 35800276    0    0 180000 105860 100353 101908  2  1 95  2  0  0
 5  0 111728 150484164 1872304 35800288    0    0 177088 118340 100873 101255  3  1 94  2  0  0
 1  3 111728 150484020 1872304 35800296    0    0 176816 111128 100281 100655  3  1 95  2  0  0
 2  2 111728 150486160 1872304 35800312    0    0 178000 108484 100237 102090  3  1 95  2  0  0
 2  3 111728 150488496 1872304 35800320    0    0 177120 115000 100344 99907  3  1 95  2  0  0
 2  2 111728 150492508 1872304 35800328    0    0 179152 108376 100507 100438  3  1 94  2  0  0
 1  3 111728 150489992 1872304 35800336    0    0 177472 112680 100272 100931  3  1 95  2  0  0
 4  1 111728 150490020 1872304 35800348    0    0 176320 114860 100427 100226  3  1 94  2  0  0
 4  0 111728 150479780 1872304 35800364    0    0 178704 111904 100480 101945  3  1 95  2  0  0
 3  1 111728 150476444 1872304 35800376    0    0 176048 112340 100106 101221  3  1 95  2  0  0
 2  2 111728 150474996 1872308 35800380    0    0 177040 112332 100319 99283  3  1 95  2  0  0
 2  3 111728 150479492 1872308 35800392    0    0 178288 111884 100238 102773  3  1 95  2  0  0
 2  2 111728 150476116 1872308 35800408    0    0 176144 112104 100258 100055  2  1 95  2  0  0
 1  3 111728 150481620 1872308 35800420    0    0 174512 110436 100238 99606  3  1 95  2  0  0
 2  2 111728 150475888 1872308 35800428    0    0 175008 115808 100259 99744  3  1 95  2  0  0
procs -----------memory---------- ---swap-- -----io---- -system-- -------cpu-------
 r  b   swpd   free   buff  cache   si   so    bi    bo   in   cs us sy id wa st gu
 4  3 111728 150477816 1872308 35800432    0    0 176224 110492 100190 99128  2  1 95  2  0  0
 2  2 111728 150479160 1872308 35800440    0    0 175632 113720 100217 100121  2  1 95  2  0  0
 3  2 111728 150481392 1872308 35800448    0    0 175504 115708 100281 100486  3  1 94  2  0  0
 4  0 111728 150484320 1872308 35800532    0    0 175888 113244 100422 100903  3  1 94  2  0  0
 2  2 111728 150484588 1872308 35800540    0    0 178320 111256 100572 100207  3  1 94  2  0  0
 4  1 111728 150477968 1872308 35800548    0    0 176992 111892 100270 99761  3  1 95  2  0  0
 1  3 111728 150479044 1872308 35800556    0    0 176512 110640 100172 100716  3  1 95  2  0  0
 3  1 111728 150483084 1872308 35800572    0    0 176272 110828 100366 99232  3  1 95  2  0  0
 2  3 111728 150481028 1872308 35800584    0    0 177296 110412 100695 100587  3  1 95  2  0  0
 2  2 111728 150480668 1872308 35800592    0    0 176960 108580 99925 99399  3  1 94  2  0  0
 1  3 111728 150471456 1872312 35800596    0    0 175728 114780 100177 99769  3  1 95  2  0  0
 3  1 111728 150474660 1872312 35800612    0    0 177872 113132 100625 100732  3  1 94  2  0  0
 1  3 111728 150477964 1872312 35800620    0    0 177040 112816 100399 99127  3  1 95  2  0  0
 2  2 111728 150471736 1872312 35800628    0    0 177600 111136 100608 100020  3  1 94  2  0  0
 2  2 111728 150472604 1872312 35800640    0    0 175024 110992 100146 99200  3  1 95  2  0  0
 6  1 111728 150476384 1872312 35800648    0    0 177760 111592 100612 100839  2  1 95  2  0  0
 2  2 111728 150480092 1872320 35800660    0    0 176784 109692 100225 100278  2  1 95  2  0  0
 4  0 111728 150473912 1872320 35800668    0    0 176368 111204 100384 99379  3  1 95  2  0  0
 3  1 111728 150477672 1872320 35800672    0    0 176944 112308 100588 101284  3  1 94  2  0  0
 3  1 111728 150481236 1872320 35800684    0    0 174224 112700 99935 99781  3  1 94  2  0  0
 6  0 111728 150471952 1872320 35800692    0    0 176656 111876 100394 101659  3  1 95  2  0  0
procs -----------memory---------- ---swap-- -----io---- -system-- -------cpu-------
 r  b   swpd   free   buff  cache   si   so    bi    bo   in   cs us sy id wa st gu
 2  2 111728 150470652 1872324 35800704    0    0 177456 109972 100416 100026  3  1 95  2  0  0
 4  0 111728 150471556 1872324 35800712    0    0 178832 110404 100328 100333  3  1 95  2  0  0
 3  1 111728 150468812 1872324 35800720    0    0 175376 111972 100151 100459  3  1 95  2  0  0
 2  2 111728 150470552 1872324 35800736    0    0 175888 113196 100219 102591  3  1 95  2  0  0
 1  3 111728 150473088 1872324 35800744    0    0 177920 109372 100369 100955  3  1 95  2  0  0
 6  0 111728 150470496 1872324 35800756    0    0 177696 111996 100052 102101  3  1 94  2  0  0
 1  3 111728 150471636 1872324 35800764    0    0 177920 113484 100699 101946  3  1 94  2  0  0
 2  2 111728 150472536 1872324 35800772    0    0 177664 113092 100800 100535  3  1 94  2  0  0
 4  0 111728 150468004 1872324 35800788    0    0 178800 108908 100233 100494  3  1 95  2  0  0
 0  4 111728 150471348 1872324 35800796    0    0 177744 108796 100424 99933  3  1 95  2  0  0
 7  1 111728 150472108 1872328 35800800    0    0 177648 113120 100394 100185  2  1 95  2  0  0
 3  1 111728 150475788 1872328 35800812    0    0 178752 111780 100089 101683  2  1 95  2  0  0
 2  2 111728 150475648 1872328 35800820    0    0 179072 115624 100747 101745  3  1 94  2  0  0
 4  0 111728 150469580 1872328 35800836    0    0 180672 107692 100375 100324  3  1 94  2  0  0
 1  3 111728 150467552 1872328 35800844    0    0 178832 112880 100737 102153  3  1 95  2  0  0
 1  3 111728 150466912 1872332 35800848    0    0 176960 117516 101031 101472  3  1 95  2  0  0
 3  2 111728 150467020 1872332 35800864    0    0 177968 109220 100167 101058  3  1 95  2  0  0
 3  1 111728 150468876 1872332 35800876    0    0 177696 108588 99993 101061  2  1 95  2  0  0
 1  3 111728 150467348 1872332 35800884    0    0 176240 114288 100231 100138  3  1 95  2  0  0
 2  3 111728 150463872 1872332 35800896    0    0 178688 111148 100453 100994  3  1 95  2  0  0
 3  1 111728 150469008 1872332 35800908    0    0 179072 107096 100438 101271  3  1 95  2  0  0
procs -----------memory---------- ---swap-- -----io---- -system-- -------cpu-------
 r  b   swpd   free   buff  cache   si   so    bi    bo   in   cs us sy id wa st gu
 2  2 111728 150465228 1872332 35800920    0    0 178496 110440 100155 101786  3  1 95  2  0  0
 4  1 111728 150457492 1872332 35800928    0    0 177232 113368 100166 100573  3  1 95  2  0  0
 2  2 111728 150458776 1872332 35800940    0    0 174992 119176 100685 101644  3  1 95  2  0  0
 1  3 111728 150465656 1872332 35800952    0    0 177312 107788 99936 100359  3  1 95  2  0  0
 6  1 111728 150460196 1872332 35800960    0    0 174848 110656 99876 100249  2  1 95  2  0  0
 1  0 111728 150466060 1872332 35800968    0    0 175200 108608 100323 100801  2  1 95  2  0  0
 1  3 111728 150464848 1872332 35800976    0    0 177488 116892 100820 101481  3  1 95  2  0  0
 3  1 111728 150471416 1872332 35800988    0    0 175808 109372 100187 100384  3  1 95  2  0  0
 1  0 111728 150470376 1872332 35801000    0    0 175984 108792 99843 98674  3  1 95  2  0  0
 3  3 111728 150458484 1872340 35801000    0    0 175472 110968 100138 102608  3  1 94  2  0  0
 2  2 111728 150452488 1872340 35801056    0    0 175376 111088 100262 101707  3  1 94  2  0  0
 3  1 111728 150457540 1872340 35801064    0    0 174464 114676 100071 99134  3  1 94  2  0  0
 3  1 111728 150463760 1872340 35801076    0    0 176784 107620 99936 100821  3  1 95  2  0  0
 2  2 111728 150469524 1872340 35801092    0    0 178816 107868 100238 100600  3  1 94  2  0  0
 4  1 111728 150471992 1872344 35801096    0    0 177344 111912 100927 100793  3  1 95  2  0  0
 5  0 111728 150464900 1872344 35801108    0    0 178224 110244 100499 99465  3  1 95  2  0  0
 1  3 111728 150475244 1872344 35801120    0    0 176960 108848 100141 99746  3  1 94  2  0  0
 3  1 111728 150472568 1872344 35801128    0    0 173056 112760 100174 99437  3  1 95  2  0  0
 2  1 111728 150468456 1872344 35801140    0    0 173104 112752 100357 98222  3  1 95  2  0  0
 6  2 111728 150470640 1872344 35801148    0    0 176576 114056 100143 102087  2  1 95  2  0  0
 2  3 111728 150485144 1872344 35801156    0    0 177424 109064 100243 100441  2  1 95  2  0  0
procs -----------memory---------- ---swap-- -----io---- -system-- -------cpu-------
 r  b   swpd   free   buff  cache   si   so    bi    bo   in   cs us sy id wa st gu
 7  1 111728 150482136 1872344 35801232    0    0 177760 108060 100130 101723  3  1 94  2  0  0
 1  3 111728 150476432 1872344 35801244    0    0 179120 111784 100789 101730  3  1 95  2  0  0
 3  1 111728 150476572 1872344 35801252    0    0 177136 111460 100309 99895  3  1 95  2  0  0
 4  2 111728 150478064 1872344 35801260    0    0 176896 108752 100124 100499  3  1 94  2  0  0
 3  2 111728 150473580 1872344 35801268    0    0 178512 107496 100287 100625  3  1 94  2  0  0
 2  2 111728 150467788 1872344 35801276    0    0 178752 110704 100336 101289  2  1 95  2  0  0
 2  1 111728 150480332 1872344 35801284    0    0 177520 112676 100445 101319  2  1 95  2  0  0
 2  2 111728 150482320 1872344 35801296    0    0 175952 114260 100452 99715  2  1 95  2  0  0
 2  2 111728 150489900 1872344 35801304    0    0 178976 108716 100291 100495  3  1 95  2  0  0
 1  3 111728 150493704 1872348 35801312    0    0 176896 114636 100379 100317  2  1 95  2  0  0
 1  0 111728 150487156 1872348 35801324    0    0 178736 112704 100734 101031  3  1 95  2  0  0
 2  0 111728 150483384 1872348 35801332    0    0 177120 110064 100359 100816  3  1 95  2  0  0
 2  2 111728 150479844 1872348 35801348    0    0 178896 107724 100365 101214  3  1 94  2  0  0
 3  1 111728 150475164 1872348 35801360    0    0 175264 112708 100049 101516  3  1 95  2  0  0
 6  0 111728 150486272 1872352 35801364    0    0 175488 109944 99654 100702  3  1 95  2  0  0
 1  0 111728 150496228 1872352 35801380    0    0 175504 110624 100095 99878  2  1 95  2  0  0
 2  2 111728 150496540 1872352 35801388    0    0 174336 109204 99579 99768  3  1 95  2  0  0
 3  2 111728 150488208 1872352 35801396    0    0 175136 108060 100005 97701  3  1 95  2  0  0
 2  2 111728 150484812 1872352 35801408    0    0 178320 110348 100356 100059  3  1 94  2  0  0
 3  1 111728 150480624 1872356 35801416    0    0 175216 111240 100167 99756  3  1 95  2  0  0
 2  2 111728 150473256 1872356 35801428    0    0 175552 112184 99839 99272  3  1 94  2  0  0
procs -----------memory---------- ---swap-- -----io---- -system-- -------cpu-------
 r  b   swpd   free   buff  cache   si   so    bi    bo   in   cs us sy id wa st gu
 1  3 111728 150483100 1872356 35801436    0    0 179024 107988 100051 101662  3  1 94  2  0  0
 2  3 111728 150481376 1872356 35801448    0    0 178016 110652 100511 100754  3  1 95  2  0  0
 3  1 111728 150478060 1872356 35801456    0    0 175952 109728 100189 100160  3  1 94  2  0  0
 1  3 111728 150472956 1872360 35801456    0    0 175424 114008 100295 99090  3  1 95  2  0  0
 2  2 111728 150474264 1872360 35801480    0    0 175760 107408 100490 99164  3  1 94  2  0  0
 1  3 111728 150466892 1872360 35801488    0    0 174944 108424 100267 99585  3  1 95  2  0  0
 4  0 111728 150470312 1872360 35801500    0    0 175248 114292 100666 98308  2  1 95  2  0  0
 2  2 111728 150466996 1872360 35801508    0    0 174448 114300 100348 98227  3  1 94  2  0  0
 5  2 111728 150462868 1872360 35801524    0    0 178400 109228 100427 99022  2  1 95  2  0  0
 2  2 111728 150469200 1872360 35801532    0    0 176848 114240 100324 101874  2  1 95  2  0  0
 0  4 111728 150469756 1872360 35801540    0    0 175824 111588 100299 99686  2  1 95  2  0  0
 3  1 111728 150464256 1872360 35801548    0    0 175376 112480 100368 99452  3  1 95  2  0  0
 1  2 111728 150471960 1872360 35801560    0    0 177552 112720 100362 101416  3  1 94  2  0  0
 2  2 111728 150466764 1872364 35801564    0    0 177504 107744 99809 101660  3  1 94  2  0  0
 4  1 111728 150472860 1872364 35801580    0    0 177360 110568 100223 100924  3  1 94  2  0  0
 2  2 111728 150475060 1872364 35801588    0    0 177664 116156 100834 101416  3  1 95  2  0  0
 4  0 111728 150472564 1872364 35801596    0    0 177936 114420 100495 100761  3  1 94  2  0  0
 2  2 111728 150467068 1872364 35801608    0    0 176640 113508 100134 100445  3  1 94  2  0  0
 6  1 111728 150470296 1872364 35801620    0    0 176192 113332 100123 99669  3  1 95  2  0  0
 4  0 111728 150471184 1872368 35801628    0    0 177088 112928 100321 100570  3  1 95  2  0  0
 4  0 111728 150476920 1872368 35801632    0    0 176096 110784 100060 100034  3  1 95  2  0  0
procs -----------memory---------- ---swap-- -----io---- -system-- -------cpu-------
 r  b   swpd   free   buff  cache   si   so    bi    bo   in   cs us sy id wa st gu
 0  4 111728 150472604 1872368 35801644    0    0 178016 108472 99918 100336  3  1 95  2  0  0
 3  1 111728 150470088 1872368 35801656    0    0 176720 106444 99713 100686  3  1 95  2  0  0
 3  1 111728 150473956 1872368 35801664    0    0 178400 107360 100287 101491  3  1 95  2  0  0
 7  2 111728 150476520 1872372 35801668    0    0 178944 109888 100082 100611  2  1 95  2  0  0
 4  0 111728 150473308 1872372 35801684    0    0 176784 110236 100166 100901  3  1 95  2  0  0
 5  0 111728 150469608 1872372 35801692    0    0 176800 108428 99990 101259  3  1 94  2  0  0
 3  1 111728 150470264 1872372 35801704    0    0 176784 111608 100057 99397  3  1 95  2  0  0
 2  0 111728 150470988 1872372 35801716    0    0 178592 113060 100246 100993  3  1 95  2  0  0
 2  2 111728 150469628 1872376 35801720    0    0 178736 114852 100487 100392  3  1 95  2  0  0
 1  3 111728 150469860 1872376 35801732    0    0 182032 108264 100411 101155  3  1 94  2  0  0
 1  2 111728 150465784 1872376 35801740    0    0 181792 107820 100236 101412  3  1 95  2  0  0
 1  3 111728 150458764 1872376 35801760    0    0 179872 110056 100345 102452  3  1 94  2  0  0
 4  1 111728 150462352 1872376 35801768    0    0 178448 112588 100562 100433  3  1 95  2  0  0
 3  1 111728 150468208 1872376 35801776    0    0 179872 111148 100308 101087  2  1 95  2  0  0
 4  2 111728 150465768 1872376 35801796    0    0 180576 107952 100799 101649  3  1 95  2  0  0
 2  2 111728 150461104 1872376 35801808    0    0 177328 117588 100356 101366  3  1 95  2  0  0
 2  2 111728 150464072 1872376 35801816    0    0 182016 110580 100261 101705  3  1 94  2  0  0
 2  2 111728 150464988 1872376 35801828    0    0 179664 109656 100080 102334  3  1 95  2  0  0
 5  2 111728 150465556 1872376 35801928    0    0 178944 111572 100398 101076  2  1 95  2  0  0
 2  2 111728 150467500 1872376 35801936    0    0 178192 109112 100297 103114  2  1 95  2  0  0
 0  1 111728 150465476 1872376 35801948    0    0 179328 111132 100554 99894  3  1 95  2  0  0
procs -----------memory---------- ---swap-- -----io---- -system-- -------cpu-------
 r  b   swpd   free   buff  cache   si   so    bi    bo   in   cs us sy id wa st gu
 3  2 111728 150460204 1872376 35801956    0    0 180016 106732 99902 100925  2  1 95  2  0  0
 0  4 111728 150463912 1872376 35801968    0    0 179424 116572 100851 100737  3  1 95  2  0  0
 3  1 111728 150465700 1872380 35801972    0    0 178480 110600 100308 101958  3  1 95  2  0  0
 3  1 111728 150468236 1872380 35801984    0    0 179072 113272 100217 100606  3  1 95  2  0  0
 2  2 111728 150463884 1872380 35801992    0    0 177984 112224 100053 103555  2  1 95  2  0  0
 3  1 111728 150469160 1872380 35802004    0    0 179936 113616 100182 103814  3  1 95  2  0  0
 3  1 111728 150466236 1872380 35802024    0    0 179744 109596 100429 102086  2  1 95  2  0  0
 3  1 111728 150469424 1872380 35802024    0    0 179504 109540 100519 100792  3  1 94  2  0  0
 4  2 111728 150470792 1872380 35802036    0    0 178928 109716 100247 101958  3  1 95  2  0  0
 5  0 111728 150462208 1872380 35802044    0    0 179424 108788 99911 101084  2  1 95  2  0  0
 2  2 111728 150460728 1872380 35802056    0    0 181024 106012 100522 100666  2  1 95  2  0  0
 3  1 111728 150459328 1872380 35802064    0    0 177232 118488 100735 100339  3  1 95  2  0  0
 4  3 111728 150456192 1872380 35802072    0    0 178864 114100 100333 101768  3  1 95  2  0  0
 3  1 111728 150458256 1872380 35802076    0    0 180288 110724 100469 102095  2  1 95  2  0  0
 2  2 111728 150460328 1872380 35802096    0    0 179728 107088 100243 102257  3  1 95  2  0  0
 2  2 111728 150467412 1872380 35802096    0    0 179632 107036 100301 100140  3  1 95  2  0  0
 2  0 111728 150464504 1872380 35802116    0    0 176496 116780 100221 99573  3  1 95  2  0  0
 4  0 111728 150465616 1872380 35802136    0    0 180544 105252 100547 100037  3  1 94  2  0  0
 3  1 111728 150463100 1872384 35802132    0    0 177168 116144 100136 101274  3  1 95  2  0  0
 2  0 111728 150467040 1872384 35802148    0    0 177120 111324 99848 99805  3  1 95  2  0  0
 1  3 111728 150462716 1872384 35802156    0    0 175296 116112 100057 101028  3  1 94  2  0  0
procs -----------memory---------- ---swap-- -----io---- -system-- -------cpu-------
 r  b   swpd   free   buff  cache   si   so    bi    bo   in   cs us sy id wa st gu
 5  1 111728 150462032 1872384 35802168    0    0 177376 109900 99966 100232  3  1 94  2  0  0
 1  3 111728 150456948 1872384 35802188    0    0 177600 110812 99824 101064  3  1 94  2  0  0
 2  2 111728 150457980 1872388 35802184    0    0 180544 104296 100015 100325  3  1 95  2  0  0
 0  4 111728 150466424 1872388 35802196    0    0 179872 112488 100421 101782  3  1 95  2  0  0
 1  0 111728 150465724 1872388 35802212    0    0 179552 111036 99912 102875  3  1 94  2  0  0
 3  2 111728 150472668 1872388 35802212    0    0 178384 115700 101134 101337  3  1 94  2  0  0
 4  0 111728 150472768 1872388 35802228    0    0 179616 108924 100434 102257  3  1 95  2  0  0
 4  3 111728 150474352 1872392 35802240    0    0 177280 119780 100918 101200  2  1 95  2  0  0
 1  2 111728 150477088 1872392 35802252    0    0 180784 107796 100672 103082  3  1 95  2  0  0
 3  1 111728 150485396 1872392 35802264    0    0 178432 112076 100863 101318  3  1 94  2  0  0
 2  3 111728 150483600 1872392 35802264    0    0 177408 111896 100652 101773  3  1 95  2  0  0
 2  0 111728 150474900 1872392 35802276    0    0 177472 115000 100146 101197  3  1 95  2  0  0
 2  2 111728 150474840 1872396 35802296    0    0 177392 109028 99819 102129  3  1 95  2  0  0
 2  2 111728 150476428 1872396 35802296    0    0 179808 105500 100379 102858  3  1 95  2  0  0
 1  2 111728 150474020 1872396 35802304    0    0 176144 117592 100329 101056  3  1 95  2  0  0
 1  3 111728 150479324 1872396 35802324    0    0 176736 113492 99757 100135  3  1 95  2  0  0
 2  2 111728 150491956 1872396 35802328    0    0 176640 114396 100085 101484  2  1 95  2  0  0
 3  1 111728 150490760 1872404 35802344    0    0 179232 107668 100856 100533  3  1 94  2  0  0
 3  2 111728 150488828 1872404 35802344    0    0 178672 111300 99860 101585  3  1 95  2  0  0
 2  2 111728 150490200 1872404 35802352    0    0 179616 109192 100470 100207  3  1 94  2  0  0
 1  3 111728 150480040 1872404 35802360    0    0 178528 108156 100501 100873  3  1 94  2  0  0
procs -----------memory---------- ---swap-- -----io---- -system-- -------cpu-------
 r  b   swpd   free   buff  cache   si   so    bi    bo   in   cs us sy id wa st gu
 3  1 111728 150478120 1872404 35802376    0    0 179584 113412 100705 103020  2  1 95  2  0  0
 4  3 111728 150476216 1872408 35802384    0    0 178448 108060 99883 102124  2  1 95  2  0  0
 3  1 111728 150480828 1872408 35802400    0    0 177648 112188 100404 100192  2  1 95  2  0  0
 1  3 111728 150480212 1872408 35802400    0    0 175600 113956 100136 100794  2  1 95  2  0  0
 2  3 111728 150490676 1872408 35802412    0    0 174800 105976 100073 98410  3  1 95  2  0  0
 2  2 111728 150492324 1872408 35802428    0    0 172528 108780 99964 98398  3  1 95  2  0  0
 2  2 111728 150491432 1872412 35802428    0    0 172768 109968 99872 98106  3  1 95  2  0  0
 1  1 111728 150486428 1872412 35802444    0    0 174912 109492 99621 98541  3  1 95  2  0  0
 1  3 111728 150485320 1872412 35802452    0    0 175120 101684 99910 98749  3  1 94  2  0  0
 2  0 111728 150474360 1872412 35802456    0    0 174368 113640 99844 99306  3  1 95  2  0  0
 3  1 111728 150477496 1872412 35802480    0    0 178144 103288 99709 100475  3  1 95  2  0  0
 3  1 111728 150480204 1872412 35802480    0    0 176992 109524 100089 100724  3  1 95  2  0  0
 2  0 111728 150481580 1872412 35802496    0    0 173328 121608 100541 99101  2  1 95  2  0  0
 4  0 111728 150486284 1872412 35802504    0    0 180112 102732 99658 102859  2  1 95  2  0  0
 2  3 111728 150485388 1872412 35802504    0    0 178640 110324 100400 100034  3  1 94  2  0  0
 3  2 111728 150484068 1872412 35802592    0    0 175664 114172 100260 101906  3  1 95  2  0  0
 6  1 111728 150485228 1872412 35802604    0    0 177408 112620 100449 100246  3  1 94  2  0  0
 2  3 111728 150490080 1872412 35802604    0    0 179120 109780 99701 101069  2  1 95  2  0  0
 3  1 111728 150485668 1872412 35802624    0    0 179280 111572 100151 99793  3  1 94  2  0  0
 1  3 111728 150478104 1872416 35802624    0    0 177936 110500 100107 99632  2  1 95  2  0  0
 1  3 111728 150485848 1872416 35802644    0    0 176864 109632 100139 100267  3  1 95  2  0  0
procs -----------memory---------- ---swap-- -----io---- -system-- -------cpu-------
 r  b   swpd   free   buff  cache   si   so    bi    bo   in   cs us sy id wa st gu
 5  1 111728 150483648 1872416 35802652    0    0 178128 111436 100092 100761  3  1 95  2  0  0
 1  3 111728 150492908 1872416 35802652    0    0 178320 106992 100137 101140  3  1 95  2  0  0
 2  2 111728 150486768 1872416 35802672    0    0 177216 109244 99716 101246  3  1 95  2  0  0
 2  2 111728 150477096 1872416 35802684    0    0 177216 113580 99955 102178  3  1 95  2  0  0
 1  3 111728 150476460 1872416 35802688    0    0 177216 111604 100712 99923  3  1 95  2  0  0
 4  1 111728 150482244 1872416 35802708    0    0 177216 108000 100605 98777  3  1 95  2  0  0
 2  2 111728 150485344 1872416 35802716    0    0 175488 111056 99965 99979  3  1 95  2  0  0
 4  1 111728 150481148 1872416 35802728    0    0 174720 111376 99939 98872  3  1 94  2  0  0
 3  2 111728 150482044 1872416 35802740    0    0 174928 113808 100190 100521  3  1 94  2  0  0
 4  0 111728 150483484 1872420 35802744    0    0 175168 107924 100005 99413  3  1 95  2  0  0
 2  2 111728 150484148 1872420 35802760    0    0 178000 110904 99836 100705  3  1 95  2  0  0
 5  2 111728 150482324 1872420 35802768    0    0 177200 112236 100429 99972  2  1 95  2  0  0
 3  1 111728 150493712 1872420 35802768    0    0 177680 113188 100100 100585  2  1 95  2  0  0
 1  3 111728 150491500 1872420 35802788    0    0 178896 111376 99841 101535  3  1 95  2  0  0
 3  1 111728 150495888 1872424 35802800    0    0 179840 109524 100283 101019  3  1 95  2  0  0
 2  2 111728 150493252 1872424 35802808    0    0 179104 113080 100394 101894  2  1 95  2  0  0
 3  1 111728 150489168 1872424 35802816    0    0 179664 112940 100350 103071  2  1 95  2  0  0
 2  2 111728 150488516 1872424 35802828    0    0 179440 107860 100042 101495  3  1 95  2  0  0
 2  2 111728 150487876 1872424 35802832    0    0 179376 112620 99916 102726  3  1 94  2  0  0
 4  2 111728 150481064 1872424 35802844    0    0 178128 108148 100097 100678  3  1 94  2  0  0
 3  4 111728 150480896 1872424 35802844    0    0 174880 117512 100273 99909  3  1 95  2  0  0
procs -----------memory---------- ---swap-- -----io---- -system-- -------cpu-------
 r  b   swpd   free   buff  cache   si   so    bi    bo   in   cs us sy id wa st gu
 3  1 111728 150481664 1872424 35802864    0    0 179104 110912 100375 101242  3  1 95  2  0  0
 3  1 111728 150482496 1872424 35802876    0    0 179968 107192 99978 102066  3  1 95  2  0  0
 5  1 111728 150482132 1872424 35802884    0    0 177744 111596 100211 102458  3  1 95  2  0  0
 0  4 111728 150477784 1872424 35802892    0    0 177552 112276 100241 99832  3  1 94  2  0  0
 1  3 111728 150478192 1872424 35802904    0    0 177888 112056 100271 100625  3  1 94  2  0  0
 5  2 111728 150473288 1872424 35802912    0    0 176544 109656 99865 98739  3  1 95  2  0  0
 8  1 111728 150474216 1872424 35802924    0    0 178368 113224 100538 100872  2  1 95  2  0  0
 6  2 111728 150479436 1872424 35802932    0    0 178896 106364 100130 101378  2  1 95  2  0  0
 6  2 111728 150472304 1872424 35802944    0    0 177520 115292 99965 101446  3  1 95  2  0  0
 1  3 111728 150472284 1872424 35802956    0    0 176800 111800 100178 100481  3  1 95  2  0  0
 2  2 111728 150471748 1872424 35802968    0    0 178048 109228 100212 99921  3  1 95  2  0  0
 2  2 111728 150466616 1872424 35802976    0    0 176688 112880 100058 99968  3  1 95  2  0  0
 3  1 111728 150462108 1872424 35802984    0    0 177600 110428 100032 100753  3  1 94  2  0  0
 1  3 111728 150463552 1872428 35802988    0    0 178272 108620 100699 100652  3  1 94  2  0  0
 2  2 111728 150464752 1872428 35803000    0    0 178480 111516 100407 100799  3  1 94  2  0  0
 2  3 111728 150464196 1872428 35803012    0    0 179136 109688 100374 101348  3  1 95  2  0  0
 1  3 111728 150463640 1872428 35803020    0    0 179104 111708 100383 101180  3  1 95  2  0  0
 2  3 111728 150466544 1872428 35803028    0    0 178928 107604 100386 101373  3  1 94  2  0  0
 3  1 111728 150472452 1872432 35803036    0    0 178352 108476 100746 100144  3  1 95  2  0  0
 0  4 111728 150468568 1872432 35803048    0    0 176256 109356 100474 100619  3  1 95  2  0  0
 7  1 111728 150462316 1872432 35803060    0    0 179776 107900 100212 101719  3  1 94  2  0  0
procs -----------memory---------- ---swap-- -----io---- -system-- -------cpu-------
 r  b   swpd   free   buff  cache   si   so    bi    bo   in   cs us sy id wa st gu
 4  1 111728 150467452 1872432 35803060    0    0 177600 111592 99850 102237  2  1 95  2  0  0
 2  2 111728 150468876 1872432 35803076    0    0 178496 108168 100103 101104  3  1 94  2  0  0
 1  4 111728 150469128 1872432 35803084    0    0 177264 114776 100751 101222  3  1 95  2  0  0
 3  0 111728 150474232 1872432 35803100    0    0 176960 104720 99673 100312  2  1 95  2  0  0
 2  2 111728 150474312 1872432 35803112    0    0 175632 116836 99968 100117  3  1 95  2  0  0
 2  2 111728 150471352 1872432 35803120    0    0 177520 106932 100139 100647  2  1 95  2  0  0
 4  1 111728 150470448 1872432 35803128    0    0 178096 105648 100303 100590  2  1 95  2  0  0
 6  2 111728 150466760 1872432 35803136    0    0 177216 112252 100432 100338  3  1 95  2  0  0
 4  1 111728 150472352 1872440 35803156    0    0 178960 104500 100094 100633  3  1 95  2  0  0
 1  3 111728 150474816 1872440 35803164    0    0 175040 119288 100860 101567  2  1 95  2  0  0
 4  1 111728 150480048 1872440 35803168    0    0 175280 107000 99527 99779  3  1 95  2  0  0
 3  2 111728 150472844 1872444 35803172    0    0 174848 108040 99554 99123  3  1 94  2  0  0
 8  0 111728 150472220 1872444 35803256    0    0 176336 113716 99993 100287  3  1 95  2  0  0
 6  2 111728 150482476 1872444 35803272    0    0 174816 110348 100336 99855  2  1 95  2  0  0
 1  3 111728 150483140 1872444 35803280    0    0 175600 111492 99919 100094  3  1 95  2  0  0
 7  0 111728 150490200 1872444 35803288    0    0 175616 107024 99755 97303  2  1 95  2  0  0
 3  2 111728 150487344 1872444 35803296    0    0 177840 99716 99429 100104  2  1 95  2  0  0
 2  0 111728 150487568 1872444 35803304    0    0 174912 110980 100084 100005  3  1 95  2  0  0
 4  2 111728 150483512 1872444 35803316    0    0 172384 114216 99856 98532  3  1 95  2  0  0
 3  2 111728 150484092 1872444 35803336    0    0 176000 104360 99684 98531  3  1 95  2  0  0
 2  2 111728 150482512 1872444 35803344    0    0 175712 108252 99739 99396  3  1 95  2  0  0
procs -----------memory---------- ---swap-- -----io---- -system-- -------cpu-------
 r  b   swpd   free   buff  cache   si   so    bi    bo   in   cs us sy id wa st gu
 2  2 111728 150491332 1872444 35803352    0    0 173168 113664 99779 99245  3  1 95  2  0  0
 1  3 111728 150492768 1872444 35803364    0    0 175376 109244 100020 98503  3  1 95  2  0  0
 4  1 111728 150484896 1872444 35803372    0    0 175520 113876 100054 99838  3  1 95  2  0  0
 4  0 111728 150489460 1872444 35803384    0    0 179952 108088 100056 101882  3  1 94  2  0  0
 5  1 111728 150497888 1872444 35803392    0    0 177840 108936 100413 100714  3  1 95  2  0  0
 3  1 111728 150490740 1872448 35803400    0    0 177280 108424 99937 100504  3  1 95  2  0  0
 3  1 111728 150482116 1872448 35803412    0    0 175360 109188 99693 100546  3  1 95  2  0  0
 5  1 111728 150481468 1872448 35803416    0    0 175744 110160 99722 100310  3  1 95  2  0  0
 0  4 111728 150474108 1872448 35803428    0    0 177072 112916 100535 100535  3  1 95  2  0  0
 6  2 111728 150472708 1872448 35803436    0    0 175936 111960 100005 99203  2  1 95  2  0  0
 3  1 111728 150478876 1872448 35803444    0    0 176576 113660 100525 100083  2  1 95  2  0  0
 4  0 111728 150477056 1872448 35803456    0    0 177408 105252 99982 99062  3  1 95  2  0  0
 4  1 111728 150469796 1872448 35803464    0    0 174672 110052 100320 98380  2  1 95  2  0  0
 2  2 111728 150481008 1872448 35803476    0    0 177856 106584 100088 100197  3  1 94  2  0  0
 2  4 111728 150485368 1872448 35803484    0    0 176032 111556 99850 100320  3  1 95  2  0  0
 1  3 111728 150479460 1872448 35803492    0    0 176272 110952 100107 100551  3  1 95  2  0  0
 2  2 111728 150485680 1872448 35803504    0    0 177664 108316 100550 100435  3  1 95  2  0  0
 2  2 111728 150484212 1872448 35803512    0    0 175312 112780 100184 100165  2  1 95  2  0  0
 5  3 111728 150491768 1872448 35803524    0    0 178880 108184 99988 100839  3  1 95  2  0  0
 2  2 111728 150492964 1872448 35803532    0    0 175456 111408 100049 98605  3  1 95  2  0  0
 2  2 111728 150489144 1872448 35803544    0    0 178928 106936 100332 99660  3  1 94  2  0  0
procs -----------memory---------- ---swap-- -----io---- -system-- -------cpu-------
 r  b   swpd   free   buff  cache   si   so    bi    bo   in   cs us sy id wa st gu
 1  3 111728 150489724 1872448 35803552    0    0 178128 108464 100571 101817  3  1 95  2  0  0
 4  1 111728 150482912 1872448 35803564    0    0 179632 106576 99818 101030  3  1 94  2  0  0
 1  0 111728 150491908 1872448 35803576    0    0 177216 113484 100284 100333  3  1 95  2  0  0
 5  1 111728 150492436 1872448 35803580    0    0 177520 112324 100134 100794  2  1 95  2  0  0
 6  1 111728 150494816 1872448 35803592    0    0 176224 117384 99999 101498  2  1 95  2  0  0
 3  2 111728 150499852 1872452 35803604    0    0 178112 110744 100444 100355  3  1 95  2  0  0
 5  1 111728 150493348 1872452 35803612    0    0 177680 107324 99684 102414  2  1 95  2  0  0
 2  1 111728 150493072 1872452 35803624    0    0 175456 112020 100310 100443  3  1 95  2  0  0
 6  1 111728 150486836 1872452 35803632    0    0 177824 105552 100341 100623  3  1 95  2  0  0
 3  2 111728 150487224 1872452 35803644    0    0 173792 108212 100068 97069  3  1 95  2  0  0
 2  2 111728 150484524 1872456 35803656    0    0 178288 109692 100203 99841  3  1 94  2  0  0
 5  1 111728 150480684 1872456 35803664    0    0 174176 109116 100032 100154  3  1 94  2  0  0
 4  1 111728 150481092 1872456 35803672    0    0 178304 108120 100407 99240  3  1 95  2  0  0
 1  3 111728 150477432 1872456 35803688    0    0 175152 114036 100317 99195  3  1 95  2  0  0
 2  2 111728 150477436 1872456 35803696    0    0 176208 111568 99817 101370  2  1 95  2  0  0
 1  3 111728 150479084 1872464 35803704    0    0 175888 111264 100166 100407  3  1 95  2  0  0
 1  3 111728 150490140 1872464 35803716    0    0 178000 104132 99976 101461  3  1 94  2  0  0
 2  0 111728 150483844 1872464 35803724    0    0 174240 111012 100202 98018  3  1 95  2  0  0
 1  3 111728 150479640 1872464 35803736    0    0 177616 107620 100225 100452  3  1 95  2  0  0
 6  2 111728 150483632 1872464 35803748    0    0 176384 108196 100171 98989  2  1 95  2  0  0
 2  2 111728 150483020 1872464 35803752    0    0 176192 113748 100256 100558  2  1 95  2  0  0
procs -----------memory---------- ---swap-- -----io---- -system-- -------cpu-------
 r  b   swpd   free   buff  cache   si   so    bi    bo   in   cs us sy id wa st gu
 4  1 111728 150480044 1872464 35803760    0    0 175536 114016 100310 98392  3  1 94  2  0  0
 4  1 111728 150475584 1872464 35803768    0    0 173456 112172 99886 99956  3  1 94  2  0  0
 6  1 111728 150474936 1872464 35803784    0    0 175920 112604 100129 99854  2  1 95  2  0  0
 5  3 111728 150482236 1872464 35803792    0    0 176448 107216 100200 99266  3  1 94  2  0  0
 1  3 111728 150490484 1872468 35803800    0    0 177840 106604 100378 100435  3  1 95  2  0  0
 3  2 111728 150489480 1872468 35803808    0    0 177856 106524 100175 99914  3  1 94  2  0  0
 2  3 111728 150484220 1872468 35803816    0    0 176592 113364 100461 101036  3  1 95  2  0  0
 2  2 111728 150489036 1872468 35803832    0    0 180432 105984 100400 102239  3  1 95  2  0  0
 2  2 111728 150493736 1872468 35803840    0    0 177792 110136 100348 101169  3  1 94  2  0  0
 1  3 111728 150487944 1872476 35803912    0    0 177504 113312 100172 101322  3  1 95  2  0  0
 2  3 111728 150483100 1872476 35803920    0    0 176912 112824 100099 100957  3  1 95  2  0  0
 4  0 111728 150485772 1872476 35803936    0    0 176592 116000 100455 100977  3  1 95  2  0  0
 2  2 111728 150484652 1872476 35803948    0    0 177008 105820 99833 101739  3  1 95  2  0  0
 6  2 111728 150482080 1872476 35803956    0    0 174064 109868 100137 98534  2  1 95  2  0  0
14  0 111728 150481264 1872484 35803964    0    0 177520 108608 100083 101365  2  1 95  2  0  0
 2  0 111728 150484900 1872484 35803972    0    0 178208 105896 100507 100795  3  1 95  2  0  0
 2  2 111728 150483712 1872484 35803976    0    0 176240 104980 99830 100950  3  1 95  2  0  0
 2  2 111728 150474872 1872484 35803996    0    0 173216 115148 99839 98758  3  1 95  2  0  0
 2  2 111728 150472204 1872484 35804004    0    0 177360 103756 100321 99407  3  1 94  2  0  0
 1  3 111728 150478884 1872488 35804012    0    0 174128 114668 100187 99192  2  1 95  2  0  0
 4  1 111728 150474336 1872488 35804024    0    0 178368 106380 100126 99995  3  1 94  2  0  0
procs -----------memory---------- ---swap-- -----io---- -system-- -------cpu-------
 r  b   swpd   free   buff  cache   si   so    bi    bo   in   cs us sy id wa st gu
 2  2 111728 150479500 1872488 35804040    0    0 179872 106388 99713 101832  3  1 94  2  0  0
 3  2 111728 150477216 1872488 35804048    0    0 178464 109640 100214 101791  3  1 94  2  0  0
 2  1 111728 150483692 1872488 35804060    0    0 177792 109796 100491 100581  3  1 95  2  0  0
14  0 111728 150488732 1872488 35804068    0    0 177776 108356 100054 99951  3  1 94  2  0  0
 1  3 111728 150490864 1872488 35804076    0    0 176048 108424 99573 100524  3  1 95  2  0  0
 0  4 111728 150487560 1872488 35804084    0    0 176272 107732 99803 98759  3  1 94  2  0  0
 2  2 111728 150482708 1872488 35804096    0    0 174560 106732 99410 100248  3  1 95  2  0  0
 1  3 111728 150483036 1872488 35804108    0    0 177760 107996 100219 99361  3  1 94  2  0  0
 6  2 111728 150480648 1872488 35804116    0    0 174256 109764 100088 100608  2  1 95  2  0  0
 2  2 111728 150483528 1872488 35804124    0    0 176256 109560 100269 100743  2  1 95  2  0  0
 1  3 111728 150488272 1872488 35804136    0    0 177456 104288 100112 99830  3  1 95  2  0  0
 1  3 111728 150486980 1872488 35804144    0    0 174448 114384 100035 99714  3  1 95  2  0  0
 2  0 111728 150490348 1872488 35804156    0    0 174800 106656 99711 100290  3  1 94  2  0  0
 5  0 111728 150485472 1872488 35804160    0    0 174384 114404 100652 100295  3  1 95  2  0  0
 2  0 111728 150489560 1872488 35804168    0    0 174816 105524 100176 98296  3  1 95  2  0  0
 3  1 111728 150485584 1872488 35804180    0    0 177664 105484 100196 100317  3  1 94  2  0  0
 3  1 111728 150480964 1872488 35804188    0    0 177408 115036 100302 101907  3  1 95  2  0  0
 1  3 111728 150474660 1872488 35804200    0    0 179680 101360 100346 100950  3  1 94  2  0  0
 1  4 111728 150477080 1872488 35804208    0    0 177600 110352 100691 100793  3  1 95  2  0  0
 3  1 111728 150472696 1872488 35804216    0    0 180096 101752 100218 100068  3  1 95  2  0  0
 3  1 111728 150472468 1872488 35804228    0    0 175680 111320 100023 99859  3  1 95  2  0  0
procs -----------memory---------- ---swap-- -----io---- -system-- -------cpu-------
 r  b   swpd   free   buff  cache   si   so    bi    bo   in   cs us sy id wa st gu
 1  3 111728 150466884 1872488 35804236    0    0 178560 107652 100047 101883  3  1 95  2  0  0
 2  0 111728 150469808 1872488 35804248    0    0 175008 114248 100328 99859  2  1 95  2  0  0
 6  1 111728 150472684 1872488 35804260    0    0 176192 106468 100326 100068  2  1 95  2  0  0
11  0 111728 150473688 1872492 35804272    0    0 176496 113172 100609 99739  2  1 95  2  0  0
 2  2 111728 150475608 1872492 35804280    0    0 175888 104324 100302 100486  3  1 94  2  0  0
 3  1 111728 150469640 1872492 35804288    0    0 174400 114996 100509 99759  3  1 95  2  0  0
 1  0 111728 150474676 1872492 35804300    0    0 179856 105096 100533 99579  3  1 95  2  0  0
 4  1 111728 150469224 1872492 35804308    0    0 175200 105864 100329 98890  3  1 94  2  0  0
 5  1 111728 150462532 1872492 35804320    0    0 173152 113884 100199 99733  3  1 95  2  0  0
 4  2 111728 150463184 1872492 35804328    0    0 175424 105172 100139 98889  3  1 95  2  0  0
 2  0 111728 150464316 1872492 35804336    0    0 172896 110168 100121 97374  3  1 94  2  0  0
 2  3 111728 150459176 1872492 35804352    0    0 174384 108628 99876 98889  3  1 95  2  0  0
 3  1 111728 150460412 1872492 35804364    0    0 174640 107356 99999 99156  3  1 95  2  0  0
 5  1 111728 150458180 1872496 35804372    0    0 171920 111236 99834 99895  3  1 95  2  0  0
 2  2 111728 150455968 1872496 35804380    0    0 173744 103136 99519 98765  3  1 95  2  0  0
 2  2 111728 150454612 1872496 35804388    0    0 176000 108292 100049 100254  3  1 94  2  0  0
 3  1 111728 150456008 1872496 35804396    0    0 176128 109616 99873 100728  3  1 95  2  0  0
 6  2 111728 150455548 1872496 35804408    0    0 176832 106428 99841 99501  3  1 95  2  0  0
 4  2 111728 150459152 1872500 35804424    0    0 176720 110396 100237 100690  2  1 95  2  0  0
 5  1 111728 150462228 1872500 35804432    0    0 174688 109372 100274 99097  3  1 95  2  0  0
 2  1 111728 150472936 1872500 35804440    0    0 176128 107576 100708 100759  3  1 94  2  0  0
procs -----------memory---------- ---swap-- -----io---- -system-- -------cpu-------
 r  b   swpd   free   buff  cache   si   so    bi    bo   in   cs us sy id wa st gu
 3  2 111728 150476148 1872500 35804448    0    0 170560 117612 100030 97796  3  1 95  2  0  0
 2  3 111728 150476124 1872500 35804468    0    0 173312 111752 100153 98581  3  1 94  2  0  0
 1  3 111728 150474572 1872504 35804476    0    0 173616 105044 99741 98584  3  1 95  2  0  0
 1  3 111728 150470168 1872504 35804484    0    0 173968 103512 99673 99585  3  1 94  2  0  0
 4  0 111728 150477616 1872504 35804492    0    0 172704 107048 99544 98117  3  1 95  2  0  0
 1  3 111728 150473652 1872504 35804496    0    0 173120 106516 100114 97843  3  1 94  2  0  0
 2  2 111728 150473248 1872504 35804580    0    0 174528 109976 100050 98869  3  1 95  2  0  0
 7  1 111728 150469576 1872504 35804588    0    0 174560 107784 100163 98725  3  1 95  2  0  0
 1  3 111728 150461300 1872508 35804596    0    0 173680 113232 100175 100154  3  1 94  2  0  0
 5  2 111728 150458320 1872508 35804604    0    0 176816 110748 100001 100604  3  1 95  2  0  0
 4  0 111728 150452752 1872508 35804616    0    0 176128 110172 100405 100599  2  1 95  2  0  0
 3  1 111728 150455748 1872508 35804628    0    0 176256 106640 100348 100249  3  1 95  2  0  0
 3  4 111728 150467480 1872508 35804636    0    0 172672 111436 99922 98268  2  1 95  2  0  0
 4  1 111728 150479000 1872520 35804644    0    0 173792 106564 99773 98187  2  1 95  2  0  0
 1  3 111728 150476320 1872520 35804652    0    0 175552 109456 99940 99222  3  1 95  2  0  0
 2  2 111728 150472576 1872520 35804660    0    0 176400 109152 100042 100526  3  1 94  2  0  0
 3  1 111728 150476352 1872520 35804676    0    0 176144 109564 99880 99140  3  1 95  2  0  0
 5  2 111728 150469616 1872520 35804684    0    0 176768 105776 100090 99291  3  1 94  2  0  0
 3  2 111728 150466828 1872524 35804692    0    0 175312 108928 100289 99012  3  1 94  2  0  0
 1  0 111728 150473448 1872524 35804700    0    0 176480 109768 100039 99173  3  1 95  2  0  0
 3  1 111728 150473196 1872524 35804712    0    0 176400 107496 100345 99051  2  1 95  2  0  0
procs -----------memory---------- ---swap-- -----io---- -system-- -------cpu-------
 r  b   swpd   free   buff  cache   si   so    bi    bo   in   cs us sy id wa st gu
 2  2 111728 150470048 1872524 35804724    0    0 174992 109920 100337 98231  2  1 95  2  0  0
 1  0 111728 150466552 1872524 35804736    0    0 176144 108676 99985 99870  3  1 95  2  0  0
 1  2 111728 150481896 1872528 35804744    0    0 174880 111504 100177 99971  3  1 95  2  0  0
 5  1 111728 150473392 1872528 35804756    0    0 175408 105184 99851 99421  3  1 95  2  0  0
 2  3 111728 150479976 1872528 35804764    0    0 172880 111588 100158 98281  3  1 95  2  0  0
 4  1 111728 150486444 1872528 35804772    0    0 173376 107132 100276 97917  3  1 95  2  0  0
 6  1 111728 150484628 1872528 35804784    0    0 171360 110268 100022 98508  2  1 95  2  0  0
 1  3 111728 150491780 1872532 35804792    0    0 172384 99676 99506 97151  2  1 95  2  0  0
 3  1 111728 150488144 1872532 35804800    0    0 174320 104700 100090 98155  3  1 94  2  0  0
 3  1 111728 150487716 1872532 35804816    0    0 176320 107756 100624 99391  3  1 94  2  0  0
 2  2 111728 150479348 1872532 35804824    0    0 174768 108696 100160 99512  3  1 95  2  0  0
 4  1 111728 150477080 1872532 35804836    0    0 172608 110284 99835 99242  3  1 95  2  0  0
 1  3 111728 150474048 1872532 35804844    0    0 173840 111064 100156 98709  3  1 94  2  0  0
 1  3 111728 150476252 1872532 35804856    0    0 175472 108624 100338 100407  3  1 95  2  0  0
 1  3 111728 150468480 1872532 35804864    0    0 171168 111852 100068 97949  3  1 95  2  0  0
 4  0 111728 150467760 1872532 35804876    0    0 168928 111588 99616 97319  3  1 95  2  0  0
 2  2 111728 150473960 1872532 35804888    0    0 172304 106808 99644 98081  3  1 95  2  0  0
 3  1 111728 150467372 1872536 35804896    0    0 175360 108672 100427 99574  3  1 95  2  0  0
 3  1 111728 150462480 1872536 35804908    0    0 176016 107152 99776 99377  3  1 95  2  0  0
 3  1 111728 150455372 1872536 35804912    0    0 177984 108004 100087 101089  3  1 95  2  0  0
 4  1 111728 150463200 1872536 35804920    0    0 177744 107344 99778 101550  3  1 94  2  0  0
procs -----------memory---------- ---swap-- -----io---- -system-- -------cpu-------
 r  b   swpd   free   buff  cache   si   so    bi    bo   in   cs us sy id wa st gu
 3  1 111728 150469260 1872536 35804932    0    0 177888 107308 100224 100047  2  1 95  2  0  0
 6  1 111728 150468824 1872536 35804940    0    0 176368 109308 100023 99444  2  1 95  2  0  0
 2  2 111728 150473276 1872540 35804952    0    0 177200 105996 99928 99544  3  1 95  2  0  0
 2  2 111728 150471124 1872540 35804960    0    0 174944 106804 99546 99594  2  1 95  2  0  0
 3  1 111728 150475156 1872540 35804968    0    0 174272 109056 99853 100035  2  1 95  2  0  0
 3  1 111728 150473612 1872540 35804980    0    0 175616 109316 99916 99455  3  1 94  2  0  0
 1  3 111728 150487452 1872540 35804988    0    0 174480 107420 100144 98150  3  1 94  2  0  0
 4  0 111728 150484964 1872544 35805000    0    0 177552 110232 100067 101171  3  1 95  2  0  0
 2  2 111728 150487072 1872544 35805008    0    0 174384 112204 100137 99431  3  1 95  2  0  0
 1  3 111728 150487336 1872544 35805016    0    0 177504 107788 100044 100695  3  1 94  2  0  0
 1  3 111728 150486948 1872544 35805028    0    0 175552 111228 99984 99096  3  1 95  2  0  0
 4  0 111728 150490536 1872544 35805040    0    0 176448 109112 100541 99772  3  1 95  2  0  0
 2  2 111728 150485916 1872544 35805048    0    0 176400 107232 100087 99093  3  1 95  2  0  0
 2  1 111728 150488016 1872544 35805060    0    0 175680 108440 100030 100854  3  1 95  2  0  0
 1  2 111728 150485092 1872544 35805076    0    0 175664 108300 100031 100883  3  1 95  2  0  0
 4  2 111728 150482412 1872544 35805084    0    0 177072 109112 100271 100052  3  1 95  2  0  0
 5  2 111728 150486488 1872544 35805092    0    0 174944 111136 99625 101547  2  1 95  2  0  0
 2  2 111728 150486984 1872544 35805104    0    0 177856 107204 99967 100935  2  1 95  2  0  0
 4  0 111728 150483536 1872544 35805112    0    0 175120 112268 100322 98970  2  1 95  2  0  0
 2  2 111728 150481092 1872544 35805120    0    0 176496 111424 100079 100805  3  1 95  2  0  0
 1  3 111728 150464320 1872544 35805168    0    0 175936 110716 100302 104879  3  2 94  2  0  0
procs -----------memory---------- ---swap-- -----io---- -system-- -------cpu-------
 r  b   swpd   free   buff  cache   si   so    bi    bo   in   cs us sy id wa st gu
 3  3 111728 150467452 1872544 35805144    0    0 176320 106280 99786 100682  3  1 94  2  0  0
 2  2 111728 150472232 1872548 35805152    0    0 178448 106996 100127 101353  3  1 95  2  0  0
 1  3 111728 150469220 1872548 35805160    0    0 179872 104760 99902 102380  3  1 94  2  0  0
 1  3 111728 150468580 1872548 35805256    0    0 179024 106920 100396 100982  3  1 95  2  0  0
 2  2 111728 150469712 1872548 35805268    0    0 176720 110252 100328 101229  3  1 95  2  0  0
 0  4 111728 150465184 1872548 35805280    0    0 177200 111524 100491 99475  3  1 95  2  0  0
 3  0 111728 150462196 1872548 35805288    0    0 175776 111548 100435 98136  2  1 95  2  0  0
 1  3 111728 150459092 1872548 35805296    0    0 177008 107688 100230 99384  3  1 95  2  0  0
 7  1 111728 150456592 1872548 35805304    0    0 175904 115940 100415 100125  3  1 95  2  0  0
 2  3 111728 150454544 1872548 35805312    0    0 176752 107484 99892 99737  3  1 94  2  0  0
 4  3 111728 150454372 1872548 35805324    0    0 175504 107412 100230 99391  3  1 95  2  0  0
 4  2 111728 150454252 1872556 35805332    0    0 175280 108408 99973 99112  2  1 95  2  0  0
 4  0 111728 150457172 1872556 35805340    0    0 175008 102112 100082 98645  3  1 95  2  0  0
 3  1 111728 150460736 1872556 35805352    0    0 173440 105824 99932 97026  3  1 95  2  0  0
 2  2 111728 150460732 1872556 35805364    0    0 173184 106852 99699 98059  3  1 95  2  0  0
 3  2 111728 150461060 1872556 35805376    0    0 175872 106716 99789 99708  3  1 94  2  0  0
 2  2 111728 150463320 1872560 35805384    0    0 177472 107024 100045 100730  2  1 95  2  0  0
 1  3 111728 150466968 1872560 35805396    0    0 177088 106328 100225 101237  3  1 94  2  0  0
 1  3 111728 150472296 1872560 35805404    0    0 176576 109968 100208 101686  3  1 95  2  0  0
 3  2 111728 150467984 1872560 35805416    0    0 178272 108152 100226 102023  3  1 95  2  0  0
 5  1 111728 150467580 1872560 35805428    0    0 177328 108380 100589 101954  3  1 94  2  0  0
procs -----------memory---------- ---swap-- -----io---- -system-- -------cpu-------
 r  b   swpd   free   buff  cache   si   so    bi    bo   in   cs us sy id wa st gu
 3  1 111728 150467492 1872564 35805436    0    0 175872 107176 100142 100395  3  1 95  2  0  0
 2  3 111728 150464036 1872564 35805444    0    0 175952 110220 100374 99871  3  1 95  2  0  0
 4  0 111728 150463228 1872564 35805452    0    0 175056 107900 100042 100263  3  1 95  2  0  0
 4  1 111728 150468884 1872564 35805464    0    0 174272 109132 99810 99109  3  1 95  2  0  0
 3  2 111728 150468096 1872564 35805480    0    0 173520 107916 99826 98646  3  1 95  2  0  0
 7  1 111728 150471148 1872564 35805488    0    0 176432 107328 100155 99835  2  1 95  2  0  0
 2  2 111728 150467612 1872564 35805500    0    0 175840 109944 100223 100780  2  1 95  2  0  0
 6  1 111728 150470052 1872564 35805508    0    0 175824 112448 100465 100721  3  1 95  2  0  0
 0  4 111728 150469284 1872564 35805516    0    0 177216 104880 99952 101042  3  1 94  2  0  0
 2  2 111728 150471136 1872564 35805524    0    0 175232 106880 99650 100232  3  1 95  2  0  0
 1  3 111728 150462004 1872564 35805536    0    0 174912 107676 100059 99430  3  1 95  2  0  0
 7  1 111728 150451520 1872564 35805544    0    0 175328 105020 99951 99750  3  1 95  2  0  0
 4  2 111728 150456528 1872564 35805556    0    0 176848 108196 99901 100061  2  1 95  2  0  0
 2  2 111728 150454412 1872564 35805564    0    0 176432 110400 100474 100036  3  1 95  2  0  0
 2  2 111728 150450736 1872564 35805572    0    0 177440 106308 100220 101030  3  1 94  2  0  0
 2  2 111728 150453528 1872564 35805584    0    0 176080 108716 100503 100888  3  1 95  2  0  0
 3  2 111728 150455612 1872564 35805592    0    0 173088 111932 99945 98960  2  1 95  2  0  0
 2  2 111728 150452964 1872564 35805600    0    0 176448 108044 100192 99197  3  1 95  2  0  0
 1  4 111728 150446384 1872564 35805612    0    0 175760 111240 100059 100126  3  1 95  2  0  0
 3  1 111728 150446956 1872564 35805620    0    0 176064 109856 99947 98782  3  1 95  2  0  0
 6  1 111728 150447732 1872564 35805632    0    0 175520 110160 99881 99562  2  1 95  2  0  0
procs -----------memory---------- ---swap-- -----io---- -system-- -------cpu-------
 r  b   swpd   free   buff  cache   si   so    bi    bo   in   cs us sy id wa st gu
 1  3 111728 150451364 1872568 35805640    0    0 175344 109288 99958 100222  2  1 95  2  0  0
 3  1 111728 150453608 1872568 35805652    0    0 174816 108844 99917 99417  3  1 94  2  0  0
 3  1 111728 150450940 1872568 35805660    0    0 175008 108536 100125 100895  3  1 95  2  0  0
 1  3 111728 150447224 1872568 35805668    0    0 176272 108980 100050 99889  3  1 95  2  0  0
 1  3 111728 150446860 1872568 35805676    0    0 175136 111700 100088 100266  3  1 95  2  0  0
 1  3 111728 150455348 1872572 35805688    0    0 176288 108464 99795 98744  3  1 95  2  0  0
 2  2 111728 150459484 1872572 35805700    0    0 175376 108600 100145 99462  3  1 95  2  0  0
 2  2 111728 150461808 1872572 35805708    0    0 174528 107112 99811 100658  3  1 95  2  0  0
 4  0 111728 150461000 1872572 35805716    0    0 175328 110152 100086 99942  3  1 95  2  0  0
 4  1 111728 150459116 1872572 35805728    0    0 175920 108732 100157 100864  3  1 95  2  0  0
 5  2 111728 150455484 1872576 35805740    0    0 176704 108872 100484 99984  3  1 95  2  0  0
 1  3 111728 150460852 1872576 35805752    0    0 174512 109624 99816 99867  3  1 95  2  0  0
 4  0 111728 150460980 1872576 35805760    0    0 175456 108988 100048 100785  3  1 94  2  0  0
 0  4 111728 150460724 1872576 35805768    0    0 174416 108268 99881 99979  3  1 94  2  0  0
 3  2 111728 150455800 1872576 35805780    0    0 175888 112024 100531 101224  3  1 95  2  0  0
 7  3 111728 150451100 1872580 35805792    0    0 177808 107680 99901 101694  2  1 95  2  0  0
 3  2 111728 150450472 1872580 35805804    0    0 176704 106128 100104 100058  3  1 95  2  0  0
 3  1 111728 150449012 1872580 35805812    0    0 174624 110068 99939 99413  3  1 95  2  0  0
 3  1 111728 150443908 1872580 35805824    0    0 174784 110012 100478 99708  3  1 95  2  0  0
 3  1 111728 150445736 1872580 35805836    0    0 172720 108612 99898 96580  3  1 94  2  0  0
 3  1 111728 150448624 1872580 35805848    0    0 175008 111636 99978 100609  3  1 94  2  0  0
procs -----------memory---------- ---swap-- -----io---- -system-- -------cpu-------
 r  b   swpd   free   buff  cache   si   so    bi    bo   in   cs us sy id wa st gu
 1  3 111728 150446908 1872580 35805920    0    0 177008 106048 100473 99273  3  1 95  2  0  0
 2  2 111728 150445624 1872580 35805928    0    0 173568 109068 100115 99735  3  1 95  2  0  0
 3  1 111728 150439696 1872580 35805936    0    0 175072 107084 99846 99219  3  1 95  2  0  0
 5  0 111728 150437000 1872580 35805952    0    0 176752 102452 99874 100915  3  1 95  2  0  0
 3  1 111728 150433460 1872580 35805964    0    0 177008 101164 99563 100725  3  1 95  2  0  0
 2  2 111728 150434396 1872584 35805972    0    0 176816 108868 100158 100110  2  1 95  2  0  0
 2  2 111728 150436596 1872584 35805980    0    0 177696 106840 100424 99491  3  1 95  2  0  0
 4  0 111728 150431612 1872584 35805988    0    0 177552 105184 100163 99881  3  1 95  2  0  0
 4  0 111728 150430952 1872584 35805996    0    0 173568 107204 99879 99006  2  1 95  2  0  0
 3  4 111728 150434524 1872584 35806012    0    0 177328 101892 99697 99764  2  1 95  2  0  0
 2  2 111728 150440048 1872588 35806020    0    0 175440 106060 99838 99854  2  1 95  2  0  0
 1  4 111728 150437260 1872588 35806028    0    0 176336 103204 99647 100281  3  1 95  2  0  0
 2  2 111728 150437480 1872588 35806036    0    0 175424 107488 100009 99735  3  1 94  2  0  0
 3  1 111728 150431872 1872588 35806048    0    0 178048 109832 100374 100463  2  1 95  2  0  0
 2  2 111728 150440092 1872588 35806060    0    0 176736 105520 99829 99913  2  1 94  2  0  0
 3  1 111728 150440456 1872596 35806068    0    0 174256 106296 99978 100168  3  1 94  2  0  0
 2  2 111728 150440536 1872596 35806076    0    0 172880 107060 100004 97585  3  1 95  2  0  0
 4  1 111728 150431304 1872596 35806084    0    0 174912 103868 100197 97914  3  1 95  2  0  0
