procs -----------memory---------- ---swap-- -----io---- -system-- -------cpu-------
 r  b   swpd   free   buff  cache   si   so    bi    bo   in   cs us sy id wa st gu
 7  0 117032 142414832 1625540 39263228    0    2 39803 35650 13117    7  4  1 95  1  0  0
 0  2 117032 142385932 1625544 39263304    0    0 222384 274244 113435 90047  2  1 94  3  0  0
 5  1 117032 142385424 1625544 39263308    0    0 204656 290816 109815 84770  2  1 95  2  0  0
 1  0 117032 142380644 1625544 39263300    0    0 125392 224420 103020 67097  2  0 96  1  0  0
 0  1 117032 142376412 1625544 39263308    0    0 43600 186164 94268 49594  1  0 98  1  0  0
 0  1 117032 142373912 1625544 39263320    0    0 44112 179284 93593 50484  1  0 98  1  0  0
 1  0 117032 142376032 1625544 39263332    0    0 44272 177252 94354 46602  1  0 98  1  0  0
 1  0 117032 142372020 1625544 39263340    0    0 44224 178744 93723 49812  1  0 98  1  0  0
 1  1 117032 142373100 1625544 39263348    0    0 44064 181804 94256 49499  1  0 98  1  0  0
 2  0 117032 142368700 1625544 39263356    0    0 44048 177100 93286 50200  1  0 98  1  0  0
 1  1 117032 142372644 1625544 39263364    0    0 45312 163212 93545 48355  1  0 98  1  0  0
 1  0 117032 142368300 1625548 39263380    0    0 44256 172520 93051 51134  1  0 98  1  0  0
 1  0 117032 142364868 1625548 39263388    0    0 44272 167784 93294 49542  1  0 98  1  0  0
 1  0 117032 142364348 1625548 39263396    0    0 44608 171500 93494 48073  1  0 98  1  0  0
 1  0 117032 142362832 1625548 39263404    0    0 45216 169220 93155 50105  1  0 98  1  0  0
 3  0 117032 142360524 1625548 39263416    0    0 44448 167360 93154 48882  1  0 98  1  0  0
 1  0 117032 142368528 1625552 39263424    0    0 45664 167956 93675 48863  1  0 98  1  0  0
 1  0 117032 142364424 1625552 39263432    0    0 44176 172640 93683 48486  1  0 98  1  0  0
 1  0 117032 142366408 1625552 39263444    0    0 44416 179080 94054 46304  1  0 98  1  0  0
 0  1 117032 142362604 1625552 39263448    0    0 45824 161288 93792 46570  1  0 98  1  0  0
 0  1 117032 142366784 1625552 39263460    0    0 44640 172028 93480 48898  1  0 98  1  0  0
procs -----------memory---------- ---swap-- -----io---- -system-- -------cpu-------
 r  b   swpd   free   buff  cache   si   so    bi    bo   in   cs us sy id wa st gu
 1  0 117032 142361732 1625556 39263468    0    0 44032 173656 93857 46923  1  0 98  1  0  0
 0  1 117032 142367752 1625556 39263480    0    0 44480 176204 94387 46712  1  0 98  1  0  0
 2  0 117032 142367812 1625556 39263488    0    0 44384 173676 94108 47833  1  0 98  1  0  0
 1  0 117032 142367636 1625556 39263496    0    0 43760 179436 93912 48210  1  0 98  1  0  0
 0  1 117032 142363672 1625556 39263508    0    0 44624 181744 94712 48027  1  0 98  1  0  0
 1  0 117032 142360908 1625560 39263524    0    0 43536 180600 93632 48882  1  0 98  1  0  0
 1  0 117032 142357580 1625560 39263536    0    0 44480 180724 94327 48922  1  0 98  1  0  0
 0  1 117032 142355864 1625560 39263544    0    0 44224 184164 94756 46669  1  0 98  1  0  0
 1  0 117032 142350700 1625560 39263552    0    0 46144 175324 93990 49080  1  0 98  1  0  0
 1  1 117032 142351004 1625560 39263564    0    0 43712 200248 94896 49539  1  0 98  1  0  0
 2  1 117032 142355724 1625560 39263576    0    0 44240 201096 95161 50713  1  0 98  1  0  0
 1  0 117032 142355608 1625560 39263584    0    0 46176 143596 92592 47269  1  0 98  1  0  0
 0  1 117032 142359064 1625560 39263596    0    0 45712 145224 92703 46651  1  0 98  1  0  0
 2  0 117032 142359908 1625560 39263612    0    0 46192 145704 92806 46164  1  0 98  1  0  0
 1  0 117032 142358656 1625560 39263620    0    0 46048 145652 92968 47272  1  0 98  1  0  0
 1  0 117032 142359260 1625560 39263628    0    0 45632 144176 92713 46553  1  0 98  1  0  0
 0  1 117032 142352680 1625564 39263636    0    0 46176 141992 92121 48387  1  0 98  1  0  0
 1  0 117032 142349844 1625564 39263644    0    0 46544 140840 93044 44468  1  0 98  1  0  0
 0  1 117032 142348716 1625564 39263656    0    0 46688 140444 92554 47302  1  0 98  1  0  0
 1  0 117032 142345116 1625564 39263664    0    0 46400 135204 93360 42300  1  0 98  1  0  0
 1  0 117032 142349964 1625564 39263676    0    0 46560 130968 92132 45630  1  0 98  1  0  0
procs -----------memory---------- ---swap-- -----io---- -system-- -------cpu-------
 r  b   swpd   free   buff  cache   si   so    bi    bo   in   cs us sy id wa st gu
 0  1 117032 142354584 1625568 39263688    0    0 45888 126420 92326 42596  1  0 98  1  0  0
 1  0 117032 142352656 1625568 39263696    0    0 45472 119392 91734 45944  1  0 98  1  0  0
 1  0 117032 142351304 1625568 39263708    0    0 46128 112412 91301 43144  1  0 98  1  0  0
 1  1 117032 142351932 1625568 39263716    0    0 46640 93604 90942 41037  1  0 98  1  0  0
 2  0 117032 142353136 1625568 39263724    0    0 47184 86032 90487 40830  1  0 98  1  0  0
 2  1 117032 142356348 1625572 39263740    0    0 46592 84652 90373 41507  1  0 98  1  0  0
 0  1 117032 142362424 1625572 39263752    0    0 46112 88676 90438 41085  1  0 98  1  0  0
 1  0 117032 142360780 1625572 39263760    0    0 46224 99588 91399 39917  1  0 98  1  0  0
 0  1 117032 142358064 1625572 39263768    0    0 46880 101300 91383 40540  1  0 98  1  0  0
 0  1 117032 142359360 1625572 39263776    0    0 46416 102892 91722 41421  1  0 98  1  0  0
 1  0 117032 142361540 1625580 39263780    0    0 46640 103072 91243 41469  1  0 98  1  0  0
 0  1 117032 142364644 1625580 39263796    0    0 46496 102920 91509 41760  1  0 98  1  0  0
 0  1 117032 142366460 1625580 39263804    0    0 46496 102852 91396 41056  1  0 98  1  0  0
 0  1 117032 142368228 1625580 39263816    0    0 46208 105036 91802 40098  1  0 98  1  0  0
 1  0 117032 142370828 1625580 39263824    0    0 46560 105916 91539 41237  1  0 98  1  0  0
 0  1 117032 142364056 1625588 39263828    0    0 46496 107804 92028 39923  1  0 98  1  0  0
 1  0 117032 142359472 1625588 39263936    0    0 46624 109192 91915 40039  1  0 98  1  0  0
 0  1 117032 142362488 1625588 39263944    0    0 47216 108456 92289 41195  1  0 98  1  0  0
 1  0 117032 142354564 1625588 39263952    0    0 45824 108132 91579 41509  1  0 98  1  0  0
 1  1 117032 142356148 1625588 39263960    0    0 45984 110132 91675 42274  1  0 98  1  0  0
 3  0 117032 142361148 1625596 39263964    0    0 46704 80580 90747 38959  1  0 98  1  0  0
procs -----------memory---------- ---swap-- -----io---- -system-- -------cpu-------
 r  b   swpd   free   buff  cache   si   so    bi    bo   in   cs us sy id wa st gu
 1  1 117032 142369136 1625596 39263984    0    0 46656 81448 90464 40145  1  0 98  1  0  0
 1  0 117032 142365420 1625596 39263992    0    0 46736 82932 90726 38827  1  0 98  1  0  0
 1  0 117032 142372752 1625596 39264004    0    0 46976 83468 90866 39506  1  0 98  1  0  0
 1  0 117032 142372780 1625596 39264012    0    0 47072 83796 90545 40158  1  0 98  1  0  0
 1  0 117032 142376456 1625604 39264020    0    0 46496 84408 90707 39972  1  0 98  1  0  0
 0  1 117032 142375484 1625604 39264040    0    0 46752 83508 90733 38661  1  0 98  1  0  0
 0  1 117032 142376004 1625604 39264048    0    0 47152 84244 90706 39866  1  0 98  1  0  0
 0  1 117032 142377584 1625604 39264056    0    0 46720 81704 90247 40373  1  0 98  1  0  0
 0  1 117032 142385444 1625604 39264060    0    0 46672 78236 90498 38997  1  0 98  1  0  0
 0  1 117032 142387228 1625604 39264068    0    0 46976 74684 90139 39776  1  0 98  1  0  0
 0  1 117032 142381740 1625608 39264084    0    0 46976 71060 89749 39603  1  0 98  1  0  0
 1  0 117032 142387872 1625608 39264092    0    0 46704 68784 89783 38174  1  0 98  1  0  0
 0  1 117032 142388640 1625608 39264100    0    0 47008 66652 89750 38646  1  0 98  1  0  0
 1  0 117032 142391892 1625608 39264108    0    0 46608 65056 89584 38119  1  0 98  1  0  0
 1  1 117032 142392412 1625608 39264120    0    0 46192 63608 89367 37920  1  0 98  1  0  0
 2  1 117032 142389700 1625612 39264132    0    0 47216 62600 89625 36165  1  0 98  1  0  0
 0  1 117032 142392760 1625612 39264140    0    0 47152 61616 89791 37256  1  0 98  1  0  0
 1  0 117032 142391676 1625612 39264148    0    0 47200 61516 89198 38904  1  0 98  1  0  0
 0  1 117032 142389788 1625612 39264156    0    0 47728 60412 89414 38392  1  0 98  1  0  0
 0  1 117032 142394244 1625612 39264172    0    0 47760 60092 89510 37033  1  0 98  1  0  0
 1  0 117032 142394292 1625620 39264184    0    0 47280 59500 89365 37597  1  0 98  1  0  0
procs -----------memory---------- ---swap-- -----io---- -system-- -------cpu-------
 r  b   swpd   free   buff  cache   si   so    bi    bo   in   cs us sy id wa st gu
 1  0 117032 142392420 1625620 39264192    0    0 47056 59212 89459 37453  1  0 98  1  0  0
 2  0 117032 142386680 1625620 39264200    0    0 47696 58856 89349 36170  1  0 98  1  0  0
 1  0 117032 142389732 1625620 39264208    0    0 47504 58440 89602 36292  1  0 98  1  0  0
 1  0 117032 142380300 1625620 39264220    0    0 47312 58792 89310 37171  1  0 98  1  0  0
 1  0 117032 142376600 1625624 39264224    0    0 47376 58512 89649 36375  1  0 98  1  0  0
 1  0 117032 142377408 1625624 39264236    0    0 47696 58152 89301 37618  1  0 98  1  0  0
 0  1 117032 142372084 1625624 39264244    0    0 48144 58088 89154 37586  1  0 98  1  0  0
 0  1 117032 142372852 1625624 39264256    0    0 47408 58348 89621 37105  1  0 98  1  0  0
 1  1 117032 142369976 1625624 39264264    0    0 47456 45428 88671 36749  1  0 98  1  0  0
 1  0 117032 142374624 1625628 39264272    0    0 47568 46756 88774 35538  1  0 98  1  0  0
 2  1 117032 142375820 1625628 39264284    0    0 47664 47888 89113 36148  1  0 98  1  0  0
 0  1 117032 142375800 1625628 39264292    0    0 46912 48984 88782 36601  1  0 98  1  0  0
 1  0 117032 142370744 1625628 39264304    0    0 47056 49468 89103 36131  1  0 98  1  0  0
 1  0 117032 142367600 1625628 39264316    0    0 47360 49752 89009 36908  1  0 98  1  0  0
 0  1 117032 142370004 1625632 39264328    0    0 47120 50724 89208 35889  1  0 98  1  0  0
 2  0 117032 142369108 1625632 39264340    0    0 47456 51076 89485 37107  1  0 98  1  0  0
 2  0 117032 142375008 1625632 39264348    0    0 47184 51076 89432 36905  1  0 98  1  0  0
 1  0 117032 142373124 1625632 39264360    0    0 46944 51064 88952 36484  1  0 98  1  0  0
 1  0 117032 142367532 1625632 39264368    0    0 47536 51032 89298 37221  1  0 98  1  0  0
 2  0 117032 142372088 1625640 39264372    0    0 47488 51348 89176 37275  1  0 98  1  0  0
 1  0 117032 142371696 1625640 39264392    0    0 47264 51188 88886 37215  1  0 98  1  0  0
procs -----------memory---------- ---swap-- -----io---- -system-- -------cpu-------
 r  b   swpd   free   buff  cache   si   so    bi    bo   in   cs us sy id wa st gu
 1  0 117032 142369856 1625640 39264400    0    0 47600 51360 89146 36134  1  0 98  1  0  0
 1  0 117032 142373420 1625640 39264408    0    0 47888 51488 89137 36556  1  0 98  1  0  0
 1  0 117032 142375740 1625640 39264416    0    0 48384 51704 89141 36467  1  0 98  1  0  0
 3  0 117032 142375260 1625644 39264420    0    0 47280 52212 89443 37028  1  0 98  1  0  0
 0  1 117032 142373092 1625644 39264440    0    0 47008 52224 89073 36111  1  0 98  1  0  0
 3  0 117032 142373824 1625644 39264452    0    0 47424 52040 89111 36666  1  0 98  1  0  0
 0  1 117032 142372236 1625644 39264460    0    0 47136 52308 89257 37906  1  0 98  1  0  0
 1  0 117032 142374428 1625644 39264468    0    0 47536 52324 89047 36595  1  0 98  1  0  0
 0  1 117032 142367668 1625644 39264476    0    0 46032 52088 88920 36817  1  0 98  1  0  0
 1  0 117032 142373972 1625644 39264488    0    0 46032 51828 89030 35386  1  0 98  1  0  0
 1  0 117032 142370864 1625644 39264500    0    0 46544 51720 89104 35021  1  0 98  1  0  0
 0  1 117032 142375112 1625644 39264508    0    0 46016 51576 88976 37150  1  0 98  1  0  0
 1  0 117032 142374620 1625644 39264580    0    0 46240 51408 89155 35607  1  0 98  1  0  0
 0  1 117032 142381408 1625644 39264588    0    0 46272 51220 89114 35810  1  0 98  1  0  0
 0  1 117032 142379964 1625648 39264600    0    0 48368 51552 89332 38153  1  0 98  1  0  0
 1  0 117032 142382124 1625648 39264612    0    0 47392 51708 89229 36304  1  0 98  1  0  0
 1  0 117032 142382628 1625648 39264620    0    0 47424 51776 89097 35881  1  0 98  1  0  0
 0  1 117032 142380440 1625648 39264632    0    0 47984 42152 88583 36705  1  0 98  1  0  0
 0  1 117032 142372076 1625648 39264636    0    0 47536 42988 88683 35505  1  0 98  1  0  0
 1  1 117032 142375324 1625652 39264648    0    0 48240 43636 88476 35942  1  0 98  1  0  0
 0  1 117032 142372584 1625652 39264660    0    0 47904 44228 88897 35704  1  0 98  1  0  0
procs -----------memory---------- ---swap-- -----io---- -system-- -------cpu-------
 r  b   swpd   free   buff  cache   si   so    bi    bo   in   cs us sy id wa st gu
 3  0 117032 142373552 1625652 39264668    0    0 47344 45156 88718 35435  1  0 98  1  0  0
 0  1 117032 142372152 1625652 39264676    0    0 47632 45424 88723 36428  1  0 98  1  0  0
 1  0 117032 142376196 1625652 39264684    0    0 47904 45804 88661 37082  1  0 98  1  0  0
 0  1 117032 142374952 1625656 39264700    0    0 48208 46152 88971 36209  1  0 98  1  0  0
 1  0 117032 142374668 1625656 39264712    0    0 47328 46408 88711 35262  1  0 98  1  0  0
 0  1 117032 142377584 1625656 39264720    0    0 47568 46948 88763 37198  1  0 98  1  0  0
 1  0 117032 142379776 1625656 39264728    0    0 47536 46952 88875 36170  1  0 98  1  0  0
 1  0 117032 142371984 1625656 39264736    0    0 48352 47024 89096 36352  1  0 98  1  0  0
 1  0 117032 142369592 1625660 39264740    0    0 47568 47248 88955 36872  1  0 98  1  0  0
 1  0 117032 142364604 1625660 39264760    0    0 47328 47528 89053 38244  1  0 98  1  0  0
 0  1 117032 142371164 1625660 39264768    0    0 47648 47480 88868 36103  1  0 98  1  0  0
 0  1 117032 142378620 1625660 39264780    0    0 47152 47776 89039 37056  1  0 98  1  0  0
 1  0 117032 142374720 1625660 39264788    0    0 47888 47824 89202 36552  1  0 98  1  0  0
 1  1 117032 142381184 1625664 39264796    0    0 47664 48260 89024 37225  1  0 98  1  0  0
 2  0 117032 142382844 1625664 39264808    0    0 47712 48036 88668 37108  1  0 98  1  0  0
 1  0 117032 142386456 1625664 39264816    0    0 47824 47808 88930 36882  1  0 98  1  0  0
 2  1 117032 142382852 1625664 39264824    0    0 47392 48068 88628 37271  1  0 98  1  0  0
 1  0 117032 142393808 1625664 39264832    0    0 47536 47936 88871 36976  1  0 98  1  0  0
 0  1 117032 142388660 1625672 39264836    0    0 47520 48160 88957 35655  1  0 98  1  0  0
 2  0 117032 142393592 1625672 39264848    0    0 47696 48032 88966 35937  1  0 98  1  0  0
 0  1 117032 142394284 1625672 39264868    0    0 47760 47852 88814 36936  1  0 98  1  0  0
procs -----------memory---------- ---swap-- -----io---- -system-- -------cpu-------
 r  b   swpd   free   buff  cache   si   so    bi    bo   in   cs us sy id wa st gu
 0  1 117032 142401204 1625672 39264876    0    0 47104 47924 89257 36137  1  0 98  1  0  0
 0  1 117032 142395460 1625672 39264884    0    0 47440 48344 88724 36570  1  0 98  1  0  0
 1  0 117032 142402216 1625680 39264888    0    0 47680 48592 88733 37483  1  0 98  1  0  0
 0  1 117032 142397316 1625680 39264908    0    0 48016 48160 88871 36193  1  0 98  1  0  0
 1  1 117032 142395704 1625680 39264916    0    0 47472 48168 89045 35695  1  0 98  1  0  0
 2  0 117032 142393232 1625680 39264924    0    0 47472 41104 88585 35194  1  0 98  1  0  0
 1  1 117032 142393924 1625680 39264936    0    0 47456 41416 88245 36867  1  0 98  1  0  0
 1  0 117032 142391472 1625688 39264936    0    0 47568 41456 88808 35929  1  0 98  1  0  0
 1  1 117032 142387940 1625688 39264956    0    0 47632 41176 88522 35995  1  0 98  1  0  0
 0  1 117032 142389632 1625688 39264964    0    0 48144 40188 88631 36356  1  0 98  1  0  0
 3  0 117032 142386404 1625692 39264964    0    0 47920 40652 88812 36048  1  0 98  1  0  0
 0  1 117032 142381256 1625692 39264980    0    0 48384 40504 88406 36010  1  0 98  1  0  0
 1  0 117032 142384132 1625696 39264984    0    0 47744 40124 88816 35715  1  0 98  1  0  0
 1  0 117032 142384000 1625696 39265000    0    0 47760 39832 88624 36375  1  0 98  1  0  0
 1  0 117032 142381860 1625696 39265008    0    0 48016 39068 88785 36288  1  0 98  1  0  0
 2  0 117032 142378540 1625696 39265028    0    0 47808 38976 88599 35999  1  0 98  1  0  0
 1  0 117032 142376572 1625696 39265040    0    0 47408 39124 88486 36310  1  0 98  1  0  0
 1  0 117032 142373048 1625704 39265040    0    0 47632 39520 88886 36150  1  0 98  1  0  0
 0  1 117032 142367632 1625704 39265060    0    0 47504 40128 88705 35961  1  0 98  1  0  0
 1  0 117032 142370316 1625704 39265068    0    0 48544 40280 88591 35841  1  0 98  1  0  0
 1  0 117032 142367324 1625704 39265076    0    0 48352 40000 88652 35910  1  0 98  1  0  0
procs -----------memory---------- ---swap-- -----io---- -system-- -------cpu-------
 r  b   swpd   free   buff  cache   si   so    bi    bo   in   cs us sy id wa st gu
 1  0 117032 142363140 1625704 39265088    0    0 48048 39604 88549 36796  1  0 98  1  0  0
 1  0 117032 142370064 1625712 39265088    0    0 48064 40408 88690 36670  1  0 98  1  0  0
 1  0 117032 142360700 1625712 39265104    0    0 48304 40044 88592 36174  1  0 98  1  0  0
 2  0 117032 142365784 1625712 39265116    0    0 48144 40956 88935 36047  1  0 98  1  0  0
 2  0 117032 142363880 1625712 39265132    0    0 47312 41432 88683 36358  1  0 98  1  0  0
 3  0 117032 142366812 1625712 39265140    0    0 47984 40008 88464 36163  1  0 98  1  0  0
 1  0 117032 142371176 1625712 39265148    0    0 48048 39616 88506 36548  1  0 98  1  0  0
 0  1 117032 142367436 1625716 39265152    0    0 47760 39192 88448 37078  1  0 98  1  0  0
 3  0 117032 142369880 1625724 39265156    0    0 48032 38752 88940 36644  1  0 98  1  0  0
 1  0 117032 142367992 1625724 39265240    0    0 47248 38556 88385 35239  1  0 98  1  0  0
 1  0 117032 142370464 1625724 39265252    0    0 47744 39908 88715 35736  1  0 98  1  0  0
 0  1 117032 142362268 1625724 39265260    0    0 47696 40008 88385 36920  1  0 98  1  0  0
 0  1 117032 142357788 1625724 39265268    0    0 47792 40444 88732 35454  1  0 98  1  0  0
 0  1 117032 142361192 1625728 39265276    0    0 48048 39984 88546 35342  1  0 98  1  0  0
 0  1 117032 142353360 1625728 39265292    0    0 48304 33916 88391 34874  1  0 98  1  0  0
 2  0 117032 142350952 1625728 39265300    0    0 48048 34172 88130 36564  1  0 98  1  0  0
 1  0 117032 142354724 1625728 39265308    0    0 47792 34636 88462 35390  1  0 98  1  0  0
 0  1 117032 142363368 1625728 39265316    0    0 47584 34204 87906 36126  1  0 98  1  0  0
 1  1 117032 142361492 1625732 39265324    0    0 47296 33732 88433 34942  1  0 98  1  0  0
 1  0 117032 142360996 1625732 39265340    0    0 47392 33324 88240 34692  1  0 98  1  0  0
 0  1 117032 142369624 1625744 39265336    0    0 48576 33936 88274 36107  1  0 98  1  0  0
procs -----------memory---------- ---swap-- -----io---- -system-- -------cpu-------
 r  b   swpd   free   buff  cache   si   so    bi    bo   in   cs us sy id wa st gu
 2  1 117032 142367744 1625744 39265356    0    0 48144 34692 88138 35912  1  0 98  1  0  0
 0  1 117032 142368652 1625744 39265364    0    0 47856 34532 88403 35474  1  0 98  1  0  0
 1  0 117032 142370252 1625748 39265372    0    0 48400 34768 88496 36324  1  0 98  1  0  0
 1  0 117032 142374576 1625748 39265384    0    0 47584 34020 88581 35620  1  0 98  1  0  0
 1  0 117032 142373212 1625748 39265392    0    0 47184 33952 88099 36194  1  0 98  1  0  0
 1  0 117032 142375336 1625748 39265400    0    0 48304 33524 88424 35217  1  0 98  1  0  0
 2  0 117032 142379572 1625748 39265416    0    0 48256 33736 88378 35371  1  0 98  1  0  0
 1  1 117032 142378028 1625752 39265424    0    0 47936 34540 88503 35320  1  0 98  1  0  0
 1  1 117032 142380548 1625752 39265440    0    0 47136 34724 88343 35008  1  0 98  1  0  0
 1  1 117032 142385932 1625752 39265448    0    0 46784 34492 88123 34599  1  0 98  1  0  0
 1  1 117032 142385192 1625752 39265456    0    0 46416 34012 88045 35432  1  0 98  1  0  0
 2  1 117032 142388832 1625752 39265464    0    0 46464 33492 88064 34880  1  0 98  1  0  0
 2  0 117032 142393692 1625756 39265472    0    0 47056 34104 88371 35922  1  0 98  1  0  0
 4  0 117032 142389608 1625756 39265488    0    0 47072 34020 88223 35019  1  0 98  1  0  0
 1  1 117032 142385028 1625756 39265496    0    0 47440 33604 88423 35166  1  0 98  1  0  0
 1  1 117032 142392064 1625756 39265508    0    0 47904 33600 88594 35715  1  0 98  1  0  0
 6  1 117032 142394424 1625756 39265516    0    0 48144 32812 88397 35290  1  0 98  1  0  0
 1  1 117032 142392652 1625760 39265528    0    0 48240 32512 88400 35187  1  0 98  1  0  0
 2  0 117032 142388076 1625760 39265544    0    0 48176 32460 87951 36439  1  0 98  1  0  0
 2  0 117032 142386608 1625760 39265552    0    0 47968 33128 88134 36227  1  0 98  1  0  0
 1  0 117032 142384056 1625760 39265556    0    0 48032 33216 88120 35846  1  0 98  1  0  0
procs -----------memory---------- ---swap-- -----io---- -system-- -------cpu-------
 r  b   swpd   free   buff  cache   si   so    bi    bo   in   cs us sy id wa st gu
 2  0 117032 142385076 1625760 39265564    0    0 48176 33252 88041 36148  1  0 98  1  0  0
 1  0 117032 142381076 1625764 39265572    0    0 48304 33472 88260 36426  1  0 98  1  0  0
 3  0 117032 142378252 1625764 39265588    0    0 47760 29964 88028 35240  1  0 98  1  0  0
 0  1 117032 142375892 1625764 39265596    0    0 47984 30176 88101 34652  1  0 98  1  0  0
 1  1 117032 142376904 1625764 39265604    0    0 48304 29988 88163 35103  1  0 98  1  0  0
 1  0 117032 142375912 1625764 39265616    0    0 48480 30032 88304 35315  1  0 98  1  0  0
 2  0 117032 142380824 1625772 39265616    0    0 47776 30224 87809 35774  1  0 98  1  0  0
 1  0 117032 142381872 1625772 39265640    0    0 47840 30372 88151 35669  1  0 98  1  0  0
 1  1 117032 142380104 1625772 39265648    0    0 47600 30144 87951 34594  1  0 98  1  0  0
 1  0 117032 142378252 1625776 39265652    0    0 48208 30388 88273 34725  1  0 98  1  0  0
 7  0 117032 142374384 1625776 39265668    0    0 48400 29868 87851 35851  1  0 98  1  0  0
 2  0 117032 142380312 1625776 39265676    0    0 48128 30256 87913 35509  1  0 98  1  0  0
 0  1 117032 142376304 1625776 39265688    0    0 47936 30172 87827 36044  1  0 98  1  0  0
 1  0 117032 142371556 1625776 39265696    0    0 47920 29932 88155 34902  1  0 98  1  0  0
 1  0 117032 142371016 1625776 39265704    0    0 48224 29980 88011 35685  1  0 98  1  0  0
 1  0 117032 142375408 1625776 39265716    0    0 47904 29880 88163 35483  1  0 98  1  0  0
 0  1 117032 142367896 1625776 39265724    0    0 48064 29772 88111 35297  1  0 98  1  0  0
 1  1 117032 142371320 1625784 39265732    0    0 48784 29312 87995 36222  1  0 98  1  0  0
 1  0 117032 142371908 1625784 39265744    0    0 47776 29736 87849 35750  1  0 98  1  0  0
 0  1 117032 142370272 1625784 39265752    0    0 46784 30068 88245 34757  1  0 98  1  0  0
 0  1 117032 142373964 1625784 39265764    0    0 46592 29892 87938 35098  1  0 98  1  0  0
procs -----------memory---------- ---swap-- -----io---- -system-- -------cpu-------
 r  b   swpd   free   buff  cache   si   so    bi    bo   in   cs us sy id wa st gu
 1  0 117032 142386744 1625784 39265772    0    0 46752 30216 88103 34999  1  0 98  1  0  0
 1  0 117032 142380156 1625784 39265780    0    0 47280 30208 88015 34115  1  0 98  1  0  0
 1  1 117032 142379452 1625784 39265792    0    0 46832 30060 88243 34357  1  0 98  1  0  0
 0  1 117032 142374336 1625784 39265804    0    0 46960 30372 87990 34302  1  0 98  1  0  0
 1  0 117032 142371156 1625788 39265808    0    0 47936 30168 88323 35433  1  0 98  1  0  0
 2  1 117032 142369256 1625788 39265824    0    0 46368 29844 88163 34351  1  0 98  1  0  0
 1  0 117032 142374028 1625788 39266024    0    0 46704 29556 87976 34741  1  0 98  1  0  0
 0  1 117032 142371252 1625788 39266036    0    0 48048 28968 88163 35158  1  0 98  1  0  0
 1  0 117032 142364892 1625788 39266048    0    0 48160 28488 88226 35661  1  0 98  1  0  0
 1  0 117032 142367136 1625792 39266052    0    0 47696 28672 88023 35403  1  0 98  1  0  0
 1  0 117032 142365380 1625792 39266068    0    0 47584 29292 88130 35636  1  0 98  1  0  0
 0  1 117032 142371076 1625792 39266076    0    0 47600 27404 87911 34309  1  0 98  1  0  0
 1  0 117032 142374260 1625792 39266088    0    0 47536 28108 87891 35779  1  0 98  1  0  0
 1  0 117032 142369988 1625792 39266096    0    0 47824 28464 87961 35783  1  0 98  1  0  0
 1  0 117032 142370696 1625792 39266112    0    0 47328 28024 88014 34850  1  0 98  1  0  0
 1  0 117032 142367500 1625800 39266120    0    0 48080 28008 87720 35724  1  0 98  1  0  0
 1  0 117032 142370112 1625800 39266128    0    0 47152 27680 87922 35107  1  0 98  1  0  0
 2  0 117032 142369604 1625800 39266140    0    0 47904 27204 87922 35029  1  0 98  1  0  0
 1  1 117032 142375096 1625800 39266152    0    0 48400 27004 87855 35603  1  0 98  1  0  0
 1  0 117032 142375316 1625800 39266160    0    0 48224 27324 88068 35011  1  0 98  1  0  0
 0  1 117032 142372328 1625808 39266160    0    0 47488 26516 87934 35683  1  0 98  1  0  0
procs -----------memory---------- ---swap-- -----io---- -system-- -------cpu-------
 r  b   swpd   free   buff  cache   si   so    bi    bo   in   cs us sy id wa st gu
 2  1 117032 142380776 1625808 39266176    0    0 47168 26092 87931 34492  1  0 98  1  0  0
 0  1 117032 142384732 1625808 39266192    0    0 48688 26776 88084 34638  1  0 98  1  0  0
 1  0 117032 142393196 1625808 39266200    0    0 48160 27332 87940 34721  1  0 98  1  0  0
 0  1 117032 142392560 1625808 39266208    0    0 47600 27372 88109 34660  1  0 98  1  0  0
 0  1 117032 142392060 1625816 39266208    0    0 47808 27800 88065 34350  1  0 98  1  0  0
 0  1 117032 142397896 1625816 39266224    0    0 48144 27264 87954 34969  1  0 98  1  0  0
 1  0 117032 142394400 1625816 39266236    0    0 47952 27348 87981 34532  1  0 98  1  0  0
 1  0 117032 142391464 1625816 39266248    0    0 47936 27308 87838 35623  1  0 98  1  0  0
 1  0 117032 142390180 1625816 39266260    0    0 48096 27788 87889 35358  1  0 98  1  0  0
 1  0 117032 142383892 1625824 39266256    0    0 47904 27900 87781 35899  1  0 98  1  0  0
 0  1 117032 142381356 1625824 39266272    0    0 47664 27660 87828 35906  1  0 98  1  0  0
 1  0 117032 142378968 1625824 39266288    0    0 46560 27148 87686 35235  1  0 98  1  0  0
 2  0 117032 142380608 1625824 39266296    0    0 46544 26788 88014 34332  1  0 98  1  0  0
 3  0 117032 142376028 1625824 39266304    0    0 46624 26384 87512 35034  1  0 98  1  0  0
 1  0 117032 142383144 1625832 39266304    0    0 47104 26472 87892 34642  1  0 98  1  0  0
 1  0 117032 142377172 1625832 39266324    0    0 47376 26564 87851 34609  1  0 98  1  0  0
 3  1 117032 142376004 1625832 39266332    0    0 47344 26284 87993 34292  1  0 99  1  0  0
 1  0 117032 142367736 1625832 39266344    0    0 47088 26128 87749 35176  1  0 98  1  0  0
 1  0 117032 142365596 1625832 39266356    0    0 46480 26220 87903 34015  1  0 98  1  0  0
 0  1 117032 142372528 1625840 39266356    0    0 47488 26608 87820 34665  1  0 98  1  0  0
 0  1 117032 142371096 1625840 39266372    0    0 46896 24752 87790 34641  1  0 98  1  0  0
procs -----------memory---------- ---swap-- -----io---- -system-- -------cpu-------
 r  b   swpd   free   buff  cache   si   so    bi    bo   in   cs us sy id wa st gu
 1  0 117032 142373260 1625840 39266384    0    0 46992 24832 87678 34706  1  0 98  1  0  0
 1  0 117032 142378212 1625840 39266396    0    0 47008 24740 87778 34470  1  0 98  1  0  0
 0  1 117032 142371688 1625840 39266408    0    0 46848 24948 87836 34630  1  0 98  1  0  0
 1  0 117032 142377032 1625844 39266412    0    0 46512 24700 87877 34389  1  0 98  1  0  0
 1  0 117032 142372696 1625844 39266428    0    0 47264 24440 87586 34224  1  0 98  1  0  0
 0  1 117032 142370396 1625844 39266432    0    0 47840 25160 87915 34798  1  0 98  1  0  0
 1  0 117032 142368752 1625844 39266444    0    0 46848 24640 87651 34969  1  0 98  1  0  0
 0  1 117032 142370464 1625844 39266452    0    0 46464 25084 87715 34665  1  0 98  1  0  0
 1  1 117032 142373720 1625844 39266460    0    0 47600 24920 87851 34505  1  0 98  1  0  0
 0  1 117032 142381676 1625848 39266472    0    0 46992 24368 87629 34603  1  0 98  1  0  0
 2  0 117032 142376520 1625848 39266480    0    0 47088 24108 87650 34672  1  0 98  1  0  0
 2  1 117032 142381668 1625848 39266492    0    0 46800 24708 87765 33877  1  0 98  1  0  0
 0  1 117032 142377632 1625848 39266500    0    0 46736 24712 87753 34165  1  0 98  1  0  0
 1  0 117032 142377608 1625848 39266516    0    0 47072 25068 87849 33920  1  0 98  1  0  0
 0  1 117032 142375828 1625848 39266524    0    0 47936 25428 88073 34906  1  0 98  1  0  0
 0  1 117032 142384596 1625848 39266532    0    0 48112 25080 87786 35341  1  0 98  1  0  0
 0  1 117032 142379132 1625848 39266544    0    0 47280 24844 87711 35071  1  0 98  1  0  0
 2  0 117032 142378560 1625848 39266552    0    0 47856 24276 87582 34211  1  0 98  1  0  0
 1  0 117032 142372632 1625848 39266560    0    0 48160 24304 87922 34560  1  0 98  1  0  0
 1  0 117032 142370580 1625856 39266564    0    0 46848 24796 87834 34245  1  0 98  1  0  0
 0  1 117032 142366964 1625856 39266584    0    0 47200 24680 87688 34261  1  0 98  1  0  0
procs -----------memory---------- ---swap-- -----io---- -system-- -------cpu-------
 r  b   swpd   free   buff  cache   si   so    bi    bo   in   cs us sy id wa st gu
 1  0 117032 142365684 1625856 39266596    0    0 47056 24836 87619 34864  1  0 98  1  0  0
 0  1 117032 142359244 1625856 39266608    0    0 47216 24976 87694 35371  1  0 98  1  0  0
 1  1 117032 142361944 1625856 39266616    0    0 48672 25176 87814 35630  1  0 98  1  0  0
 1  0 117032 142360040 1625856 39266624    0    0 46544 24984 87679 34881  1  0 98  1  0  0
 0  1 117032 142354740 1625856 39266700    0    0 46656 25068 87574 34961  1  0 98  1  0  0
 3  0 117032 142360352 1625856 39266708    0    0 46816 25444 88051 34407  1  0 98  1  0  0
 0  1 117032 142367440 1625856 39266720    0    0 47136 25516 87831 34270  1  0 98  1  0  0
 0  1 117032 142370520 1625856 39266728    0    0 48400 25564 87998 35032  1  0 98  1  0  0
 1  0 117032 142375400 1625860 39266736    0    0 48064 36132 88358 35648  1  0 98  1  0  0
 1  0 117032 142372488 1625860 39266748    0    0 48048 35808 88215 35918  1  0 98  1  0  0
 0  1 117032 142369796 1625860 39266756    0    0 47728 34652 88427 35255  1  0 98  1  0  0
 0  1 117032 142375676 1625860 39266768    0    0 47040 34480 88190 35235  1  0 98  1  0  0
 0  1 117032 142375352 1625860 39266780    0    0 47152 34276 87904 36166  1  0 98  1  0  0
 0  1 117032 142376992 1625868 39266780    0    0 47184 33944 88196 35796  1  0 98  1  0  0
 1  0 117032 142374436 1625868 39266796    0    0 48416 34464 88064 36688  1  0 98  1  0  0
 0  1 117032 142375352 1625868 39266808    0    0 47696 34348 88439 35494  1  0 98  1  0  0
 1  0 117032 142373576 1625868 39266820    0    0 47216 35116 88225 35442  1  0 98  1  0  0
 2  0 117032 142372516 1625868 39266832    0    0 47056 35204 88258 36627  1  0 98  1  0  0
 2  0 117032 142364836 1625868 39266840    0    0 46992 34848 87987 35300  1  0 98  1  0  0
 0  1 117032 142375924 1625868 39266844    0    0 46736 35320 88092 35874  1  0 98  1  0  0
 0  1 117032 142371548 1625868 39266852    0    0 47120 35160 88065 35144  1  0 98  1  0  0
procs -----------memory---------- ---swap-- -----io---- -system-- -------cpu-------
 r  b   swpd   free   buff  cache   si   so    bi    bo   in   cs us sy id wa st gu
 2  1 117032 142367844 1625868 39266868    0    0 46736 35184 88199 35844  1  0 98  1  0  0
 4  0 117032 142365392 1625868 39266876    0    0 47456 35212 88072 34855  1  0 98  1  0  0
 1  0 117032 142366312 1625868 39266884    0    0 47232 35356 88320 35470  1  0 98  1  0  0
 1  0 117032 142364392 1625868 39266892    0    0 46976 35464 88097 35747  1  0 98  1  0  0
 1  0 117032 142368092 1625868 39266900    0    0 47904 35412 88482 36487  1  0 98  1  0  0
 0  1 117032 142370316 1625868 39266916    0    0 47216 35472 88056 34928  1  0 98  1  0  0
 1  0 117032 142374960 1625868 39266924    0    0 46944 35460 88329 34925  1  0 98  1  0  0
 1  0 117032 142372012 1625872 39266928    0    0 47008 35144 88296 35213  1  0 98  1  0  0
 1  0 117032 142372600 1625872 39266940    0    0 46352 35212 88228 35733  1  0 98  1  0  0
 1  0 117032 142366264 1625872 39266948    0    0 47152 35600 88228 35215  1  0 98  1  0  0
 1  0 117032 142364944 1625872 39266972    0    0 47840 35380 88208 36364  1  0 98  1  0  0
 1  0 117032 142362280 1625872 39266980    0    0 47568 35152 88216 35921  1  0 98  1  0  0
 0  1 117032 142359804 1625872 39266992    0    0 47472 34632 88398 35949  1  0 98  1  0  0
 2  0 117032 142361848 1625880 39267000    0    0 47808 34192 88183 35171  1  0 98  1  0  0
 0  1 117032 142362260 1625880 39267012    0    0 47024 34320 87936 35689  1  0 98  1  0  0
 0  1 117032 142354200 1625880 39267016    0    0 48144 34108 88240 36053  1  0 98  1  0  0
 3  0 117032 142358824 1625880 39267028    0    0 48416 35276 88420 36217  1  0 98  1  0  0
 0  1 117032 142372372 1625880 39267036    0    0 47104 36024 88198 35523  1  0 98  1  0  0
 1  0 117032 142383828 1625884 39267040    0    0 47776 36036 88296 35357  1  0 98  1  0  0
 0  1 117032 142385904 1625884 39267052    0    0 46960 35476 88181 35079  1  0 98  1  0  0
 0  1 117032 142391032 1625884 39267064    0    0 47088 35844 88372 35577  1  0 98  1  0  0
procs -----------memory---------- ---swap-- -----io---- -system-- -------cpu-------
 r  b   swpd   free   buff  cache   si   so    bi    bo   in   cs us sy id wa st gu
 1  0 117032 142384692 1625884 39267076    0    0 48064 36200 88314 35620  1  0 98  1  0  0
 0  1 117032 142389180 1625884 39267084    0    0 48368 35992 88103 35981  1  0 98  1  0  0
 1  1 117032 142385236 1625888 39267088    0    0 48272 35852 88068 36847  1  0 98  1  0  0
 0  1 117032 142390724 1625888 39267104    0    0 47040 36516 88463 35857  1  0 98  1  0  0
 1  0 117032 142390164 1625888 39267112    0    0 46416 36500 88110 35664  1  0 98  1  0  0
 0  0 117032 142388300 1625888 39267124    0    0 47168 36356 88102 36134  1  0 98  1  0  0
 0  1 117032 142382468 1625888 39267132    0    0 47648 36232 88253 35726  1  0 98  1  0  0
 0  1 117032 142382624 1625888 39267144    0    0 47904 36480 88417 36491  1  0 98  1  0  0
 1  1 117032 142378292 1625888 39267160    0    0 48336 36552 88265 36538  1  0 98  1  0  0
 1  0 117032 142377200 1625888 39267168    0    0 48640 36336 88276 36650  1  0 98  1  0  0
 1  0 117032 142375928 1625888 39267180    0    0 48416 35848 88231 36354  1  0 98  1  0  0
 2  1 117032 142375244 1625888 39267188    0    0 49008 35536 88340 36227  1  0 98  1  0  0
 1  0 117032 142386420 1625900 39267180    0    0 48336 35752 88426 36506  1  0 98  1  0  0
 0  0 117032 142381616 1625900 39267204    0    0 48560 34948 88157 36168  1  0 98  1  0  0
 0  1 117032 142384748 1625900 39267212    0    0 48432 35588 88266 35898  1  0 98  1  0  0
 0  1 117032 142383984 1625900 39267224    0    0 47952 35804 88353 35711  1  0 98  1  0  0
 0  1 117032 142385092 1625900 39267232    0    0 48400 35504 88454 35947  1  0 98  1  0  0
 2  0 117032 142379896 1625904 39267236    0    0 47776 35396 88180 36173  1  0 98  1  0  0
 0  1 117032 142379336 1625904 39267252    0    0 48496 35632 88191 36471  1  0 98  1  0  0
 1  0 117032 142377048 1625904 39267260    0    0 48656 36292 88389 37128  1  0 98  1  0  0
 0  1 117032 142375820 1625904 39267272    0    0 47424 36696 88537 37354  1  0 98  1  0  0
procs -----------memory---------- ---swap-- -----io---- -system-- -------cpu-------
 r  b   swpd   free   buff  cache   si   so    bi    bo   in   cs us sy id wa st gu
 0  1 117032 142368956 1625904 39267376    0    0 48640 36608 88487 36529  1  0 98  1  0  0
 0  1 117032 142380196 1625908 39267384    0    0 48608 36072 88529 36817  1  0 98  1  0  0
 3  1 117032 142373732 1625908 39267396    0    0 48400 36180 88417 36171  1  0 98  1  0  0
 1  1 117032 142376196 1625908 39267404    0    0 48016 35748 88673 35097  1  0 98  1  0  0
 0  1 117032 142375344 1625908 39267416    0    0 48592 35544 88456 36793  1  0 98  1  0  0
 1  1 117032 142369536 1625908 39267424    0    0 48480 36572 88677 35589  1  0 98  1  0  0
 1  1 117032 142366776 1625912 39267432    0    0 48624 35964 88426 35942  1  0 98  1  0  0
 0  1 117032 142373028 1625912 39267444    0    0 48288 36480 88534 36227  1  0 98  1  0  0
 0  1 117032 142376096 1625912 39267448    0    0 48304 36052 88648 35709  1  0 98  1  0  0
 0  1 117032 142373596 1625912 39267456    0    0 48704 36936 88816 35785  1  0 98  1  0  0
 0  1 117032 142370380 1625912 39267468    0    0 48624 36548 88579 36118  1  0 98  1  0  0
 0  1 117032 142370944 1625916 39267480    0    0 48448 36700 88395 36911  1  0 98  1  0  0
 1  0 117032 142371208 1625916 39267492    0    0 47984 37684 88422 36320  1  0 98  1  0  0
 1  0 117032 142366336 1625916 39267500    0    0 48448 37524 88515 36864  1  0 98  1  0  0
 1  0 117032 142373756 1625916 39267508    0    0 48208 37392 88658 35050  1  0 98  1  0  0
 1  1 117032 142373300 1625916 39267524    0    0 48832 37404 88320 36895  1  0 98  1  0  0
 1  0 117032 142376368 1625916 39267532    0    0 48448 37596 88847 35894  1  0 98  1  0  0
 2  0 117032 142379928 1625916 39267540    0    0 48640 38116 88610 36092  1  0 98  1  0  0
 2  0 117032 142377108 1625916 39267548    0    0 49040 38500 88893 36014  1  0 98  1  0  0
 1  0 117032 142382120 1625916 39267556    0    0 48224 38488 88725 35566  1  0 98  1  0  0
 0  1 117032 142378708 1625916 39267572    0    0 48224 38016 88479 36364  1  0 98  1  0  0
procs -----------memory---------- ---swap-- -----io---- -system-- -------cpu-------
 r  b   swpd   free   buff  cache   si   so    bi    bo   in   cs us sy id wa st gu
 1  1 117032 142372172 1625916 39267588    0    0 48736 37860 88488 36972  1  0 98  1  0  0
 2  0 117032 142373140 1625924 39267588    0    0 48464 38380 88946 36397  1  0 98  1  0  0
 2  1 117032 142370012 1625924 39267604    0    0 48320 38432 88714 35921  1  0 98  1  0  0
 1  0 117032 142374960 1625924 39267612    0    0 48080 38264 88678 35393  1  0 98  1  0  0
 1  1 117032 142376568 1625924 39267624    0    0 48736 39036 88745 35987  1  0 98  1  0  0
 1  0 117032 142375308 1625924 39267632    0    0 48176 38892 88551 37533  1  0 98  1  0  0
 0  1 117032 142375640 1625932 39267632    0    0 48384 38100 88737 35870  1  0 98  1  0  0
 0  1 117032 142372056 1625932 39267648    0    0 48032 37416 88088 36267  1  0 98  1  0  0
 1  0 117032 142369880 1625932 39267656    0    0 48912 37240 88446 35862  1  0 98  1  0  0
 1  1 117032 142376848 1625932 39267672    0    0 48096 37484 88276 37532  1  0 98  1  0  0
 1  0 117032 142373952 1625932 39267680    0    0 48320 37624 88595 35583  1  0 98  1  0  0
 1  0 117032 142372772 1625936 39267684    0    0 48704 37688 88596 35793  1  0 98  1  0  0
 0  1 117032 142378912 1625936 39267700    0    0 48480 37256 88642 35315  1  0 98  1  0  0
 3  0 117032 142375208 1625936 39267712    0    0 48400 37304 88687 36813  1  0 98  1  0  0
 0  1 117032 142372416 1625936 39267724    0    0 48336 37716 88694 36074  1  0 98  1  0  0
 0  1 117032 142377832 1625936 39267736    0    0 48624 37816 88810 35936  1  0 98  1  0  0
 2  0 117032 142370712 1625936 39267744    0    0 48368 37560 88253 36909  1  0 98  1  0  0
 1  1 117032 142375976 1625936 39267752    0    0 48512 38424 88960 35821  1  0 98  1  0  0
 1  0 117032 142375264 1625936 39267760    0    0 48864 38324 88674 36206  1  0 98  1  0  0
 1  0 117032 142377956 1625936 39267772    0    0 48224 37976 88552 35048  1  0 98  1  0  0
 0  1 117032 142378264 1625936 39267784    0    0 48352 37904 88485 36743  1  0 98  1  0  0
procs -----------memory---------- ---swap-- -----io---- -system-- -------cpu-------
 r  b   swpd   free   buff  cache   si   so    bi    bo   in   cs us sy id wa st gu
 4  1 117032 142387580 1625944 39267780    0    0 47904 38324 89076 35785  1  0 98  1  0  0
 0  1 117032 142382140 1625944 39267796    0    0 47744 37968 88349 36916  1  0 98  1  0  0
 2  0 117032 142380632 1625944 39267808    0    0 47296 37280 88514 35206  1  0 98  1  0  0
 2  0 117032 142379380 1625944 39267816    0    0 47184 37180 88277 35492  1  0 98  1  0  0
 1  1 117032 142381620 1625944 39267828    0    0 47264 37172 88747 35257  1  0 98  1  0  0
 3  0 117032 142378128 1625944 39267836    0    0 47888 37856 88569 36367  1  0 98  1  0  0
 1  0 117032 142378208 1625944 39267844    0    0 47648 37712 88554 35458  1  0 98  1  0  0
 1  1 117032 142375528 1625944 39267856    0    0 47984 38072 88390 36912  1  0 98  1  0  0
 2  1 117032 142379000 1625944 39267864    0    0 47552 37936 88565 35542  1  0 98  1  0  0
 0  1 117032 142379120 1625944 39267876    0    0 48032 38316 88366 36346  1  0 98  1  0  0
 1  1 117032 142376036 1625948 39267884    0    0 48176 38212 88343 36291  1  0 98  1  0  0
 3  0 117032 142373584 1625948 39267896    0    0 47936 37792 88212 36665  1  0 98  1  0  0
 1  0 117032 142380448 1625948 39267908    0    0 47376 37348 88533 36232  1  0 98  1  0  0
 1  1 117032 142381112 1625948 39267916    0    0 48384 37116 88386 35814  1  0 98  1  0  0
 2  0 117032 142378468 1625948 39267932    0    0 47536 37132 88494 36020  1  0 98  1  0  0
 0  1 117032 142372392 1625948 39267940    0    0 47680 37480 88397 36385  1  0 98  1  0  0
 1  0 117032 142368672 1625948 39267948    0    0 47824 37248 88568 35014  1  0 98  1  0  0
 0  1 117032 142372128 1625948 39267960    0    0 47504 36952 88399 35299  1  0 98  1  0  0
 1  0 117032 142366008 1625948 39268032    0    0 47680 37436 88080 36263  1  0 98  1  0  0
 1  0 117032 142363304 1625948 39268044    0    0 47984 37692 88456 36808  1  0 98  1  0  0
 1  0 117032 142358756 1625952 39268048    0    0 47552 37712 88715 35750  1  0 98  1  0  0
procs -----------memory---------- ---swap-- -----io---- -system-- -------cpu-------
 r  b   swpd   free   buff  cache   si   so    bi    bo   in   cs us sy id wa st gu
 1  0 117032 142365704 1625952 39268064    0    0 47488 37188 88467 35622  1  0 98  1  0  0
 1  0 117032 142358704 1625952 39268072    0    0 47936 37192 88552 36511  1  0 98  1  0  0
 2  0 117032 142367228 1625952 39268084    0    0 48064 37556 88308 37087  1  0 98  1  0  0
 1  0 117032 142367940 1625952 39268096    0    0 47920 37904 88816 35631  1  0 98  1  0  0
 1  0 117032 142367492 1625952 39268108    0    0 47872 38104 88736 35418  1  0 98  1  0  0
 1  0 117032 142363844 1625956 39268116    0    0 47152 38260 88612 35241  1  0 98  1  0  0
 2  1 117032 142367320 1625956 39268124    0    0 46864 37876 88240 36740  1  0 98  1  0  0
 0  1 117032 142375336 1625956 39268132    0    0 47488 37284 88426 35959  1  0 98  1  0  0
 0  1 117032 142374000 1625956 39268140    0    0 47296 37308 88559 34820  1  0 98  1  0  0
 0  1 117032 142374672 1625956 39268152    0    0 48416 37724 88579 35114  1  0 98  1  0  0
 0  1 117032 142378036 1625960 39268160    0    0 48208 37764 88589 35183  1  0 98  1  0  0
 1  0 117032 142370844 1625960 39268172    0    0 47952 37224 88756 35685  1  0 98  1  0  0
 1  0 117032 142375604 1625960 39268180    0    0 47952 36932 88667 35617  1  0 98  1  0  0
 1  0 117032 142376324 1625960 39268192    0    0 48096 37152 88220 36972  1  0 98  1  0  0
 0  1 117032 142372928 1625960 39268204    0    0 49040 37204 88599 36208  1  0 98  1  0  0
 1  0 117032 142375192 1625964 39268208    0    0 48112 38368 88420 37174  1  0 98  1  0  0
 0  1 117032 142372832 1625964 39268220    0    0 48336 38280 88786 35610  1  0 98  1  0  0
 3  0 117032 142366664 1625964 39268228    0    0 48160 38472 88228 37140  1  0 98  1  0  0
 2  0 117032 142361592 1625964 39268236    0    0 48304 37796 88709 36045  1  0 98  1  0  0
 1  0 117032 142363236 1625964 39268252    0    0 48416 36788 88546 36894  1  0 98  1  0  0
 1  0 117032 142359756 1625968 39268256    0    0 48384 37044 88586 35039  1  0 98  1  0  0
procs -----------memory---------- ---swap-- -----io---- -system-- -------cpu-------
 r  b   swpd   free   buff  cache   si   so    bi    bo   in   cs us sy id wa st gu
 0  1 117032 142359592 1625968 39268268    0    0 48752 37228 88538 35539  1  0 98  1  0  0
 2  1 117032 142361848 1625968 39268280    0    0 48336 38924 88714 36416  1  0 98  1  0  0
 0  1 117032 142366620 1625968 39268288    0    0 48576 38740 88507 36175  1  0 98  1  0  0
 1  0 117032 142367836 1625968 39268304    0    0 48688 38512 88366 37412  1  0 98  1  0  0
 0  1 117032 142369848 1625972 39268308    0    0 48416 38284 88419 35183  1  0 98  1  0  0
 1  0 117032 142367856 1625972 39268320    0    0 48144 38100 88640 35712  1  0 98  1  0  0
 1  0 117032 142362980 1625972 39268332    0    0 48320 38988 88471 36504  1  0 98  1  0  0
 0  1 117032 142361052 1625972 39268340    0    0 48224 38844 88582 34758  1  0 98  1  0  0
 1  0 117032 142355960 1625972 39268360    0    0 48480 38032 88530 35306  1  0 98  1  0  0
 1  1 117032 142358056 1625976 39268364    0    0 48768 37388 88742 36644  1  1 98  1  0  0
 1  0 117032 142352612 1625976 39268416    0    0 48224 38652 88423 37152  1  0 98  1  0  0
 0  1 117032 142359516 1625976 39268424    0    0 48096 38680 88595 35455  1  0 98  1  0  0
 2  0 117032 142357412 1625976 39268436    0    0 48928 38156 88642 35249  1  0 98  1  0  0
 0  1 117032 142364736 1625976 39268452    0    0 48432 37896 88636 35985  1  0 98  1  0  0
 0  1 117032 142369464 1625984 39268452    0    0 48496 37788 88498 36292  1  0 98  1  0  0
 1  0 117032 142372692 1625984 39268468    0    0 48608 37092 88423 35451  1  0 98  1  0  0
 2  0 117032 142374096 1625984 39268476    0    0 47056 37488 88477 34711  1  0 98  1  0  0
 2  1 117032 142378988 1625984 39268484    0    0 48544 37908 88490 36185  1  0 98  1  0  0
 1  0 117032 142383616 1625984 39268496    0    0 48032 38200 88594 36002  1  0 98  1  0  0
 1  0 117032 142388256 1625992 39268500    0    0 47824 37648 88530 35236  1  0 98  1  0  0
 0  1 117032 142390232 1625992 39268516    0    0 46960 37736 88180 36502  1  0 98  1  0  0
procs -----------memory---------- ---swap-- -----io---- -system-- -------cpu-------
 r  b   swpd   free   buff  cache   si   so    bi    bo   in   cs us sy id wa st gu
 1  0 117032 142387180 1625992 39268524    0    0 47024 37692 88574 35120  1  0 98  1  0  0
 1  0 117032 142384552 1625992 39268536    0    0 48384 37712 88603 35656  1  0 98  1  0  0
 1  0 117032 142384444 1625992 39268544    0    0 48528 37404 88368 35754  1  0 98  1  0  0
 0  1 117032 142384376 1625996 39268552    0    0 48064 39336 88645 35393  1  0 98  1  0  0
 1  0 117032 142382724 1625996 39268564    0    0 48240 39368 88640 35433  1  0 98  1  0  0
 1  0 117032 142381064 1625996 39268572    0    0 47936 38608 88568 35078  1  0 98  1  0  0
 2  0 117032 142376860 1625996 39268580    0    0 48688 37976 88354 35621  1  0 98  1  0  0
 2  0 117032 142373996 1625996 39268588    0    0 48224 38048 88534 35853  1  0 98  1  0  0
 0  1 117032 142370392 1626000 39268596    0    0 48288 37548 88552 35809  1  0 98  1  0  0
 1  0 117032 142370432 1626000 39268608    0    0 48864 37304 88564 35948  1  0 98  1  0  0
 0  1 117032 142367200 1626000 39268616    0    0 48112 37676 88314 36842  1  0 98  1  0  0
 3  1 117032 142366552 1626000 39268628    0    0 48736 37392 88385 35595  1  0 98  1  0  0
 0  1 117032 142364920 1626000 39268636    0    0 48400 37692 88405 36258  1  0 98  1  0  0
 1  0 117032 142372572 1626004 39268644    0    0 48448 37068 88382 36584  1  0 98  1  0  0
 1  0 117032 142371804 1626004 39268656    0    0 48048 37256 88298 35949  1  0 98  1  0  0
 1  0 117032 142371132 1626004 39268736    0    0 48192 37672 88306 36510  1  0 98  1  0  0
 1  0 117032 142371688 1626004 39268744    0    0 48480 38256 88399 36188  1  0 98  1  0  0
 4  0 117032 142365048 1626004 39268752    0    0 48080 38032 88497 35247  1  0 98  1  0  0
 1  0 117032 142357808 1626008 39268760    0    0 48208 38288 88456 34730  1  0 98  1  0  0
 0  1 117032 142357000 1626008 39268772    0    0 48032 38052 88656 35339  1  0 98  1  0  0
 1  0 117032 142362896 1626008 39268788    0    0 48896 37872 88403 36531  1  0 98  1  0  0
procs -----------memory---------- ---swap-- -----io---- -system-- -------cpu-------
 r  b   swpd   free   buff  cache   si   so    bi    bo   in   cs us sy id wa st gu
 0  1 117032 142361664 1626008 39268796    0    0 48480 37656 88717 35262  1  0 98  1  0  0
 0  1 117032 142358748 1626008 39268804    0    0 48656 38300 88374 35850  1  0 98  1  0  0
 2  0 117032 142362820 1626016 39268808    0    0 48096 37664 88698 35158  1  0 98  1  0  0
 1  0 117032 142362512 1626016 39268824    0    0 48592 37252 88527 35353  1  0 98  1  0  0
 1  0 117032 142356396 1626016 39268840    0    0 48672 37264 88589 35822  1  0 98  1  0  0
 0  1 117032 142355436 1626016 39268848    0    0 48208 37364 88224 36752  1  0 98  1  0  0
 2  1 117032 142358740 1626016 39268856    0    0 48896 38672 88602 35156  1  0 98  1  0  0
 1  0 117032 142363492 1626016 39268872    0    0 48576 37540 88517 35218  1  0 98  1  0  0
 1  0 117032 142361776 1626016 39268888    0    0 48320 38128 88544 36367  1  0 98  1  0  0
 0  1 117032 142359708 1626016 39268896    0    0 49168 37588 88409 35555  1  0 98  1  0  0
 0  1 117032 142366996 1626016 39268904    0    0 48192 37792 88309 36650  1  0 98  1  0  0
 1  0 117032 142366440 1626016 39268912    0    0 48352 37800 88552 35128  1  0 98  1  0  0
 0  1 117032 142366592 1626016 39268920    0    0 49040 38248 88617 36133  1  0 98  1  0  0
 0  1 117032 142361808 1626024 39268928    0    0 48528 37908 88343 35656  1  0 98  1  0  0
 1  0 117032 142355492 1626024 39268944    0    0 48064 37368 88576 35213  1  0 98  1  0  0
 1  0 117032 142352620 1626024 39268952    0    0 48384 37296 88478 35191  1  0 98  1  0  0
 1  0 117032 142349816 1626024 39268960    0    0 49296 37292 88645 35434  1  0 98  1  0  0
 1  1 117032 142356152 1626024 39268968    0    0 49024 38408 88510 35829  1  0 98  1  0  0
 1  0 117032 142358856 1626028 39268980    0    0 48672 37708 88433 36554  1  0 98  1  0  0
 2  0 117032 142359580 1626028 39268992    0    0 48800 38100 88376 36666  1  0 98  1  0  0
 0  1 117032 142352012 1626028 39268996    0    0 48592 37712 88755 35191  1  0 98  1  0  0
procs -----------memory---------- ---swap-- -----io---- -system-- -------cpu-------
 r  b   swpd   free   buff  cache   si   so    bi    bo   in   cs us sy id wa st gu
 1  0 117032 142352048 1626028 39269004    0    0 49120 37516 88607 35812  1  0 98  1  0  0
 2  1 117032 142356412 1626028 39269012    0    0 48928 37224 88366 36143  1  0 98  1  0  0
 2  0 117032 142357296 1626028 39269028    0    0 48080 37172 88348 36288  1  0 98  1  0  0
 1  0 117032 142360632 1626028 39269036    0    0 49168 37624 88491 35394  1  0 98  1  0  0
 0  1 117032 142360732 1626028 39269044    0    0 48560 38048 88223 36609  1  0 98  1  0  0
 0  1 117032 142363176 1626028 39269052    0    0 47648 38044 88560 36261  1  0 98  1  0  0
 1  0 117032 142363380 1626028 39269060    0    0 48640 37996 88237 36550  1  0 98  1  0  0
 1  0 117032 142367032 1626036 39269068    0    0 48224 37972 88566 36112  1  0 98  1  0  0
 0  1 117032 142369712 1626036 39269084    0    0 48864 37440 88591 35314  1  0 98  1  0  0
 1  0 117032 142365780 1626036 39269092    0    0 48816 37140 88436 35646  1  0 98  1  0  0
 0  1 117032 142361824 1626036 39269100    0    0 49024 37768 88501 35169  1  0 98  1  0  0
 2  0 117032 142361116 1626036 39269112    0    0 48240 38576 88588 35321  1  0 98  1  0  0
 2  0 117032 142364516 1626040 39269124    0    0 48144 37344 88575 35098  1  0 98  1  0  0
 0  1 117032 142364196 1626040 39269136    0    0 48480 36440 88551 35524  1  0 98  1  0  0
 1  0 117032 142363272 1626040 39269144    0    0 48128 37312 88330 35639  1  0 98  1  0  0
 0  1 117032 142361516 1626040 39269156    0    0 48640 36908 88497 35928  1  0 98  1  0  0
 1  0 117032 142361044 1626040 39269164    0    0 48544 37204 88485 35261  1  0 98  1  0  0
 3  0 117032 142358536 1626044 39269172    0    0 48656 37372 88655 35556  1  0 98  1  0  0
 0  1 117032 142364076 1626044 39269184    0    0 49712 37904 88493 36435  1  0 98  1  0  0
 0  1 117032 142364448 1626044 39269192    0    0 48192 38316 88383 35678  1  0 98  1  0  0
 0  1 117032 142364220 1626044 39269200    0    0 48608 38728 88766 35578  1  0 98  1  0  0
procs -----------memory---------- ---swap-- -----io---- -system-- -------cpu-------
 r  b   swpd   free   buff  cache   si   so    bi    bo   in   cs us sy id wa st gu
 1  0 117032 142355796 1626044 39269212    0    0 48384 39288 88541 36126  1  0 98  1  0  0
 1  0 117032 142356092 1626044 39269220    0    0 48640 38624 88560 35054  1  0 98  1  0  0
 0  1 117032 142355988 1626044 39269232    0    0 48464 38196 88437 35982  1  0 98  1  0  0
 1  0 117032 142354476 1626044 39269240    0    0 48720 37916 88432 36196  1  0 98  1  0  0
 1  0 117032 142355924 1626044 39269252    0    0 48576 37648 88524 35276  1  0 98  1  0  0
 0  1 117032 142354692 1626044 39269260    0    0 47856 37720 88332 36511  1  0 98  1  0  0
 1  0 117032 142349780 1626048 39269268    0    0 48800 38208 88523 35894  1  0 98  1  0  0
 2  1 117032 142360744 1626048 39269284    0    0 48768 38072 88779 35469  1  0 98  1  0  0
 1  0 117032 142360400 1626048 39269292    0    0 48640 37780 88285 36930  1  0 98  1  0  0
 1  0 117032 142358352 1626048 39269300    0    0 48496 37364 88352 36277  1  0 98  1  0  0
 1  0 117032 142356000 1626056 39269304    0    0 48320 37452 88458 35900  1  0 98  1  0  0
 0  1 117032 142355188 1626056 39269320    0    0 48416 37780 88679 35541  1  0 98  1  0  0
 3  0 117032 142353504 1626056 39269396    0    0 48304 38672 88227 36407  1  0 98  1  0  0
 0  1 117032 142360276 1626056 39269400    0    0 48832 37976 88344 36689  1  0 98  1  0  0
 1  0 117032 142356148 1626056 39269412    0    0 48896 38412 88307 36840  1  0 98  1  0  0
 1  0 117032 142361844 1626056 39269424    0    0 48528 38008 88709 35415  1  0 98  1  0  0
 1  0 117032 142363396 1626064 39269436    0    0 48512 38180 88374 35878  1  0 98  1  0  0
 0  1 117032 142359552 1626064 39269448    0    0 49216 38336 88406 36413  1  0 98  1  0  0
 2  0 117032 142356908 1626064 39269456    0    0 48736 37784 88668 35354  1  0 98  1  0  0
 0  1 117032 142360788 1626064 39269468    0    0 48272 37836 88518 35071  1  0 98  1  0  0
 0  1 117032 142360888 1626064 39269476    0    0 48688 37152 88298 36064  1  0 98  1  0  0
procs -----------memory---------- ---swap-- -----io---- -system-- -------cpu-------
 r  b   swpd   free   buff  cache   si   so    bi    bo   in   cs us sy id wa st gu
 1  0 117032 142360864 1626068 39269480    0    0 48752 37576 88545 35527  1  0 98  1  0  0
 2  0 117032 142356468 1626068 39269496    0    0 48896 37508 88635 35717  1  0 98  1  0  0
 1  0 117032 142361064 1626068 39269508    0    0 48624 37704 88480 35488  1  0 98  1  0  0
 0  1 117032 142361564 1626068 39269516    0    0 48640 37868 88528 36022  1  0 98  1  0  0
 0  1 117032 142355872 1626068 39269528    0    0 48384 37624 88305 35416  1  0 98  1  0  0
 1  0 117032 142355472 1626068 39269540    0    0 48416 37884 88365 36690  1  0 98  1  0  0
 1  0 117032 142360736 1626068 39269552    0    0 48704 37820 88452 36422  1  0 98  1  0  0
 4  0 117032 142355680 1626068 39269560    0    0 48512 37868 88235 35683  1  0 98  1  0  0
 0  1 117032 142364556 1626068 39269572    0    0 48720 38400 88417 35766  1  0 98  1  0  0
 1  0 117032 142358028 1626068 39269576    0    0 48928 39008 88841 35725  1  0 98  1  0  0
 2  0 117032 142354376 1626072 39269580    0    0 48608 38672 88576 35903  1  0 98  1  0  0
 0  1 117032 142358844 1626072 39269592    0    0 48000 38476 88131 36881  1  0 98  1  0  0
 1  0 117032 142366540 1626072 39269608    0    0 48160 38312 88511 35205  1  0 98  1  0  0
 1  0 117032 142358400 1626072 39269616    0    0 49072 37748 88377 36732  1  0 98  1  0  0
 0  1 117032 142357036 1626072 39269624    0    0 49120 37956 88749 35590  1  0 98  1  0  0
 0  1 117032 142351996 1626076 39269628    0    0 48464 37152 88199 35975  1  0 98  1  0  0
 1  0 117032 142355472 1626076 39269640    0    0 49248 38124 88637 35186  1  0 98  1  0  0
 5  0 117032 142354004 1626076 39269656    0    0 48304 38228 88612 35398  1  0 98  1  0  0
 0  1 117032 142363432 1626076 39269664    0    0 48464 38516 88711 35269  1  0 98  1  0  0
 1  0 117032 142358312 1626076 39269672    0    0 48304 38140 88594 34854  1  0 98  1  0  0
 0  1 117032 142359040 1626080 39269676    0    0 48560 37872 88478 35016  1  0 98  1  0  0
procs -----------memory---------- ---swap-- -----io---- -system-- -------cpu-------
 r  b   swpd   free   buff  cache   si   so    bi    bo   in   cs us sy id wa st gu
 1  0 117032 142355716 1626080 39269688    0    0 49008 37768 88538 36714  1  0 98  1  0  0
 2  0 117032 142361828 1626080 39269704    0    0 48800 38156 88393 35824  1  0 98  1  0  0
 2  1 117032 142365984 1626080 39269712    0    0 48816 37920 88411 35499  1  0 98  1  0  0
 0  1 117032 142365748 1626080 39269720    0    0 48464 38136 88568 35356  1  0 98  1  0  0
 0  1 117032 142368420 1626084 39269724    0    0 48912 37552 88616 36419  1  0 98  1  0  0
 0  1 117032 142363956 1626084 39269736    0    0 48960 37088 88489 35952  1  0 98  1  0  0
 1  0 117032 142370632 1626084 39269752    0    0 47920 37312 88455 35546  1  0 98  1  0  0
 1  0 117032 142371736 1626084 39269760    0    0 48528 36820 88287 35117  1  0 98  1  0  0
 0  1 117032 142378372 1626084 39269768    0    0 48160 37108 88629 35500  1  0 98  1  0  0
 0  1 117032 142373524 1626088 39269772    0    0 48464 36716 88355 36370  1  0 98  1  0  0
 0  1 117032 142378824 1626088 39269788    0    0 48512 37032 88470 35167  1  0 98  1  0  0
 0  1 117032 142374024 1626088 39269800    0    0 48688 37628 88220 36511  1  0 98  1  0  0
 2  0 117032 142375760 1626088 39269808    0    0 48672 37884 88667 35463  1  0 98  1  0  0
 0  1 117032 142376480 1626088 39269816    0    0 48944 38176 88843 35685  1  0 98  1  0  0
 0  1 117032 142370680 1626088 39269828    0    0 49376 37180 88742 36170  1  0 98  1  0  0
 1  0 117032 142372760 1626092 39269836    0    0 48800 38040 88753 36201  1  0 98  1  0  0
 1  0 117032 142375388 1626092 39269848    0    0 48720 37156 88613 37174  1  0 98  1  0  0
 6  0 117032 142371148 1626092 39269860    0    0 48704 37628 88549 36677  1  0 98  1  0  0
 0  1 117032 142367828 1626092 39269872    0    0 48688 37276 88555 36359  1  0 98  1  0  0
 2  1 117032 142363772 1626092 39269884    0    0 48448 37908 88412 37544  1  0 98  1  0  0
 2  0 117032 142365352 1626096 39269892    0    0 48240 38372 88591 37494  1  0 98  1  0  0
procs -----------memory---------- ---swap-- -----io---- -system-- -------cpu-------
 r  b   swpd   free   buff  cache   si   so    bi    bo   in   cs us sy id wa st gu
 0  1 117032 142367560 1626096 39269904    0    0 48640 38216 88522 36879  1  0 98  1  0  0
 1  1 117032 142369652 1626096 39269912    0    0 48480 37808 88597 36403  1  0 98  1  0  0
 1  0 117032 142361336 1626096 39269924    0    0 48560 37820 88353 37148  1  0 98  1  0  0
 2  0 117032 142371584 1626096 39269932    0    0 49024 37744 88623 37535  1  0 98  1  0  0
 1  0 117032 142370704 1626100 39269936    0    0 48400 37872 88710 35527  1  0 98  1  0  0
 0  1 117032 142366632 1626100 39269956    0    0 48784 37600 88675 35580  1  0 98  1  0  0
 3  0 117032 142365176 1626100 39269960    0    0 48768 37936 88603 36650  1  0 98  1  0  0
 2  0 117032 142365592 1626108 39269972    0    0 49232 37812 88923 36338  1  0 98  1  0  0
 1  0 117032 142371260 1626108 39269984    0    0 48704 37508 88895 35516  1  0 98  1  0  0
 1  1 117032 142374720 1626108 39270060    0    0 48656 37520 88765 35743  1  0 98  1  0  0
 0  1 117032 142372432 1626108 39270072    0    0 48848 38044 88565 36631  1  0 98  1  0  0
 1  0 117032 142371476 1626108 39270080    0    0 48688 38044 88850 35938  1  0 98  1  0  0
 2  1 117032 142367188 1626108 39270092    0    0 49280 37792 88532 36954  1  0 98  1  0  0
 3  0 117032 142370396 1626116 39270108    0    0 49104 38348 88626 36514  1  0 98  1  0  0
 6  0 117032 142369092 1626116 39270108    0    0 48848 39016 88759 36510  1  0 98  1  0  0
 0  1 117032 142369044 1626116 39270120    0    0 48896 38648 88865 36641  1  0 98  1  0  0
 1  0 117032 142368732 1626116 39270136    0    0 48768 38216 88371 36819  1  0 98  1  0  0
 0  1 117032 142375052 1626116 39270136    0    0 48528 37804 88468 37203  1  0 98  1  0  0
 1  0 117032 142370192 1626120 39270144    0    0 48496 37576 88504 36979  1  0 98  1  0  0
 2  0 117032 142366364 1626120 39270152    0    0 48944 37464 88518 37387  1  0 98  1  0  0
 1  0 117032 142369276 1626120 39270164    0    0 49120 37480 88309 36453  1  0 98  1  0  0
procs -----------memory---------- ---swap-- -----io---- -system-- -------cpu-------
 r  b   swpd   free   buff  cache   si   so    bi    bo   in   cs us sy id wa st gu
 1  0 117032 142365804 1626120 39270180    0    0 48944 37092 88751 35641  1  0 98  1  0  0
 2  0 117032 142367428 1626120 39270184    0    0 48544 37848 88676 36115  1  0 98  1  0  0
 0  1 117032 142369524 1626124 39270188    0    0 49120 37976 88858 36034  1  0 98  1  0  0
 2  1 117032 142369484 1626124 39270208    0    0 48640 38600 88652 37188  1  0 98  1  0  0
 2  0 117032 142365352 1626124 39270216    0    0 48880 38636 88766 36023  1  0 98  1  0  0
 0  1 117032 142370976 1626124 39270224    0    0 48576 37988 88841 36374  1  0 98  1  0  0
 1  0 117032 142368872 1626124 39270244    0    0 49376 38012 88890 36580  1  0 98  1  0  0
 3  0 117032 142367992 1626124 39270248    0    0 48480 38164 88435 36689  1  0 98  1  0  0
 2  0 117032 142365320 1626124 39270264    0    0 48656 38060 88507 36741  1  0 98  1  0  0
 1  0 117032 142372144 1626124 39270264    0    0 47744 38436 88467 36485  1  0 98  1  0  0
 0  1 117032 142367752 1626124 39270284    0    0 47440 37772 88648 35068  1  0 98  1  0  0
 1  1 117032 142364140 1626124 39270300    0    0 47776 38776 88770 35203  1  0 98  1  0  0
 1  0 117032 142363560 1626124 39270300    0    0 47424 38732 88405 36324  1  0 98  1  0  0
 1  0 117032 142361172 1626124 39270308    0    0 47920 38060 88671 36552  1  0 98  1  0  0
 0  1 117032 142357492 1626124 39270320    0    0 47296 37876 88651 36092  1  0 98  1  0  0
 2  0 117032 142350736 1626124 39270324    0    0 48496 37684 88646 36068  1  0 98  1  0  0
 1  1 117032 142351828 1626124 39270352    0    0 47952 37740 88547 35267  1  0 98  1  0  0
 0  1 117032 142349720 1626132 39270352    0    0 48496 37928 88798 36063  1  0 98  1  0  0
 0  1 117032 142350796 1626132 39270360    0    0 48448 37580 88484 36754  1  0 98  1  0  0
 0  1 117032 142356232 1626132 39270376    0    0 48384 38468 88614 36173  1  0 98  1  0  0
 1  0 117032 142352804 1626132 39270376    0    0 48848 38156 88678 35732  1  0 98  1  0  0
procs -----------memory---------- ---swap-- -----io---- -system-- -------cpu-------
 r  b   swpd   free   buff  cache   si   so    bi    bo   in   cs us sy id wa st gu
 1  0 117032 142355312 1626132 39270392    0    0 48176 38208 88782 36343  1  0 98  1  0  0
 1  0 117032 142352876 1626132 39270408    0    0 48736 37588 88708 35301  1  0 98  1  0  0
 4  1 117032 142347700 1626132 39270408    0    0 48592 37984 88643 35238  1  0 98  1  0  0
 0  1 117032 142349380 1626132 39270424    0    0 48448 38264 88693 35262  1  0 98  1  0  0
 3  0 117032 142351444 1626132 39270436    0    0 49264 39132 88869 35608  1  0 98  1  0  0
 2  0 117032 142352408 1626132 39270440    0    0 48528 38632 88580 36295  1  0 98  1  0  0
 1  0 117032 142348828 1626136 39270452    0    0 48832 37896 88668 35774  1  0 98  1  0  0
 1  1 117032 142348696 1626136 39270456    0    0 48448 37252 88774 35486  1  0 98  1  0  0
 2  0 117032 142347708 1626136 39270464    0    0 48640 36996 88492 36177  1  0 98  1  0  0
 1  0 117032 142352704 1626136 39270488    0    0 48448 36608 88393 36879  1  0 98  1  0  0
 2  1 117032 142356124 1626136 39270492    0    0 48432 37716 88590 36114  1  0 98  1  0  0
 2  0 117032 142350276 1626136 39270504    0    0 48288 37600 88558 36507  1  0 98  1  0  0
 1  0 117032 142355820 1626136 39270512    0    0 48272 37184 88323 36454  1  0 98  1  0  0
 2  0 117032 142363116 1626136 39270512    0    0 48512 37400 88812 36103  1  0 98  1  0  0
 1  0 117032 142359316 1626136 39270532    0    0 48368 37352 88670 35722  1  0 98  1  0  0
 1  0 117032 142353672 1626136 39270544    0    0 48896 37640 88573 36752  1  0 98  1  0  0
 0  1 117032 142360520 1626136 39270544    0    0 48368 37752 88631 35413  1  0 98  1  0  0
 1  0 117032 142361836 1626136 39270560    0    0 48704 37596 88759 35285  1  0 98  1  0  0
 3  1 117032 142359396 1626136 39270564    0    0 48800 37088 88757 35467  1  0 98  1  0  0
 3  0 117032 142363640 1626136 39270592    0    0 49056 36796 88515 35567  1  0 98  1  0  0
 0  1 117032 142365812 1626136 39270600    0    0 48704 37544 88623 36985  1  0 98  1  0  0
procs -----------memory---------- ---swap-- -----io---- -system-- -------cpu-------
 r  b   swpd   free   buff  cache   si   so    bi    bo   in   cs us sy id wa st gu
 1  0 117032 142369308 1626136 39270600    0    0 48336 37536 88640 35455  1  0 98  1  0  0
 1  0 117032 142369640 1626140 39270616    0    0 47824 38156 88785 35770  1  0 98  1  0  0
 0  1 117032 142365712 1626140 39270628    0    0 48912 37680 88604 37011  1  0 98  1  0  0
 0  1 117032 142367296 1626140 39270636    0    0 49536 37948 88523 37056  1  0 98  1  0  0
 0  1 117032 142373568 1626140 39270652    0    0 49280 37612 88852 35660  1  0 98  1  0  0
 0  1 117032 142375976 1626140 39270664    0    0 48432 37860 88635 35293  1  0 98  1  0  0
 1  1 117032 142372184 1626148 39270748    0    0 48496 38004 88466 36838  1  0 98  1  0  0
 0  1 117032 142366592 1626148 39270764    0    0 48240 38196 88584 35436  1  0 98  1  0  0
 1  0 117032 142366364 1626148 39270764    0    0 48816 38180 88763 36488  1  0 98  1  0  0
 0  1 117032 142368660 1626148 39270780    0    0 48624 38156 88585 35726  1  0 98  1  0  0
 1  0 117032 142367924 1626148 39270792    0    0 48352 37828 88733 36148  1  0 98  1  0  0
 1  0 117032 142369832 1626152 39270788    0    0 48256 37948 88312 36919  1  0 98  1  0  0
 0  1 117032 142370528 1626152 39270812    0    0 49024 37300 88831 36049  1  0 98  1  0  0
 2  1 117032 142367344 1626152 39270820    0    0 48784 37388 88826 35839  1  0 98  1  0  0
 1  0 117032 142369872 1626152 39270828    0    0 48560 37308 88784 35639  1  0 98  1  0  0
 0  1 117032 142365388 1626152 39270840    0    0 48896 37756 88420 36749  1  0 98  1  0  0
 1  0 117032 142361408 1626160 39270844    0    0 48720 36984 88810 35618  1  0 98  1  0  0
 1  0 117032 142368264 1626160 39270860    0    0 49456 38036 88498 36381  1  0 98  1  0  0
 1  0 117032 142364760 1626160 39270868    0    0 48832 37616 88753 36083  1  0 98  1  0  0
 1  0 117032 142360328 1626160 39270868    0    0 48368 38152 88542 35701  1  0 98  1  0  0
 1  1 117032 142366404 1626160 39270888    0    0 48656 37752 88541 37298  1  0 98  1  0  0
procs -----------memory---------- ---swap-- -----io---- -system-- -------cpu-------
 r  b   swpd   free   buff  cache   si   so    bi    bo   in   cs us sy id wa st gu
 1  1 117032 142367008 1626164 39270900    0    0 48928 37764 88392 36899  1  0 98  1  0  0
 2  0 117032 142373392 1626164 39270908    0    0 48656 38048 88845 35746  1  0 98  1  0  0
 2  0 117032 142367296 1626164 39270916    0    0 48400 38316 88486 35214  1  0 98  1  0  0
 0  1 117032 142369464 1626164 39270920    0    0 49024 39492 88859 36263  1  0 98  1  0  0
 1  0 117032 142366452 1626164 39270932    0    0 48992 38944 88793 36982  1  0 98  1  0  0
 1  0 117032 142373064 1626168 39270940    0    0 49008 38448 88461 37044  1  0 98  1  0  0
 1  0 117032 142373812 1626168 39270952    0    0 48944 38096 88768 35576  1  0 98  1  0  0
 1  0 117032 142372180 1626168 39270960    0    0 49152 37588 88478 37486  1  0 98  1  0  0
 3  0 117032 142375184 1626168 39270968    0    0 48960 37708 88805 35544  1  0 98  1  0  0
 0  1 117032 142375436 1626168 39270984    0    0 48752 37380 88558 36640  1  0 98  1  0  0
 0  1 117032 142376260 1626176 39270988    0    0 48112 37596 88359 36421  1  0 98  1  0  0
 1  0 117032 142374700 1626176 39271004    0    0 48576 37808 88739 36760  1  0 98  1  0  0
 0  1 117032 142379352 1626176 39271012    0    0 48112 37716 88697 35510  1  0 98  1  0  0
 0  1 117032 142376204 1626176 39271024    0    0 49152 37704 88549 35093  1  0 98  1  0  0
 1  0 117032 142377464 1626176 39271036    0    0 48592 38248 88345 36334  1  0 98  1  0  0
 0  1 117032 142377244 1626176 39271044    0    0 48784 37900 88429 36704  1  0 98  1  0  0
 2  0 117032 142382136 1626180 39271056    0    0 48864 37932 88458 35404  1  0 98  1  0  0
 1  0 117032 142378192 1626180 39271068    0    0 48768 37720 88651 35439  1  0 98  1  0  0
 1  0 117032 142380480 1626180 39271076    0    0 48544 37792 88437 35185  1  0 98  1  0  0
 0  1 117032 142389668 1626180 39271084    0    0 48416 37672 88651 36392  1  0 98  1  0  0
 1  0 117032 142378312 1626180 39271096    0    0 48448 37368 88561 36043  1  0 98  1  0  0
procs -----------memory---------- ---swap-- -----io---- -system-- -------cpu-------
 r  b   swpd   free   buff  cache   si   so    bi    bo   in   cs us sy id wa st gu
 0  1 117032 142378444 1626188 39271096    0    0 47744 36548 88456 34990  1  0 98  1  0  0
 3  0 117032 142377012 1626188 39271112    0    0 48000 35992 88206 34487  1  0 98  1  0  0
 0  1 117032 142375396 1626188 39271124    0    0 48528 36304 88390 36900  1  0 98  1  0  0
 2  1 117032 142372800 1626188 39271136    0    0 48352 37740 88778 35973  1  0 98  1  0  0
 0  1 117032 142371232 1626188 39271148    0    0 48208 38224 88609 35851  1  0 98  1  0  0
 0  1 117032 142369872 1626196 39271148    0    0 47936 38340 88647 36275  1  0 98  1  0  0
 1  0 117032 142368164 1626196 39271164    0    0 48896 38216 88847 35999  1  0 98  1  0  0
 1  0 117032 142370804 1626196 39271176    0    0 48416 38200 88613 37644  1  0 98  1  0  0
 0  1 117032 142374928 1626196 39271184    0    0 48368 37804 88469 35079  1  0 98  1  0  0
 0  1 117032 142375812 1626196 39271200    0    0 48752 37292 88527 37182  1  0 98  1  0  0
 2  0 117032 142373888 1626200 39271208    0    0 48400 37408 88591 36085  1  0 98  1  0  0
 2  0 117032 142375924 1626200 39271216    0    0 49392 37692 88624 35832  1  0 98  1  0  0
 1  0 117032 142376160 1626200 39271228    0    0 48656 38108 88382 35608  1  0 98  1  0  0
 0  0 117032 142372072 1626200 39271236    0    0 48992 38224 88483 36854  1  0 98  1  0  0
 0  1 117032 142371352 1626200 39271248    0    0 49328 37912 88818 36163  1  0 98  1  0  0
 0  1 117032 142366860 1626208 39271248    0    0 48560 37744 88672 36904  1  0 98  1  0  0
 0  1 117032 142365232 1626208 39271260    0    0 49312 37108 88588 35666  1  0 98  1  0  0
 1  0 117032 142363900 1626208 39271272    0    0 49184 37328 88897 36290  1  0 98  1  0  0
 2  2 117032 142365940 1626208 39271280    0    0 48848 37248 88828 35777  1  0 98  1  0  0
 0  1 117032 142370424 1626208 39271292    0    0 48656 37460 88865 35796  1  0 98  1  0  0
 1  0 117032 142372952 1626208 39271304    0    0 49440 37944 88489 36745  1  0 98  1  0  0
procs -----------memory---------- ---swap-- -----io---- -system-- -------cpu-------
 r  b   swpd   free   buff  cache   si   so    bi    bo   in   cs us sy id wa st gu
 1  0 117032 142375836 1626208 39271312    0    0 48784 37916 88667 35861  1  0 98  1  0  0
 0  1 117032 142375396 1626208 39271324    0    0 49168 37700 88500 38084  1  0 98  1  0  0
 0  1 117032 142381860 1626208 39271332    0    0 48736 37672 88948 36482  1  0 98  1  0  0
 1  0 117032 142383152 1626208 39271412    0    0 48816 37728 88606 35428  1  0 98  1  0  0
 0  1 117032 142380668 1626216 39271412    0    0 48896 37740 88583 37260  1  0 98  1  0  0
 1  1 117032 142388004 1626216 39271428    0    0 49184 37596 88648 37438  1  0 98  1  0  0
 0  1 117032 142384288 1626216 39271436    0    0 48928 38148 88509 37328  1  0 98  1  0  0
 0  0 117032 142384420 1626216 39271448    0    0 48272 38136 88514 36401  1  0 98  1  0  0
 1  0 117032 142386680 1626216 39271460    0    0 49520 38044 88721 37043  1  0 98  1  0  0
 0  1 117032 142381356 1626220 39271468    0    0 48976 37468 88761 36357  1  0 98  1  0  0
 0  1 117032 142390032 1626220 39271480    0    0 48224 37240 88432 37144  1  0 98  1  0  0
 1  0 117032 142385680 1626220 39271492    0    0 49232 37108 88791 35438  1  0 98  1  0  0
 1  0 117032 142379268 1626220 39271500    0    0 48496 37708 88748 35644  1  0 98  1  0  0
 2  1 117032 142378540 1626220 39271508    0    0 48480 37296 88858 35841  1  0 98  1  0  0
 0  1 117032 142380280 1626220 39271516    0    0 49264 37496 88641 35353  1  0 98  1  0  0
 1  0 117032 142384140 1626228 39271528    0    0 48784 36580 88477 35651  1  0 98  1  0  0
 0  1 117032 142387228 1626228 39271536    0    0 48624 37644 88514 35829  1  0 98  1  0  0
 1  0 117032 142380660 1626228 39271544    0    0 48816 37544 88744 36156  1  0 98  1  0  0
 0  1 117032 142380068 1626228 39271552    0    0 49072 38048 88471 36209  1  0 98  1  0  0
 0  1 117032 142381020 1626228 39271568    0    0 49072 37684 88551 35771  1  0 98  1  0  0
 0  1 117032 142378432 1626232 39271572    0    0 49472 38352 88352 36704  1  0 98  1  0  0
procs -----------memory---------- ---swap-- -----io---- -system-- -------cpu-------
 r  b   swpd   free   buff  cache   si   so    bi    bo   in   cs us sy id wa st gu
 1  1 117032 142385544 1626232 39271584    0    0 48944 38996 88814 35857  1  0 98  1  0  0
 1  0 117032 142388908 1626232 39271596    0    0 48832 38356 88421 35975  1  0 98  1  0  0
 1  0 117032 142390192 1626232 39271604    0    0 49072 38208 88343 36938  1  0 98  1  0  0
 1  0 117032 142393420 1626232 39271624    0    0 48784 38360 88307 36993  1  0 98  1  0  0
 0  1 117032 142392864 1626240 39271624    0    0 48992 38220 88832 36076  1  0 98  1  0  0
 0  1 117032 142387392 1626240 39271640    0    0 48944 38056 88434 35643  1  0 98  1  0  0
 1  0 117032 142389672 1626240 39271648    0    0 48912 37604 88616 34966  1  0 98  1  0  0
 1  0 117032 142388356 1626240 39271660    0    0 48688 37500 88326 36374  1  0 98  1  0  0
 2  1 117032 142394064 1626240 39271672    0    0 49536 37608 88792 35697  1  0 98  1  0  0
 1  0 117032 142390888 1626244 39271672    0    0 48832 37736 88328 36827  1  0 98  1  0  0
 1  0 117032 142383916 1626244 39271684    0    0 48624 37540 88895 35683  1  0 98  1  0  0
 0  1 117032 142393756 1626244 39271696    0    0 48880 37848 88613 35473  1  0 98  1  0  0
 1  0 117032 142388584 1626244 39271704    0    0 48896 37348 88759 35386  1  0 98  1  0  0
 0  1 117032 142389732 1626244 39271720    0    0 49040 37488 88662 35641  1  0 98  1  0  0
 1  0 117032 142388200 1626252 39271728    0    0 49616 37192 88693 36280  1  0 98  1  0  0
 1  0 117032 142387260 1626252 39271736    0    0 48992 37760 88508 36927  1  0 98  1  0  0
 2  0 117032 142385336 1626252 39271744    0    0 48960 38200 88754 37609  1  0 98  1  0  0
 0  1 117032 142390344 1626252 39271752    0    0 49168 38280 88627 35526  1  0 98  1  0  0
 1  0 117032 142387476 1626252 39271768    0    0 48784 37708 88592 36627  1  0 98  1  0  0
 1  0 117032 142378112 1626260 39271768    0    0 49152 37592 88759 36507  1  0 98  1  0  0
 1  0 117032 142378060 1626260 39271784    0    0 48928 37156 88771 36061  1  0 98  1  0  0
procs -----------memory---------- ---swap-- -----io---- -system-- -------cpu-------
 r  b   swpd   free   buff  cache   si   so    bi    bo   in   cs us sy id wa st gu
 0  1 117032 142377900 1626260 39271800    0    0 49840 37312 88623 36792  1  0 98  1  0  0
 1  0 117032 142384660 1626260 39271808    0    0 49280 37428 88788 35625  1  0 98  1  0  0
 1  0 117032 142387556 1626260 39271824    0    0 48912 37440 88631 36022  1  0 98  1  0  0
 2  1 117032 142379088 1626272 39271832    0    0 49504 37828 88978 36915  1  0 98  1  0  0
 0  1 117032 142376188 1626272 39271840    0    0 49072 37812 88618 35370  1  0 98  1  0  0
 1  0 117032 142377744 1626272 39271844    0    0 49072 38324 89022 35990  1  0 98  1  0  0
 0  1 117032 142382052 1626272 39271852    0    0 49248 38100 88713 36678  1  0 98  1  0  0
 1  0 117032 142386556 1626272 39271868    0    0 49184 37508 88961 36199  1  0 98  1  0  0
 0  1 117032 142386448 1626276 39271876    0    0 48640 37592 88565 36224  1  0 98  1  0  0
 0  1 117032 142384444 1626276 39271884    0    0 48816 37508 88452 37242  1  0 98  1  0  0
 1  0 117032 142388988 1626276 39271892    0    0 49072 38172 88544 36510  1  0 98  1  0  0
 0  1 117032 142394212 1626276 39271904    0    0 49424 37868 88850 35966  1  0 98  1  0  0
 0  1 117032 142386940 1626276 39271912    0    0 48864 37988 88758 35746  1  0 98  1  0  0
 0  1 117032 142383516 1626276 39271924    0    0 49008 38208 88597 37182  1  0 98  1  0  0
 0  1 117032 142389084 1626280 39271932    0    0 48896 38132 88669 36443  1  0 98  1  0  0
 0  1 117032 142395092 1626280 39271940    0    0 49376 38064 88507 37019  1  0 98  1  0  0
 1  0 117032 142390232 1626280 39271948    0    0 48960 37876 88482 37235  1  0 98  1  0  0
 1  0 117032 142392808 1626280 39271960    0    0 48704 37812 88776 35760  1  0 98  1  0  0
 1  0 117032 142392864 1626280 39271972    0    0 49120 37856 88721 36147  1  0 98  1  0  0
 3  0 117032 142389348 1626288 39271980    0    0 49376 37704 88837 36403  1  0 98  1  0  0
 1  0 117032 142387560 1626288 39272056    0    0 49136 37252 88764 35586  1  0 98  1  0  0
procs -----------memory---------- ---swap-- -----io---- -system-- -------cpu-------
 r  b   swpd   free   buff  cache   si   so    bi    bo   in   cs us sy id wa st gu
 1  0 117032 142383036 1626288 39272064    0    0 48848 37108 88760 35944  1  0 98  1  0  0
 0  1 117032 142382496 1626288 39272076    0    0 48640 37324 88745 35817  1  0 98  1  0  0
 1  0 117032 142379036 1626288 39272088    0    0 48912 37308 88749 36022  1  0 98  1  0  0
 1  0 117032 142381664 1626296 39272096    0    0 48704 36736 88399 36434  1  0 98  1  0  0
 1  0 117032 142383472 1626296 39272104    0    0 49024 37016 88651 36832  1  0 98  1  0  0
 1  1 117032 142382056 1626296 39272116    0    0 49136 37776 88697 37094  1  0 98  1  0  0
 1  0 117032 142389592 1626296 39272124    0    0 48864 37272 88599 35212  1  0 98  1  0  0
 0  1 117032 142383336 1626296 39272132    0    0 49344 37236 88541 36194  1  0 98  1  0  0
 0  1 117032 142381664 1626304 39272144    0    0 48912 36908 88695 36027  1  0 98  1  0  0
 0  1 117032 142386656 1626304 39272156    0    0 48240 37684 88633 37254  1  0 98  1  0  0
 0  1 117032 142376668 1626304 39272168    0    0 48624 37796 88502 36380  1  0 98  1  0  0
 0  1 117032 142374904 1626304 39272176    0    0 48784 38272 88789 36439  1  0 98  1  0  0
 1  0 117032 142374872 1626304 39272188    0    0 48752 37568 88391 36484  1  0 98  1  0  0
 0  1 117032 142379976 1626312 39272204    0    0 49136 37104 88614 36068  1  0 98  1  0  0
 2  1 117032 142374776 1626312 39272212    0    0 49040 37196 88495 36154  1  0 98  1  0  0
 1  0 117032 142387080 1626312 39272220    0    0 49488 37524 88568 35382  1  0 98  1  0  0
 0  1 117032 142392976 1626312 39272228    0    0 48320 38204 88349 36347  1  0 98  1  0  0
 0  1 117032 142389952 1626312 39272240    0    0 48656 37440 88488 35752  1  0 98  1  0  0
 0  1 117032 142387688 1626316 39272252    0    0 48816 38064 88414 36415  1  0 98  1  0  0
 0  1 117032 142391932 1626316 39272256    0    0 48624 38248 88726 35159  1  0 98  1  0  0
 2  0 117032 142394320 1626316 39272264    0    0 48944 38488 88614 35491  1  0 98  1  0  0
procs -----------memory---------- ---swap-- -----io---- -system-- -------cpu-------
 r  b   swpd   free   buff  cache   si   so    bi    bo   in   cs us sy id wa st gu
 0  1 117032 142397424 1626316 39272272    0    0 48048 37640 88536 35825  1  0 98  1  0  0
 1  0 117032 142389216 1626316 39272284    0    0 48496 37280 88359 36309  1  0 98  1  0  0
 1  0 117032 142383212 1626324 39272296    0    0 48112 37332 88537 35079  1  0 98  1  0  0
 1  0 117032 142382900 1626324 39272304    0    0 48832 38276 88449 36216  1  0 98  1  0  0
 1  0 117032 142383928 1626324 39272312    0    0 48752 38228 88615 35871  1  0 98  1  0  0
 0  1 117032 142380928 1626324 39272320    0    0 49104 37660 88447 36033  1  0 98  1  0  0
 1  0 117032 142381788 1626324 39272332    0    0 48848 36984 88624 35754  1  0 98  1  0  0
 1  1 117032 142376640 1626332 39272344    0    0 48784 37184 88529 35493  1  0 98  1  0  0
 1  0 117032 142376116 1626332 39272352    0    0 48608 37204 88741 34938  1  0 98  1  0  0
 3  0 117032 142374860 1626332 39272360    0    0 49168 37532 88481 36673  1  0 98  1  0  0
 0  1 117032 142369252 1626332 39272368    0    0 48528 37936 88658 35965  1  0 98  1  0  0
 1  0 117032 142363284 1626332 39272384    0    0 48672 37616 88737 36165  1  0 98  1  0  0
 1  0 117032 142363360 1626332 39272400    0    0 49024 37748 88745 35928  1  0 98  1  0  0
 1  0 117032 142360176 1626340 39272408    0    0 49360 37608 88836 35446  1  0 98  1  0  0
 0  1 117032 142364144 1626340 39272416    0    0 48768 37768 88689 37007  1  0 98  1  0  0
 1  1 117032 142362416 1626340 39272420    0    0 48896 37856 88789 35811  1  0 98  1  0  0
 0  1 117032 142362916 1626340 39272432    0    0 48624 37700 88554 36568  1  0 98  1  0  0
 0  1 117032 142363268 1626340 39272444    0    0 48720 38168 88589 37639  1  0 98  1  0  0
 0  1 117032 142367444 1626348 39272452    0    0 48064 37836 88728 36378  1  0 98  1  0  0
 0  1 117032 142365136 1626348 39272460    0    0 48160 37940 88422 36296  1  0 98  1  0  0
 0  1 117032 142363256 1626348 39272468    0    0 48592 37388 88404 35523  1  0 98  1  0  0
procs -----------memory---------- ---swap-- -----io---- -system-- -------cpu-------
 r  b   swpd   free   buff  cache   si   so    bi    bo   in   cs us sy id wa st gu
 2  0 117032 142364372 1626348 39272484    0    0 48480 37660 88635 36415  1  0 98  1  0  0
 1  0 117032 142363404 1626348 39272496    0    0 49104 37596 88394 36396  1  0 98  1  0  0
 1  0 117032 142362916 1626360 39272504    0    0 48464 37872 88380 36304  1  0 98  1  0  0
 2  1 117032 142355368 1626360 39272512    0    0 48832 37748 88488 35708  1  0 98  1  0  0
 1  0 117032 142359696 1626360 39272520    0    0 48784 37884 88498 36286  1  0 98  1  0  0
 1  0 117032 142354316 1626360 39272532    0    0 48800 37576 88653 35396  1  0 98  1  0  0
 0  1 117032 142357592 1626360 39272544    0    0 49136 38256 88850 35832  1  0 98  1  0  0
 0  1 117032 142360980 1626360 39272556    0    0 48784 37952 88600 34809  1  0 98  1  0  0
 0  1 117032 142363596 1626360 39272564    0    0 49456 37912 88512 36366  1  0 98  1  0  0
 1  0 117032 142367352 1626360 39272572    0    0 49024 37232 88501 36738  1  0 98  1  0  0
 2  0 117032 142367092 1626360 39272584    0    0 48784 38420 88821 35854  1  0 98  1  0  0
 0  1 117032 142370668 1626360 39272592    0    0 49488 37888 88814 35818  1  0 98  1  0  0
 0  1 117032 142367860 1626368 39272600    0    0 48960 37792 88716 37255  1  0 98  1  0  0
 0  1 117032 142364320 1626368 39272608    0    0 49360 38344 88641 37381  1  0 98  1  0  0
 0  1 117032 142357756 1626368 39272616    0    0 48784 38244 88765 37469  1  0 98  1  0  0
 1  0 117032 142361132 1626368 39272628    0    0 49008 38152 88474 36971  1  0 98  1  0  0
 0  1 117032 142357456 1626368 39272640    0    0 48976 37664 88852 36654  1  0 98  1  0  0
 1  0 117032 142358356 1626376 39272712    0    0 49536 38472 88706 37405  1  0 98  1  0  0
 0  1 117032 142362588 1626376 39272792    0    0 49440 37688 88888 35646  1  0 98  1  0  0
 2  1 117032 142359780 1626376 39272804    0    0 48624 37776 88487 36691  1  0 98  1  0  0
 0  1 117032 142371552 1626376 39272812    0    0 48912 37348 88654 35685  1  0 98  1  0  0
procs -----------memory---------- ---swap-- -----io---- -system-- -------cpu-------
 r  b   swpd   free   buff  cache   si   so    bi    bo   in   cs us sy id wa st gu
 1  0 117032 142373764 1626376 39272820    0    0 48928 37600 88358 36367  1  0 98  1  0  0
 1  0 117032 142374688 1626376 39272832    0    0 49024 37496 88465 36199  1  0 98  1  0  0
 0  1 117032 142380564 1626380 39272840    0    0 49152 37328 88422 35667  1  0 98  1  0  0
 1  0 117032 142381456 1626380 39272856    0    0 49808 37328 88624 36530  1  0 98  1  0  0
 2  0 117032 142377484 1626380 39272864    0    0 49440 37472 88390 36675  1  0 98  1  0  0
 0  1 117032 142385488 1626380 39272876    0    0 49232 37608 88458 36425  1  0 98  1  0  0
 1  0 117032 142380204 1626380 39272884    0    0 48672 37616 88425 35477  1  0 98  1  0  0
 0  1 117032 142378612 1626388 39272892    0    0 49472 38004 88699 37233  1  0 98  1  0  0
 1  0 117032 142374812 1626388 39272900    0    0 48880 37592 88245 37176  1  0 98  1  0  0
 0  1 117032 142374656 1626388 39272908    0    0 48976 37728 88402 37032  1  0 98  1  0  0
 0  1 117032 142375900 1626388 39272916    0    0 48496 37552 88653 35201  1  0 98  1  0  0
 1  0 117032 142380408 1626388 39272928    0    0 49376 37944 88698 37132  1  0 98  1  0  0
 0  1 117032 142382228 1626396 39272940    0    0 48944 38220 89023 36451  1  0 98  1  0  0
 0  1 117032 142382800 1626396 39272948    0    0 48800 37400 88769 35695  1  0 98  1  0  0
 3  0 117032 142374988 1626396 39272956    0    0 49392 37316 88710 35462  1  0 98  1  0  0
 0  1 117032 142374968 1626396 39272964    0    0 49216 37408 89017 35926  1  0 98  1  0  0
 1  0 117032 142372224 1626396 39272976    0    0 49184 37720 88717 36926  1  0 98  1  0  0
 0  1 117032 142373312 1626404 39272984    0    0 49040 37736 88583 36448  1  0 98  1  0  0
 0  1 117032 142381644 1626404 39272996    0    0 49520 37740 88595 37040  1  0 98  1  0  0
 1  0 117032 142377884 1626404 39273008    0    0 48896 37532 88551 37373  1  0 98  1  0  0
 1  1 117032 142374096 1626404 39273020    0    0 48944 38036 88527 37548  1  0 98  1  0  0
procs -----------memory---------- ---swap-- -----io---- -system-- -------cpu-------
 r  b   swpd   free   buff  cache   si   so    bi    bo   in   cs us sy id wa st gu
 1  0 117032 142374836 1626404 39273032    0    0 48672 38040 88739 36491  1  0 98  1  0  0
 1  0 117032 142376912 1626408 39273040    0    0 49056 38156 88496 37882  1  0 98  1  0  0
 0  1 117032 142373936 1626408 39273052    0    0 48864 37856 88715 35857  1  0 98  1  0  0
 0  1 117032 142374512 1626408 39273064    0    0 48896 37548 88450 36817  1  0 98  1  0  0
 1  0 117032 142368372 1626408 39273068    0    0 49120 37012 88327 36883  1  0 98  1  0  0
 1  0 117032 142369524 1626408 39273080    0    0 48976 37280 88475 36765  1  0 98  1  0  0
 0  1 117032 142360984 1626416 39273092    0    0 49216 36984 88781 36905  1  0 98  1  0  0
 0  1 117032 142366416 1626416 39273100    0    0 49008 37384 88569 37095  1  0 98  1  0  0
 1  0 117032 142365340 1626416 39273108    0    0 48448 37988 88789 35938  1  0 98  1  0  0
 2  1 117032 142361664 1626416 39273116    0    0 49520 38228 88524 37106  1  0 98  1  0  0
 0  1 117032 142363328 1626416 39273132    0    0 49408 37976 88575 36999  1  0 98  1  0  0
 0  1 117032 142362328 1626424 39273140    0    0 48496 37600 88730 37211  1  0 98  1  0  0
 0  1 117032 142357312 1626424 39273148    0    0 48784 37408 88703 35612  1  0 98  1  0  0
 1  0 117032 142366788 1626424 39273156    0    0 48592 37436 88478 36541  1  0 98  1  0  0
 3  0 117032 142367848 1626424 39273168    0    0 48704 38416 88834 36730  1  0 98  1  0  0
 1  0 117032 142370656 1626424 39273176    0    0 48624 37668 88702 37116  1  0 98  1  0  0
 1  0 117032 142369568 1626432 39273192    0    0 49040 37564 88460 37504  1  0 98  1  0  0
 0  1 117032 142370680 1626432 39273200    0    0 48592 37356 88754 35171  1  0 98  1  0  0
 1  0 117032 142377828 1626432 39273208    0    0 48784 37352 88425 36876  1  0 98  1  0  0
 1  0 117032 142376616 1626432 39273216    0    0 48928 37576 88472 37106  1  0 98  1  0  0
 0  1 117032 142370760 1626432 39273228    0    0 48320 37664 88550 35247  1  0 98  1  0  0
procs -----------memory---------- ---swap-- -----io---- -system-- -------cpu-------
 r  b   swpd   free   buff  cache   si   so    bi    bo   in   cs us sy id wa st gu
 1  1 117032 142375176 1626444 39273224    0    0 48896 37680 88497 36670  1  0 98  1  0  0
 1  0 117032 142367700 1626444 39273244    0    0 48992 37604 88236 36333  1  0 98  1  0  0
 1  0 117032 142371476 1626444 39273252    0    0 48800 38184 88922 35830  1  0 98  1  0  0
 1  0 117032 142375244 1626444 39273264    0    0 49056 38600 88630 35371  1  0 98  1  0  0
 3  0 117032 142375516 1626444 39273276    0    0 49072 38540 88754 35381  1  0 98  1  0  0
 1  0 117032 142383476 1626444 39273288    0    0 49152 37528 88622 36762  1  0 98  1  0  0
 1  0 117032 142384740 1626452 39273296    0    0 49344 36440 88880 35997  1  0 98  1  0  0
 1  0 117032 142381344 1626452 39273304    0    0 48832 37560 88186 36834  1  0 98  1  0  0
 1  0 117032 142379676 1626452 39273312    0    0 48816 38180 88903 35758  1  0 98  1  0  0
 2  0 117032 142380432 1626452 39273324    0    0 48944 38764 88909 35953  1  0 98  1  0  0
 0  1 117032 142378308 1626452 39273336    0    0 48816 37232 88712 35745  1  0 98  1  0  0
 1  0 117032 142382320 1626456 39273344    0    0 48848 37324 88615 36601  1  0 98  1  0  0
 0  1 117032 142378176 1626456 39273356    0    0 48544 36012 88539 36523  1  0 98  1  0  0
 1  0 117032 142375404 1626472 39273352    0    0 48912 35660 88533 36564  1  0 98  1  0  0
 0  1 117032 142378976 1626472 39273376    0    0 48064 36464 88511 35848  1  0 98  1  0  0
 1  0 117032 142378416 1626472 39273452    0    0 48704 37208 88446 37129  1  0 98  1  0  0
 0  1 117032 142380212 1626472 39273460    0    0 48224 36760 88421 36549  1  0 98  1  0  0
 0  1 117032 142375352 1626472 39273468    0    0 48544 37196 88799 36286  1  0 98  1  0  0
