procs -----------memory---------- ---swap-- -----io---- -system-- -------cpu-------
 r  b   swpd   free   buff  cache   si   so    bi    bo   in   cs us sy id wa st gu
 4  0 117288 143784184 1937636 33214704    0    2 39165 34762 12695    6  4  1 95  1  0  0
13  6 117288 143729020 1937636 33214780    0    0 74112 335736 105681 101460 18  1 80  1  0  0
14  5 117288 143719788 1937636 33214784    0    0 447664 202116 154972 407398 13  4 78  6  0  0
 9  8 117288 143711268 1937636 33214792    0    0 443696 219628 168679 422687 13  4 77  6  0  0
20  1 117288 143703540 1937636 33214800    0    0 447936 224152 166362 428244 13  4 77  6  0  0
12  6 117288 143711344 1937636 33214812    0    0 449968 216572 164900 423306 13  4 77  6  0  0
17  3 117288 143707032 1937636 33214824    0    0 447616 216176 166146 421263 13  4 77  6  0  0
12  7 117288 143708380 1937636 33214832    0    0 445600 218740 165828 422381 13  4 77  6  0  0
11  0 117288 143710100 1937636 33214840    0    0 445552 218072 166446 422175 13  4 77  6  0  0
14  7 117288 143703660 1937636 33214848    0    0 446096 218512 165135 420261 13  4 77  6  0  0
12  6 117288 143710984 1937636 33214856    0    0 447584 233400 166720 422286 13  4 77  6  0  0
15  7 117288 143710416 1937640 33214868    0    0 449424 223084 165623 423298 13  4 77  6  0  0
14  7 117288 143704460 1937640 33214880    0    0 452224 224016 166142 427889 13  4 77  6  0  0
12  9 117288 143703860 1937640 33214888    0    0 446992 229728 166028 424869 13  4 77  6  0  0
13  8 117288 143706396 1937640 33214896    0    0 450656 223388 165445 422038 13  4 77  6  0  0
16  7 117288 143714092 1937640 33214908    0    0 447936 231028 166558 421939 13  4 77  6  0  0
12  7 117288 143711372 1937644 33214916    0    0 450352 230148 166479 426694 13  4 77  6  0  0
12  8 117288 143707424 1937644 33214928    0    0 445776 226540 164625 420158 13  4 77  6  0  0
15  4 117288 143706964 1937644 33214936    0    0 445248 226260 164266 419482 13  4 77  6  0  0
17  2 117288 143703580 1937644 33214940    0    0 450640 218344 165303 424110 13  4 77  6  0  0
17  3 117288 143713048 1937644 33214952    0    0 445728 238556 166151 422848 13  4 77  6  0  0
procs -----------memory---------- ---swap-- -----io---- -system-- -------cpu-------
 r  b   swpd   free   buff  cache   si   so    bi    bo   in   cs us sy id wa st gu
14  4 117288 143707668 1937644 33214964    0    0 448640 232552 166505 425431 13  4 77  6  0  0
14  5 117288 143706720 1937644 33214972    0    0 451600 223848 166679 427019 13  4 77  6  0  0
11  7 117288 143703048 1937644 33214980    0    0 446224 244572 167299 424214 13  4 77  6  0  0
15  5 117288 143698060 1937644 33214992    0    0 452240 233620 166424 424117 13  4 77  6  0  0
14  7 117288 143701168 1937644 33215000    0    0 448896 233480 166354 421736 13  4 77  6  0  0
14  6 117288 143701000 1937644 33215012    0    0 450400 230220 165078 420897 14  4 77  6  0  0
14  4 117288 143697176 1937648 33215020    0    0 448960 235164 165834 422043 13  4 77  6  0  0
19  4 117288 143706232 1937648 33215028    0    0 447168 241928 165021 420114 13  4 77  6  0  0
19  6 117288 143707684 1937648 33215036    0    0 452112 237584 165938 424450 13  4 77  6  0  0
17  3 117288 143710664 1937648 33215048    0    0 447376 253280 166462 422188 13  4 77  6  0  0
16  3 117288 143711636 1937648 33215060    0    0 434624 276596 165575 413876 13  4 77  6  0  0
14  4 117288 143705476 1937652 33215072    0    0 428144 307788 166631 410619 13  4 77  6  0  0
18  2 117288 143700832 1937652 33215084    0    0 430704 317220 167469 413636 13  4 77  6  0  0
14  5 117288 143704764 1937652 33215096    0    0 430816 327052 167572 413493 13  4 77  6  0  0
17  5 117288 143705172 1937652 33215104    0    0 434240 326848 168541 419635 13  4 77  6  0  0
12  6 117288 143697064 1937652 33215112    0    0 430448 324784 167290 414881 13  4 77  6  0  0
14  6 117288 143701916 1937652 33215120    0    0 430992 322636 166951 411661 13  4 77  6  0  0
14  6 117288 143699248 1937652 33215132    0    0 436944 318020 168741 418599 13  4 77  6  0  0
10  6 117288 143701108 1937652 33215140    0    0 430544 321420 166410 411418 13  4 77  6  0  0
15  3 117288 143694996 1937652 33215152    0    0 433424 319000 168345 415989 13  4 77  6  0  0
18  3 117288 143692404 1937652 33215160    0    0 435568 322536 167838 416104 13  4 77  6  0  0
procs -----------memory---------- ---swap-- -----io---- -system-- -------cpu-------
 r  b   swpd   free   buff  cache   si   so    bi    bo   in   cs us sy id wa st gu
16  4 117288 143694888 1937656 33215172    0    0 427632 319496 167492 414261 13  4 78  6  0  0
12  7 117288 143689756 1937656 33215180    0    0 433376 313400 166672 411951 13  4 77  6  0  0
14  6 117288 143694100 1937656 33215192    0    0 431232 319380 166632 413474 13  4 78  6  0  0
15  4 117288 143692828 1937656 33215200    0    0 434688 318432 167767 415451 13  4 77  6  0  0
14  4 117288 143692664 1937656 33215208    0    0 433456 312088 166849 413424 13  4 78  6  0  0
15  3 117288 143698332 1937656 33215220    0    0 430688 319952 167091 410385 13  4 77  6  0  0
13  5 117288 143696988 1937656 33215236    0    0 433792 313036 166968 412984 13  4 77  6  0  0
13  4 117288 143698336 1937656 33215244    0    0 432448 328492 168574 412862 13  4 77  6  0  0
16  3 117288 143695960 1937656 33215252    0    0 429792 311804 165767 409102 13  3 77  6  0  0
15  3 117288 143715380 1937664 33215256    0    0 428320 315172 166317 410824 13  4 77  6  0  0
13  7 117288 143718696 1937664 33215268    0    0 430800 316664 166419 409678 13  4 77  6  0  0
16  4 117288 143711012 1937664 33215280    0    0 430464 313216 167881 417343 13  4 77  6  0  0
12  7 117288 143706892 1937664 33215288    0    0 433968 311572 169514 416513 13  4 77  6  0  0
14  6 117288 143705572 1937664 33215296    0    0 435040 317696 168052 414338 13  4 77  6  0  0
11  7 117288 143700996 1937668 33215304    0    0 431168 314804 167736 411557 13  4 77  6  0  0
15  5 117288 143691100 1937668 33215380    0    0 437984 315672 168786 417030 13  4 77  6  0  0
13  6 117288 143693108 1937668 33215392    0    0 433232 313972 167414 415011 13  4 77  6  0  0
14  8 117288 143692780 1937668 33215400    0    0 433568 310272 168175 416663 13  4 77  6  0  0
18  4 117288 143701668 1937668 33215404    0    0 433664 312208 168099 412847 13  4 77  6  0  0
14  6 117288 143696404 1937680 33215400    0    0 430240 317032 167212 412643 13  4 77  6  0  0
13  6 117288 143694692 1937680 33215404    0    0 434912 325612 167609 413920 13  4 77  6  0  0
procs -----------memory---------- ---swap-- -----io---- -system-- -------cpu-------
 r  b   swpd   free   buff  cache   si   so    bi    bo   in   cs us sy id wa st gu
12  7 117288 143697480 1937680 33215416    0    0 438400 321848 167711 417164 13  4 77  6  0  0
12  6 117288 143692876 1937680 33215428    0    0 434528 321436 167871 417242 13  4 77  6  0  0
18  6 117288 143702276 1937680 33215440    0    0 436432 323732 168243 414466 13  4 77  6  0  0
12  6 117288 143702420 1937680 33215448    0    0 429408 327176 167585 410919 13  4 78  6  0  0
12  7 117288 143698980 1937680 33215464    0    0 432128 321284 167008 410379 13  4 77  6  0  0
16  3 117288 143688392 1937680 33215472    0    0 431184 330608 168073 413692 13  4 77  6  0  0
23  1 117288 143687012 1937680 33215480    0    0 428208 323208 167799 413391 13  3 78  6  0  0
16  5 117288 143688928 1937680 33215488    0    0 437776 325032 170445 420518 13  4 77  6  0  0
16  4 117288 143689492 1937680 33215492    0    0 435584 332008 170570 418695 13  4 77  6  0  0
 9  1 117288 143684504 1937680 33215504    0    0 428256 323436 167834 412109 13  4 77  6  0  0
16  5 117288 143686160 1937680 33215516    0    0 435216 334496 169452 415634 13  4 78  6  0  0
14  4 117288 143692284 1937680 33215524    0    0 438320 316668 168715 416563 13  4 77  6  0  0
18  2 117288 143688788 1937680 33215532    0    0 432064 320548 169576 416182 13  4 77  6  0  0
16  2 117288 143687808 1937680 33215540    0    0 432944 328632 169997 418646 13  4 77  6  0  0
13  6 117288 143692224 1937680 33215552    0    0 433664 324884 169125 417382 13  4 77  6  0  0
11  7 117288 143694588 1937680 33215564    0    0 434256 327004 169234 417798 13  4 77  6  0  0
12  6 117288 143692256 1937680 33215576    0    0 431232 329276 168699 415076 13  4 78  6  0  0
13  6 117288 143690472 1937680 33215584    0    0 432528 315712 168628 415929 13  4 78  6  0  0
15  4 117288 143680208 1937688 33215584    0    0 433168 325956 168174 413812 13  4 77  6  0  0
14  5 117288 143685184 1937688 33215604    0    0 435136 327036 168039 417052 13  4 77  6  0  0
10  7 117288 143681536 1937688 33215616    0    0 432256 326508 168447 416565 13  4 77  6  0  0
procs -----------memory---------- ---swap-- -----io---- -system-- -------cpu-------
 r  b   swpd   free   buff  cache   si   so    bi    bo   in   cs us sy id wa st gu
14  4 117288 143680500 1937688 33215624    0    0 428896 336636 169642 414383 13  4 78  6  0  0
15  5 117288 143674620 1937688 33215632    0    0 431664 326040 168879 413742 13  4 77  6  0  0
14  7 117288 143671048 1937692 33215636    0    0 431712 330928 168368 414861 13  4 77  6  0  0
15  1 117288 143667780 1937692 33215652    0    0 431696 329188 169719 417044 13  4 77  6  0  0
17  5 117288 143674392 1937692 33215660    0    0 429088 325276 168492 414923 13  4 78  6  0  0
11  8 117288 143680912 1937692 33215668    0    0 428144 342736 168594 414631 13  4 78  6  0  0
 3  3 117288 143677100 1937692 33215676    0    0 434608 321536 169321 419431 13  4 77  6  0  0
15  3 117288 143676944 1937692 33215688    0    0 431616 327056 168026 414223 13  4 77  6  0  0
 6  4 117288 143681752 1937692 33215696    0    0 431216 349284 169105 412955 13  4 78  6  0  0
 6  0 117288 143683980 1937692 33215708    0    0 434704 324652 168835 417316 13  4 78  6  0  0
 7  1 117288 143687852 1937692 33215716    0    0 427456 347808 168452 410633 13  3 78  6  0  0
 7  1 117288 143688440 1937692 33215724    0    0 432432 322176 168419 413125 13  4 77  6  0  0
18  4 117288 143685688 1937692 33215740    0    0 433440 340624 170517 415501 13  4 77  6  0  0
15  6 117288 143681608 1937696 33215756    0    0 433712 336076 168480 414741 13  4 77  6  0  0
 6  0 117288 143681384 1937696 33215772    0    0 431872 346736 168186 414106 13  4 78  6  0  0
17  0 117288 143687948 1937696 33215780    0    0 429664 335180 169050 415305 13  4 78  6  0  0
 8  3 117288 143681020 1937696 33215788    0    0 426640 320708 167566 410486 13  4 77  6  0  0
15  5 117288 143682168 1937696 33215800    0    0 427696 340748 168469 412612 13  4 78  6  0  0
 8  6 117288 143684308 1937700 33215808    0    0 433264 335316 169965 416891 13  4 77  6  0  0
 9  2 117288 143682848 1937700 33215820    0    0 431792 325152 169626 419046 13  4 77  6  0  0
15  5 117288 143690948 1937700 33215828    0    0 431984 334552 168940 414328 13  4 77  6  0  0
procs -----------memory---------- ---swap-- -----io---- -system-- -------cpu-------
 r  b   swpd   free   buff  cache   si   so    bi    bo   in   cs us sy id wa st gu
13  7 117288 143691012 1937700 33215836    0    0 431728 322324 167642 413193 13  4 77  6  0  0
19  2 117288 143688976 1937700 33215844    0    0 428352 337068 168037 411182 13  4 78  6  0  0
14  4 117288 143692556 1937704 33215852    0    0 430752 332872 168030 411425 13  4 77  6  0  0
17  2 117288 143688104 1937704 33215864    0    0 433040 329416 167096 412816 13  4 77  6  0  0
14  4 117288 143683356 1937704 33215876    0    0 429664 332660 166346 410784 13  4 77  6  0  0
 7  0 117288 143683876 1937704 33215888    0    0 428320 336920 168420 411720 13  4 78  6  0  0
 7  1 117288 143680436 1937704 33215896    0    0 428352 333964 167135 411694 13  4 77  6  0  0
 9  0 117288 143680180 1937708 33215904    0    0 434176 325084 168337 414182 13  3 77  6  0  0
12  5 117288 143679076 1937708 33215912    0    0 434496 324368 168029 414677 13  4 77  6  0  0
16  7 117288 143677356 1937708 33215924    0    0 431824 327632 167932 414440 13  4 77  6  0  0
13  5 117288 143682712 1937708 33215932    0    0 434400 331340 168998 416678 13  4 77  6  0  0
17  3 117288 143680948 1937708 33215948    0    0 437856 336980 170246 423062 13  4 77  6  0  0
12  7 117288 143677356 1937708 33216048    0    0 433200 340200 169800 419180 13  4 77  6  0  0
12  2 117288 143674780 1937708 33216060    0    0 432768 335764 169275 419733 13  4 77  6  0  0
13  6 117288 143682368 1937708 33216072    0    0 431264 349688 170264 416549 13  4 78  6  0  0
15  3 117288 143680700 1937708 33216084    0    0 437808 329116 170348 422037 13  4 77  6  0  0
16  4 117288 143682288 1937708 33216092    0    0 433072 335696 168966 415897 13  4 77  6  0  0
10  8 117288 143680092 1937712 33216096    0    0 427728 339640 168844 416360 13  4 77  6  0  0
13  6 117288 143672952 1937712 33216104    0    0 429360 327968 167950 411953 13  4 77  6  0  0
15  5 117288 143676272 1937712 33216116    0    0 427360 328188 168861 411121 13  4 77  6  0  0
12  0 117288 143680316 1937712 33216128    0    0 430048 342800 168323 410657 13  4 78  6  0  0
procs -----------memory---------- ---swap-- -----io---- -system-- -------cpu-------
 r  b   swpd   free   buff  cache   si   so    bi    bo   in   cs us sy id wa st gu
10  8 117288 143676912 1937712 33216136    0    0 432608 319612 168591 413801 13  4 78  6  0  0
14  4 117288 143673936 1937720 33216136    0    0 428080 329668 168077 412641 13  4 78  6  0  0
15  5 117288 143683724 1937720 33216156    0    0 429232 340592 170115 417117 13  4 78  6  0  0
15  5 117288 143680600 1937720 33216168    0    0 430256 323216 167977 415921 13  4 77  6  0  0
16  2 117288 143680780 1937720 33216184    0    0 430000 329804 168262 413552 13  4 77  6  0  0
14  4 117288 143678680 1937720 33216192    0    0 435968 332528 168902 418343 13  4 77  6  0  0
13  7 117288 143683016 1937724 33216196    0    0 432928 332532 168181 412987 13  4 77  6  0  0
13  7 117288 143680280 1937724 33216208    0    0 433040 326944 167906 414341 13  4 78  6  0  0
14  5 117288 143677416 1937724 33216224    0    0 433456 343460 169557 413914 13  4 77  6  0  0
16  3 117288 143679252 1937724 33216232    0    0 431616 335412 168644 415307 13  4 77  6  0  0
13  5 117288 143677588 1937724 33216240    0    0 430080 335080 168007 412532 13  4 77  6  0  0
14  6 117288 143672564 1937724 33216248    0    0 432752 325276 168166 414019 13  4 77  6  0  0
13  2 117288 143667996 1937724 33216256    0    0 433760 334636 168182 412269 13  3 77  6  0  0
13  6 117288 143676876 1937724 33216272    0    0 435536 336220 169081 415163 13  4 77  6  0  0
12  7 117288 143670740 1937724 33216276    0    0 433360 336916 168375 414168 13  4 77  6  0  0
15  4 117288 143671700 1937724 33216284    0    0 429568 332940 167506 411213 13  4 77  6  0  0
12  6 117288 143668444 1937724 33216292    0    0 432848 330948 167584 411127 13  4 77  6  0  0
11  9 117288 143664660 1937724 33216300    0    0 427840 331376 166556 406769 13  4 78  6  0  0
20  1 117288 143658884 1937724 33216316    0    0 432800 332604 168361 415788 13  4 77  6  0  0
14  5 117288 143658276 1937724 33216324    0    0 429184 333052 168353 411966 13  4 77  6  0  0
12  8 117288 143666668 1937724 33216336    0    0 431408 328096 166876 411671 13  4 77  6  0  0
procs -----------memory---------- ---swap-- -----io---- -system-- -------cpu-------
 r  b   swpd   free   buff  cache   si   so    bi    bo   in   cs us sy id wa st gu
14  8 117288 143667472 1937724 33216344    0    0 429472 338892 168003 411976 13  4 77  6  0  0
17  3 117288 143671136 1937724 33216352    0    0 430368 330480 167318 413301 13  4 78  6  0  0
15  4 117288 143673432 1937724 33216364    0    0 434160 334204 167805 412157 13  4 77  6  0  0
17  2 117288 143671276 1937724 33216376    0    0 430592 337336 167582 410443 13  3 78  6  0  0
 8  4 117288 143674524 1937724 33216384    0    0 430000 343088 167330 410654 13  4 78  6  0  0
13  7 117288 143674692 1937724 33216392    0    0 430944 324160 167041 411204 13  4 77  6  0  0
13  5 117288 143675932 1937724 33216404    0    0 432112 333152 168422 414665 13  4 77  6  0  0
13  5 117288 143667572 1937724 33216412    0    0 431856 333608 167308 410679 13  4 77  6  0  0
11  6 117288 143663608 1937724 33216424    0    0 426768 330832 166946 409840 13  4 78  6  0  0
15  4 117288 143670948 1937724 33216432    0    0 428336 332396 166736 410059 13  4 77  6  0  0
12  6 117288 143665608 1937724 33216440    0    0 433824 331620 168384 413459 13  4 77  6  0  0
15  7 117288 143663096 1937728 33216448    0    0 432688 332160 166880 411755 13  4 77  6  0  0
15  4 117288 143673460 1937728 33216460    0    0 431936 334856 168373 413822 13  4 77  6  0  0
14  5 117288 143670976 1937728 33216472    0    0 427872 343340 167624 408690 13  4 78  6  0  0
13  6 117288 143670780 1937728 33216484    0    0 431184 328360 170282 411827 13  4 77  6  0  0
16  5 117288 143673368 1937728 33216492    0    0 432032 331956 167048 412048 13  4 78  6  0  0
19  4 117288 143674776 1937728 33216512    0    0 432704 334028 167211 411518 13  4 78  6  0  0
12  4 117288 143672932 1937728 33216520    0    0 431616 338304 168085 414188 13  4 77  6  0  0
17  4 117288 143674384 1937728 33216532    0    0 430224 332832 166481 409024 13  4 77  6  0  0
19  1 117288 143677732 1937728 33216540    0    0 432016 333616 168230 414348 13  4 77  6  0  0
19  3 117288 143681964 1937728 33216548    0    0 429344 332788 170041 411511 13  4 77  6  0  0
procs -----------memory---------- ---swap-- -----io---- -system-- -------cpu-------
 r  b   swpd   free   buff  cache   si   so    bi    bo   in   cs us sy id wa st gu
18  2 117288 143679964 1937728 33216560    0    0 431440 348200 170094 414753 13  4 77  6  0  0
17  3 117288 143676520 1937728 33216604    0    0 431616 329272 170470 421073 13  4 77  6  0  0
13  6 117288 143630020 1937728 33216932    0    0 425984 332156 168293 412729 14  4 76  6  0  0
13  6 117288 143618604 1937728 33217028    0    0 426288 336048 167576 412938 14  4 75  6  0  0
17  1 117288 143638156 1937728 33216728    0    0 429300 334900 167393 413654 14  4 77  6  0  0
12  8 117288 143587796 1937728 33217056    0    0 424960 343620 167783 409775 14  4 76  6  0  0
12  7 117288 143577148 1937728 33217024    0    0 428112 319860 166485 411040 14  4 75  6  0  0
16  3 117288 143619800 1937728 33216880    0    0 431344 332616 167986 415908 14  4 77  6  0  0
19  3 117288 143576500 1937728 33217084    0    0 431344 338208 168290 413608 14  4 76  6  0  0
18  2 117288 143562088 1937728 33217044    0    0 423616 327008 166196 411367 14  4 75  6  0  0
19  4 117288 143547276 1937728 33217040    0    0 432176 328296 167744 416050 14  4 77  6  0  0
16  4 117288 143594144 1937728 33216916    0    0 429008 330576 169854 411695 13  4 77  6  0  0
16  2 117288 143606020 1937728 33216752    0    0 430192 330648 168214 410956 13  4 78  6  0  0
18  2 117288 143615856 1937728 33216760    0    0 428016 339600 169496 414902 13  4 77  6  0  0
11  8 117288 143620776 1937728 33216772    0    0 432144 330360 170034 416421 13  4 77  6  0  0
13  7 117288 143625652 1937728 33216780    0    0 427136 342836 169593 416169 13  4 77  6  0  0
13  5 117288 143625840 1937728 33216788    0    0 428016 347176 169545 413078 13  4 78  6  0  0
16  5 117288 143639208 1937728 33216796    0    0 432784 329472 169055 418159 13  4 77  6  0  0
10  8 117288 143632368 1937728 33216808    0    0 435520 336596 168602 414114 13  4 77  6  0  0
13  6 117288 143635200 1937728 33216820    0    0 432864 334572 168330 414498 13  4 77  6  0  0
15  5 117288 143634428 1937732 33216824    0    0 433376 335920 169667 418539 13  4 77  6  0  0
procs -----------memory---------- ---swap-- -----io---- -system-- -------cpu-------
 r  b   swpd   free   buff  cache   si   so    bi    bo   in   cs us sy id wa st gu
14  5 117288 143638976 1937744 33216836    0    0 431888 335732 168589 414484 13  4 77  6  0  0
13  0 117288 143646540 1937744 33216844    0    0 434192 336632 170123 418697 13  4 77  6  0  0
12  7 117288 143645724 1937744 33216856    0    0 429024 348056 169038 413086 13  4 77  6  0  0
 6  2 117288 143656224 1937744 33216864    0    0 434160 325300 168421 417360 13  4 77  6  0  0
18  2 117288 143663596 1937744 33216876    0    0 430272 333596 167685 413287 13  4 78  6  0  0
11  7 117288 143669876 1937752 33216884    0    0 427840 342724 167477 409151 13  4 78  6  0  0
13  7 117288 143670220 1937752 33216900    0    0 431520 337784 168965 417925 13  4 77  6  0  0
16  5 117288 143665972 1937752 33216920    0    0 430336 338040 168308 411243 13  3 78  6  0  0
16  1 117288 143665788 1937752 33216928    0    0 432384 330940 168251 412665 13  3 78  6  0  0
 2  3 117288 143665024 1937752 33216936    0    0 431920 326872 167259 411618 13  4 77  6  0  0
13  5 117288 143670212 1937752 33216944    0    0 430320 346032 169544 415183 13  4 77  6  0  0
14  5 117288 143670376 1937752 33216952    0    0 435840 322344 168794 415996 13  4 77  6  0  0
 8  1 117288 143669164 1937752 33216964    0    0 429680 334244 169565 414939 13  4 77  6  0  0
16  2 117288 143667188 1937752 33216976    0    0 432832 339252 169303 415869 13  4 77  6  0  0
14  7 117288 143670484 1937752 33216984    0    0 427808 344388 168814 412510 13  4 78  6  0  0
16  3 117288 143674552 1937752 33216992    0    0 431792 325828 169496 416735 13  4 77  6  0  0
 7 11 117288 143667736 1937752 33217000    0    0 427472 344108 168805 410062 13  4 78  6  0  0
13  6 117288 143667188 1937752 33217016    0    0 431104 335084 169465 413422 13  4 78  6  0  0
15  3 117288 143670736 1937752 33217024    0    0 436352 331548 168543 413982 13  4 77  6  0  0
10  1 117288 143671600 1937752 33217032    0    0 430592 327168 168429 413541 13  4 78  6  0  0
12  6 117288 143673640 1937752 33217036    0    0 432480 327536 167793 413857 13  4 77  6  0  0
procs -----------memory---------- ---swap-- -----io---- -system-- -------cpu-------
 r  b   swpd   free   buff  cache   si   so    bi    bo   in   cs us sy id wa st gu
14  5 117288 143672116 1937752 33217044    0    0 434880 334384 168994 414773 13  4 77  6  0  0
 7  1 117288 143666300 1937752 33217060    0    0 431888 341332 169894 417497 13  4 77  6  0  0
12  7 117288 143674644 1937752 33217068    0    0 433360 342500 170536 418767 13  4 77  6  0  0
12  7 117288 143676308 1937752 33217076    0    0 431360 340040 169984 415368 13  4 77  6  0  0
14  4 117288 143675564 1937752 33217084    0    0 432752 323312 168606 416359 13  4 77  6  0  0
10  7 117288 143671220 1937752 33217096    0    0 425776 346148 168359 411624 13  4 78  6  0  0
16  6 117288 143668592 1937752 33217104    0    0 435376 336464 170138 418776 13  4 77  6  0  0
14  4 117288 143674800 1937752 33217120    0    0 428624 336684 168629 413559 13  4 77  6  0  0
13  6 117288 143672272 1937752 33217128    0    0 431184 342008 169954 419050 13  4 78  6  0  0
13  6 117288 143669124 1937752 33217136    0    0 432560 335104 169797 416827 13  4 77  6  0  0
17  3 117288 143662568 1937756 33217144    0    0 430928 327100 168615 416278 13  4 77  6  0  0
11  1 117288 143664668 1937756 33217156    0    0 431472 343212 169461 415434 13  4 77  6  0  0
15  3 117288 143674148 1937756 33217168    0    0 433792 336420 170130 417699 13  4 77  6  0  0
16  6 117288 143672532 1937756 33217176    0    0 428704 346612 169923 415682 13  4 78  6  0  0
16  2 117288 143678004 1937756 33217184    0    0 434736 324376 169435 417494 13  4 77  6  0  0
16  4 117288 143686652 1937756 33217200    0    0 429328 335256 169221 415984 13  4 77  6  0  0
15  5 117288 143691132 1937756 33217208    0    0 431728 337608 167958 414449 13  4 77  6  0  0
15  4 117288 143694848 1937756 33217216    0    0 428784 346032 168637 413340 13  4 78  6  0  0
16  2 117288 143694364 1937756 33217224    0    0 434160 322968 168379 416534 13  4 77  6  0  0
14  4 117288 143691512 1937760 33217236    0    0 431904 350560 168992 414613 13  4 77  6  0  0
18  3 117288 143690500 1937760 33217248    0    0 433184 325836 168058 415358 13  4 77  6  0  0
procs -----------memory---------- ---swap-- -----io---- -system-- -------cpu-------
 r  b   swpd   free   buff  cache   si   so    bi    bo   in   cs us sy id wa st gu
17  3 117288 143688188 1937760 33217256    0    0 428128 332808 167870 412096 13  4 77  6  0  0
11  8 117288 143690148 1937760 33217268    0    0 432320 338632 169556 417797 13  4 77  6  0  0
15  5 117288 143687164 1937760 33217276    0    0 427552 350232 169802 415108 13  4 77  6  0  0
13  6 117288 143687368 1937760 33217284    0    0 431408 324016 168890 415362 13  4 77  6  0  0
16  3 117288 143681440 1937760 33217296    0    0 427472 349532 170765 416839 13  4 78  6  0  0
12  6 117288 143674716 1937760 33217376    0    0 430736 336484 168955 416254 13  4 77  6  0  0
16  2 117288 143674328 1937760 33217388    0    0 434608 331696 168757 415677 13  4 77  6  0  0
19  1 117288 143681116 1937760 33217396    0    0 431648 338384 169502 416983 13  4 77  6  0  0
 9  0 117288 143686860 1937760 33217408    0    0 433088 328716 169164 418163 13  4 77  6  0  0
16  4 117288 143677636 1937764 33217408    0    0 430800 346976 168633 415947 13  4 77  6  0  0
11  8 117288 143672640 1937804 33217420    0    0 436000 324264 168142 415874 13  4 77  6  0  0
17  3 117288 143669120 1937804 33217432    0    0 427936 349892 168104 411105 13  4 77  6  0  0
18  1 117288 143678564 1937804 33217440    0    0 434752 337932 168700 414126 13  4 77  6  0  0
16  4 117288 143680044 1937804 33217444    0    0 434448 339980 170055 419759 13  4 77  6  0  0
 8  2 117288 143679896 1937804 33217460    0    0 433440 339564 169526 417876 13  4 77  6  0  0
17  2 117288 143677440 1937808 33217464    0    0 433680 334408 169147 416069 13  4 77  6  0  0
12  6 117288 143671372 1937808 33217480    0    0 430384 341352 169495 413749 13  4 77  6  0  0
12  6 117288 143668644 1937808 33217488    0    0 434288 323572 169066 419012 13  4 77  6  0  0
18  3 117288 143674016 1937808 33217500    0    0 426896 344880 169263 414490 13  4 77  6  0  0
17  3 117288 143677544 1937808 33217496    0    0 430192 336660 169173 415035 13  4 78  6  0  0
 2  3 117288 143683224 1937812 33217496    0    0 430928 339732 169577 416760 13  4 77  6  0  0
procs -----------memory---------- ---swap-- -----io---- -system-- -------cpu-------
 r  b   swpd   free   buff  cache   si   so    bi    bo   in   cs us sy id wa st gu
15  5 117288 143672732 1937812 33217508    0    0 434544 335192 169838 417858 13  4 77  6  0  0
10  8 117288 143676348 1937812 33217520    0    0 430688 342356 168631 414346 13  4 78  6  0  0
21  0 117288 143675652 1937812 33217532    0    0 431632 330316 169222 414694 13  4 77  6  0  0
 3  3 117288 143671556 1937812 33217540    0    0 424688 338844 168305 412037 13  4 78  6  0  0
10  8 117288 143669648 1937812 33217548    0    0 430864 337560 169927 416016 13  4 77  6  0  0
13  5 117288 143672940 1937812 33217560    0    0 430240 342428 168842 413287 13  4 78  6  0  0
15  5 117288 143679040 1937812 33217576    0    0 430304 331868 167930 413778 13  4 77  6  0  0
11  6 117288 143683276 1937812 33217584    0    0 431664 333620 167367 412486 13  4 77  6  0  0
14  4 117288 143683464 1937812 33217592    0    0 436672 338456 168094 415871 13  4 77  6  0  0
15  6 117288 143684472 1937812 33217600    0    0 431184 340628 169905 414633 13  4 77  6  0  0
15  4 117288 143682996 1937812 33217608    0    0 432592 336752 169063 416823 13  4 77  6  0  0
10  8 117288 143680300 1937812 33217620    0    0 433088 339764 168638 416053 13  4 77  6  0  0
18  0 117288 143679708 1937812 33217632    0    0 431680 336696 169101 415405 13  4 77  6  0  0
13  6 117288 143678348 1937812 33217640    0    0 430896 333876 170790 414913 13  4 77  6  0  0
13  5 117288 143669140 1937812 33217648    0    0 428960 344316 171096 417884 13  4 77  6  0  0
15  6 117288 143668324 1937812 33217656    0    0 436336 334968 170968 420869 13  4 77  6  0  0
13  6 117288 143674236 1937812 33217672    0    0 432176 340084 170062 416761 13  4 78  6  0  0
10  9 117288 143666764 1937812 33217680    0    0 432224 328924 169150 416725 13  4 77  6  0  0
12  7 117288 143670544 1937812 33217688    0    0 430960 336592 169438 413805 13  4 77  6  0  0
12  5 117288 143670964 1937812 33217700    0    0 430320 337128 169042 412947 13  4 77  6  0  0
13  6 117288 143678388 1937812 33217712    0    0 436736 336500 169922 417188 13  4 77  6  0  0
procs -----------memory---------- ---swap-- -----io---- -system-- -------cpu-------
 r  b   swpd   free   buff  cache   si   so    bi    bo   in   cs us sy id wa st gu
16  2 117288 143678388 1937812 33217724    0    0 438848 333168 168353 416168 13  4 77  6  0  0
16  3 117288 143676648 1937812 33217732    0    0 434576 339668 169089 415905 13  4 77  6  0  0
13  5 117288 143674552 1937812 33217744    0    0 436640 338032 170715 420045 13  4 77  6  0  0
17  2 117288 143668040 1937812 33217752    0    0 435184 338840 169682 418915 13  4 77  6  0  0
11  7 117288 143675944 1937812 33217760    0    0 423136 331256 167903 410876 13  4 77  6  0  0
17  4 117288 143679812 1937812 33217772    0    0 426208 331044 167118 409661 13  4 77  6  0  0
12  7 117288 143685148 1937812 33217780    0    0 429328 339928 168642 411320 13  4 77  6  0  0
13  5 117288 143681060 1937812 33217788    0    0 430768 326920 167059 410658 13  4 77  6  0  0
10  8 117288 143673880 1937812 33217796    0    0 424800 339648 168653 412212 13  4 77  6  0  0
12  9 117288 143676544 1937812 33217808    0    0 432144 338096 170309 417881 13  4 77  6  0  0
11  5 117288 143669936 1937812 33217820    0    0 433216 336812 167633 412112 13  4 77  6  0  0
12  6 117288 143663636 1937812 33217828    0    0 434864 337760 168626 415335 13  4 77  6  0  0
16  5 117288 143659688 1937812 33217836    0    0 430640 337576 168695 414501 13  4 77  6  0  0
12  7 117288 143664440 1937812 33217844    0    0 431568 331284 169530 417447 13  4 77  6  0  0
15  5 117288 143668224 1937812 33217856    0    0 432832 336832 169728 416372 13  4 77  6  0  0
11  8 117288 143674272 1937812 33217864    0    0 432080 338812 169825 415338 13  4 77  6  0  0
13  9 117288 143680360 1937812 33217880    0    0 430128 337924 169280 413011 13  4 77  6  0  0
13  5 117288 143682516 1937812 33217888    0    0 432528 340300 169391 417467 13  4 77  6  0  0
11  7 117288 143682848 1937812 33217896    0    0 435696 333884 168979 416527 13  4 77  6  0  0
14  4 117288 143682084 1937816 33217908    0    0 436112 334816 168699 415712 13  4 77  6  0  0
10  8 117288 143674888 1937816 33217920    0    0 429504 327408 166663 412285 13  4 78  6  0  0
procs -----------memory---------- ---swap-- -----io---- -system-- -------cpu-------
 r  b   swpd   free   buff  cache   si   so    bi    bo   in   cs us sy id wa st gu
15  4 117288 143676188 1937816 33217936    0    0 436688 337036 169515 417937 13  4 77  6  0  0
16  3 117288 143674536 1937816 33217944    0    0 430576 334856 168289 411128 13  4 77  6  0  0
16  4 117288 143675156 1937816 33218012    0    0 427920 338780 167775 411573 13  4 77  6  0  0
12  6 117288 143679400 1937820 33218024    0    0 429744 329744 168907 413894 13  4 78  6  0  0
15  4 117288 143674332 1937820 33218032    0    0 425312 336324 167165 407646 13  4 78  6  0  0
10 10 117288 143680204 1937820 33218044    0    0 429264 336844 167386 410151 13  4 78  6  0  0
12  6 117288 143681340 1937820 33218052    0    0 433024 332072 167402 411565 13  4 77  6  0  0
13  6 117288 143681760 1937820 33218064    0    0 431776 340408 169154 413528 13  4 77  6  0  0
12  7 117288 143679184 1937820 33218072    0    0 429664 329444 168052 413673 13  4 77  6  0  0
13  7 117288 143673604 1937820 33218080    0    0 437184 331740 169259 415507 13  4 77  6  0  0
15  4 117288 143676864 1937820 33218092    0    0 428256 339936 167372 408691 13  4 78  6  0  0
10  8 117288 143667156 1937820 33218100    0    0 431568 329556 167616 410727 13  4 77  6  0  0
13  5 117288 143679812 1937820 33218108    0    0 430208 343272 169011 414604 13  4 77  6  0  0
15  3 117288 143677568 1937820 33218120    0    0 436592 326896 168350 415275 13  4 77  6  0  0
14  5 117288 143676656 1937820 33218128    0    0 435776 335852 168546 414182 13  4 77  6  0  0
14  6 117288 143676736 1937820 33218140    0    0 430416 337980 168491 416235 13  4 77  6  0  0
14  5 117288 143680740 1937820 33218148    0    0 433648 333408 168114 413429 13  4 77  6  0  0
17  5 117288 143678336 1937820 33218160    0    0 428976 335236 166856 410589 13  4 77  6  0  0
11  7 117288 143683872 1937820 33218168    0    0 429568 332224 168146 414406 13  4 78  6  0  0
16  3 117288 143679664 1937820 33218172    0    0 429600 337108 167614 409981 13  4 77  6  0  0
11  8 117288 143674864 1937820 33218184    0    0 432432 335348 168731 414584 13  4 77  6  0  0
procs -----------memory---------- ---swap-- -----io---- -system-- -------cpu-------
 r  b   swpd   free   buff  cache   si   so    bi    bo   in   cs us sy id wa st gu
11  5 117288 143681308 1937820 33218196    0    0 431264 332352 167867 412031 13  4 77  6  0  0
14  5 117288 143688548 1937820 33218208    0    0 431712 330064 168622 414058 13  4 77  6  0  0
11  8 117288 143683696 1937820 33218216    0    0 428464 339316 168822 413542 13  4 77  6  0  0
13  6 117288 143683324 1937820 33218224    0    0 429920 337680 167471 410199 13  4 78  6  0  0
16  4 117288 143677756 1937820 33218236    0    0 429808 332584 167817 411375 13  4 77  6  0  0
11  7 117288 143678624 1937820 33218248    0    0 424912 339460 168158 412051 13  4 77  6  0  0
13  5 117288 143678876 1937820 33218260    0    0 427504 328776 167310 410952 13  4 77  6  0  0
12  7 117288 143678624 1937824 33218264    0    0 425152 334696 167823 408550 13  4 77  6  0  0
17  3 117288 143679996 1937824 33218276    0    0 428880 334824 168522 410004 13  4 77  6  0  0
17  3 117288 143680084 1937824 33218284    0    0 432864 332896 167979 413490 13  4 77  6  0  0
14  6 117288 143676504 1937824 33218304    0    0 427104 331760 167109 408374 13  4 77  6  0  0
21  4 117288 143674492 1937824 33218316    0    0 424800 334860 166818 409200 13  4 78  6  0  0
13  6 117288 143683672 1937824 33218324    0    0 427152 335832 168262 409105 13  4 77  6  0  0
12  6 117288 143691720 1937824 33218332    0    0 430080 327288 167791 413301 13  4 77  6  0  0
15  4 117288 143689064 1937824 33218340    0    0 424704 341352 167025 408583 13  4 78  6  0  0
12  6 117288 143688580 1937824 33218352    0    0 429584 332104 166859 410540 13  4 77  6  0  0
11  6 117288 143687816 1937824 33218360    0    0 428896 329992 167192 411978 13  4 77  6  0  0
17  3 117288 143689420 1937824 33218368    0    0 426816 333252 166865 409682 13  4 77  6  0  0
12  6 117288 143689072 1937824 33218376    0    0 432448 329248 167917 411963 13  3 77  6  0  0
13  7 117288 143687216 1937824 33218384    0    0 429056 335144 167435 411577 13  4 77  6  0  0
14  3 117288 143686468 1937824 33218400    0    0 429792 336244 167654 409651 13  4 78  6  0  0
procs -----------memory---------- ---swap-- -----io---- -system-- -------cpu-------
 r  b   swpd   free   buff  cache   si   so    bi    bo   in   cs us sy id wa st gu
16  6 117288 143675268 1937824 33218408    0    0 429584 341200 167734 412885 13  4 77  6  0  0
14  4 117288 143669840 1937824 33218416    0    0 430720 327944 166120 409759 13  4 77  6  0  0
14  6 117288 143671816 1937824 33218424    0    0 431792 335312 167264 411307 13  4 77  6  0  0
13  5 117288 143668028 1937824 33218432    0    0 430048 338300 167737 411457 13  4 77  6  0  0
17  6 117288 143671224 1937824 33218448    0    0 431648 332520 166760 411174 13  4 77  6  0  0
19  3 117288 143679488 1937824 33218456    0    0 425840 332980 166070 408865 13  4 77  6  0  0
12  6 117288 143679508 1937824 33218464    0    0 430208 333856 167982 414003 13  4 77  6  0  0
16  2 117288 143673000 1937824 33218476    0    0 429520 335576 167966 412781 13  4 77  6  0  0
18  2 117288 143672168 1937824 33218488    0    0 429440 332652 166948 408957 13  4 78  6  0  0
16  3 117288 143672464 1937824 33218500    0    0 433264 337232 167924 414104 13  4 77  6  0  0
11  6 117288 143678724 1937824 33218508    0    0 430928 333168 167679 412491 13  4 77  6  0  0
19  4 117288 143672024 1937824 33218516    0    0 435248 339456 168968 416381 13  4 77  6  0  0
15  3 117288 143665792 1937824 33218520    0    0 430336 334628 166442 409850 13  4 77  6  0  0
16  4 117288 143665748 1937824 33218528    0    0 433248 333656 167818 412312 13  3 77  6  0  0
12  7 117288 143665808 1937824 33218544    0    0 428848 334452 167282 409552 13  4 78  6  0  0
18  5 117288 143663512 1937828 33218548    0    0 433584 332856 166886 413087 13  4 77  6  0  0
17  1 117288 143663164 1937828 33218560    0    0 429600 337536 166923 411093 13  4 77  6  0  0
16  3 117288 143657944 1937836 33218572    0    0 432176 331012 166557 409838 13  4 77  6  0  0
18  3 117288 143663804 1937836 33218584    0    0 431040 336712 168146 412587 13  4 77  6  0  0
13  5 117288 143665064 1937836 33218600    0    0 432656 329100 167830 412908 13  4 77  6  0  0
18  2 117288 143658704 1937836 33218676    0    0 427552 336420 168069 410661 13  4 77  6  0  0
procs -----------memory---------- ---swap-- -----io---- -system-- -------cpu-------
 r  b   swpd   free   buff  cache   si   so    bi    bo   in   cs us sy id wa st gu
13  5 117288 143666996 1937836 33218684    0    0 431728 336228 168068 412960 13  4 77  6  0  0
19  3 117288 143664688 1937836 33218696    0    0 431024 335152 168410 414898 13  4 77  6  0  0
19  3 117288 143672212 1937836 33218708    0    0 431264 336416 167766 414634 13  4 77  6  0  0
16  5 117288 143673136 1937836 33218716    0    0 429792 332568 166694 408542 13  4 77  6  0  0
14  6 117288 143671556 1937836 33218728    0    0 427248 337376 168085 413512 13  4 77  6  0  0
15  7 117288 143669764 1937836 33218736    0    0 432352 335712 167801 411299 13  4 77  6  0  0
19  3 117288 143674232 1937836 33218744    0    0 434656 336484 168867 415127 13  4 77  6  0  0
15  4 117288 143675008 1937836 33218756    0    0 430656 332448 167818 412251 13  4 77  6  0  0
17  3 117288 143672360 1937836 33218760    0    0 427984 335048 167761 411926 13  4 77  6  0  0
14  6 117288 143670816 1937836 33218772    0    0 428224 337788 167902 409874 13  4 77  6  0  0
16  4 117288 143675096 1937836 33218780    0    0 420112 334688 166403 406698 13  4 77  6  0  0
21  3 117288 143671224 1937836 33218792    0    0 423408 336548 167815 407818 13  4 78  6  0  0
14  5 117288 143673656 1937836 33218800    0    0 427264 336136 169964 415907 13  4 77  6  0  0
21  2 117288 143674276 1937836 33218808    0    0 428896 332668 169165 414439 13  4 77  6  0  0
22  2 117288 143674540 1937836 33218820    0    0 433728 331576 168444 414379 13  4 77  6  0  0
17  6 117288 143687264 1937836 33218828    0    0 430400 338528 168544 414475 13  4 78  6  0  0
19  5 117288 143685524 1937840 33218836    0    0 428016 335120 168887 415461 13  4 78  6  0  0
15  7 117288 143682160 1937840 33218848    0    0 432560 337172 169602 416498 13  4 77  6  0  0
12  7 117288 143675464 1937840 33218856    0    0 429312 336796 169005 414905 13  4 77  6  0  0
14  7 117288 143675644 1937840 33218868    0    0 430304 340664 169701 414215 13  4 77  6  0  0
13  7 117288 143676956 1937840 33218876    0    0 430944 340996 169659 417489 13  4 77  6  0  0
procs -----------memory---------- ---swap-- -----io---- -system-- -------cpu-------
 r  b   swpd   free   buff  cache   si   so    bi    bo   in   cs us sy id wa st gu
17  4 117288 143673172 1937840 33218888    0    0 433264 339468 170298 417410 13  4 77  6  0  0
16  5 117288 143667136 1937840 33218900    0    0 428512 343616 169106 411912 13  3 77  6  0  0
13  7 117288 143670744 1937840 33218908    0    0 430192 335352 169738 415224 13  4 78  6  0  0
17  6 117288 143666476 1937840 33218920    0    0 429504 336624 169565 416147 13  4 77  6  0  0
16  6 117288 143661792 1937840 33218924    0    0 430976 335336 169794 416407 13  4 77  6  0  0
14  8 117288 143666204 1937840 33218936    0    0 427376 340356 169734 413940 13  4 78  6  0  0
11  8 117288 143668000 1937840 33218944    0    0 428944 342384 170484 417850 13  4 77  6  0  0
16  4 117288 143666768 1937840 33218956    0    0 437232 336000 170682 421228 13  4 77  6  0  0
20  1 117288 143664896 1937840 33218968    0    0 433584 342592 171405 420247 13  4 77  6  0  0
16  5 117288 143662628 1937840 33218992    0    0 431472 338528 170697 414153 13  4 77  6  0  0
16  4 117288 143665560 1937840 33219000    0    0 432304 339308 169376 413882 13  4 77  6  0  0
15  5 117288 143661352 1937840 33219008    0    0 427904 336792 168097 412511 13  4 78  6  0  0
13  6 117288 143661932 1937840 33219020    0    0 432816 333588 169124 414095 13  4 77  6  0  0
12  6 117288 143663228 1937840 33219032    0    0 429568 331620 168332 409955 13  4 78  6  0  0
20  3 117288 143659884 1937840 33219040    0    0 426000 339748 168670 412853 13  4 77  6  0  0
15  4 117288 143668984 1937840 33219056    0    0 434128 339860 169704 416810 13  4 77  6  0  0
16  3 117288 143677216 1937840 33219068    0    0 431888 336136 168123 411742 13  4 77  6  0  0
11  1 117288 143674424 1937840 33219076    0    0 430512 335028 168698 414541 13  4 77  6  0  0
15  3 117288 143675668 1937840 33219084    0    0 429440 343456 168830 414969 13  4 77  6  0  0
17  3 117288 143678836 1937840 33219100    0    0 429728 337588 168693 414353 13  4 77  6  0  0
16  5 117288 143678196 1937844 33219104    0    0 430320 326064 167612 411144 13  4 77  6  0  0
procs -----------memory---------- ---swap-- -----io---- -system-- -------cpu-------
 r  b   swpd   free   buff  cache   si   so    bi    bo   in   cs us sy id wa st gu
14  5 117288 143677696 1937844 33219112    0    0 428000 334284 167523 409558 13  4 77  6  0  0
16  3 117288 143677788 1937844 33219120    0    0 429632 335416 168747 414917 13  4 77  6  0  0
17  4 117288 143676252 1937844 33219128    0    0 426736 336724 167753 411256 13  4 78  6  0  0
12  6 117288 143682280 1937844 33219144    0    0 430992 332016 168777 413543 13  4 77  6  0  0
17  2 117288 143683932 1937844 33219152    0    0 430832 336656 169624 417117 13  4 77  6  0  0
13  4 117288 143679984 1937844 33219160    0    0 434848 335188 169756 417257 13  4 77  6  0  0
 8 10 117288 143683236 1937844 33219168    0    0 432000 338912 170058 420045 13  4 77  6  0  0
15  3 117288 143683784 1937844 33219176    0    0 432464 340928 171397 419907 13  4 77  6  0  0
14  4 117288 143680956 1937844 33219192    0    0 427088 336600 170218 416015 13  4 78  6  0  0
13  6 117288 143679668 1937844 33219200    0    0 429136 335572 168920 411680 13  4 77  6  0  0
19  3 117288 143673492 1937844 33219208    0    0 429696 336060 169127 411841 13  4 78  6  0  0
16  4 117288 143667288 1937844 33219216    0    0 432832 338472 170001 416162 13  4 77  6  0  0
14  4 117288 143664484 1937844 33219228    0    0 431504 336804 169046 415901 13  4 77  6  0  0
12  7 117288 143672984 1937844 33219240    0    0 429552 338968 169187 413679 13  4 77  6  0  0
12  7 117288 143674320 1937844 33219248    0    0 430448 330016 169509 414007 13  3 78  6  0  0
13  5 117288 143676352 1937844 33219256    0    0 428752 341956 170520 415340 13  4 77  6  0  0
12  7 117288 143677696 1937844 33219264    0    0 425184 339664 169990 411694 13  4 77  6  0  0
13  8 117288 143682820 1937844 33219360    0    0 422272 337752 168679 410774 13  4 78  6  0  0
12  8 117288 143687808 1937844 33219372    0    0 427632 336440 169501 414626 13  3 77  6  0  0
14  4 117288 143676576 1937844 33219380    0    0 427744 335796 169606 414688 13  4 78  6  0  0
14  4 117288 143674912 1937848 33219384    0    0 427696 336240 169817 412786 13  4 77  6  0  0
procs -----------memory---------- ---swap-- -----io---- -system-- -------cpu-------
 r  b   swpd   free   buff  cache   si   so    bi    bo   in   cs us sy id wa st gu
16  3 117288 143675252 1937848 33219400    0    0 429376 336332 168605 414490 13  4 77  6  0  0
16  3 117288 143670164 1937848 33219408    0    0 430896 337636 168807 413310 13  4 77  6  0  0
13  5 117288 143672352 1937848 33219420    0    0 433872 334996 169853 417339 13  4 77  6  0  0
16  4 117288 143682424 1937848 33219432    0    0 426512 336096 166820 409575 13  4 77  6  0  0
15  4 117288 143690016 1937848 33219440    0    0 425056 339872 169576 415505 13  4 78  6  0  0
12  6 117288 143685572 1937848 33219448    0    0 428736 345968 170286 415097 13  4 77  6  0  0
11  7 117288 143683308 1937848 33219460    0    0 430896 325412 169850 416297 13  4 77  6  0  0
16  3 117288 143679632 1937848 33219472    0    0 428320 338992 170135 414350 13  4 77  6  0  0
10  8 117288 143678848 1937848 33219480    0    0 432048 332692 168846 414420 13  4 77  6  0  0
10  7 117288 143681692 1937848 33219488    0    0 430512 335288 167612 412261 13  4 77  6  0  0
18  6 117288 143682916 1937848 33219500    0    0 431184 338376 168619 415132 13  4 77  6  0  0
10  6 117288 143679812 1937848 33219508    0    0 428304 334304 167847 410803 13  4 78  6  0  0
14  5 117288 143678288 1937848 33219516    0    0 427408 338180 167518 411256 13  4 78  6  0  0
15  4 117288 143682808 1937848 33219532    0    0 428640 335460 168623 413886 13  4 77  6  0  0
13  4 117288 143681616 1937848 33219540    0    0 430128 330780 168669 414131 13  4 77  6  0  0
16  2 117288 143690064 1937848 33219548    0    0 429920 338224 168727 412368 13  4 77  6  0  0
14  6 117288 143689376 1937848 33219560    0    0 422816 337200 167117 408526 13  4 77  6  0  0
18  3 117288 143693132 1937848 33219568    0    0 427328 334776 168995 412653 13  4 78  6  0  0
14  4 117288 143692892 1937848 33219580    0    0 430704 334848 167852 411712 13  4 77  6  0  0
13  5 117288 143690176 1937848 33219588    0    0 432864 334408 169129 414488 13  4 77  6  0  0
15  3 117288 143690008 1937848 33219600    0    0 429472 339640 168314 412722 13  4 78  6  0  0
procs -----------memory---------- ---swap-- -----io---- -system-- -------cpu-------
 r  b   swpd   free   buff  cache   si   so    bi    bo   in   cs us sy id wa st gu
14  5 117288 143686268 1937848 33219608    0    0 429776 334992 168111 415848 13  4 77  6  0  0
12  8 117288 143684092 1937848 33219620    0    0 428656 334088 168264 412480 13  4 78  6  0  0
16  5 117288 143691484 1937848 33219632    0    0 429600 336312 169218 412433 13  4 77  6  0  0
13  5 117288 143689396 1937848 33219640    0    0 430048 338588 168166 413955 13  3 77  6  0  0
17  4 117288 143680212 1937848 33219652    0    0 433584 342348 169054 416092 13  4 77  6  0  0
11  7 117288 143686764 1937848 33219660    0    0 434256 338264 169040 417599 13  4 77  6  0  0
12  6 117288 143681340 1937848 33219668    0    0 430304 340744 168926 415884 13  4 77  6  0  0
12  8 117288 143674300 1937848 33219680    0    0 428928 338176 168872 412808 13  4 77  6  0  0
14  7 117288 143678032 1937848 33219692    0    0 429856 331952 169384 414566 13  4 77  6  0  0
12  7 117288 143669716 1937848 33219704    0    0 428096 338496 169295 414204 13  4 77  6  0  0
10  8 117288 143660676 1937848 33219752    0    0 431472 339044 169451 415121 13  4 77  6  0  0
16  4 117288 143659284 1937848 33219760    0    0 434000 334048 169136 416328 13  3 77  6  0  0
15  3 117288 143654088 1937848 33219772    0    0 434672 336972 169689 417998 13  4 77  6  0  0
14  4 117288 143656692 1937848 33219784    0    0 430880 336440 167637 409873 13  4 77  6  0  0
15  3 117288 143660640 1937848 33219796    0    0 431376 338236 168083 412316 13  4 77  6  0  0
20  1 117288 143660968 1937848 33219804    0    0 429024 342508 168653 413533 13  4 78  6  0  0
16  2 117288 143663872 1937848 33219812    0    0 429024 336176 168434 413251 13  4 77  6  0  0
16  3 117288 143668192 1937848 33219824    0    0 428688 336780 168339 414201 13  4 77  6  0  0
13  6 117288 143662660 1937848 33219836    0    0 434640 334352 168151 414125 13  4 77  6  0  0
15  6 117288 143661868 1937848 33219844    0    0 431744 336524 167788 411221 13  4 77  6  0  0
12  6 117288 143668980 1937848 33219852    0    0 432240 331144 168785 414671 13  4 78  6  0  0
procs -----------memory---------- ---swap-- -----io---- -system-- -------cpu-------
 r  b   swpd   free   buff  cache   si   so    bi    bo   in   cs us sy id wa st gu
16  4 117288 143663852 1937848 33219860    0    0 433088 339736 168218 410913 13  4 77  6  0  0
18  3 117288 143665140 1937848 33219868    0    0 433552 340892 168726 411791 13  4 77  6  0  0
18  1 117288 143663904 1937848 33219884    0    0 434496 339920 169760 417795 13  3 77  6  0  0
13  6 117288 143666340 1937848 33219892    0    0 427840 340516 168051 412023 13  4 77  6  0  0
11  8 117288 143666152 1937848 33219900    0    0 432656 335864 169045 414231 13  4 77  6  0  0
12  6 117288 143665488 1937848 33219908    0    0 432096 337464 168774 414002 13  4 77  6  0  0
 8 10 117288 143667240 1937848 33219912    0    0 429552 333972 167465 409812 13  4 78  6  0  0
16  5 117288 143668028 1937848 33219928    0    0 427936 332692 166813 408418 13  4 77  6  0  0
16  3 117288 143663160 1937848 33219936    0    0 423792 331524 167053 406262 13  4 78  6  0  0
15  5 117288 143659400 1937848 33219944    0    0 432912 328832 168994 415886 13  4 77  6  0  0
13  5 117288 143669268 1937848 33219956    0    0 433840 339392 169567 415429 13  4 77  6  0  0
18  2 117288 143667180 1937848 33219968    0    0 433936 336688 169548 416837 13  4 77  6  0  0
13  5 117288 143665280 1937848 33219980    0    0 430032 339944 170015 416903 13  4 77  6  0  0
10 10 117288 143665916 1937848 33219988    0    0 430416 335784 169224 414090 13  4 78  6  0  0
13  5 117288 143673488 1937848 33220064    0    0 432368 336288 168971 415794 13  4 77  6  0  0
17  2 117288 143670432 1937848 33220072    0    0 432288 332208 167902 413278 13  4 77  6  0  0
14  5 117288 143669584 1937848 33220084    0    0 433120 335580 168076 413578 13  4 77  6  0  0
13  8 117288 143671304 1937848 33220096    0    0 427824 334740 167652 410293 13  4 78  6  0  0
13  6 117288 143669048 1937852 33220100    0    0 428336 331524 167768 410519 13  4 77  6  0  0
 7  1 117288 143670960 1937852 33220116    0    0 430688 352256 169837 416538 13  4 77  6  0  0
12  6 117288 143669668 1937852 33220120    0    0 434064 326352 169458 418538 13  4 77  6  0  0
procs -----------memory---------- ---swap-- -----io---- -system-- -------cpu-------
 r  b   swpd   free   buff  cache   si   so    bi    bo   in   cs us sy id wa st gu
11  7 117288 143674268 1937852 33220132    0    0 432848 336192 168642 415649 13  4 77  6  0  0
17  2 117288 143676884 1937852 33220144    0    0 430720 333848 167348 411417 13  4 77  6  0  0
12  7 117288 143672068 1937852 33220152    0    0 431296 336460 168862 415644 13  4 77  6  0  0
17  4 117288 143679844 1937852 33220156    0    0 432576 334756 167654 413461 13  4 77  6  0  0
13  6 117288 143681008 1937852 33220164    0    0 428672 335180 167011 410122 13  4 77  6  0  0
13  6 117288 143684524 1937852 33220180    0    0 428752 335932 168936 414176 13  4 77  6  0  0
15  4 117288 143675304 1937852 33220196    0    0 430448 329328 168627 415075 13  4 77  6  0  0
18  2 117288 143678172 1937852 33220204    0    0 431680 338592 169591 416764 13  4 77  6  0  0
14  5 117288 143678496 1937852 33220216    0    0 432176 335812 166985 412129 13  4 77  6  0  0
12  6 117288 143674132 1937852 33220228    0    0 429936 333384 167583 410867 13  4 77  6  0  0
16  4 117288 143674120 1937852 33220236    0    0 429664 335864 169294 414596 13  4 77  6  0  0
13  6 117288 143674512 1937852 33220248    0    0 429120 338628 169016 414409 13  4 77  6  0  0
17  3 117288 143666588 1937852 33220256    0    0 424000 335552 167373 409790 13  4 77  6  0  0
17  3 117288 143660012 1937852 33220264    0    0 422176 333084 167090 406605 13  4 77  6  0  0
16  2 117288 143660432 1937852 33220276    0    0 423072 328484 166320 404346 13  4 77  6  0  0
13  6 117288 143652864 1937852 33220284    0    0 432064 337384 167554 412865 13  4 77  6  0  0
13  5 117288 143657076 1937852 33220292    0    0 427216 332828 167444 412082 13  4 77  6  0  0
16  3 117288 143658124 1937852 33220304    0    0 431600 334364 168996 411918 13  4 77  6  0  0
16  3 117288 143658668 1937852 33220316    0    0 428768 334604 168655 413299 13  4 78  6  0  0
12  6 117288 143665844 1937852 33220328    0    0 426544 334560 167637 410119 13  4 78  6  0  0
15  4 117288 143661008 1937852 33220332    0    0 426096 334136 167714 412117 13  4 77  6  0  0
procs -----------memory---------- ---swap-- -----io---- -system-- -------cpu-------
 r  b   swpd   free   buff  cache   si   so    bi    bo   in   cs us sy id wa st gu
11  7 117288 143660580 1937852 33220340    0    0 427568 339536 167937 412078 13  4 77  6  0  0
12  8 117288 143654440 1937852 33220352    0    0 427200 337504 167597 408685 13  4 77  6  0  0
18  0 117288 143662172 1937852 33220364    0    0 427008 330192 168758 414385 13  4 77  6  0  0
16  3 117288 143661900 1937852 33220372    0    0 428864 337608 169362 414565 13  4 77  6  0  0
13  6 117288 143661460 1937852 33220380    0    0 426272 345528 170127 414750 13  4 77  6  0  0
13  6 117288 143665540 1937852 33220388    0    0 431872 331736 170253 416554 13  4 77  6  0  0
13  5 117288 143665596 1937852 33220400    0    0 424688 334004 167224 408051 13  4 78  6  0  0
14  4 117288 143660696 1937856 33220408    0    0 429104 327884 168071 412809 13  4 77  6  0  0
11  6 117288 143664732 1937856 33220424    0    0 430960 335056 169291 415087 13  4 77  6  0  0
15  4 117288 143671476 1937856 33220432    0    0 430096 340716 169461 415468 13  4 77  6  0  0
16  3 117288 143667424 1937856 33220444    0    0 432720 328380 168638 413131 13  4 77  6  0  0
15  3 117288 143669712 1937856 33220456    0    0 430688 336268 168456 411575 13  4 77  6  0  0
 9  9 117288 143663956 1937856 33220468    0    0 423488 333772 166854 408261 13  4 78  6  0  0
16  3 117288 143656224 1937856 33220476    0    0 431248 330892 167874 412235 13  4 77  6  0  0
14  5 117288 143654940 1937856 33220484    0    0 429600 333268 167551 411918 13  4 77  6  0  0
18  1 117288 143658372 1937856 33220492    0    0 430208 337100 168574 411468 13  4 78  6  0  0
17  4 117288 143664520 1937856 33220504    0    0 428992 334912 168085 411718 13  4 78  6  0  0
10  8 117288 143668088 1937860 33220512    0    0 427568 335176 167280 410084 13  4 78  6  0  0
13  7 117288 143673656 1937860 33220524    0    0 431728 331516 168411 413009 13  4 77  6  0  0
14  4 117288 143676716 1937860 33220536    0    0 426320 337100 168398 413318 13  4 78  6  0  0
14  5 117288 143680396 1937860 33220544    0    0 431296 330628 169780 417352 13  4 77  6  0  0
procs -----------memory---------- ---swap-- -----io---- -system-- -------cpu-------
 r  b   swpd   free   buff  cache   si   so    bi    bo   in   cs us sy id wa st gu
15  3 117288 143674904 1937860 33220556    0    0 428768 333544 168201 411295 13  4 78  6  0  0
14  6 117288 143670216 1937860 33220568    0    0 429888 333236 167867 411844 13  3 78  6  0  0
 9  8 117288 143671800 1937860 33220576    0    0 431360 338108 169478 414520 13  4 77  6  0  0
10  8 117288 143669324 1937860 33220584    0    0 428832 330864 169155 413717 13  4 77  6  0  0
11  7 117288 143664624 1937860 33220592    0    0 421776 330712 167131 406295 13  4 77  6  0  0
16  4 117288 143669428 1937860 33220604    0    0 426016 321352 166291 405911 13  4 77  6  0  0
14  4 117288 143671376 1937860 33220616    0    0 425360 337908 166930 408502 13  4 77  6  0  0
12  6 117288 143672464 1937860 33220624    0    0 426640 334064 167058 409874 13  4 77  6  0  0
15  3 117288 143680224 1937860 33220632    0    0 430656 331512 168060 414665 13  4 78  6  0  0
13  5 117288 143670556 1937860 33220640    0    0 432032 331648 167590 410762 13  4 78  6  0  0
17  4 117288 143672148 1937860 33220652    0    0 430032 338000 167561 412199 13  4 78  6  0  0
15  4 117288 143669452 1937860 33220732    0    0 423920 336760 168395 410938 13  4 77  6  0  0
20  3 117288 143672708 1937860 33220740    0    0 430000 324072 167638 413314 13  4 77  6  0  0
13  6 117288 143678060 1937860 33220744    0    0 432144 333696 168112 413680 13  4 77  6  0  0
14  5 117288 143677464 1937860 33220752    0    0 427632 331952 167269 409818 13  4 78  6  0  0
16  2 117288 143671576 1937860 33220764    0    0 437456 329248 168907 416161 13  4 77  6  0  0
13  5 117288 143671148 1937860 33220780    0    0 429376 330516 167739 410599 13  4 77  6  0  0
 9 10 117288 143671564 1937864 33220788    0    0 429184 340580 168485 411322 13  4 77  6  0  0
12  6 117288 143681488 1937864 33220800    0    0 430704 338724 169070 414069 13  4 77  6  0  0
12  6 117288 143681724 1937864 33220808    0    0 430480 333296 168227 413439 13  4 77  6  0  0
13  7 117288 143684240 1937864 33220820    0    0 428160 336096 169033 413309 13  4 78  6  0  0
procs -----------memory---------- ---swap-- -----io---- -system-- -------cpu-------
 r  b   swpd   free   buff  cache   si   so    bi    bo   in   cs us sy id wa st gu
10  8 117288 143686420 1937864 33220836    0    0 430176 330304 167851 411545 13  4 77  6  0  0
17  3 117288 143683896 1937864 33220844    0    0 430880 337796 168733 415256 13  4 78  6  0  0
15  3 117288 143684672 1937864 33220856    0    0 429968 336944 169405 415093 13  4 78  6  0  0
13  5 117288 143686376 1937864 33220868    0    0 430112 336416 169300 414630 13  4 77  6  0  0
15  5 117288 143678712 1937864 33220876    0    0 432432 339352 168354 418482 13  4 78  6  0  0
13  5 117288 143673840 1937864 33220892    0    0 428800 344508 168593 415085 13  4 77  6  0  0
15  4 117288 143675216 1937868 33220896    0    0 429200 333500 169293 415395 13  4 77  6  0  0
16  3 117288 143670124 1937868 33220912    0    0 428560 341468 168344 410091 13  4 77  6  0  0
16  3 117288 143672144 1937868 33220920    0    0 427920 333844 168434 413966 13  4 77  6  0  0
15  2 117288 143669264 1937868 33220928    0    0 423568 341572 168381 411369 13  4 78  6  0  0
 9  9 117288 143675252 1937868 33220940    0    0 429584 329120 169867 415964 13  4 77  6  0  0
15  6 117288 143676568 1937872 33220944    0    0 430096 338116 169106 411598 13  4 78  6  0  0
13  5 117288 143679152 1937872 33220956    0    0 426576 335552 168368 410282 13  4 77  6  0  0
19  1 117288 143684752 1937872 33220968    0    0 428880 336084 168535 412971 13  4 77  6  0  0
14  5 117288 143683436 1937872 33220976    0    0 426048 336472 168352 412959 13  4 78  6  0  0
13  7 117288 143690440 1937872 33220988    0    0 427680 333904 169507 413839 13  4 77  6  0  0
14  5 117288 143695788 1937872 33221000    0    0 418048 333252 166268 401708 13  3 78  6  0  0
14  4 117288 143698580 1937872 33221008    0    0 424080 319572 165298 406277 13  4 77  6  0  0
14  4 117288 143690352 1937872 33221020    0    0 420768 332716 166169 402266 13  4 77  6  0  0
16  4 117288 143693632 1937872 33221028    0    0 426800 324008 166010 407155 13  4 77  6  0  0
17  5 117288 143699060 1937872 33221040    0    0 425600 331960 167678 409184 13  4 77  6  0  0
procs -----------memory---------- ---swap-- -----io---- -system-- -------cpu-------
 r  b   swpd   free   buff  cache   si   so    bi    bo   in   cs us sy id wa st gu
16  3 117288 143698296 1937876 33221044    0    0 426240 329704 166546 407311 13  4 77  6  0  0
13  6 117288 143695548 1937876 33221056    0    0 415904 337024 166723 402244 13  3 78  6  0  0
15  4 117288 143692800 1937876 33221068    0    0 425664 325764 166928 407453 13  4 77  6  0  0
15  3 117288 143689688 1937876 33221076    0    0 423840 325492 166945 407746 13  3 78  6  0  0
10  8 117288 143684508 1937876 33221084    0    0 427920 334628 167115 409554 13  4 78  6  0  0
17  2 117288 143677848 1937880 33221088    0    0 427984 332864 169067 412999 13  4 77  6  0  0
13  6 117288 143681088 1937880 33221104    0    0 432336 332608 169497 417398 13  4 77  6  0  0
15  7 117288 143674928 1937880 33221112    0    0 433408 332840 169272 416435 13  4 77  6  0  0
13  6 117288 143677496 1937880 33221124    0    0 431872 338420 169933 416382 13  4 78  6  0  0
14  6 117288 143686648 1937880 33221132    0    0 433968 341520 170419 417128 13  4 78  6  0  0
14  5 117288 143685564 1937880 33221144    0    0 429072 334312 169365 412585 13  4 77  6  0  0
15  3 117288 143685476 1937880 33221160    0    0 426368 339000 169364 414808 13  4 78  6  0  0
14  6 117288 143681292 1937880 33221168    0    0 426224 339000 169898 411224 13  4 78  6  0  0
16  3 117288 143685920 1937880 33221176    0    0 429408 336084 169716 414203 13  4 78  6  0  0
10  9 117288 143680464 1937880 33221184    0    0 427968 335756 169128 414519 13  4 77  6  0  0
14  4 117288 143680916 1937880 33221196    0    0 428112 333796 168312 411794 13  4 78  6  0  0
15  3 117288 143681060 1937880 33221208    0    0 432544 333480 168026 411920 13  4 77  6  0  0
18  4 117288 143676856 1937880 33221216    0    0 433040 340324 168783 415596 13  4 77  6  0  0
15  3 117288 143674668 1937880 33221224    0    0 428320 334900 168052 411793 13  4 77  6  0  0
13  6 117288 143670104 1937880 33221236    0    0 428128 333592 168433 413071 13  4 77  6  0  0
14  5 117288 143667708 1937880 33221248    0    0 421840 337964 167643 407523 13  4 78  6  0  0
procs -----------memory---------- ---swap-- -----io---- -system-- -------cpu-------
 r  b   swpd   free   buff  cache   si   so    bi    bo   in   cs us sy id wa st gu
14  5 117288 143674684 1937880 33221260    0    0 426320 337496 168005 410565 13  4 77  6  0  0
15  4 117288 143672884 1937880 33221264    0    0 423200 339112 167785 408490 13  4 77  6  0  0
12  7 117288 143672552 1937880 33221280    0    0 427152 336032 168037 410613 13  4 78  6  0  0
10  9 117288 143674220 1937880 33221288    0    0 428896 338376 169307 419091 13  4 77  6  0  0
16  2 117288 143667868 1937880 33221304    0    0 427200 336276 169026 414659 13  4 77  6  0  0
11  9 117288 143665744 1937880 33221316    0    0 424288 333756 168196 414174 13  4 78  6  0  0
19  3 117288 143667656 1937880 33221324    0    0 430064 333152 168575 412621 13  4 77  6  0  0
10  9 117288 143672696 1937880 33221332    0    0 424880 341792 167383 406838 13  4 78  6  0  0
17  5 117288 143672124 1937880 33221404    0    0 425584 323068 166456 408449 13  4 77  6  0  0
13  5 117288 143665728 1937880 33221420    0    0 422800 341264 166166 405282 13  4 77  6  0  0
12  5 117288 143663820 1937880 33221432    0    0 428128 320600 165473 406076 13  3 77  6  0  0
16  3 117288 143665556 1937880 33221440    0    0 425584 321960 165799 406040 13  4 77  6  0  0
11  7 117288 143666200 1937880 33221448    0    0 420768 338936 166739 402432 13  4 77  6  0  0
14  5 117288 143668220 1937880 33221456    0    0 422896 335220 166991 406356 13  4 78  6  0  0
13  6 117288 143666276 1937880 33221472    0    0 423472 331356 165973 403830 13  4 77  6  0  0
18  1 117288 143673368 1937880 33221480    0    0 425440 323680 165647 406164 13  4 77  6  0  0
11  8 117288 143666824 1937880 33221488    0    0 423008 340232 165273 404925 13  4 78  6  0  0
18  4 117288 143667712 1937880 33221496    0    0 426208 331796 166746 409989 13  4 77  6  0  0
12  6 117288 143666608 1937880 33221504    0    0 423168 330436 165975 404447 13  4 77  6  0  0
 9  9 117288 143670804 1937880 33221512    0    0 428512 323600 166159 407198 13  4 77  6  0  0
13  6 117288 143669552 1937884 33221520    0    0 429232 335852 167656 410091 13  3 77  6  0  0
procs -----------memory---------- ---swap-- -----io---- -system-- -------cpu-------
 r  b   swpd   free   buff  cache   si   so    bi    bo   in   cs us sy id wa st gu
19  3 117288 143674840 1937884 33221532    0    0 428416 332636 167291 408242 13  4 77  6  0  0
18  3 117288 143680028 1937884 33221544    0    0 427856 333824 167775 408374 13  4 77  6  0  0
11  7 117288 143676232 1937884 33221552    0    0 426832 333812 168147 407910 13  4 77  6  0  0
12  6 117288 143670756 1937884 33221564    0    0 428880 334620 167497 411029 13  4 77  6  0  0
14  5 117288 143665628 1937884 33221576    0    0 428896 329472 166894 409596 13  4 77  6  0  0
17  3 117288 143665888 1937884 33221584    0    0 428464 334728 166593 407320 13  4 77  6  0  0
14  6 117288 143675276 1937884 33221592    0    0 432192 338904 167797 411731 13  4 77  6  0  0
13  6 117288 143674236 1937884 33221604    0    0 430416 337880 167332 411607 13  4 77  6  0  0
13  5 117288 143673520 1937884 33221612    0    0 429328 333232 167571 409907 13  4 77  6  0  0
16  5 117288 143660892 1937884 33221628    0    0 428192 330968 166756 408781 13  4 78  6  0  0
14  5 117288 143666852 1937884 33221636    0    0 426528 333832 166666 407047 13  4 78  6  0  0
16  4 117288 143674780 1937884 33221644    0    0 426704 332092 166223 407633 13  4 77  6  0  0
12  7 117288 143670420 1937884 33221656    0    0 422336 337124 167114 409611 13  4 78  6  0  0
12  7 117288 143671960 1937884 33221664    0    0 426464 335112 166785 404607 13  4 78  6  0  0
15  5 117288 143675484 1937884 33221676    0    0 430752 328748 166930 408675 13  4 77  6  0  0
19  2 117288 143675208 1937884 33221680    0    0 427872 337840 165988 407912 13  4 78  6  0  0
16  4 117288 143676832 1937884 33221688    0    0 424800 329840 167171 409159 13  4 78  6  0  0
15  6 117288 143675436 1937884 33221700    0    0 428528 328508 166827 408305 13  4 78  6  0  0
16  5 117288 143675056 1937884 33221708    0    0 430080 337920 167100 409633 13  4 77  6  0  0
13  8 117288 143676344 1937884 33221720    0    0 422352 325912 164997 401333 13  4 77  6  0  0
15  4 117288 143670804 1937884 33221728    0    0 420512 331492 164825 401145 13  4 77  6  0  0
procs -----------memory---------- ---swap-- -----io---- -system-- -------cpu-------
 r  b   swpd   free   buff  cache   si   so    bi    bo   in   cs us sy id wa st gu
12  7 117288 143670244 1937884 33221736    0    0 423040 330128 164949 402256 13  4 77  6  0  0
16  4 117288 143667084 1937884 33221752    0    0 421584 327468 164854 401828 13  4 77  6  0  0
16  2 117288 143663128 1937884 33221760    0    0 426080 328520 166180 407815 13  4 77  6  0  0
13  6 117288 143664592 1937884 33221772    0    0 429824 332492 166902 409894 13  4 77  6  0  0
14  6 117288 143673060 1937888 33221776    0    0 426736 342000 167071 408820 13  4 78  6  0  0
12  6 117288 143671508 1937888 33221792    0    0 434336 328088 167095 412158 13  4 77  6  0  0
15  5 117288 143671824 1937888 33221800    0    0 430112 338676 167263 408041 13  4 77  6  0  0
13  4 117288 143670852 1937888 33221808    0    0 431072 337156 167058 412258 13  4 77  6  0  0
12  5 117288 143674664 1937888 33221820    0    0 427712 339656 166752 407315 13  4 77  6  0  0
16  6 117288 143673968 1937888 33221832    0    0 427952 332140 165801 408114 13  3 78  6  0  0
10  8 117288 143679280 1937888 33221840    0    0 429632 336100 167067 409626 13  4 78  6  0  0
17  3 117288 143679976 1937888 33221852    0    0 428448 330908 166435 408352 13  3 78  6  0  0
14  4 117288 143674688 1937888 33221860    0    0 426176 335464 166353 406282 13  4 78  6  0  0
13  5 117288 143674024 1937888 33221868    0    0 432960 338052 167382 410427 13  4 77  6  0  0
16  2 117288 143676784 1937888 33221880    0    0 431504 332320 167418 409724 13  3 77  6  0  0
15  4 117288 143676876 1937888 33221892    0    0 426544 336652 166556 408487 13  4 77  6  0  0
11  6 117288 143672876 1937888 33221900    0    0 427728 334244 167363 410213 13  4 77  6  0  0
13  6 117288 143672412 1937888 33221908    0    0 429552 333360 166681 407825 13  4 78  6  0  0
15  5 117288 143671496 1937888 33221916    0    0 420656 328148 165455 404326 13  4 78  6  0  0
15  2 117288 143674808 1937888 33221928    0    0 428784 338320 167647 410767 13  4 77  6  0  0
16  4 117288 143669224 1937888 33221940    0    0 433680 331248 167384 411897 13  4 77  6  0  0
procs -----------memory---------- ---swap-- -----io---- -system-- -------cpu-------
 r  b   swpd   free   buff  cache   si   so    bi    bo   in   cs us sy id wa st gu
15  4 117288 143668008 1937888 33221956    0    0 425424 335468 167027 409861 13  4 77  6  0  0
 8  0 117288 143675696 1937888 33221964    0    0 431632 329140 168152 413676 13  4 77  6  0  0
12  6 117288 143673684 1937888 33221972    0    0 427232 336616 166361 409704 13  4 77  6  0  0
17  2 117288 143670836 1937892 33221980    0    0 432000 337196 168188 411499 13  4 77  6  0  0
14  4 117288 143674556 1937892 33221996    0    0 429616 330404 166837 408436 13  4 78  6  0  0
16  2 117288 143681412 1937892 33222072    0    0 426736 331408 166505 409034 13  4 77  6  0  0
14  6 117288 143674092 1937896 33222076    0    0 432000 332328 167751 410011 13  4 77  6  0  0
 4  1 117288 143676472 1937900 33222088    0    0 433360 335208 166798 409281 13  4 77  6  0  0
17  3 117288 143671296 1937900 33222100    0    0 429888 328104 166104 408005 13  4 78  6  0  0
14  7 117288 143679600 1937900 33222108    0    0 429392 333920 167070 409577 13  4 78  6  0  0
19  0 117288 143686244 1937900 33222116    0    0 430768 327228 166223 410158 13  3 78  6  0  0
11  7 117288 143686848 1937900 33222128    0    0 429200 338604 167592 408683 13  4 77  6  0  0
14  5 117288 143682852 1937904 33222136    0    0 427904 313800 164885 403849 13  4 77  6  0  0
17  2 117288 143684624 1937904 33222152    0    0 424992 327900 165259 403613 13  3 77  6  0  0
16  5 117288 143684968 1937904 33222160    0    0 425952 330704 165571 408110 13  4 77  6  0  0
 8  0 117288 143685816 1937904 33222168    0    0 422784 335976 165436 404538 13  4 77  6  0  0
11  7 117288 143683496 1937904 33222176    0    0 424704 333572 165130 403579 13  4 78  6  0  0
 7  2 117288 143677260 1937904 33222184    0    0 430064 337244 166660 409098 13  4 77  6  0  0
12  9 117288 143677960 1937904 33222200    0    0 431600 329864 166191 409617 13  4 78  6  0  0
10  8 117288 143687152 1937904 33222212    0    0 433520 331944 166797 412126 13  4 77  6  0  0
11  7 117288 143687408 1937904 33222220    0    0 434752 339080 167520 412521 13  4 77  6  0  0
procs -----------memory---------- ---swap-- -----io---- -system-- -------cpu-------
 r  b   swpd   free   buff  cache   si   so    bi    bo   in   cs us sy id wa st gu
11  6 117288 143685000 1937904 33222228    0    0 429248 334556 166249 408338 13  4 77  6  0  0
17  0 117288 143690568 1937904 33222240    0    0 433968 337092 167177 410987 13  4 77  6  0  0
13  6 117288 143688000 1937904 33222256    0    0 429952 329520 166082 408476 13  4 78  6  0  0
17  3 117288 143683136 1937904 33222264    0    0 433008 336404 167143 411476 13  4 77  6  0  0
14  4 117288 143682608 1937904 33222268    0    0 432224 335108 167114 412555 13  4 77  6  0  0
16  3 117288 143682324 1937904 33222276    0    0 431280 337304 167808 413040 13  4 77  6  0  0
13  8 117288 143686052 1937904 33222288    0    0 429216 338268 166664 409871 13  4 77  6  0  0
17  4 117288 143689328 1937904 33222296    0    0 432160 330316 166410 408753 13  4 77  6  0  0
10  8 117288 143686388 1937904 33222308    0    0 430176 335612 166345 408170 13  4 77  6  0  0
12  6 117288 143675280 1937904 33222316    0    0 434432 332960 165869 408122 13  4 77  6  0  0
18  3 117288 143676068 1937904 33222324    0    0 433936 334048 166918 412038 13  4 77  6  0  0
11  7 117288 143667524 1937904 33222336    0    0 425456 340128 166125 407440 13  4 77  6  0  0
14  5 117288 143672684 1937904 33222348    0    0 428336 333852 166270 407891 13  4 77  6  0  0
11  7 117288 143682936 1937904 33222360    0    0 430624 335908 169387 410488 13  4 77  6  0  0
14  4 117288 143688696 1937904 33222368    0    0 430544 327872 167770 410583 13  4 77  6  0  0
17  3 117288 143665988 1937904 33222392    0    0 429312 334480 167225 412090 13  5 76  6  0  0
10  8 117288 143658104 1937904 33222392    0    0 428400 337744 167725 408930 13  4 77  6  0  0
15  3 117288 143662716 1937904 33222408    0    0 430560 335084 167309 410770 13  4 77  6  0  0
 6  2 117288 143661004 1937904 33222420    0    0 426832 335216 167156 409616 13  4 78  6  0  0
12  6 117288 143671704 1937904 33222428    0    0 431616 331816 167376 412319 13  4 77  6  0  0
16  3 117288 143673500 1937904 33222440    0    0 432272 336508 167756 412026 13  4 77  6  0  0
procs -----------memory---------- ---swap-- -----io---- -system-- -------cpu-------
 r  b   swpd   free   buff  cache   si   so    bi    bo   in   cs us sy id wa st gu
18  3 117288 143675672 1937908 33222444    0    0 428864 332852 167642 411468 13  4 78  6  0  0
13  6 117288 143679784 1937908 33222456    0    0 427600 339944 168346 411346 13  4 77  6  0  0
16  3 117288 143670412 1937908 33222468    0    0 428656 324068 165926 408434 13  4 77  6  0  0
17  5 117288 143663388 1937908 33222444    0    0 418624 331812 165667 403363 13  4 77  6  0  0
13  6 117288 143666988 1937908 33222456    0    0 426832 329936 165815 407308 13  4 77  6  0  0
21  2 117288 143663828 1937912 33222460    0    0 425008 335788 167103 409338 13  4 77  6  0  0
15  5 117288 143667364 1937912 33222472    0    0 428272 333732 166455 410361 13  4 78  6  0  0
16  2 117288 143661728 1937912 33222484    0    0 431968 331904 166934 410463 13  4 77  6  0  0
14  6 117288 143667408 1937912 33222492    0    0 427936 335592 166731 409955 13  4 77  6  0  0
17  7 117288 143667104 1937912 33222504    0    0 420544 328284 165614 407754 13  3 78  6  0  0
18  3 117288 143671800 1937912 33222512    0    0 426720 329960 166587 407239 13  4 77  6  0  0
18  6 117288 143670580 1937916 33222520    0    0 423168 330260 165583 408633 13  4 77  6  0  0
15  4 117288 143673204 1937916 33222532    0    0 430672 328820 166685 410658 13  4 77  6  0  0
15  5 117288 143671536 1937916 33222548    0    0 431728 335092 167520 411497 13  4 77  6  0  0
13  5 117288 143672732 1937916 33222560    0    0 427472 330200 166950 408352 13  4 77  6  0  0
16  7 117288 143676032 1937916 33222568    0    0 423184 333904 166166 406371 13  4 78  6  0  0
15  3 117288 143664516 1937916 33222580    0    0 423280 323112 165585 404803 13  4 78  6  0  0
15  3 117288 143671760 1937916 33222584    0    0 425824 331980 165989 407024 13  4 77  6  0  0
17  2 117288 143671744 1937916 33222600    0    0 423824 329324 165809 402995 13  4 77  6  0  0
17  2 117288 143662852 1937916 33222608    0    0 426656 328860 165975 407406 13  4 78  6  0  0
17  4 117288 143660592 1937916 33222616    0    0 426736 331196 167027 408264 13  4 77  6  0  0
procs -----------memory---------- ---swap-- -----io---- -system-- -------cpu-------
 r  b   swpd   free   buff  cache   si   so    bi    bo   in   cs us sy id wa st gu
21  2 117288 143664276 1937916 33222624    0    0 426032 329444 166009 408994 13  4 78  6  0  0
15  3 117288 143671328 1937916 33222632    0    0 427440 330460 166320 405465 13  3 78  6  0  0
15  6 117288 143672048 1937916 33222648    0    0 429440 327132 166296 409459 13  4 77  6  0  0
13  5 117288 143673144 1937916 33222744    0    0 425296 335632 166952 407400 13  4 77  6  0  0
12  6 117288 143676116 1937916 33222752    0    0 424112 329848 166302 405927 13  4 78  6  0  0
13  8 117288 143680440 1937916 33222760    0    0 420544 333856 164783 406728 13  4 78  6  0  0
14  6 117288 143683608 1937916 33222768    0    0 429088 324032 166682 409595 13  4 78  6  0  0
13  5 117288 143675136 1937916 33222784    0    0 427152 333832 167107 412385 13  4 77  6  0  0
12  8 117288 143669484 1937916 33222792    0    0 430096 334184 167599 418448 13  4 77  6  0  0
16  3 117288 143672188 1937916 33222800    0    0 428592 335180 168112 411250 13  4 77  6  0  0
17  2 117288 143664848 1937916 33222808    0    0 427616 334704 167268 409740 13  4 77  6  0  0
17  5 117288 143669124 1937916 33222816    0    0 424912 337444 167731 411236 13  4 78  6  0  0
14  8 117288 143665720 1937916 33222832    0    0 422832 326848 165562 409393 13  4 77  6  0  0
 9  9 117288 143660580 1937916 33222844    0    0 421136 336752 166345 407532 13  4 77  6  0  0
17  3 117288 143662376 1937916 33222848    0    0 427920 323784 166569 408111 13  4 77  6  0  0
16  7 117288 143665156 1937920 33222852    0    0 423152 338752 167011 408023 13  4 78  6  0  0
17  2 117288 143667596 1937920 33222864    0    0 427008 329352 166704 410196 13  4 77  6  0  0
17  6 117288 143670880 1937920 33222880    0    0 426112 329972 166444 409556 13  4 77  6  0  0
17  5 117288 143665092 1937920 33222888    0    0 426048 331876 167198 409906 13  4 77  6  0  0
12  6 117288 143669420 1937920 33222896    0    0 424432 335372 166782 408094 13  4 77  6  0  0
15  8 117288 143666912 1937920 33222904    0    0 425184 331288 166372 410767 13  4 77  6  0  0
procs -----------memory---------- ---swap-- -----io---- -system-- -------cpu-------
 r  b   swpd   free   buff  cache   si   so    bi    bo   in   cs us sy id wa st gu
11  9 117288 143667808 1937920 33222916    0    0 426864 331456 166723 407984 13  4 77  6  0  0
16  6 117288 143664516 1937920 33222928    0    0 434976 333968 168772 416011 13  4 77  6  0  0
18  2 117288 143662276 1937920 33222936    0    0 431120 334376 167486 412430 13  4 77  6  0  0
16  6 117288 143659236 1937920 33222952    0    0 434192 335988 167266 415973 13  4 77  6  0  0
14  4 117288 143669108 1937920 33222960    0    0 431680 342152 167606 412507 13  4 77  6  0  0
14  5 117288 143667276 1937920 33222972    0    0 430176 333808 167613 413472 13  4 77  6  0  0
22  2 117288 143676576 1937920 33222984    0    0 433568 330896 168242 415478 13  4 77  6  0  0
19  4 117288 143667592 1937920 33222992    0    0 427776 337808 167709 411946 13  4 77  6  0  0
21  4 117288 143676156 1937920 33223000    0    0 430448 335020 166688 411906 13  4 77  6  0  0
16  7 117288 143681060 1937920 33223008    0    0 429184 337180 167204 411869 13  4 78  6  0  0
21  2 117288 143680128 1937920 33223016    0    0 429280 334980 167839 411573 13  4 77  6  0  0
14  5 117288 143676620 1937920 33223024    0    0 426960 330520 166642 408603 13  4 77  6  0  0
17  3 117288 143668780 1937920 33223036    0    0 431248 337136 167740 409904 13  4 77  6  0  0
17  5 117288 143676720 1937920 33223048    0    0 428608 335484 166840 413451 13  4 77  6  0  0
17  4 117288 143672844 1937920 33223060    0    0 431008 335940 167777 412944 13  4 77  6  0  0
17  4 117288 143671988 1937920 33223072    0    0 422960 337340 166707 411138 13  4 78  6  0  0
15  3 117288 143669120 1937920 33223080    0    0 432432 329432 166887 418068 13  4 77  6  0  0
18  2 117288 143676068 1937920 33223092    0    0 429760 343060 167728 412647 13  4 77  6  0  0
17  4 117288 143681308 1937920 33223100    0    0 433776 334928 167797 414851 13  4 77  6  0  0
16  3 117288 143673220 1937920 33223116    0    0 429200 338412 166783 412989 13  4 77  6  0  0
12  6 117288 143674000 1937920 33223124    0    0 426032 337680 166349 410175 13  4 78  6  0  0
procs -----------memory---------- ---swap-- -----io---- -system-- -------cpu-------
 r  b   swpd   free   buff  cache   si   so    bi    bo   in   cs us sy id wa st gu
12  6 117288 143670348 1937920 33223132    0    0 434528 339688 168490 415607 13  4 77  6  0  0
16  5 117288 143668156 1937920 33223144    0    0 432384 338536 168364 413826 13  4 77  6  0  0
14  8 117288 143673180 1937920 33223152    0    0 433328 341476 168983 416016 13  4 78  6  0  0
18  1 117288 143676488 1937920 33223164    0    0 431168 339496 167525 415451 13  4 78  6  0  0
14  4 117288 143675104 1937920 33223176    0    0 431568 328512 167143 414632 13  4 77  6  0  0
15  6 117288 143676572 1937920 33223184    0    0 423264 340760 166568 409061 13  4 78  6  0  0
15  6 117288 143676060 1937920 33223192    0    0 429680 332268 166778 409962 13  4 77  6  0  0
13  6 117288 143675960 1937920 33223200    0    0 427456 336596 166791 411072 13  4 77  6  0  0
11  9 117288 143671392 1937920 33223212    0    0 429600 334436 167474 413926 13  4 77  6  0  0
 9 10 117288 143668360 1937920 33223220    0    0 427952 332076 166633 411404 13  4 77  6  0  0
14  7 117288 143668944 1937920 33223228    0    0 430576 335268 167309 410921 13  3 77  6  0  0
11  7 117288 143670492 1937920 33223240    0    0 421776 339048 166144 409924 13  4 78  6  0  0
15  3 117288 143670232 1937920 33223248    0    0 430224 330376 167436 410998 13  4 77  6  0  0
15  4 117288 143664292 1937920 33223260    0    0 429504 340828 167364 411739 13  4 78  6  0  0
13  6 117288 143655460 1937924 33223268    0    0 431648 330228 167225 410530 13  4 77  6  0  0
14  5 117288 143651336 1937924 33223280    0    0 431040 341024 167725 411034 13  4 77  6  0  0
14  5 117288 143650096 1937924 33223292    0    0 429072 336732 167549 411419 13  4 78  6  0  0
17  4 117288 143655148 1937924 33223300    0    0 428992 334592 167324 414061 13  4 78  6  0  0
14  6 117288 143659104 1937924 33223312    0    0 431392 333900 167519 414722 13  4 77  6  0  0
17  4 117288 143656956 1937928 33223316    0    0 429632 338752 167636 411912 13  4 78  6  0  0
17  4 117288 143656984 1937928 33223328    0    0 433968 337804 167865 413884 13  4 77  6  0  0
procs -----------memory---------- ---swap-- -----io---- -system-- -------cpu-------
 r  b   swpd   free   buff  cache   si   so    bi    bo   in   cs us sy id wa st gu
12  6 117288 143660168 1937928 33223412    0    0 428128 330420 167254 411536 13  4 78  6  0  0
15  5 117288 143658588 1937928 33223424    0    0 431152 338064 167778 411959 13  4 77  6  0  0
16  5 117288 143658000 1937928 33223432    0    0 434224 329296 167682 416818 13  4 78  6  0  0
16  5 117288 143660780 1937928 33223436    0    0 433280 340756 168351 414562 13  4 77  6  0  0
15  5 117288 143659460 1937928 33223444    0    0 428720 333560 166918 410504 13  4 77  6  0  0
11  7 117288 143656124 1937928 33223456    0    0 428160 336580 167232 411617 13  4 78  6  0  0
14  4 117288 143658708 1937928 33223468    0    0 434576 336224 168140 416570 13  3 78  6  0  0
15  4 117288 143660988 1937928 33223480    0    0 433216 336752 168029 419208 13  4 77  6  0  0
17  2 117288 143653616 1937928 33223488    0    0 436288 337192 168765 418768 13  4 77  6  0  0
14  5 117288 143656384 1937928 33223496    0    0 433264 340228 168153 417083 13  4 77  6  0  0
14  3 117288 143654388 1937928 33223512    0    0 437232 337728 168279 417138 13  4 77  6  0  0
16  4 117288 143652572 1937928 33223528    0    0 433488 339664 167871 413380 13  4 77  6  0  0
 9  8 117288 143656348 1937928 33223536    0    0 431312 337308 167705 412843 13  4 78  6  0  0
11  7 117288 143655460 1937928 33223544    0    0 430432 334488 167574 415157 13  4 77  6  0  0
12  7 117288 143651088 1937928 33223552    0    0 426464 336060 166711 409231 13  4 78  6  0  0
12  6 117288 143653000 1937928 33223560    0    0 429616 333060 167307 412725 13  4 77  6  0  0
13  5 117288 143647856 1937928 33223576    0    0 425920 334232 167224 413121 13  4 78  6  0  0
13  5 117288 143643548 1937928 33223584    0    0 428336 335076 167534 416884 13  4 77  6  0  0
15  3 117288 143645564 1937928 33223592    0    0 428624 334988 166636 413401 13  4 77  6  0  0
15  6 117288 143651888 1937928 33223600    0    0 425776 341240 166899 409656 13  4 78  6  0  0
15  4 117288 143653552 1937928 33223608    0    0 427472 325516 167111 410435 13  4 77  6  0  0
procs -----------memory---------- ---swap-- -----io---- -system-- -------cpu-------
 r  b   swpd   free   buff  cache   si   so    bi    bo   in   cs us sy id wa st gu
15  4 117288 143653052 1937928 33223620    0    0 430192 331772 167555 409428 13  4 77  6  0  0
18  4 117288 143656668 1937928 33223628    0    0 431856 335052 167451 409913 13  3 78  6  0  0
15  4 117288 143650656 1937928 33223636    0    0 432272 335116 167577 414235 13  4 77  6  0  0
14  4 117288 143647436 1937928 33223644    0    0 433056 331792 168109 414857 13  4 77  6  0  0
10  9 117288 143644828 1937928 33223656    0    0 429872 338244 168083 413606 13  4 77  6  0  0
13  7 117288 143644148 1937928 33223672    0    0 434064 335004 168488 416671 13  4 78  6  0  0
18  2 117288 143655220 1937928 33223680    0    0 436832 342428 168424 416942 13  4 77  6  0  0
14  4 117288 143654852 1937928 33223688    0    0 429808 334328 167062 412839 13  4 77  6  0  0
15  5 117288 143656436 1937928 33223696    0    0 432272 339456 168414 416538 13  4 77  6  0  0
18  0 117288 143661648 1937928 33223708    0    0 429616 330692 167050 411847 13  4 77  6  0  0
12  7 117288 143664684 1937928 33223720    0    0 431488 338452 167787 411116 13  4 77  6  0  0
14  5 117288 143663736 1937928 33223728    0    0 426688 336548 166240 413915 13  4 77  6  0  0
 7  1 117288 143661144 1937928 33223736    0    0 433520 335236 166871 415748 13  4 78  6  0  0
12  7 117288 143659180 1937928 33223748    0    0 430352 334384 167651 413145 13  4 77  6  0  0
15  4 117288 143665172 1937928 33223756    0    0 429952 335392 166929 412739 13  4 78  6  0  0
11  8 117288 143664176 1937928 33223768    0    0 434784 338524 168259 417270 13  4 77  6  0  0
13  6 117288 143662500 1937928 33223780    0    0 429440 338076 167786 413319 13  4 77  6  0  0
15  4 117288 143666204 1937928 33223788    0    0 435184 336208 168311 416355 13  4 77  6  0  0
13  5 117288 143665904 1937932 33223792    0    0 432016 338076 167864 414671 13  4 77  6  0  0
14  5 117288 143664488 1937932 33223808    0    0 436176 337068 167594 414062 13  4 77  6  0  0
18  3 117288 143661924 1937932 33223816    0    0 430352 333748 167327 413178 13  4 78  6  0  0
procs -----------memory---------- ---swap-- -----io---- -system-- -------cpu-------
 r  b   swpd   free   buff  cache   si   so    bi    bo   in   cs us sy id wa st gu
 9  0 117288 143665460 1937932 33223828    0    0 431696 343208 168559 414734 13  4 78  6  0  0
15  4 117288 143666048 1937932 33223836    0    0 434336 331440 168710 417843 13  4 77  6  0  0
13  6 117288 143676680 1937932 33223848    0    0 434896 338404 168166 415231 13  4 77  6  0  0
11  6 117288 143672364 1937932 33223856    0    0 431312 342272 168224 414257 13  4 77  6  0  0
14  4 117288 143671460 1937932 33223864    0    0 429952 331656 166432 412538 13  4 78  6  0  0
12  6 117288 143668612 1937932 33223876    0    0 433072 334152 167465 414419 13  4 77  6  0  0
15  5 117288 143674524 1937932 33223884    0    0 422576 330492 164445 404366 13  3 78  6  0  0
12  7 117288 143667904 1937932 33223896    0    0 423360 328476 165532 406910 13  4 77  6  0  0
17  2 117288 143661888 1937932 33223908    0    0 425152 337916 165810 412008 13  4 77  6  0  0
16  3 117288 143659144 1937932 33223916    0    0 432912 339744 167424 416902 13  4 77  6  0  0
 6  0 117288 143659644 1937932 33223928    0    0 431984 353084 168547 416678 13  4 77  6  0  0
13  7 117288 143647296 1937936 33223948    4    0 431700 323692 167461 417218 14  4 77  6  0  0
20  1 117288 143642956 1937936 33223976    0    0 435024 334544 167691 414859 13  4 77  6  0  0
 8 10 117288 143631344 1937936 33224216    0    0 429120 339844 168448 414789 14  4 77  6  0  0
12  9 117288 143631080 1937936 33224004    0    0 433840 337124 168248 416694 13  4 78  6  0  0
15  5 117288 143634832 1937936 33224020    0    0 427408 333188 167641 411820 13  4 77  6  0  0
13  5 117288 143644052 1937940 33224024    0    0 435792 336756 168372 416701 13  4 77  6  0  0
11  7 117288 143648512 1937940 33224044    0    0 435056 340484 168399 414405 13  4 77  6  0  0
15  5 117288 143655288 1937940 33224120    0    0 429360 345456 167644 412043 13  4 78  6  0  0
 5  2 117288 143656924 1937940 33224128    0    0 432432 334660 167665 412587 13  3 78  6  0  0
14  4 117288 143658756 1937940 33224140    0    0 434112 325724 167206 411438 13  4 77  6  0  0
procs -----------memory---------- ---swap-- -----io---- -system-- -------cpu-------
 r  b   swpd   free   buff  cache   si   so    bi    bo   in   cs us sy id wa st gu
14  6 117288 143664488 1937940 33224152    0    0 429904 346708 168214 412029 13  4 77  6  0  0
13  6 117288 143662016 1937940 33224160    0    0 433856 327920 168740 416406 13  4 77  6  0  0
11  7 117288 143665252 1937940 33224168    0    0 430688 339168 167843 413177 13  4 77  6  0  0
11  7 117288 143661008 1937940 33224176    0    0 429072 331208 166562 413258 13  4 77  6  0  0
22  5 117288 143659876 1937940 33224188    0    0 429344 347620 167554 411001 13  4 78  6  0  0
 3  3 117288 143664840 1937940 33224196    0    0 433248 326872 167266 415226 13  4 77  6  0  0
 7  0 117288 143675228 1937940 33224208    0    0 428448 334756 167813 415374 13  4 77  6  0  0
15  3 117288 143659412 1937940 33224220    0    0 429888 344792 168086 411725 13  4 77  6  0  0
14  7 117288 143663640 1937940 33224228    0    0 436272 321936 166603 415799 13  4 77  6  0  0
16  2 117288 143674456 1937940 33224236    0    0 425008 350760 167871 410321 13  4 78  6  0  0
20  4 117288 143677672 1937940 33224248    0    0 435360 323092 167547 414716 13  4 77  6  0  0
17  3 117288 143679680 1937940 33224256    0    0 429936 338044 167898 413443 13  4 78  6  0  0
 9  8 117288 143671956 1937940 33224264    0    0 430208 337308 168063 411754 13  4 78  6  0  0
14  3 117288 143677932 1937940 33224272    0    0 431184 337200 167515 412647 13  4 77  6  0  0
 4  1 117288 143676788 1937940 33224284    0    0 432880 339684 167774 413111 13  4 78  6  0  0
 7  1 117288 143671084 1937940 33224296    0    0 431152 339172 168807 414233 13  4 78  6  0  0
 4  2 117288 143669964 1937940 33224304    0    0 427440 336440 167718 408976 13  4 78  6  0  0
17  1 117288 143668948 1937940 33224312    0    0 430864 329044 167100 409839 13  4 78  6  0  0
12  8 117288 143667028 1937940 33224320    0    0 426816 331024 166301 407710 13  4 78  6  0  0
17  4 117288 143664024 1937940 33224328    0    0 427936 340416 166921 411364 13  4 77  6  0  0
14  5 117288 143666264 1937940 33224344    0    0 427840 332816 166877 409626 13  4 77  6  0  0
procs -----------memory---------- ---swap-- -----io---- -system-- -------cpu-------
 r  b   swpd   free   buff  cache   si   so    bi    bo   in   cs us sy id wa st gu
16  4 117288 143672344 1937940 33224352    0    0 429648 335404 167762 409919 13  4 77  6  0  0
15  4 117288 143667416 1937940 33224360    0    0 421728 343148 166732 405976 13  4 77  6  0  0
11  8 117288 143664272 1937940 33224368    0    0 433248 333248 166975 410852 13  4 78  6  0  0
18  1 117288 143659132 1937940 33224380    0    0 435344 327152 167190 417261 13  4 77  6  0  0
13  5 117288 143664112 1937940 33224392    0    0 428160 333944 167919 410638 13  4 77  6  0  0
17  3 117288 143664104 1937940 33224404    0    0 432448 333580 168019 414968 13  4 77  6  0  0
15  3 117288 143669672 1937940 33224412    0    0 432992 336888 167737 415208 13  4 77  6  0  0
16  3 117288 143664904 1937940 33224420    0    0 431264 333980 167646 412665 13  4 77  6  0  0
16  4 117288 143664720 1937940 33224436    0    0 429936 333812 167424 412122 13  4 77  6  0  0
11  7 117288 143667976 1937940 33224448    0    0 426000 331092 166709 409653 13  4 78  6  0  0
 4  4 117288 143665772 1937940 33224456    0    0 423968 345296 167431 409778 13  4 78  6  0  0
 9  9 117288 143674908 1937940 33224464    0    0 433520 321272 166525 416839 13  4 78  6  0  0
13  5 117288 143666316 1937940 33224472    0    0 426688 330548 166654 412032 13  4 78  6  0  0
12  6 117288 143664760 1937940 33224484    0    0 428640 340456 166882 411450 13  4 77  6  0  0
13  5 117288 143663164 1937940 33224496    0    0 432048 324772 167014 412767 13  4 78  6  0  0
15  4 117288 143671500 1937944 33224500    0    0 426832 343024 166599 408827 13  4 78  6  0  0
12  7 117288 143665612 1937944 33224512    0    0 431328 321904 167050 413622 13  4 77  6  0  0
13  8 117288 143672212 1937944 33224524    0    0 424224 340876 166369 408621 13  3 78  6  0  0
15  3 117288 143668640 1937944 33224540    0    0 428960 323944 166351 413253 13  4 77  6  0  0
12  6 117288 143671884 1937944 33224552    0    0 425040 328360 165944 408671 13  4 77  6  0  0
14  4 117288 143667232 1937948 33224556    0    0 417920 342984 165912 403862 13  3 78  6  0  0
procs -----------memory---------- ---swap-- -----io---- -system-- -------cpu-------
 r  b   swpd   free   buff  cache   si   so    bi    bo   in   cs us sy id wa st gu
 7  2 117288 143674264 1937948 33224568    0    0 427408 328028 165975 408553 13  4 77  6  0  0
15  6 117288 143675720 1937948 33224576    0    0 432992 317164 166199 409103 13  4 77  6  0  0
13  6 117288 143673532 1937948 33224588    0    0 424016 338704 166744 408040 13  4 78  6  0  0
18  2 117288 143674056 1937948 33224600    0    0 430576 324012 167216 412302 13  4 77  6  0  0
14  5 117288 143674540 1937948 33224612    0    0 424592 339972 166880 404832 13  4 78  6  0  0
12  7 117288 143674272 1937948 33224620    0    0 425200 329632 167142 407093 13  4 77  6  0  0
10  2 117288 143668368 1937948 33224632    0    0 428000 326004 166748 410570 13  4 77  6  0  0
 7 11 117288 143675608 1937948 33224640    0    0 428928 335784 167154 413671 13  4 78  6  0  0
 8 10 117288 143669084 1937948 33224648    0    0 425056 332536 166159 407060 13  4 78  6  0  0
12  1 117288 143663832 1937956 33224652    0    0 427056 315440 165437 407986 13  4 77  6  0  0
18  2 117288 143659772 1937956 33224668    0    0 422480 335664 165551 402530 13  4 78  6  0  0
12  6 117288 143674288 1937956 33224680    0    0 424256 344180 167280 403994 13  4 78  6  0  0
 9 11 117288 143667948 1937956 33224688    0    0 423104 332316 167167 407043 13  4 77  6  0  0
11  7 117288 143662416 1937956 33224696    0    0 425120 333096 167116 407640 13  4 77  6  0  0
12  6 117288 143657924 1937956 33224776    0    0 429056 336112 169015 413117 13  4 77  6  0  0
15  3 117288 143650960 1937956 33224788    0    0 429152 329704 167116 409269 13  4 77  6  0  0
15  4 117288 143650632 1937956 33224796    0    0 427968 332544 166202 407429 13  4 77  6  0  0
20  2 117288 143654664 1937956 33224808    0    0 426736 327972 165131 404288 13  4 78  6  0  0
17  3 117288 143650788 1937956 33224816    0    0 427776 333756 165860 408379 13  4 77  6  0  0
