procs -----------memory---------- ---swap-- -----io---- -system-- -------cpu-------
 r  b   swpd   free   buff  cache   si   so    bi    bo   in   cs us sy id wa st gu
 4  0 136288 87665568 1743800 48383116    4    6 30918 33211 20175    7  4  1 95  1  0  0
67  0 136288 87640520 1743800 48383196    0    0     0 147872 87779 38823 38  1 61  0  0  0
67  0 136288 87635148 1743800 48383212    0    0     0 369124 112939 47653 81  2 17  0  0  0
52  0 136288 87613804 1743800 48383228    0    0     0 391812 98310 43784 76  2 22  0  0  0
29 48 136288 87291900 1743800 48383248    0    0 649856 606516 265786 545258 37  9 41 12  0  0
41 29 136288 87304024 1743808 48383256    0    0 1345920 696060 287909 1045029 42 14 23 20  0  0
49 21 136288 87261668 1743808 48383292    0    0 1345584 727532 315763 1045905 39 14 25 21  0  0
49 23 136288 87316388 1743808 48383308    0    0 1338016 716156 280166 1037875 39 14 26 21  0  0
41 29 136288 87322480 1743808 48383328    0    0 1340304 720880 284526 1043310 39 14 26 21  0  0
45 26 136288 87375816 1743808 48383340    0    0 1333008 761512 278792 1034777 38 13 27 23  0  0
54 10 136288 87348940 1743812 48383348    0    0 1348256 716828 283443 1061584 40 14 25 21  0  0
39 31 136288 87338428 1743812 48383376    0    0 1312768 725188 281414 1017563 38 14 27 21  0  0
53 17 136288 87336300 1743812 48383396    0    0 1367392 704604 284028 1056680 40 15 25 21  0  0
52 18 136288 87349596 1743812 48383412    0    0 1352496 724800 280628 1049790 40 14 25 21  0  0
57 14 136288 87346720 1743812 48383428    0    0 1359664 721172 283121 1057026 40 15 25 21  0  0
33 21 136288 87343696 1743820 48383444    0    0 1325152 741840 280592 1038737 39 14 26 21  0  0
42 27 136288 87330848 1743820 48383472    0    0 1344320 710992 293233 1151311 40 15 25 20  0  0
18 49 136288 87341120 1743820 48383492    0    0 1331920 735648 291331 1118625 40 14 25 21  0  0
37 29 136288 87368192 1743820 48383508    0    0 1367760 720184 280745 1051923 39 13 26 22  0  0
23 36 136288 87356880 1743820 48383512    0    0 1346528 743604 291415 1152819 40 14 25 21  0  0
15 20 136288 87343440 1743824 48383528    0    0 1313360 745812 288662 1110222 39 14 26 20  0  0
procs -----------memory---------- ---swap-- -----io---- -system-- -------cpu-------
 r  b   swpd   free   buff  cache   si   so    bi    bo   in   cs us sy id wa st gu
32 41 136288 87330808 1743824 48383552    0    0 1363200 731812 283470 1055942 40 14 25 21  0  0
50 23 136288 87325340 1743824 48383568    0    0 1358912 732864 283793 1051217 40 14 25 21  0  0
45 24 136288 87320552 1743824 48383588    0    0 1327696 753016 288871 1104963 39 15 26 21  0  0
52 18 136288 87327776 1743824 48383604    0    0 1341232 765684 283297 1047815 39 14 25 21  0  0
50 19 136288 87330664 1743828 48383620    0    0 1302976 737688 283179 1064492 38 14 26 21  0  0
44 28 136288 87326636 1743828 48383648    0    0 1329024 741576 282105 1037377 39 14 26 21  0  0
46 11 136288 87340524 1743828 48383668    0    0 1317648 747732 304731 1109411 39 14 26 22  0  0
40 26 136288 87369996 1743828 48383676    0    0 1338176 759164 281087 1046825 38 13 26 23  0  0
59 13 136288 87325692 1743828 48383692    0    0 1296256 751456 295398 1104117 38 14 26 21  0  0
41 28 136288 87331508 1743836 48383700    0    0 1298832 750844 289339 1121701 39 14 26 21  0  0
48 23 136288 87336180 1743836 48383736    0    0 1299824 742612 287197 1119072 38 14 26 21  0  0
43 22 136288 87318900 1743836 48383752    0    0 1297776 752180 304331 1117988 38 14 26 21  0  0
41 25 136288 87322888 1743836 48383768    0    0 1302816 764572 289062 1112117 39 14 26 21  0  0
48 21 136288 87319124 1743836 48383796    0    0 1323056 735068 290769 1094218 39 14 26 21  0  0
46 22 136288 87326556 1743844 48383804    0    0 1300704 753652 288146 1120597 38 15 25 22  0  0
32 40 136288 87335772 1743844 48383828    0    0 1305520 767504 290218 1126506 39 14 26 22  0  0
13 29 136288 87364088 1743844 48383840    0    0 1313472 751412 287560 1124430 38 13 27 22  0  0
29 46 136288 87338124 1743844 48383856    0    0 1316672 727400 281731 1044805 39 13 26 22  0  0
45 21 136288 87306716 1743844 48383872    0    0 1303120 746088 281863 1019932 38 14 26 22  0  0
34 35 136288 87322860 1743844 48383892    0    0 1312224 773572 281413 1022557 38 14 26 22  0  0
48 23 136288 87326216 1743844 48383908    0    0 1299840 799416 278503 1017665 38 14 26 22  0  0
procs -----------memory---------- ---swap-- -----io---- -system-- -------cpu-------
 r  b   swpd   free   buff  cache   si   so    bi    bo   in   cs us sy id wa st gu
42 28 136288 87322888 1743844 48383928    0    0 1281664 783564 276067 1004149 38 14 27 22  0  0
22 39 136288 87334692 1743844 48384016    0    0 1313104 761692 276922 1018972 38 14 26 22  0  0
42 33 136288 87320248 1743844 48384032    0    0 1313824 765380 283350 1023787 38 14 26 22  0  0
23 47 136288 87317040 1743844 48384052    0    0 1309456 758952 278257 1025196 38 14 26 22  0  0
35 33 136288 87357464 1743844 48384064    0    0 1294912 800084 283648 1075650 37 13 27 23  0  0
32 33 136288 87331964 1743844 48384084    0    0 1322080 764484 283358 1056312 39 13 26 22  0  0
49 20 136288 87310996 1743844 48384100    0    0 1290992 788220 281367 1052971 38 14 26 22  0  0
32 37 136288 87315840 1743844 48384120    0    0 1299648 806636 277387 1013595 38 14 26 22  0  0
35 38 136288 87310620 1743852 48384128    0    0 1305712 773588 284498 1017296 38 14 26 21  0  0
45 25 136288 87309428 1743852 48384156    0    0 1282656 770132 279276 1010783 38 14 27 22  0  0
51 18 136288 87316972 1743852 48384180    0    0 1273664 798752 276446 1001323 37 13 27 22  0  0
53 16 136288 87311152 1743852 48384196    0    0 1271344 825184 278073 1010562 37 14 27 22  0  0
48 24 136288 87308592 1743852 48384208    0    0 1298736 768008 288265 1115230 38 14 26 21  0  0
50 18 136288 87332960 1743852 48384224    0    0 1283600 802208 276698 1009309 37 13 27 23  0  0
61 17 136288 87344124 1743860 48384232    0    0 1293424 802144 276116 1013842 38 12 27 23  0  0
47 22 136288 87315852 1743860 48384256    0    0 1275952 788656 287979 1106516 38 14 26 22  0  0
47 25 136288 87319868 1743860 48384272    0    0 1286304 801164 280086 1025038 38 14 27 22  0  0
54 14 136288 87314728 1743860 48384292    0    0 1301696 805252 280151 1018712 38 14 26 22  0  0
50 19 136288 87316332 1743860 48384308    0    0 1301648 802812 279023 1017580 37 14 27 22  0  0
47 21 136288 87316276 1743864 48384332    0    0 1301152 806580 278531 1017586 38 14 26 22  0  0
39 39 136288 87313136 1743864 48384356    0    0 1292208 807192 282002 1039543 38 14 26 22  0  0
procs -----------memory---------- ---swap-- -----io---- -system-- -------cpu-------
 r  b   swpd   free   buff  cache   si   so    bi    bo   in   cs us sy id wa st gu
27 41 136288 87305356 1743864 48384372    0    0 1312928 779112 280452 1031679 38 14 26 22  0  0
49 20 136288 87327868 1743864 48384388    0    0 1265552 776040 273905 991264 36 13 28 22  0  0
42 27 136288 87351900 1743864 48384400    0    0 1276032 830668 275989 996438 37 12 28 23  0  0
47 21 136288 87325752 1743872 48384420    0    0 1297376 768060 287397 1096095 38 14 26 22  0  0
46  5 136288 87303928 1743872 48384440    0    0 1267712 793720 288816 1106731 38 14 27 21  0  0
47 20 136288 87320004 1743872 48384456    0    0 1286400 770740 275958 1006431 38 14 27 22  0  0
43 28 136288 87313680 1743872 48384476    0    0 1267984 839356 277594 1004774 37 13 27 23  0  0
45 23 136288 87309864 1743872 48384496    0    0 1295680 773212 278354 1023708 38 14 27 22  0  0
48 24 136288 87312604 1743876 48384508    0    0 1293856 782424 288463 1118025 38 14 26 22  0  0
51 16 136288 87307844 1743876 48384528    0    0 1291104 823752 283617 1045558 38 14 26 22  0  0
50 22 136288 87305740 1743876 48384548    0    0 1280944 803636 283182 1069790 38 14 27 22  0  0
46 25 136288 87348040 1743876 48384560    0    0 1266480 840280 275388 1000584 36 12 28 24  0  0
36 22 136288 87323096 1743876 48384572    0    0 1265888 803076 291191 1085698 38 13 27 22  0  0
49  5 136288 87307164 1743880 48384592    0    0 1270256 792312 282048 1026696 37 14 27 22  0  0
50 20 136288 87317260 1743880 48384608    0    0 1252512 793812 276402 1010456 37 13 28 22  0  0
12 41 136288 87305180 1743880 48384632    0    0 1290016 784132 277088 1008350 38 14 26 22  0  0
16 26 136288 87302252 1743880 48384656    0    0 1278976 806716 279135 1026022 38 14 26 22  0  0
37 24 136288 87307376 1743880 48384672    0    0 1276144 828876 276320 1003404 37 13 27 22  0  0
27 35 136288 87312744 1743888 48384688    0    0 1266544 789436 273898 996573 37 13 27 23  0  0
48 19 136288 87301136 1743888 48384708    0    0 1280448 785908 277559 1013762 37 14 27 22  0  0
22 29 136288 87339284 1743888 48384724    0    0 1287264 814420 275287 1005069 37 12 28 23  0  0
procs -----------memory---------- ---swap-- -----io---- -system-- -------cpu-------
 r  b   swpd   free   buff  cache   si   so    bi    bo   in   cs us sy id wa st gu
35 34 136288 87323684 1743888 48384736    0    0 1269264 810008 283064 1050968 38 13 27 22  0  0
44 26 136288 87314308 1743888 48384752    0    0 1274416 822480 282654 1045767 37 14 27 22  0  0
39 27 136288 87312384 1743892 48384772    0    0 1255776 816488 273694 993504 37 13 27 23  0  0
22 39 136288 87312828 1743892 48384788    0    0 1266208 787404 273839 993927 37 14 27 22  0  0
22 24 136288 87304812 1743892 48384808    0    0 1268320 796396 275809 1017601 37 14 27 23  0  0
26 38 136288 87307884 1743892 48384828    0    0 1228976 785148 272802 996400 36 13 28 23  0  0
43 25 136288 87308928 1743892 48384844    0    0 1261552 788716 273128 989272 37 13 27 23  0  0
35 29 136288 87315492 1743900 48384860    0    0 1268464 812244 276409 1002371 37 13 27 23  0  0
49 17 136288 87342408 1743900 48384880    0    0 1268576 784132 277465 1050052 36 12 27 24  0  0
31 24 136288 87330816 1743900 48384892    0    0 1239792 816728 281565 1036838 36 13 28 23  0  0
44 31 136288 87298532 1743900 48384912    0    0 1249376 778168 292045 1086057 37 14 27 22  0  0
17 34 136288 87304148 1743900 48384928    0    0 1235760 804904 286700 1074159 37 14 28 22  0  0
36 28 136288 87316780 1743904 48384948    0    0 1243632 847612 276058 1001388 37 13 27 23  0  0
32 33 136288 87308292 1743904 48384972    0    0 1281344 811384 275448 1003928 37 13 26 23  0  0
44 31 136288 87302264 1743904 48385000    0    0 1260640 799096 284945 1083559 37 14 27 22  0  0
21 18 136288 87306152 1743904 48385016    0    0 1224384 806056 284385 1078278 36 14 28 22  0  0
22 19 136288 87306904 1743904 48385032    0    0 1257024 818536 280307 1038302 37 14 27 22  0  0
39 29 136288 87338624 1743904 48385052    0    0 1250176 763860 281675 1080034 36 13 28 23  0  0
55 19 136288 87347304 1743904 48385060    0    0 1231824 841636 280855 1069579 36 12 28 23  0  0
38  2 136288 87306104 1743904 48385172    0    0 1265040 781848 288058 1121810 37 14 27 22  0  0
41 29 136288 87298268 1743904 48385192    0    0 1240336 818956 281349 1049740 37 14 27 22  0  0
procs -----------memory---------- ---swap-- -----io---- -system-- -------cpu-------
 r  b   swpd   free   buff  cache   si   so    bi    bo   in   cs us sy id wa st gu
43 24 136288 87310548 1743904 48385208    0    0 1255472 803288 274877 987348 37 13 28 22  0  0
23 38 136288 87308464 1743912 48385220    0    0 1233088 823884 273408 974100 36 13 28 23  0  0
27 39 136288 87309072 1743912 48385244    0    0 1262000 796592 272476 989341 37 13 27 23  0  0
31 36 136288 87312796 1743912 48385264    0    0 1267712 814052 274990 997153 37 14 27 23  0  0
48 26 136288 87309084 1743912 48385280    0    0 1282672 773160 284210 1077314 38 14 26 22  0  0
49 18 136288 87323836 1743912 48385296    0    0 1268096 808216 287171 1098749 38 13 27 22  0  0
28 39 136288 87357344 1743916 48385308    0    0 1244288 829716 279511 1063376 37 12 28 23  0  0
45 24 136288 87320040 1743916 48385320    0    0 1258160 797200 280867 1059325 37 13 28 22  0  0
40 27 136288 87311348 1743916 48385344    0    0 1240752 811692 270842 969760 36 13 28 23  0  0
22 46 136288 87320476 1743916 48385364    0    0 1258592 801244 274895 1004436 37 13 28 22  0  0
44 27 136288 87310840 1743916 48385380    0    0 1269760 798300 272993 992772 37 13 27 23  0  0
54 20 136288 87305136 1743920 48385404    0    0 1279008 805384 275471 1003794 37 14 26 23  0  0
54 11 136288 87308292 1743920 48385424    0    0 1284912 807820 276405 1008418 37 14 26 23  0  0
36 31 136288 87316252 1743920 48385444    0    0 1229328 810912 271318 966187 36 13 29 23  0  0
38 27 136288 87312712 1743920 48385464    0    0 1254400 812136 281136 1060553 36 14 27 23  0  0
37 31 136288 87345532 1743920 48385476    0    0 1280448 811000 276033 1020133 36 12 28 23  0  0
51 17 136288 87321372 1743928 48385488    0    0 1278112 805996 277292 1024349 37 13 27 23  0  0
32 27 136288 87310924 1743928 48385512    0    0 1287584 811196 276795 1010327 38 13 27 22  0  0
18 36 136288 87302640 1743928 48385524    0    0 1291904 790396 275290 1012900 38 14 26 22  0  0
47 25 136288 87304120 1743928 48385548    0    0 1258672 789816 276425 1024445 37 14 27 22  0  0
51 18 136288 87306184 1743928 48385568    0    0 1242688 796436 283967 1079179 37 14 27 22  0  0
procs -----------memory---------- ---swap-- -----io---- -system-- -------cpu-------
 r  b   swpd   free   buff  cache   si   so    bi    bo   in   cs us sy id wa st gu
43 28 136288 87313052 1743932 48385592    0    0 1276992 793996 275417 998983 37 13 27 23  0  0
48 21 136288 87306136 1743932 48385608    0    0 1268192 821236 277619 1013559 37 13 27 23  0  0
45 26 136288 87313272 1743932 48385628    0    0 1288832 810028 276968 1013151 37 14 26 23  0  0
46 18 136288 87329836 1743932 48385644    0    0 1275888 805792 274874 1005033 37 12 27 24  0  0
43 24 136288 87317956 1743932 48385660    0    0 1253728 807724 293207 1087275 37 13 27 23  0  0
37 34 136288 87303904 1743936 48385684    0    0 1249696 784348 279780 1033460 36 14 28 22  0  0
47 22 136288 87299416 1743936 48385700    0    0 1276144 807116 274361 1000337 37 13 27 23  0  0
56 18 136288 87309864 1743936 48385716    0    0 1278736 820380 276117 1007200 37 14 26 23  0  0
53 20 136288 87304328 1743936 48385740    0    0 1280736 823240 277284 1003668 37 14 27 22  0  0
46 14 136288 87305276 1743936 48385760    0    0 1284048 823568 277789 1006232 37 14 26 23  0  0
58 13 136288 87302112 1743940 48385780    0    0 1282368 770540 275046 1005311 37 14 27 22  0  0
50 19 136288 87307352 1743940 48385796    0    0 1256832 816336 273874 986237 37 13 27 23  0  0
45 24 136288 87337924 1743940 48385816    0    0 1245264 804664 271950 976944 36 12 29 23  0  0
45 25 136288 87345436 1743940 48385828    0    0 1287856 804184 277959 1040451 37 12 27 24  0  0
43 27 136288 87302300 1743940 48385840    0    0 1253728 799108 287810 1118416 37 14 27 22  0  0
38 31 136288 87297964 1743948 48385860    0    0 1277440 813156 280558 1037977 37 14 27 23  0  0
28 46 136288 87307360 1743948 48385876    0    0 1285088 807708 276923 1011800 37 14 26 22  0  0
44 30 136288 87305892 1743948 48385892    0    0 1191760 722656 268188 961738 35 13 30 22  0  0
16 44 136288 87303156 1743948 48385916    0    0 1190032 785924 264090 926974 35 13 29 23  0  0
47 20 136288 87296480 1743948 48385932    0    0 1220176 739796 266833 958722 35 13 29 23  0  0
44 24 136288 87299312 1743956 48385956    0    0 1223392 787808 270114 962101 36 13 29 23  0  0
procs -----------memory---------- ---swap-- -----io---- -system-- -------cpu-------
 r  b   swpd   free   buff  cache   si   so    bi    bo   in   cs us sy id wa st gu
48 24 136288 87323520 1743956 48385976    0    0 1225584 785832 275142 1015309 35 13 29 23  0  0
48 18 136288 87343884 1743956 48385984    0    0 1226880 794524 269739 976993 35 12 29 24  0  0
49 25 136288 87306300 1743956 48386000    0    0 1210272 786448 277265 1034799 36 13 28 23  0  0
23 31 136288 87299160 1743956 48386020    0    0 1258160 817516 274582 991371 37 14 27 22  0  0
48 18 136288 87308980 1743960 48386040    0    0 1267920 779856 273996 993841 37 13 27 23  0  0
28 37 136288 87297040 1743960 48386056    0    0 1275328 800568 280656 998342 37 14 27 22  0  0
28 46 136288 87293328 1743960 48386080    0    0 1259392 817460 284481 1080359 37 14 27 22  0  0
39 28 136288 87302872 1743960 48386100    0    0 1279616 786488 287148 1108289 38 14 26 22  0  0
25 31 136288 87293464 1743960 48386120    0    0 1283168 797740 279958 1007368 38 14 26 22  0  0
15 18 136288 87325212 1743964 48386136    0    0 1246912 788588 272603 979767 36 13 28 23  0  0
25 41 136288 87340224 1743964 48386148    0    0 1283824 800004 278562 1007314 37 12 28 23  0  0
20 29 136288 87303076 1743964 48386164    0    0 1257600 810484 285753 1107995 37 14 27 22  0  0
29 31 136288 87302064 1743964 48386180    0    0 1266704 813704 290935 1127443 38 14 26 22  0  0
28 37 136288 87300660 1743964 48386204    0    0 1281104 772836 289455 1134084 38 14 26 22  0  0
24 38 136288 87297972 1743968 48386216    0    0 1269888 788940 289780 1129971 38 14 26 22  0  0
29 17 136288 87303580 1743968 48386244    0    0 1285072 771496 278223 1034770 37 14 27 23  0  0
26 17 136288 87302376 1743968 48386324    0    0 1238272 807344 271831 972710 36 13 28 22  0  0
27 19 136288 87298248 1743968 48386344    0    0 1252864 832160 275938 990639 37 13 27 23  0  0
12 30 136288 87306436 1743968 48386364    0    0 1308864 778900 277562 1018975 38 14 26 23  0  0
17 31 136288 87336700 1743984 48386368    0    0 1286880 819908 275541 1004991 36 12 28 24  0  0
28 32 136288 87317528 1743984 48386388    0    0 1268800 801024 281585 1048443 38 13 27 23  0  0
procs -----------memory---------- ---swap-- -----io---- -system-- -------cpu-------
 r  b   swpd   free   buff  cache   si   so    bi    bo   in   cs us sy id wa st gu
23 37 136288 87302212 1743984 48386408    0    0 1282784 766076 275402 998520 37 14 27 22  0  0
19 39 136288 87286900 1743984 48386428    0    0 1257136 794828 274815 985706 36 13 28 23  0  0
27 30 136288 87300080 1743984 48386448    0    0 1269120 830252 275325 995556 37 14 27 23  0  0
32 37 136288 87308124 1743992 48386464    0    0 1287456 810120 277462 1010562 37 14 27 22  0  0
16 40 136288 87299212 1743992 48386492    0    0 1274912 809724 283201 1070337 37 14 27 22  0  0
35 28 136288 87290488 1743992 48386512    0    0 1272144 801028 287539 1102361 37 14 26 22  0  0
39 28 136288 87291068 1743992 48386528    0    0 1265984 776584 275443 1010722 37 14 27 22  0  0
46 14 136288 87312036 1743992 48386544    0    0 1267744 811824 273793 994212 37 13 27 23  0  0
49 20 136288 87326620 1743996 48386548    0    0 1246656 837784 272713 985684 36 12 28 24  0  0
48 25 136288 87306352 1743996 48386572    0    0 1270416 777324 286175 1098549 37 14 27 22  0  0
49 23 136288 87296792 1743996 48386588    0    0 1256320 810664 286143 1092908 37 14 27 22  0  0
37 30 136288 87297040 1743996 48386604    0    0 1246720 830268 284936 1084398 37 14 27 23  0  0
33 27 136288 87294756 1743996 48386628    0    0 1269056 785020 287846 1098625 37 14 27 22  0  0
20 38 136288 87300128 1744000 48386644    0    0 1251120 801920 276832 1017348 37 13 27 23  0  0
28 29 136288 87297992 1744000 48386672    0    0 1247168 819328 284328 1088291 37 14 27 22  0  0
24 16 136288 87290516 1744000 48386688    0    0 1284416 782568 287860 1109688 38 14 26 22  0  0
 8 28 136288 87310308 1744000 48386708    0    0 1259088 833440 289082 1112161 37 14 27 23  0  0
50 20 136288 87339716 1744000 48386720    0    0 1282864 772740 285702 1125552 37 13 27 23  0  0
54 19 136288 87306208 1744008 48386728    0    0 1233968 843756 284382 1099353 37 13 27 23  0  0
41 25 136288 87298964 1744008 48386752    0    0 1256400 798128 283109 1058946 37 14 27 22  0  0
45 19 136288 87295228 1744008 48386772    0    0 1230832 777620 278734 1029038 36 14 28 22  0  0
procs -----------memory---------- ---swap-- -----io---- -system-- -------cpu-------
 r  b   swpd   free   buff  cache   si   so    bi    bo   in   cs us sy id wa st gu
41 27 136288 87294604 1744008 48386788    0    0 1241440 805008 292250 1096121 37 14 27 22  0  0
46 24 136288 87290748 1744008 48386808    0    0 1256208 786228 290959 1121840 37 14 27 22  0  0
49 22 136288 87293116 1744012 48386828    0    0 1248672 840212 285930 1085574 37 14 27 23  0  0
46 24 136288 87309044 1744012 48386848    0    0 1259504 804176 285172 1091494 37 14 27 23  0  0
52 22 136288 87304628 1744012 48386868    0    0 1238880 793792 273811 998227 36 13 28 22  0  0
57 18 136288 87347200 1744012 48386888    0    0 1284480 774636 280979 1086863 36 13 28 23  0  0
51 25 136288 87312772 1744012 48386904    0    0 1271088 816052 281399 1053712 38 13 27 23  0  0
40 32 136288 87298084 1744012 48386924    0    0 1265232 824112 274680 996246 37 13 27 23  0  0
47 22 136288 87296300 1744016 48386940    0    0 1274080 801912 278468 1042206 37 14 27 22  0  0
44 25 136288 87302608 1744016 48386960    0    0 1272368 823332 276471 1011789 37 13 27 23  0  0
54 22 136288 87296052 1744016 48386980    0    0 1256384 824508 274419 989929 37 13 27 23  0  0
20 52 136288 87296280 1744016 48387000    0    0 1239824 814828 271655 980728 37 13 28 23  0  0
13 16 136288 87292920 1744020 48387016    0    0 1268736 801428 272653 993935 37 14 27 22  0  0
58 17 136288 87292404 1744020 48387036    0    0 1281840 773596 275090 1002916 38 13 27 22  0  0
16 29 136288 87327628 1744020 48387052    0    0 1281360 835884 275832 1005601 37 12 27 23  0  0
53 19 136288 87329400 1744020 48387068    0    0 1281552 778064 281769 1064988 37 13 27 23  0  0
21 34 136288 87294100 1744020 48387080    0    0 1248464 813044 280668 1043042 37 14 27 22  0  0
59 12 136288 87291704 1744020 48387100    0    0 1233696 809676 284312 1076001 36 14 27 23  0  0
42 14 136288 87291524 1744020 48387124    0    0 1269360 805292 288014 1103384 38 14 26 22  0  0
52 22 136288 87297240 1744020 48387140    0    0 1283120 788372 280142 1046118 38 14 27 22  0  0
47 25 136288 87291656 1744020 48387156    0    0 1287536 817888 281743 1013942 37 14 27 22  0  0
procs -----------memory---------- ---swap-- -----io---- -system-- -------cpu-------
 r  b   swpd   free   buff  cache   si   so    bi    bo   in   cs us sy id wa st gu
18 28 136288 87285336 1744020 48387172    0    0 1270576 829612 288724 1098032 38 14 26 22  0  0
54 19 136288 87295892 1744020 48387196    0    0 1250992 799332 285480 1085345 37 14 27 22  0  0
46 23 136288 87320220 1744020 48387212    0    0 1228240 823200 276044 1008049 36 13 28 23  0  0
43 28 136288 87338452 1744020 48387232    0    0 1282304 793408 274752 1008233 37 12 28 23  0  0
40 28 136288 87302944 1744020 48387244    0    0 1270688 821284 280732 1041686 37 13 26 23  0  0
41 28 136288 87292684 1744020 48387264    0    0 1283472 810164 282053 1051449 37 14 26 22  0  0
32 37 136288 87297424 1744024 48387276    0    0 1257216 824820 282817 1071534 37 14 27 23  0  0
29 38 136288 87291124 1744024 48387308    0    0 1260512 790412 284687 1090919 37 14 27 22  0  0
50 21 136288 87287320 1744024 48387328    0    0 1238640 754884 274696 1015834 36 13 28 22  0  0
60 16 136288 87293960 1744024 48387344    0    0 1245584 793884 278934 1049404 37 14 28 22  0  0
44 30 136288 87297784 1744024 48387360    0    0 1256400 816560 282425 1080831 37 14 27 22  0  0
41 23 136288 87292232 1744028 48387376    0    0 1257904 810104 284796 1090814 37 14 27 22  0  0
53 18 136288 87337556 1744028 48387400    0    0 1277984 801180 285450 1108304 37 13 27 23  0  0
46 25 136288 87308664 1744028 48387476    0    0 1241568 802096 281746 1088794 37 13 27 23  0  0
49 24 136288 87302676 1744028 48387496    0    0 1221104 808812 278428 1034189 36 13 28 22  0  0
39 30 136288 87296444 1744028 48387516    0    0 1260496 812060 274570 995847 37 13 27 23  0  0
16 40 136288 87300432 1744028 48387536    0    0 1276240 812408 274715 1000016 37 14 27 23  0  0
33 31 136288 87301064 1744028 48387556    0    0 1281888 794552 279356 1007227 37 14 26 23  0  0
15 34 136288 87297656 1744036 48387572    0    0 1276304 811716 282212 1054506 38 14 27 22  0  0
48 21 136288 87296440 1744036 48387588    0    0 1264864 809024 283875 1072176 37 14 27 22  0  0
61 18 136288 87291824 1744036 48387608    0    0 1246240 765684 280369 1051621 37 14 27 22  0  0
procs -----------memory---------- ---swap-- -----io---- -system-- -------cpu-------
 r  b   swpd   free   buff  cache   si   so    bi    bo   in   cs us sy id wa st gu
26 35 136288 87331536 1744048 48387616    0    0 1259888 841656 272745 988293 36 12 28 24  0  0
30 40 136288 87312472 1744048 48387640    0    0 1291984 793072 279814 1030193 38 12 27 23  0  0
34 21 136288 87296988 1744048 48387652    0    0 1267616 818540 282177 1063956 38 14 26 22  0  0
54 20 136288 87296592 1744048 48387676    0    0 1281008 808376 276896 1008650 37 13 26 23  0  0
44 27 136288 87299052 1744048 48387692    0    0 1257824 804404 283909 1032037 37 14 27 22  0  0
45 21 136288 87286968 1744048 48387720    0    0 1225264 812432 272572 982438 36 13 28 23  0  0
51 22 136288 87294396 1744056 48387740    0    0 1278624 793292 277744 1028281 37 14 27 22  0  0
37 32 136288 87289780 1744056 48387756    0    0 1241280 836688 284486 1082766 37 14 27 22  0  0
47 24 136288 87297964 1744056 48387776    0    0 1270240 804172 277600 1019071 37 14 27 22  0  0
49 25 136288 87315764 1744056 48387792    0    0 1282800 813624 282728 1003956 37 13 27 23  0  0
47 25 136288 87332400 1744056 48387808    0    0 1281536 812204 279288 1052601 37 12 27 23  0  0
 8 34 136288 87303044 1744060 48387820    0    0 1242512 797532 278263 1033871 37 13 28 22  0  0
53 21 136288 87300280 1744060 48387852    0    0 1272224 772388 278531 1037511 37 14 27 22  0  0
45 28 136288 87288144 1744060 48387864    0    0 1282112 814796 276466 1009433 37 14 27 22  0  0
51 23 136288 87296712 1744060 48387884    0    0 1286880 805084 276635 1011477 38 14 26 23  0  0
50 23 136288 87294544 1744060 48387912    0    0 1278752 826236 277721 1007108 37 14 27 23  0  0
27 34 136288 87303376 1744060 48387932    0    0 1264224 821248 274743 990965 37 13 27 22  0  0
26 41 136288 87290224 1744060 48387948    0    0 1260224 777216 274698 985868 36 13 28 22  0  0
47 15 136288 87297344 1744060 48387968    0    0 1255776 789748 273232 985469 37 13 27 23  0  0
44 26 136288 87345192 1744060 48387984    0    0 1262384 815156 286027 1109959 37 12 28 23  0  0
43 26 136288 87312728 1744060 48387992    0    0 1256976 801000 286642 1107824 38 13 27 22  0  0
procs -----------memory---------- ---swap-- -----io---- -system-- -------cpu-------
 r  b   swpd   free   buff  cache   si   so    bi    bo   in   cs us sy id wa st gu
42 27 136288 87294820 1744060 48388008    0    0 1261936 783740 289591 1122414 37 14 27 22  0  0
51 19 136288 87305808 1744060 48388032    0    0 1245520 829692 284605 1074143 37 14 27 22  0  0
34 37 136288 87302152 1744060 48388048    0    0 1250928 815888 274936 998335 36 13 27 23  0  0
30 37 136288 87300164 1744060 48388072    0    0 1245664 787384 278978 1021541 36 13 28 23  0  0
30 39 136288 87300020 1744060 48388088    0    0 1267264 814500 274253 998564 37 13 27 23  0  0
22 19 136288 87306020 1744068 48388108    0    0 1285120 805216 275925 1006146 37 14 27 22  0  0
20 36 136288 87297128 1744068 48388132    0    0 1283568 809660 278225 1018388 38 14 26 22  0  0
40 27 136288 87333948 1744068 48388152    0    0 1283280 764568 285301 1105750 37 13 27 22  0  0
46 22 136288 87316208 1744068 48388160    0    0 1251824 818308 278690 1031610 37 12 28 23  0  0
45 19 136288 87289736 1744068 48388168    0    0 1238528 801924 276326 1028825 36 13 28 23  0  0
56 17 136288 87295932 1744076 48388188    0    0 1278320 814504 276473 1005515 37 14 27 23  0  0
21 24 136288 87306408 1744076 48388212    0    0 1280336 824520 276556 1010144 38 14 27 22  0  0
20 21 136288 87302664 1744076 48388232    0    0 1297344 811072 277657 1019716 38 14 26 22  0  0
10 18 136288 87298696 1744076 48388248    0    0 1289856 779932 275945 1010246 38 14 27 22  0  0
25 36 136288 87300016 1744076 48388272    0    0 1262208 819172 275264 998522 37 13 27 23  0  0
29 30 136288 87303512 1744084 48388288    0    0 1277728 789272 275411 1003733 37 14 27 22  0  0
19 23 136288 87318152 1744084 48388316    0    0 1253728 805436 272448 981135 36 13 28 23  0  0
10 16 136288 87344436 1744084 48388324    0    0 1266592 858228 276756 1022365 36 12 28 24  0  0
34 30 136288 87303624 1744084 48388336    0    0 1296736 769796 278556 1039974 38 14 26 22  0  0
18 46 136288 87289492 1744084 48388360    0    0 1282848 817456 276443 1005297 37 14 27 23  0  0
22 21 136288 87300120 1744088 48388376    0    0 1270112 816236 280429 1014580 37 14 27 22  0  0
procs -----------memory---------- ---swap-- -----io---- -system-- -------cpu-------
 r  b   swpd   free   buff  cache   si   so    bi    bo   in   cs us sy id wa st gu
19 14 136288 87294480 1744088 48388400    0    0 1233344 775008 280099 1020562 36 14 28 22  0  0
19 17 136288 87294476 1744088 48388424    0    0 1245600 840200 273307 984387 36 13 28 23  0  0
36 38 136288 87304216 1744104 48388432    0    0 1290400 767896 289621 1077702 38 14 26 22  0  0
21 43 136288 87292488 1744104 48388464    0    0 1268528 801328 277991 1030286 37 14 27 22  0  0
21 33 136288 87302052 1744104 48388480    0    0 1302944 794120 279683 1039622 38 14 26 22  0  0
14 28 136288 87330732 1744104 48388500    0    0 1292224 774644 295732 1137248 38 13 27 23  0  0
41 29 136288 87304756 1744104 48388508    0    0 1240896 780420 283078 1092820 37 13 28 22  0  0
57 13 136288 87290968 1744112 48388516    0    0 1245072 791996 285813 1108490 37 14 27 22  0  0
52 23 136288 87289924 1744112 48388540    0    0 1258864 800952 277276 1016928 37 14 27 22  0  0
28 37 136288 87285860 1744112 48388560    0    0 1259952 821512 286274 1099549 37 14 27 22  0  0
43 27 136288 87281320 1744112 48388648    0    0 1271088 791408 287685 1103634 38 14 26 22  0  0
49 21 136288 87284292 1744112 48388664    0    0 1265360 808604 286456 1099116 38 14 26 22  0  0
67 17 136288 87289916 1744120 48388676    0    0 1249312 796928 284393 1084314 37 14 27 22  0  0
47 21 136288 87295460 1744120 48388700    0    0 1256000 782600 273952 990573 37 13 28 23  0  0
31 22 136288 87329904 1744120 48388720    0    0 1248576 853260 271658 985641 36 12 28 23  0  0
33 39 136288 87323000 1744120 48388732    0    0 1271280 812876 277171 1028554 37 13 27 23  0  0
26 19 136288 87296336 1744120 48388756    0    0 1286592 801608 284719 1083595 38 14 26 22  0  0
47 20 136288 87291832 1744124 48388768    0    0 1265664 830528 276369 999830 37 13 27 23  0  0
15 38 136288 87290416 1744124 48388788    0    0 1292560 782628 274308 1002418 38 14 27 22  0  0
26 29 136288 87284916 1744124 48388812    0    0 1258512 814284 275128 998524 37 14 27 23  0  0
57 12 136288 87282304 1744124 48388828    0    0 1237840 772104 277828 1029239 36 14 28 22  0  0
procs -----------memory---------- ---swap-- -----io---- -system-- -------cpu-------
 r  b   swpd   free   buff  cache   si   so    bi    bo   in   cs us sy id wa st gu
49 25 136288 87286480 1744124 48388856    0    0 1259024 826568 274208 989665 37 13 27 23  0  0
45 24 136288 87288052 1744132 48388864    0    0 1292640 788712 277104 1011819 38 14 26 22  0  0
34 34 136288 87320784 1744132 48388888    0    0 1280464 824232 276058 1005554 37 13 27 23  0  0
49 21 136288 87340440 1744132 48388900    0    0 1274224 826760 272593 994631 37 12 27 24  0  0
31 47 136288 87300908 1744132 48388912    0    0 1236352 812228 277583 976292 36 13 28 22  0  0
57 17 136288 87296348 1744132 48388932    0    0 1264960 781988 273848 991045 37 13 27 22  0  0
53 19 136288 87291552 1744136 48388952    0    0 1265328 824164 274845 996887 37 13 27 23  0  0
44 30 136288 87294664 1744136 48388980    0    0 1283200 817900 275799 1006945 37 13 26 23  0  0
29 12 136288 87295220 1744136 48388996    0    0 1283888 803400 276203 1005250 38 14 26 23  0  0
42 23 136288 87297036 1744136 48389016    0    0 1264912 810520 273128 994457 37 13 27 23  0  0
47 24 136288 87301220 1744136 48389040    0    0 1281232 776032 281290 1003421 37 14 27 22  0  0
44 22 136288 87300776 1744136 48389064    0    0 1259440 794992 272972 983679 37 13 27 23  0  0
35 16 136288 87333116 1744140 48389080    0    0 1275168 840108 272822 991514 36 12 28 24  0  0
21 29 136288 87306284 1744140 48389088    0    0 1255504 814260 286926 1105004 38 14 27 22  0  0
36 37 136288 87290140 1744140 48389104    0    0 1254272 812748 278358 1021604 37 14 27 22  0  0
28 30 136288 87286960 1744140 48389128    0    0 1294240 794312 275867 1005227 38 14 27 22  0  0
56 12 136288 87292552 1744140 48389144    0    0 1241040 795860 271794 972386 36 13 28 22  0  0
27 38 136288 87298852 1744148 48389168    0    0 1270704 813916 281784 1056689 37 14 27 22  0  0
43 25 136288 87287804 1744148 48389184    0    0 1273024 779536 287962 1111984 37 14 27 22  0  0
42 25 136288 87304716 1744148 48389200    0    0 1253552 827852 286720 1104211 37 14 27 22  0  0
45 29 136288 87292004 1744148 48389228    0    0 1281200 822280 281292 1032142 37 14 26 22  0  0
procs -----------memory---------- ---swap-- -----io---- -system-- -------cpu-------
 r  b   swpd   free   buff  cache   si   so    bi    bo   in   cs us sy id wa st gu
42 26 136288 87328664 1744148 48389244    0    0 1276928 818776 281555 1063550 37 13 27 23  0  0
50 24 136288 87320040 1744152 48389252    0    0 1248032 828204 281168 1060138 37 13 28 23  0  0
44 26 136288 87295580 1744152 48389268    0    0 1267648 769940 289265 1121925 38 14 27 21  0  0
49 24 136288 87293764 1744152 48389284    0    0 1212784 797448 280404 1050287 36 13 28 22  0  0
17 18 136288 87294836 1744152 48389308    0    0 1234352 815484 277589 1021844 36 13 28 22  0  0
29 37 136288 87288744 1744152 48389328    0    0 1264016 793324 278325 1027864 37 14 27 22  0  0
59 15 136288 87290300 1744160 48389348    0    0 1259792 781640 274294 992797 37 14 27 23  0  0
48 25 136288 87287912 1744160 48389364    0    0 1227440 822896 272892 998991 36 13 28 23  0  0
53 17 136288 87289504 1744160 48389384    0    0 1245968 775932 270223 978722 36 13 28 23  0  0
41 28 136288 87316072 1744160 48389404    0    0 1224784 805084 277975 995411 35 12 29 23  0  0
50 25 136288 87339216 1744160 48389420    0    0 1260080 807576 275169 1009255 37 12 28 23  0  0
45 22 136288 87294212 1744168 48389432    0    0 1263536 765668 277724 1021598 37 13 27 22  0  0
51 21 136288 87299016 1744168 48389448    0    0 1253472 793412 273337 983323 36 13 28 23  0  0
45 18 136288 87292416 1744168 48389472    0    0 1230992 816464 274327 989975 36 13 28 23  0  0
46 25 136288 87298384 1744168 48389488    0    0 1218464 762276 274975 986837 35 13 28 23  0  0
43 27 136288 87300348 1744168 48389508    0    0 1170800 797740 267342 950113 34 12 30 23  0  0
46 26 136288 87286712 1744176 48389524    0    0 1201792 758132 268206 949566 35 13 30 23  0  0
15 33 136288 87284444 1744176 48389544    0    0 1221168 778220 270108 960979 35 13 29 22  0  0
51 17 136288 87309024 1744176 48389564    0    0 1211184 796316 269607 967122 35 13 30 23  0  0
24 44 136288 87325156 1744176 48389580    0    0 1228992 793240 274164 1007071 35 12 30 23  0  0
25 40 136288 87312484 1744176 48389592    0    0 1208896 770484 278772 1068620 36 13 29 23  0  0
procs -----------memory---------- ---swap-- -----io---- -system-- -------cpu-------
 r  b   swpd   free   buff  cache   si   so    bi    bo   in   cs us sy id wa st gu
34 14 136288 87302808 1744180 48389612    0    0 1191360 763996 268339 961845 35 13 30 22  0  0
45 21 136288 87301552 1744180 48389632    0    0 1217952 757680 269976 954891 35 13 30 22  0  0
40 26 136288 87299704 1744180 48389648    0    0 1198960 814344 268634 947184 35 13 29 23  0  0
37 30 136288 87293812 1744180 48389672    0    0 1244768 762216 271155 974486 36 13 28 23  0  0
52 17 136288 87289880 1744180 48389692    0    0 1227136 783100 272471 996597 36 13 29 23  0  0
54 18 136288 87289224 1744184 48389708    0    0 1210128 782144 268187 951376 35 13 29 23  0  0
 5 29 136288 87297560 1744184 48389732    0    0 1196112 792580 268620 944560 35 13 30 23  0  0
44 24 136288 87327056 1744184 48389820    0    0 1162608 696464 258096 905183 33 11 33 24  0  0
20 26 136288 87307300 1744184 48389828    0    0 1165712 803332 267109 962776 35 12 30 23  0  0
20 30 136288 87294380 1744184 48389848    0    0 1203248 737976 267498 959842 35 13 30 22  0  0
34 38 136288 87286428 1744188 48389868    0    0 1200032 774240 269794 979455 35 13 30 23  0  0
23 44 136288 87295052 1744188 48389884    0    0 1218800 759268 269442 972998 35 13 29 23  0  0
49 21 136288 87289852 1744188 48389900    0    0 1201776 758560 267855 960432 35 13 29 23  0  0
42 28 136288 87289684 1744188 48389916    0    0 1144624 780236 264891 945399 33 12 31 23  0  0
54 16 136288 87294776 1744188 48389936    0    0 1217072 760292 270757 978077 36 13 29 22  0  0
52 16 136288 87287204 1744196 48389964    0    0 1214576 769756 268558 954365 35 13 29 22  0  0
48 19 136288 87325740 1744196 48389992    0    0 1187056 798772 266692 939340 34 12 31 23  0  0
11 12 136288 87329004 1744196 48390000    0    0 1190336 770412 274838 940327 35 11 31 23  0  0
39 36 136288 87296740 1744196 48390016    0    0 1168368 754704 265585 930944 34 13 31 23  0  0
37 33 136288 87297352 1744196 48390036    0    0 1205232 754812 267589 942085 35 13 30 22  0  0
39 30 136288 87290600 1744204 48390060    0    0 1140304 747328 266192 896446 33 12 33 22  0  0
procs -----------memory---------- ---swap-- -----io---- -system-- -------cpu-------
 r  b   swpd   free   buff  cache   si   so    bi    bo   in   cs us sy id wa st gu
46 23 136288 87288476 1744204 48390080    0    0 1192016 760576 266013 936731 35 13 31 22  0  0
25 22 136288 87289484 1744204 48390096    0    0 1200464 760692 265810 944876 35 13 29 23  0  0
51 20 136288 87294024 1744204 48390112    0    0 1210848 779992 267476 951752 35 13 30 23  0  0
28 34 136288 87284760 1744204 48390128    0    0 1223616 767596 267798 959142 35 13 29 23  0  0
34 24 136288 87298032 1744212 48390156    0    0 1186144 780376 263626 928331 34 12 31 23  0  0
37 36 136288 87328392 1744212 48390168    0    0 1196688 754864 265405 951424 34 11 31 24  0  0
 7  3 136288 87296596 1744212 48390176    0    0 1186688 759824 265927 955009 35 12 30 23  0  0
43 27 136288 87295532 1744212 48390200    0    0 1193552 775356 265174 942342 35 12 30 23  0  0
20 18 136288 87294104 1744212 48390216    0    0 1201264 766068 266872 941567 35 13 30 22  0  0
25 41 136288 87291940 1744220 48390236    0    0 1186480 772548 263263 931466 34 12 31 22  0  0
16 12 136288 87298668 1744220 48390256    0    0 1178864 741144 265343 945378 35 13 31 22  0  0
39 34 136288 87298464 1744220 48390272    0    0 1208304 774572 266762 944131 35 13 29 23  0  0
27 51 136288 87293708 1744220 48390292    0    0 1120880 713320 257014 901650 32 12 33 22  0  0
10 27 136288 87298512 1744220 48390312    0    0 1140208 736384 262658 927041 33 12 31 23  0  0
32 31 136288 87326204 1744228 48390324    0    0 1157488 764536 258998 904784 33 11 32 24  0  0
46 15 136288 87306888 1744228 48390340    0    0 1167264 755304 267421 964577 35 12 31 22  0  0
46 24 136288 87306892 1744228 48390356    0    0 1201280 756264 264210 938056 35 13 29 23  0  0
22 27 136288 87293412 1744228 48390376    0    0 1200832 738636 263508 938815 35 13 30 23  0  0
29 30 136288 87297800 1744228 48390392    0    0 1157264 742400 260694 912052 34 12 32 22  0  0
12 51 136288 87300644 1744228 48390416    0    0 1168960 767252 263873 921523 34 13 31 23  0  0
31 41 136288 87290324 1744228 48390432    0    0 1184960 765924 267580 955660 34 13 30 23  0  0
procs -----------memory---------- ---swap-- -----io---- -system-- -------cpu-------
 r  b   swpd   free   buff  cache   si   so    bi    bo   in   cs us sy id wa st gu
25 45 136288 87294892 1744228 48390448    0    0 1187120 770788 273089 931919 34 13 30 23  0  0
25 34 136288 87290184 1744228 48390472    0    0 1203984 742116 264441 931610 35 13 30 22  0  0
49 20 136288 87339400 1744228 48390488    0    0 1192192 747348 262998 922747 34 11 32 24  0  0
38 33 136288 87314352 1744232 48390500    0    0 1197584 791312 271067 979802 36 12 29 23  0  0
50  4 136288 87290888 1744232 48390516    0    0 1119616 681568 254898 880189 32 12 33 23  0  0
43 17 136288 87296220 1744232 48390532    0    0 1174480 776956 263662 927473 34 13 30 23  0  0
18 21 136288 87296684 1744232 48390560    0    0 1166288 756768 263299 908052 34 12 31 23  0  0
14 38 136288 87288852 1744232 48390576    0    0 1187856 757624 263942 923913 34 12 31 22  0  0
16 27 136288 87293552 1744240 48390588    0    0 1180048 774964 264074 932751 35 12 30 23  0  0
45 22 136288 87295672 1744240 48390616    0    0 1181936 758396 267386 945127 35 13 30 23  0  0
50 18 136288 87295436 1744240 48390632    0    0 1174624 716008 262735 918169 34 12 32 22  0  0
13 24 136288 87322512 1744240 48390652    0    0 1156336 771672 260571 908289 33 11 33 23  0  0
33 23 136288 87319360 1744240 48390664    0    0 1182752 766916 264702 927962 34 11 31 23  0  0
30 39 136288 87301460 1744244 48390680    0    0 1200976 737240 264689 935095 35 13 30 22  0  0
22 48 136288 87299004 1744244 48390700    0    0 1191760 734784 263375 930042 34 12 31 23  0  0
27 17 136288 87290468 1744244 48390728    0    0 1090240 752868 252737 877944 32 12 32 24  0  0
40 30 136288 87292092 1744244 48390744    0    0 1156704 706860 256461 901051 33 12 31 24  0  0
50 20 136288 87290348 1744244 48390768    0    0 1145088 719092 258861 900476 33 12 31 23  0  0
38 30 136288 87297508 1744244 48390784    0    0 1158240 797868 263829 917949 34 13 30 24  0  0
49 23 136288 87294828 1744244 48390824    0    0 1196992 712860 262786 931533 35 13 30 23  0  0
35 24 136288 87303956 1744244 48390840    0    0 1187456 782524 263445 929253 34 12 30 23  0  0
procs -----------memory---------- ---swap-- -----io---- -system-- -------cpu-------
 r  b   swpd   free   buff  cache   si   so    bi    bo   in   cs us sy id wa st gu
34 15 136288 87329164 1744244 48390848    0    0 1198192 759512 262382 933806 35 11 30 24  0  0
46 17 136288 87300028 1744244 48390856    0    0 1179696 778324 266200 937033 34 13 29 24  0  0
49 20 136288 87287852 1744248 48390868    0    0 1196544 723296 264525 945204 35 13 30 23  0  0
26 48 136288 87284088 1744248 48390900    0    0 1188640 766944 262091 926090 35 13 30 22  0  0
32 23 136288 87288548 1744248 48391008    0    0 1182800 775260 264784 929416 34 13 29 23  0  0
34 16 136288 87289424 1744248 48391028    0    0 1210656 756048 267629 945352 35 13 28 23  0  0
53 22 136288 87291424 1744248 48391044    0    0 1195600 734956 264274 934408 35 12 29 23  0  0
47 12 136288 87286984 1744248 48391064    0    0 1202496 758244 265682 944909 35 13 29 23  0  0
54 22 136288 87299160 1744248 48391092    0    0 1134832 741524 257845 887732 32 11 31 25  0  0
42 24 136288 87321392 1744248 48391104    0    0 1157088 729496 258489 908326 33 11 32 24  0  0
55 15 136288 87295004 1744248 48391112    0    0 1095760 727456 252399 866162 32 11 33 24  0  0
41 28 136288 87288328 1744248 48391132    0    0 1133136 752832 262600 889648 33 12 31 24  0  0
26 38 136288 87291868 1744248 48391152    0    0 1144400 744496 259449 898130 34 12 31 23  0  0
54 19 136288 87292324 1744248 48391172    0    0 1182608 726788 262338 922039 34 12 30 24  0  0
32 35 136288 87289280 1744248 48391192    0    0 1173152 774900 260905 924610 34 12 30 24  0  0
31 38 136288 87302008 1744248 48391212    0    0 1167504 717512 260187 909290 34 12 31 23  0  0
41 13 136288 87288188 1744248 48391236    0    0 1117488 712196 253851 871464 32 12 32 24  0  0
22 23 136288 87300208 1744260 48391244    0    0 1111792 720580 252284 868696 32 11 33 24  0  0
49 24 136288 87319636 1744260 48391272    0    0 1106800 697688 258974 867819 32 10 34 25  0  0
25 17 136288 87303240 1744260 48391280    0    0 1110848 731316 259365 915186 33 11 33 23  0  0
25 45 136288 87295312 1744260 48391296    0    0 1131504 747144 258023 897416 33 12 32 24  0  0
procs -----------memory---------- ---swap-- -----io---- -system-- -------cpu-------
 r  b   swpd   free   buff  cache   si   so    bi    bo   in   cs us sy id wa st gu
46 25 136288 87300412 1744260 48391316    0    0 1225184 782212 269579 955818 36 13 28 23  0  0
32 34 136288 87297672 1744264 48391332    0    0 1280320 804560 284469 1047504 37 14 27 22  0  0
37 32 136288 87290968 1744264 48391356    0    0 1248512 776528 271114 976156 36 13 28 23  0  0
34 41 136288 87297256 1744264 48391372    0    0 1280240 821252 276298 1006841 37 14 27 23  0  0
27 13 136288 87291680 1744264 48391392    0    0 1289376 799060 276860 1009409 38 14 26 22  0  0
35 39 136288 87283412 1744264 48391420    0    0 1285712 773424 278387 1006062 38 14 26 22  0  0
21 37 136288 87316824 1744264 48391448    0    0 1255920 794836 276660 1020098 36 12 28 23  0  0
21 44 136288 87308540 1744264 48391464    0    0 1264880 804640 285629 1108833 37 13 27 23  0  0
53 23 136288 87283224 1744264 48391476    0    0 1251664 768520 285198 1094674 37 14 27 22  0  0
35 41 136288 87292444 1744264 48391492    0    0 1247776 849020 282670 1064376 37 14 27 23  0  0
46 21 136288 87293732 1744264 48391516    0    0 1296800 770540 279200 1035908 38 14 26 22  0  0
23 40 136288 87284096 1744268 48391532    0    0 1232352 822476 285373 1099708 37 14 28 22  0  0
32 34 136288 87290476 1744268 48391552    0    0 1272368 792312 285467 1103292 38 14 26 22  0  0
43 22 136288 87289708 1744268 48391576    0    0 1277664 770032 287070 1107148 37 14 26 22  0  0
49 23 136288 87283996 1744268 48391592    0    0 1252752 809012 285437 1089471 37 14 27 22  0  0
48 19 136288 87302420 1744268 48391608    0    0 1266960 788088 272958 989872 36 13 28 23  0  0
42 29 136288 87332620 1744268 48391620    0    0 1274624 803116 275164 1023748 37 12 28 23  0  0
33 32 136288 87291560 1744268 48391628    0    0 1266128 809584 281904 1054058 37 13 27 22  0  0
34 38 136288 87283248 1744268 48391652    0    0 1262976 786424 273147 990892 37 14 27 23  0  0
52 15 136288 87293404 1744268 48391672    0    0 1273840 807100 274692 1002558 37 14 27 23  0  0
48 21 136288 87294552 1744268 48391692    0    0 1273600 812036 273725 1002257 37 13 27 23  0  0
procs -----------memory---------- ---swap-- -----io---- -system-- -------cpu-------
 r  b   swpd   free   buff  cache   si   so    bi    bo   in   cs us sy id wa st gu
48 22 136288 87291964 1744272 48391704    0    0 1272848 810384 275177 1003127 37 14 27 23  0  0
54 16 136288 87285960 1744272 48391728    0    0 1281984 791240 274589 1002056 37 14 27 23  0  0
49 18 136288 87287824 1744272 48391752    0    0 1247968 824468 284007 1077313 37 14 27 22  0  0
43 25 136288 87287176 1744272 48391772    0    0 1273696 784312 287352 1103638 37 14 27 22  0  0
48 20 136288 87335740 1744272 48391788    0    0 1289408 823424 275280 1008153 37 12 27 24  0  0
34 31 136288 87310508 1744272 48391796    0    0 1280704 806192 279037 1039720 38 13 26 23  0  0
27 42 136288 87295176 1744272 48391808    0    0 1260224 796496 282785 1058448 37 14 27 22  0  0
19 46 136288 87289700 1744272 48391840    0    0 1283760 797188 284768 1003552 37 14 27 22  0  0
35 40 136288 87294328 1744272 48391856    0    0 1284352 804640 276179 1003986 37 14 26 23  0  0
49 21 136288 87281696 1744272 48391876    0    0 1240096 767452 278551 1017045 37 13 29 21  0  0
42 32 136288 87284596 1744284 48391880    0    0 1269312 799048 277171 992041 37 14 27 22  0  0
48 23 136288 87289444 1744284 48391960    0    0 1273728 794212 282508 1059720 37 14 26 22  0  0
23 27 136288 87287300 1744284 48391980    0    0 1240016 838608 283934 1092621 37 14 27 22  0  0
43 26 136288 87324292 1744284 48392004    0    0 1301104 780176 274988 1016571 37 13 27 23  0  0
37 36 136288 87335472 1744284 48392020    0    0 1281440 827364 276970 1007726 38 12 27 23  0  0
28 44 136288 87291536 1744292 48392024    0    0 1265248 803708 277359 1030794 37 14 27 23  0  0
14 15 136288 87293740 1744292 48392048    0    0 1289936 795296 275712 1002370 37 13 26 23  0  0
24 39 136288 87292740 1744292 48392084    0    0 1277232 808196 276234 1006303 37 14 27 23  0  0
15 15 136288 87286004 1744292 48392100    0    0 1297120 775920 276581 1010471 38 14 26 22  0  0
21 21 136288 87300900 1744292 48392120    0    0 1263232 785008 274270 986732 37 13 27 22  0  0
15 47 136288 87296180 1744300 48392128    0    0 1265280 803944 273968 995258 37 13 27 22  0  0
procs -----------memory---------- ---swap-- -----io---- -system-- -------cpu-------
 r  b   swpd   free   buff  cache   si   so    bi    bo   in   cs us sy id wa st gu
29  9 136288 87291724 1744300 48392156    0    0 1276704 787460 276131 1000947 37 13 27 23  0  0
31 24 136288 87305624 1744300 48392240    0    0 1244384 812648 275873 1006186 37 13 28 23  0  0
31 12 136288 87327940 1744300 48392260    0    0 1269824 806988 283823 1093094 37 12 28 23  0  0
11 20 136288 87300560 1744300 48392268    0    0 1270352 806884 282093 1050910 38 13 27 22  0  0
18 26 136288 87282972 1744300 48392284    0    0 1295824 774360 286667 1013038 38 14 26 22  0  0
39 22 136288 87288684 1744300 48392308    0    0 1266992 858076 278232 1006173 37 14 27 23  0  0
25 21 136288 87293004 1744300 48392320    0    0 1299936 766292 276006 1009278 38 14 26 23  0  0
24 31 136288 87301472 1744300 48392344    0    0 1277344 804424 278268 1018502 37 14 27 22  0  0
55 19 136288 87286412 1744300 48392360    0    0 1289232 784740 281827 1059055 38 14 26 22  0  0
53 20 136288 87281396 1744300 48392384    0    0 1291088 779916 281593 1054853 38 14 26 22  0  0
48 24 136288 87284928 1744300 48392404    0    0 1264880 801220 285260 1094507 37 14 27 22  0  0
29 29 136288 87320900 1744304 48392416    0    0 1240144 839240 272418 975256 35 12 29 24  0  0
49 23 136288 87307664 1744304 48392432    0    0 1285696 772204 279425 1049078 38 13 27 23  0  0
55 17 136288 87288888 1744304 48392448    0    0 1252608 799032 272671 985455 36 13 27 23  0  0
47 25 136288 87293328 1744312 48392460    0    0 1248352 827280 274208 986177 36 13 28 23  0  0
43 24 136288 87284760 1744312 48392484    0    0 1268624 817856 275528 998785 37 13 27 22  0  0
27 43 136288 87283064 1744312 48392500    0    0 1302672 791264 279163 1018745 38 14 26 22  0  0
52 19 136288 87280808 1744312 48392528    0    0 1279232 808876 274287 1005293 37 13 27 23  0  0
47 23 136288 87283260 1744312 48392552    0    0 1247408 840404 284328 1079938 37 14 27 22  0  0
48 20 136288 87280648 1744316 48392564    0    0 1281952 781996 276729 1017057 37 14 27 22  0  0
37 32 136288 87305108 1744316 48392588    0    0 1270928 816120 289624 1090861 37 13 27 23  0  0
procs -----------memory---------- ---swap-- -----io---- -system-- -------cpu-------
 r  b   swpd   free   buff  cache   si   so    bi    bo   in   cs us sy id wa st gu
17 42 136288 87332276 1744316 48392600    0    0 1267024 829588 283319 1087705 37 12 27 23  0  0
29 41 136288 87284892 1744316 48392620    0    0 1261952 798408 296365 1126723 37 14 27 22  0  0
42 33 136288 87282432 1744316 48392640    0    0 1226256 800716 272380 980731 36 13 28 23  0  0
24 51 136288 87285716 1744320 48392652    0    0 1268896 803604 274505 997360 37 13 27 23  0  0
29 25 136288 87284832 1744320 48392672    0    0 1257824 774892 282426 1068163 37 14 27 22  0  0
52 20 136288 87284200 1744320 48392688    0    0 1253504 766016 273029 996933 36 13 28 22  0  0
16 29 136288 87296588 1744320 48392716    0    0 1249792 845868 274450 985978 36 13 28 23  0  0
25 38 136288 87294684 1744320 48392732    0    0 1296800 787956 276127 1010702 38 14 27 22  0  0
33 45 136288 87299104 1744324 48392748    0    0 1282192 807580 274720 1003677 37 13 27 23  0  0
50 30 136288 87333832 1744324 48392768    0    0 1296400 814328 275912 1012544 37 12 27 24  0  0
48 21 136288 87299796 1744324 48392776    0    0 1250864 841452 278461 1018457 37 13 27 23  0  0
42 20 136288 87288876 1744324 48392800    0    0 1282624 803592 278125 1005898 37 14 27 23  0  0
56 20 136288 87281180 1744324 48392820    0    0 1258320 818152 278903 1037724 37 14 27 22  0  0
41 28 136288 87289440 1744328 48392832    0    0 1285136 800992 274926 1004524 37 14 27 23  0  0
44 15 136288 87285664 1744328 48392852    0    0 1266656 791836 275549 995949 37 13 27 23  0  0
59 27 136288 87286288 1744328 48392872    0    0 1255536 821920 274443 989048 37 13 27 23  0  0
49 24 136288 87283932 1744328 48392892    0    0 1266992 795304 274338 992530 37 14 27 23  0  0
47 23 136288 87293656 1744328 48392912    0    0 1240448 831740 273126 980073 36 14 28 23  0  0
38 32 136288 87318144 1744328 48392932    0    0 1273568 812568 281387 1062942 36 13 28 23  0  0
39 28 136288 87307680 1744328 48392940    0    0 1293504 788496 278717 1033946 38 13 27 23  0  0
38 28 136288 87284668 1744328 48392956    0    0 1282400 783964 288253 1108021 38 14 26 22  0  0
procs -----------memory---------- ---swap-- -----io---- -system-- -------cpu-------
 r  b   swpd   free   buff  cache   si   so    bi    bo   in   cs us sy id wa st gu
51 22 136288 87290296 1744328 48392972    0    0 1272208 812392 287745 1106696 38 14 26 22  0  0
19 35 136288 87282200 1744328 48392996    0    0 1254384 831912 286349 1091452 37 14 27 22  0  0
48 19 136288 87272024 1744328 48393012    0    0 1256688 814152 301004 1125930 38 14 27 22  0  0
18 35 136288 87284484 1744336 48393028    0    0 1275728 810248 290385 1122048 38 14 26 22  0  0
33 42 136288 87282940 1744336 48393056    0    0 1265312 814428 285562 1100183 37 14 27 22  0  0
50 22 136288 87281380 1744336 48393076    0    0 1288368 808784 281117 1037998 38 14 26 23  0  0
16 37 136288 87297220 1744336 48393100    0    0 1267584 776960 271933 990857 37 13 28 23  0  0
27 36 136288 87322432 1744336 48393120    0    0 1286720 819052 274572 1003461 37 12 27 24  0  0
44 25 136288 87281132 1744336 48393132    0    0 1239552 784660 275298 991584 36 13 28 22  0  0
57 16 136288 87277280 1744336 48393152    0    0 1262448 830560 277097 996996 37 13 27 22  0  0
57 16 136288 87286104 1744336 48393172    0    0 1285936 815616 277616 1005238 37 14 27 22  0  0
50 23 136288 87288224 1744336 48393196    0    0 1278416 833496 276991 1007177 38 14 26 23  0  0
32 38 136288 87284004 1744336 48393212    0    0 1272176 820720 274713 1000915 37 13 27 23  0  0
20 30 136288 87280372 1744336 48393236    0    0 1275264 794652 278328 1031568 37 14 27 22  0  0
52 17 136288 87286308 1744336 48393252    0    0 1268864 761540 286866 1099450 37 14 27 22  0  0
26 24 136288 87287888 1744336 48393268    0    0 1266528 833456 279155 1024605 37 14 27 22  0  0
53 20 136288 87329340 1744336 48393284    0    0 1275232 801932 273162 1010145 36 12 28 24  0  0
49 20 136288 87298704 1744336 48393296    0    0 1255392 816108 286339 1097025 37 13 27 22  0  0
47 22 136288 87287312 1744344 48393316    0    0 1239856 796488 277227 1037365 36 14 28 22  0  0
53 18 136288 87284352 1744344 48393400    0    0 1264416 799892 273551 992778 37 13 27 23  0  0
55 17 136288 87288736 1744344 48393420    0    0 1247072 789404 271597 971065 36 13 28 23  0  0
procs -----------memory---------- ---swap-- -----io---- -system-- -------cpu-------
 r  b   swpd   free   buff  cache   si   so    bi    bo   in   cs us sy id wa st gu
54 16 136288 87279984 1744344 48393440    0    0 1282768 797992 284407 1001374 37 14 27 22  0  0
46 25 136288 87289912 1744344 48393460    0    0 1258848 834488 276003 991982 37 13 27 22  0  0
54 18 136288 87282016 1744348 48393480    0    0 1276032 810544 274812 1005648 37 13 27 23  0  0
45 25 136288 87283144 1744348 48393500    0    0 1261424 827012 278096 994287 37 13 27 23  0  0
24 29 136288 87324540 1744348 48393520    0    0 1276416 814008 281292 1010057 36 13 28 23  0  0
49 22 136288 87319236 1744348 48393536    0    0 1278720 803444 279897 1030868 38 12 27 23  0  0
48 17 136288 87291748 1744348 48393548    0    0 1272976 770016 282769 1059320 37 14 27 22  0  0
43 23 136288 87289272 1744348 48393564    0    0 1276528 811228 276232 1004457 37 13 27 22  0  0
37 40 136288 87278348 1744348 48393584    0    0 1251728 839208 283096 1034312 37 13 28 22  0  0
47 22 136288 87289372 1744348 48393600    0    0 1241280 767048 277898 1039977 36 13 28 22  0  0
50 19 136288 87285604 1744348 48393616    0    0 1243520 809144 277046 1019545 36 13 28 23  0  0
46 25 136288 87288360 1744348 48393640    0    0 1245856 806572 272702 980437 36 13 28 23  0  0
40 27 136288 87293684 1744352 48393660    0    0 1262944 824628 279424 1040975 37 14 27 22  0  0
43 25 136288 87302676 1744352 48393672    0    0 1272816 801492 279691 1039575 37 13 27 22  0  0
21  6 136288 87325936 1744352 48393688    0    0 1297776 827168 277271 1020664 37 12 27 24  0  0
15 23 136288 87298728 1744352 48393700    0    0 1270160 798648 286487 1114521 38 14 27 22  0  0
25 38 136288 87282924 1744352 48393724    0    0 1254176 792116 285097 1086596 37 14 27 22  0  0
36 27 136288 87286340 1744356 48393740    0    0 1267600 816544 273924 994453 36 14 27 23  0  0
22 43 136288 87285216 1744356 48393764    0    0 1298832 793796 279765 1022052 38 14 26 22  0  0
41 28 136288 87293608 1744356 48393784    0    0 1270416 838228 277379 1002724 37 13 27 23  0  0
28 36 136288 87284332 1744356 48393792    0    0 1288448 805584 281270 1047264 38 14 26 23  0  0
procs -----------memory---------- ---swap-- -----io---- -system-- -------cpu-------
 r  b   swpd   free   buff  cache   si   so    bi    bo   in   cs us sy id wa st gu
26 30 136288 87283104 1744356 48393820    0    0 1266496 791628 283014 1069515 37 14 27 22  0  0
52 19 136288 87290640 1744356 48393840    0    0 1242704 769356 281646 1069989 37 14 27 23  0  0
35 32 136288 87324684 1744356 48393856    0    0 1241712 812788 273347 992912 35 12 29 24  0  0
44 25 136288 87298756 1744356 48393872    0    0 1253776 815012 277665 1029236 37 12 27 23  0  0
46 24 136288 87291412 1744356 48393884    0    0 1275312 808920 275603 997607 37 13 27 22  0  0
54 20 136288 87284208 1744356 48393904    0    0 1283408 809160 279942 1003427 38 14 27 22  0  0
50 23 136288 87287960 1744360 48393924    0    0 1268736 802048 285750 1085738 37 14 26 22  0  0
44 24 136288 87289944 1744360 48393944    0    0 1251488 809616 287228 1114908 37 14 27 22  0  0
48 25 136288 87281288 1744360 48393960    0    0 1245536 814628 286611 1114201 38 14 27 22  0  0
51 21 136288 87291404 1744360 48393972    0    0 1261136 804740 287329 1095238 37 14 27 22  0  0
50 20 136288 87278428 1744360 48393996    0    0 1288224 812172 287251 1009434 37 14 27 22  0  0
38 34 136288 87311264 1744364 48394012    0    0 1227200 804060 272206 992216 35 12 29 23  0  0
44 25 136288 87332352 1744364 48394028    0    0 1222800 781988 270779 998536 36 12 30 23  0  0
16 49 136288 87296844 1744364 48394036    0    0 1223472 787692 273805 1008491 36 13 28 23  0  0
25 28 136288 87293608 1744364 48394056    0    0 1205088 741956 266837 949012 35 13 29 23  0  0
37 36 136288 87284272 1744364 48394080    0    0 1220896 776704 268541 966080 35 13 28 23  0  0
19 28 136288 87287496 1744368 48394100    0    0 1237024 786640 268918 964332 36 13 29 23  0  0
25 34 136288 87294584 1744368 48394116    0    0 1227504 808608 275189 1014890 36 13 28 22  0  0
29 22 136288 87288052 1744368 48394132    0    0 1262592 781392 272556 988117 37 13 27 23  0  0
56 22 136288 87284604 1744368 48394152    0    0 1236128 764088 268625 968946 36 13 28 23  0  0
26 20 136288 87307252 1744368 48394176    0    0 1226416 821156 268399 963333 35 13 28 24  0  0
procs -----------memory---------- ---swap-- -----io---- -system-- -------cpu-------
 r  b   swpd   free   buff  cache   si   so    bi    bo   in   cs us sy id wa st gu
51 17 136288 87323580 1744376 48394188    0    0 1263456 773876 271861 987531 36 12 28 24  0  0
49 20 136288 87300528 1744376 48394204    0    0 1228080 803648 281517 1072051 37 13 28 22  0  0
14  3 136288 87287296 1744376 48394220    0    0 1245680 802036 272245 980887 36 13 28 23  0  0
42 27 136288 87300844 1744376 48394236    0    0 1237488 793456 270657 968743 36 13 29 23  0  0
53 17 136288 87291136 1744376 48394256    0    0 1228368 779388 274691 1003079 36 13 28 23  0  0
42 29 136288 87292948 1744376 48394276    0    0 1160944 772748 264460 935217 34 12 30 24  0  0
43 28 136288 87289580 1744376 48394292    0    0 1229072 760840 268303 961829 35 13 29 23  0  0
23 43 136288 87284864 1744376 48394312    0    0 1253008 814316 276171 1034891 36 14 27 23  0  0
26 20 136288 87270592 1744380 48394328    0    0 1243136 810760 285246 1107717 37 14 27 22  0  0
38 22 136288 87313404 1744384 48394360    0    0 1258928 789504 289657 1093010 36 13 28 23  0  0
51 17 136288 87298312 1744384 48394376    0    0 1264688 809348 283309 1089102 37 13 27 23  0  0
48 21 136288 87286656 1744384 48394388    0    0 1246240 795584 285400 1110943 37 14 27 22  0  0
57 15 136288 87284888 1744384 48394404    0    0 1248064 793612 285783 1112709 37 14 27 22  0  0
36 28 136288 87283008 1744384 48394420    0    0 1264112 822732 286040 1085019 37 14 26 22  0  0
16 35 136288 87282988 1744388 48394452    0    0 1272464 798300 275431 997374 37 13 27 23  0  0
28 28 136288 87275872 1744388 48394540    0    0 1269744 808328 275415 994115 37 14 27 23  0  0
46 20 136288 87284964 1744388 48394556    0    0 1261984 786828 273601 990434 36 13 27 23  0  0
41 15 136288 87288440 1744388 48394576    0    0 1261600 807356 275745 994908 37 13 27 23  0  0
23 15 136288 87307596 1744388 48394596    0    0 1207840 813460 268738 959874 35 12 29 24  0  0
37 30 136288 87337676 1744396 48394612    0    0 1276272 757212 280876 1089007 37 12 28 23  0  0
51 18 136288 87298104 1744396 48394624    0    0 1238864 820512 276775 1031191 36 13 28 23  0  0
procs -----------memory---------- ---swap-- -----io---- -system-- -------cpu-------
 r  b   swpd   free   buff  cache   si   so    bi    bo   in   cs us sy id wa st gu
17 45 136288 87300068 1744396 48394644    0    0 1260752 800924 284688 1095850 37 14 27 22  0  0
22 23 136288 87289720 1744396 48394656    0    0 1266768 793644 283630 1081242 37 14 27 22  0  0
35 35 136288 87285712 1744396 48394684    0    0 1257744 794796 279915 1054589 37 13 27 23  0  0
24 18 136288 87290996 1744400 48394704    0    0 1259616 789944 272997 999090 36 13 27 23  0  0
24 43 136288 87280064 1744400 48394724    0    0 1290176 771436 274327 1006130 37 13 27 23  0  0
24 30 136288 87292036 1744400 48394744    0    0 1272208 793308 274551 996479 37 13 27 22  0  0
24 33 136288 87278732 1744400 48394760    0    0 1272976 812424 275189 996263 37 14 27 23  0  0
16 26 136288 87315592 1744400 48394780    0    0 1304880 789416 275766 1014240 37 12 27 23  0  0
17 35 136288 87298188 1744408 48394788    0    0 1272656 761388 278100 1043423 37 13 27 23  0  0
17 34 136288 87292524 1744408 48394804    0    0 1241248 813572 272871 978502 36 13 28 23  0  0
25 43 136288 87274648 1744408 48394824    0    0 1261456 783264 272510 987110 37 13 27 23  0  0
49 22 136288 87278464 1744408 48394844    0    0 1254784 788876 278836 1037773 37 14 27 23  0  0
27 20 136288 87278552 1744408 48394864    0    0 1262256 819648 284446 1092968 37 14 27 22  0  0
45 22 136288 87278652 1744416 48394880    0    0 1276992 789272 286871 1105114 37 14 27 22  0  0
11 23 136288 87282964 1744416 48394900    0    0 1273456 852060 276795 1006998 37 14 27 23  0  0
48 21 136288 87287416 1744416 48394920    0    0 1260032 795300 273368 992798 36 13 27 23  0  0
43 21 136288 87309440 1744416 48394936    0    0 1276976 803220 274938 998149 37 13 27 23  0  0
50 18 136288 87335640 1744416 48394952    0    0 1278384 775464 275375 1037376 37 12 28 23  0  0
47 18 136288 87287832 1744420 48394964    0    0 1250064 822876 281953 1070369 37 14 27 23  0  0
48 25 136288 87289140 1744420 48394984    0    0 1266752 803008 280424 1056363 37 14 27 23  0  0
30 41 136288 87283540 1744420 48395004    0    0 1236736 820212 296883 1095900 37 14 27 22  0  0
procs -----------memory---------- ---swap-- -----io---- -system-- -------cpu-------
 r  b   swpd   free   buff  cache   si   so    bi    bo   in   cs us sy id wa st gu
20 35 136288 87268016 1744420 48395032    0    0 1268256 778264 291097 1082380 37 14 27 22  0  0
32 33 136288 87293868 1744420 48395048    0    0 1213888 802476 277243 1030055 36 13 29 22  0  0
68 13 136288 87281792 1744420 48395072    0    0 1269424 755076 295597 1094133 38 14 27 22  0  0
46 27 136288 87289348 1744420 48395088    0    0 1240048 842396 279031 1047409 36 14 27 23  0  0
45 21 136288 87282056 1744420 48395108    0    0 1264560 816920 285683 1097052 37 14 27 22  0  0
38 24 136288 87320736 1744420 48395132    0    0 1293328 815048 281715 1059996 37 12 28 23  0  0
50 20 136288 87303288 1744420 48395140    0    0 1276560 762408 284184 1092527 38 13 27 22  0  0
47 17 136288 87285620 1744428 48395152    0    0 1243952 801624 280367 1069079 37 13 28 22  0  0
54 17 136288 87286580 1744428 48395168    0    0 1275616 817264 279448 1035675 37 14 26 23  0  0
51 11 136288 87277108 1744428 48395192    0    0 1249808 827228 285568 1088074 37 14 27 23  0  0
47 21 136288 87285708 1744428 48395208    0    0 1251600 828960 286344 1093401 37 14 27 22  0  0
14 40 136288 87278064 1744428 48395228    0    0 1275888 786552 285451 1104720 38 14 26 22  0  0
20 50 136288 87282796 1744428 48395244    0    0 1260432 823744 275366 1002838 37 13 27 23  0  0
49 21 136288 87286600 1744428 48395268    0    0 1256352 761100 273193 998478 36 13 27 23  0  0
47 23 136288 87313692 1744428 48395288    0    0 1238576 796284 273515 1015117 36 12 29 23  0  0
44 21 136288 87325256 1744428 48395296    0    0 1276832 799768 275886 1030334 37 12 28 23  0  0
45 27 136288 87287776 1744428 48395304    0    0 1248528 823696 282763 1078842 37 14 27 22  0  0
46 20 136288 87282060 1744432 48395336    0    0 1263120 827268 288601 1104888 37 14 27 22  0  0
13 40 136288 87284472 1744432 48395356    0    0 1279952 789048 282342 1063925 38 14 27 22  0  0
20 38 136288 87281776 1744432 48395384    0    0 1251312 826400 271493 984364 36 13 28 23  0  0
19 41 136288 87290056 1744432 48395392    0    0 1260400 806980 274869 1010210 37 14 27 23  0  0
procs -----------memory---------- ---swap-- -----io---- -system-- -------cpu-------
 r  b   swpd   free   buff  cache   si   so    bi    bo   in   cs us sy id wa st gu
18 52 136288 87284648 1744432 48395408    0    0 1296016 770664 280211 1056477 38 14 27 22  0  0
51 17 136288 87283080 1744436 48395436    0    0 1270864 806900 273995 996785 37 13 27 23  0  0
44 22 136288 87295464 1744436 48395448    0    0 1259792 847180 276371 1011499 37 13 27 23  0  0
50 24 136288 87324656 1744436 48395472    0    0 1275040 816160 271708 992787 36 12 29 24  0  0
44 23 136288 87291172 1744436 48395480    0    0 1281552 768560 274632 1001010 37 13 27 23  0  0
24 46 136288 87284192 1744436 48395496    0    0 1236912 800692 269632 968984 36 13 28 23  0  0
60 12 136288 87294752 1744436 48395516    0    0 1263424 787440 281922 992119 37 13 27 23  0  0
44 22 136288 87288520 1744436 48395552    0    0 1246576 860404 274711 982733 36 13 27 23  0  0
42 32 136288 87285120 1744436 48395568    0    0 1276608 807532 277465 998926 37 14 26 23  0  0
25 40 136288 87278856 1744436 48395592    0    0 1290016 787616 278231 1035155 38 14 26 22  0  0
30 28 136288 87276192 1744436 48395608    0    0 1258032 799840 280855 992504 37 13 28 23  0  0
22 37 136288 87276720 1744436 48395632    0    0 1264672 812744 275516 995244 37 13 27 23  0  0
52 17 136288 87315436 1744436 48395712    0    0 1274144 803416 288262 1064360 36 13 28 23  0  0
31 39 136288 87308512 1744436 48395716    0    0 1247360 848440 281827 1059329 37 13 28 23  0  0
40 26 136288 87291576 1744436 48395740    0    0 1279120 757692 289108 1135807 38 14 26 22  0  0
51 20 136288 87286276 1744436 48395768    0    0 1250560 816044 285402 1110560 37 14 27 22  0  0
46 24 136288 87277932 1744444 48395768    0    0 1254944 803064 287561 1117149 37 14 27 22  0  0
56 12 136288 87292660 1744444 48395792    0    0 1210400 805612 274111 1018102 35 13 29 23  0  0
38 31 136288 87279740 1744444 48395820    0    0 1268832 794836 281225 1058626 37 14 27 22  0  0
48 21 136288 87278324 1744444 48395836    0    0 1275888 785920 284613 1087631 37 14 27 22  0  0
48 22 136288 87286592 1744444 48395852    0    0 1263728 836740 274212 997701 37 13 27 23  0  0
procs -----------memory---------- ---swap-- -----io---- -system-- -------cpu-------
 r  b   swpd   free   buff  cache   si   so    bi    bo   in   cs us sy id wa st gu
56 16 136288 87307920 1744444 48395876    0    0 1278720 827320 274513 1005362 37 13 27 23  0  0
34 24 136288 87323244 1744444 48395884    0    0 1261120 821064 271358 998106 36 12 28 24  0  0
29 32 136288 87296500 1744444 48395900    0    0 1253248 791980 278734 1051645 37 13 28 22  0  0
44 24 136288 87284340 1744444 48395916    0    0 1276384 815708 274390 1002600 37 13 27 23  0  0
23 30 136288 87278904 1744444 48395936    0    0 1288016 792252 275471 1006644 37 14 27 22  0  0
23 43 136288 87286480 1744444 48395948    0    0 1276480 819628 274007 1002060 37 14 27 23  0  0
38 28 136288 87279684 1744444 48395968    0    0 1276080 779588 277314 1030230 37 14 27 22  0  0
50 18 136288 87281184 1744444 48395988    0    0 1251952 812376 278443 1031653 36 13 28 22  0  0
47 27 136288 87275892 1744444 48396000    0    0 1226480 792024 279234 1043478 36 13 28 23  0  0
46 20 136288 87288324 1744444 48396024    0    0 1231600 800068 278182 1052623 36 13 28 22  0  0
49 21 136288 87324148 1744452 48396040    0    0 1272096 811488 273028 992760 36 12 28 23  0  0
39 40 136288 87306076 1744452 48396052    0    0 1264832 830792 281362 1025898 37 13 27 23  0  0
41 29 136288 87287704 1744452 48396064    0    0 1257408 795708 280663 1074542 37 14 27 22  0  0
20 22 136288 87281468 1744452 48396096    0    0 1272976 814864 275399 1004712 37 13 26 23  0  0
18 42 136288 87282032 1744452 48396116    0    0 1247952 798352 283804 1085882 37 14 27 22  0  0
31 23 136288 87274556 1744456 48396148    0    0 1264304 795404 284066 1093170 37 14 27 22  0  0
30 38 136288 87281948 1744456 48396168    0    0 1260896 810356 286738 1099868 38 14 26 22  0  0
49 22 136288 87277084 1744456 48396188    0    0 1251376 817560 285157 1084429 37 14 27 22  0  0
43 29 136288 87280892 1744456 48396212    0    0 1277376 819700 279905 1011406 37 14 27 22  0  0
25 44 136288 87317648 1744456 48396244    0    0 1257984 816444 282483 1074125 37 13 28 22  0  0
54 17 136288 87334004 1744460 48396244    0    0 1255376 757272 280855 1030822 36 12 29 23  0  0
procs -----------memory---------- ---swap-- -----io---- -system-- -------cpu-------
 r  b   swpd   free   buff  cache   si   so    bi    bo   in   cs us sy id wa st gu
38 30 136288 87280848 1744460 48396260    0    0 1227040 788408 277309 1035203 36 13 28 23  0  0
48 18 136288 87286020 1744460 48396284    0    0 1262976 803212 272247 993134 37 14 27 23  0  0
50 23 136288 87290072 1744460 48396304    0    0 1260368 797100 283961 1090725 37 14 27 22  0  0
55 21 136288 87295588 1744460 48396316    0    0 1243744 839616 282783 1062215 37 14 27 22  0  0
26 30 136288 87286068 1744460 48396332    0    0 1285824 790200 283334 1005855 38 14 27 22  0  0
18 33 136288 87291076 1744460 48396356    0    0 1264320 816200 273682 989108 37 13 27 22  0  0
47 23 136288 87292472 1744460 48396376    0    0 1273120 778640 275169 1013819 37 13 27 22  0  0
21 50 136288 87283812 1744460 48396396    0    0 1271760 827468 279571 1039914 37 14 27 22  0  0
45 25 136288 87329236 1744460 48396408    0    0 1274000 806456 278341 1060944 37 12 27 24  0  0
49 18 136288 87295832 1744464 48396420    0    0 1268624 829400 279478 1053372 37 13 26 23  0  0
47 22 136288 87285728 1744464 48396432    0    0 1281136 825980 276244 1004219 37 13 26 23  0  0
34 41 136288 87283100 1744464 48396460    0    0 1257568 796384 279142 1038228 37 13 27 23  0  0
48 13 136288 87289028 1744464 48396480    0    0 1256064 768568 274333 999123 36 14 28 22  0  0
17 19 136288 87283916 1744464 48396496    0    0 1254784 848212 272777 987083 37 13 27 23  0  0
20 38 136288 87286736 1744472 48396516    0    0 1277168 790536 281428 1059843 37 14 27 22  0  0
18 31 136288 87275448 1744472 48396532    0    0 1254112 796336 279088 1054154 37 14 27 23  0  0
45 25 136288 87293988 1744472 48396556    0    0 1277984 790716 276226 1002975 37 14 26 23  0  0
37 31 136288 87325032 1744472 48396584    0    0 1248480 824792 276242 1018322 36 13 28 23  0  0
34 39 136288 87329464 1744472 48396588    0    0 1280512 798828 278756 1052996 38 12 27 23  0  0
13 30 136288 87297488 1744476 48396604    0    0 1274720 770896 285527 1099698 37 14 27 22  0  0
29 20 136288 87278428 1744476 48396632    0    0 1272720 785064 284589 1103245 37 14 26 22  0  0
procs -----------memory---------- ---swap-- -----io---- -system-- -------cpu-------
 r  b   swpd   free   buff  cache   si   so    bi    bo   in   cs us sy id wa st gu
17 29 136288 87288180 1744476 48396636    0    0 1289488 777492 286101 1107692 38 14 26 22  0  0
11 25 136288 87280652 1744476 48396648    0    0 1277728 823888 276385 1013687 37 14 27 22  0  0
21 28 136288 87287860 1744476 48396692    0    0 1278288 786268 274887 1001139 37 13 27 23  0  0
47 23 136288 87272844 1744480 48396712    0    0 1236208 763740 281477 1002646 37 14 28 22  0  0
38 33 136288 87269532 1744480 48396736    0    0 1209808 813328 286880 1079706 36 15 27 22  0  0
43 27 136288 87285768 1744480 48396748    0    0 1264688 764020 284075 1099261 37 14 27 22  0  0
25 17 136288 87325860 1744480 48396764    0    0 1251632 853096 273092 999312 36 12 29 24  0  0
24 26 136288 87296808 1744480 48396776    0    0 1282384 806000 282709 1072838 38 13 26 23  0  0
13 34 136288 87281180 1744480 48396796    0    0 1283792 792648 274410 1007714 37 13 27 22  0  0
52 18 136288 87281604 1744480 48396828    0    0 1269776 780900 275508 992549 37 13 27 22  0  0
43 22 136288 87283716 1744480 48396924    0    0 1238880 839668 275138 1001502 36 13 28 23  0  0
50 17 136288 87277072 1744480 48396964    0    0 1262432 806688 284389 1095146 37 14 27 22  0  0
45 22 136288 87284012 1744480 48396976    0    0 1250736 808272 281833 1085959 37 14 27 22  0  0
52 21 136288 87278876 1744484 48396992    0    0 1248352 799840 283542 1085021 37 14 27 22  0  0
55 15 136288 87289000 1744484 48397012    0    0 1256864 805552 280566 1049764 37 14 27 22  0  0
48 19 136288 87314164 1744484 48397036    0    0 1241520 810904 270970 973606 35 12 29 24  0  0
51 21 136288 87302656 1744484 48397044    0    0 1263072 760244 282222 1092744 38 13 27 23  0  0
44 24 136288 87289064 1744484 48397052    0    0 1245344 835076 273161 995472 37 13 27 23  0  0
26 47 136288 87284040 1744492 48397060    0    0 1296224 790548 275443 1006586 38 14 26 22  0  0
51 18 136288 87281428 1744492 48397096    0    0 1268016 826584 275508 1001064 37 14 27 23  0  0
49 22 136288 87285732 1744492 48397112    0    0 1266384 813552 276701 993158 37 13 27 23  0  0
procs -----------memory---------- ---swap-- -----io---- -system-- -------cpu-------
 r  b   swpd   free   buff  cache   si   so    bi    bo   in   cs us sy id wa st gu
39 29 136288 87288416 1744492 48397136    0    0 1270624 817584 274709 994897 37 13 27 23  0  0
57 18 136288 87280072 1744492 48397148    0    0 1287568 777580 283171 1077599 38 14 27 22  0  0
44 21 136288 87275964 1744500 48397160    0    0 1275120 831080 274778 1000811 37 13 27 23  0  0
57 16 136288 87303152 1744500 48397192    0    0 1276752 831124 274673 999077 36 13 27 23  0  0
44 23 136288 87319172 1744500 48397204    0    0 1292496 811208 275877 1028626 37 12 27 24  0  0
52 22 136288 87289844 1744500 48397216    0    0 1267536 815316 276403 1026295 37 13 27 23  0  0
23 34 136288 87288264 1744500 48397236    0    0 1236896 819272 270806 972213 36 13 28 23  0  0
53 17 136288 87291656 1744512 48397244    0    0 1272096 787536 277244 1025417 37 14 27 22  0  0
24 40 136288 87285632 1744512 48397276    0    0 1244480 810372 271261 977086 36 13 28 23  0  0
48 19 136288 87289260 1744512 48397296    0    0 1282512 800232 274053 999557 37 13 27 23  0  0
19 22 136288 87279056 1744512 48397316    0    0 1281120 815492 281127 1068681 38 14 27 22  0  0
42 29 136288 87291924 1744512 48397332    0    0 1249056 814192 287450 1116173 37 14 27 22  0  0
30 37 136288 87275084 1744516 48397348    0    0 1276880 808264 277887 1026219 37 14 27 22  0  0
45 21 136288 87327500 1744516 48397360    0    0 1312992 781688 275102 1017510 37 12 27 24  0  0
46 23 136288 87299020 1744516 48397376    0    0 1254304 826480 277309 1042617 37 13 28 23  0  0
42 28 136288 87278712 1744516 48397384    0    0 1266704 813168 279164 1038652 37 13 27 22  0  0
47 23 136288 87276328 1744516 48397416    0    0 1282368 784088 283046 1085483 38 14 26 21  0  0
52 20 136288 87273880 1744520 48397432    0    0 1270288 821672 274946 994348 37 14 27 22  0  0
52 18 136288 87279900 1744520 48397456    0    0 1262720 799596 272554 985792 37 13 27 23  0  0
55 20 136288 87275968 1744520 48397476    0    0 1257280 791732 271943 983503 37 13 27 23  0  0
46 25 136288 87282040 1744520 48397492    0    0 1229568 819920 281302 967845 36 13 28 23  0  0
procs -----------memory---------- ---swap-- -----io---- -system-- -------cpu-------
 r  b   swpd   free   buff  cache   si   so    bi    bo   in   cs us sy id wa st gu
50 11 136288 87286784 1744520 48397520    0    0 1262368 799380 275827 1010295 37 13 27 23  0  0
46 21 136288 87305856 1744520 48397544    0    0 1277008 793248 286017 1106459 37 14 27 23  0  0
39 25 136288 87328080 1744520 48397564    0    0 1264752 822096 281649 1083371 37 12 27 23  0  0
40 28 136288 87281408 1744520 48397576    0    0 1242160 820356 280202 1046344 36 14 27 23  0  0
36 37 136288 87281788 1744520 48397600    0    0 1275360 808328 274817 1000673 37 13 27 23  0  0
27 19 136288 87278776 1744520 48397612    0    0 1278624 817408 275879 1004523 37 14 27 23  0  0
29 36 136288 87281676 1744520 48397636    0    0 1264160 812288 283938 1097171 37 14 27 22  0  0
47 25 136288 87272904 1744520 48397656    0    0 1269696 783040 284626 1099418 37 14 27 22  0  0
18 27 136288 87279548 1744520 48397672    0    0 1253136 823068 283902 1086550 37 14 27 23  0  0
56 14 136288 87277704 1744520 48397688    0    0 1280624 773344 283063 1077351 37 14 27 22  0  0
 8 14 136288 87292744 1744520 48397708    0    0 1222640 833952 270321 963212 35 13 29 23  0  0
45 27 136288 87329564 1744524 48397724    0    0 1276192 785212 271771 988831 36 12 28 24  0  0
47 22 136288 87297932 1744524 48397740    0    0 1242400 800356 277895 1031752 37 13 28 22  0  0
46 28 136288 87289172 1744524 48397760    0    0 1243776 836232 284948 1102751 37 14 27 22  0  0
44 22 136288 87282792 1744524 48397772    0    0 1279680 772112 288366 1128487 38 14 26 22  0  0
24 43 136288 87281072 1744524 48397792    0    0 1261440 833012 279644 1035540 37 13 27 22  0  0
36 42 136288 87279996 1744524 48397812    0    0 1283200 791460 282570 999092 37 13 27 23  0  0
52 14 136288 87276924 1744524 48397832    0    0 1275840 798220 274585 998746 37 13 27 23  0  0
50 20 136288 87279776 1744524 48397852    0    0 1276288 808756 274294 1001359 37 13 27 23  0  0
55 20 136288 87290280 1744524 48397868    0    0 1275488 832196 283068 1001633 37 14 27 23  0  0
49 24 136288 87322064 1744524 48397888    0    0 1292048 818856 281318 1006984 37 13 27 24  0  0
procs -----------memory---------- ---swap-- -----io---- -system-- -------cpu-------
 r  b   swpd   free   buff  cache   si   so    bi    bo   in   cs us sy id wa st gu
50 23 136288 87311248 1744532 48397892    0    0 1272048 811168 277953 1028852 37 12 27 23  0  0
49 22 136288 87285604 1744532 48397912    0    0 1237408 805068 275114 1008258 36 13 28 23  0  0
40 37 136288 87281720 1744532 48397932    0    0 1268464 826960 274032 994445 37 13 27 23  0  0
20 48 136288 87280740 1744532 48397948    0    0 1252448 790624 272231 980109 36 13 28 23  0  0
45  9 136288 87274868 1744532 48397976    0    0 1282800 791504 274226 1002773 37 13 27 23  0  0
50 20 136288 87289272 1744536 48397992    0    0 1258608 838680 272732 990296 36 13 27 23  0  0
47 25 136288 87276944 1744536 48398004    0    0 1286704 810600 277316 1009391 38 14 26 22  0  0
40 28 136288 87278980 1744536 48398092    0    0 1263808 828700 274096 994710 37 13 27 23  0  0
54 22 136288 87296580 1744536 48398124    0    0 1288784 803640 275150 1008923 37 13 27 23  0  0
16 40 136288 87319548 1744536 48398140    0    0 1276208 837512 274630 1009911 37 12 28 24  0  0
30 44 136288 87285564 1744544 48398156    0    0 1275792 800376 286214 1118289 38 14 26 22  0  0
43 24 136288 87279980 1744544 48398156    0    0 1259984 822676 284553 1094225 37 14 27 22  0  0
24 43 136288 87283352 1744544 48398188    0    0 1262928 810972 285687 1098952 37 14 26 22  0  0
40 27 136288 87290136 1744544 48398212    0    0 1262208 804280 277566 1035618 37 14 27 22  0  0
16 46 136288 87280944 1744544 48398232    0    0 1257216 798504 275402 1012016 37 13 27 22  0  0
44 20 136288 87286912 1744552 48398244    0    0 1257136 768724 280568 1062902 37 14 27 22  0  0
38 25 136288 87284116 1744552 48398260    0    0 1247808 803140 276707 1030052 36 13 28 23  0  0
56 13 136288 87266764 1744552 48398272    0    0 1279040 802052 280703 1042748 38 14 26 22  0  0
53 21 136288 87306924 1744552 48398292    0    0 1265488 832776 278924 1047305 37 13 28 23  0  0
49 18 136288 87296472 1744552 48398304    0    0 1269024 815104 276254 1019468 37 12 27 23  0  0
53 20 136288 87290208 1744556 48398320    0    0 1262032 814044 282377 1058689 37 14 27 22  0  0
procs -----------memory---------- ---swap-- -----io---- -system-- -------cpu-------
 r  b   swpd   free   buff  cache   si   so    bi    bo   in   cs us sy id wa st gu
50 18 136288 87288440 1744556 48398340    0    0 1262288 814100 279786 1057663 37 14 27 22  0  0
47 23 136288 87281888 1744556 48398356    0    0 1274624 817248 274297 1001719 37 14 27 23  0  0
51 18 136288 87282008 1744556 48398384    0    0 1302192 794844 277306 1019012 38 14 26 22  0  0
46 29 136288 87279576 1744556 48398396    0    0 1272224 831768 278685 997343 37 14 27 23  0  0
58 16 136288 87291056 1744560 48398416    0    0 1265376 812580 274724 987371 37 13 27 23  0  0
31 37 136288 87286896 1744560 48398432    0    0 1232208 819244 272103 968011 36 13 28 23  0  0
18 54 136288 87301936 1744560 48398456    0    0 1269984 811716 274683 994682 37 13 27 23  0  0
38 35 136288 87313088 1744560 48398468    0    0 1250752 794716 271731 987935 36 12 29 24  0  0
48  6 136288 87289544 1744560 48398480    0    0 1260784 801812 285709 1115024 37 14 27 22  0  0
26 19 136288 87283364 1744564 48398504    0    0 1262016 807544 287959 1124113 37 14 27 22  0  0
34 28 136288 87282996 1744564 48398528    0    0 1245760 805744 288064 1109552 37 14 27 22  0  0
51 22 136288 87288464 1744564 48398548    0    0 1253008 815628 277465 1022999 37 13 27 23  0  0
25 24 136288 87281656 1744564 48398568    0    0 1298512 789988 274918 1010180 38 14 26 23  0  0
56 19 136288 87289352 1744564 48398584    0    0 1245904 819860 272462 982928 36 13 27 23  0  0
12 31 136288 87285628 1744568 48398604    0    0 1272512 814196 284690 1089509 37 14 27 22  0  0
49 16 136288 87282780 1744568 48398632    0    0 1274080 788512 287490 1104308 38 14 26 22  0  0
42 26 136288 87325020 1744568 48398644    0    0 1265776 783988 277810 1059319 36 12 28 23  0  0
58 17 136288 87298820 1744568 48398656    0    0 1241008 795376 280051 1057516 37 13 28 22  0  0
44 23 136288 87284804 1744568 48398668    0    0 1248016 796168 285767 1109485 37 14 27 22  0  0
50 20 136288 87284760 1744572 48398688    0    0 1255184 811840 282005 1063312 37 14 27 22  0  0
44 26 136288 87289056 1744572 48398720    0    0 1247344 821120 274914 1005478 36 13 28 23  0  0
procs -----------memory---------- ---swap-- -----io---- -system-- -------cpu-------
 r  b   swpd   free   buff  cache   si   so    bi    bo   in   cs us sy id wa st gu
56 18 136288 87284780 1744572 48398740    0    0 1277520 815768 276290 1005437 37 13 27 22  0  0
17 20 136288 87286536 1744572 48398756    0    0 1282096 823828 276573 1005942 37 13 27 22  0  0
34 26 136288 87282436 1744572 48398776    0    0 1270464 795088 288579 1056636 37 14 27 22  0  0
27 31 136288 87284460 1744576 48398784    0    0 1273120 824848 278562 1017285 37 14 27 22  0  0
45 21 136288 87309600 1744576 48398812    0    0 1278752 776284 274851 1004123 37 13 28 23  0  0
54 14 136288 87321824 1744576 48398820    0    0 1273712 822996 277794 1046642 37 12 28 23  0  0
45 19 136288 87293296 1744576 48398840    0    0 1267872 798960 285083 1095235 37 14 27 22  0  0
50 23 136288 87284192 1744576 48398860    0    0 1260464 793580 278577 1044845 37 14 27 22  0  0
44 26 136288 87288108 1744580 48398872    0    0 1231840 823080 269550 969567 36 13 28 23  0  0
48 10 136288 87287276 1744580 48398892    0    0 1266688 792844 276018 1013752 37 13 27 23  0  0
42 24 136288 87290228 1744580 48398916    0    0 1258992 798556 282285 1066201 37 14 27 22  0  0
47 14 136288 87280840 1744580 48398928    0    0 1259312 797640 272352 986312 36 13 28 23  0  0
54 16 136288 87288708 1744580 48398952    0    0 1272912 821224 274095 997672 37 13 27 23  0  0
38 31 136288 87289396 1744584 48398968    0    0 1259968 820232 274139 992398 36 13 28 23  0  0
40 33 136288 87326248 1744584 48398988    0    0 1243344 823180 269367 975202 35 12 29 24  0  0
37 39 136288 87289200 1744584 48398992    0    0 1252624 770412 281655 1077281 37 13 28 22  0  0
28 35 136288 87280324 1744584 48399016    0    0 1229248 790324 277748 1038777 36 13 29 22  0  0
57 19 136288 87273620 1744584 48399032    0    0 1217360 766988 268247 955191 35 13 29 22  0  0
48 22 136288 87277904 1744592 48399044    0    0 1233600 791480 275077 1022675 36 13 29 22  0  0
41 25 136288 87280476 1744592 48399068    0    0 1222112 796512 267655 953631 36 13 29 23  0  0
42 26 136288 87286388 1744592 48399100    0    0 1223520 780032 267585 962699 35 13 29 23  0  0
procs -----------memory---------- ---swap-- -----io---- -system-- -------cpu-------
 r  b   swpd   free   buff  cache   si   so    bi    bo   in   cs us sy id wa st gu
 8 58 136288 87283316 1744592 48399120    0    0 1210864 817252 268141 955623 36 13 29 23  0  0
35 20 136288 87289168 1744592 48399140    0    0 1228096 760280 268870 959345 36 13 29 22  0  0
24 16 136288 87314764 1744592 48399152    0    0 1228016 760744 265763 954746 35 12 30 23  0  0
43 32 136288 87302988 1744592 48399164    0    0 1154352 779608 262210 927176 34 11 32 23  0  0
17 19 136288 87285940 1744592 48399252    0    0 1233840 758720 276017 968009 36 13 28 22  0  0
11  5 136288 87287216 1744592 48399276    0    0 1202048 805952 267544 949022 35 13 29 23  0  0
18  8 136288 87283244 1744592 48399288    0    0 1236112 779020 275526 1022617 36 13 29 22  0  0
30 46 136288 87273340 1744596 48399308    0    0 1222000 797192 268180 951853 35 13 30 22  0  0
35 38 136288 87281344 1744596 48399336    0    0 1204272 779652 269383 973938 35 13 29 22  0  0
27 29 136288 87287376 1744596 48399360    0    0 1203184 772496 266241 943355 35 13 30 23  0  0
38 32 136288 87288048 1744596 48399376    0    0 1222992 767268 269706 948388 35 13 29 23  0  0
24 29 136288 87310008 1744596 48399392    0    0 1219408 790916 272893 1013729 35 13 29 23  0  0
21 20 136288 87327608 1744596 48399400    0    0 1224528 772820 269745 998251 35 11 30 24  0  0
12  7 136288 87294100 1744600 48399416    0    0 1218240 780684 268843 972776 35 13 29 23  0  0
19 46 136288 87288976 1744600 48399440    0    0 1191024 776408 268755 977739 35 13 30 22  0  0
 8  5 136288 87278072 1744600 48399456    0    0 1176224 765908 262705 920829 34 12 30 23  0  0
37 30 136288 87296196 1744600 48399476    0    0 1159408 744852 262690 935477 34 12 31 23  0  0
34 35 136288 87298972 1744600 48399496    0    0 1214288 771192 265913 949895 35 13 29 23  0  0
26 20 136288 87286140 1744604 48399512    0    0 1193664 775252 269651 980781 35 13 29 23  0  0
23 42 136288 87298420 1744604 48399540    0    0 1203856 765880 268599 968681 35 13 30 22  0  0
24 24 136288 87294580 1744604 48399556    0    0 1242192 789012 272944 985314 36 13 28 23  0  0
procs -----------memory---------- ---swap-- -----io---- -system-- -------cpu-------
 r  b   swpd   free   buff  cache   si   so    bi    bo   in   cs us sy id wa st gu
21 15 136288 87324620 1744604 48399568    0    0 1204000 789296 271397 1000538 35 11 30 24  0  0
50 18 136288 87294896 1744604 48399580    0    0 1223504 777884 268340 960518 36 12 29 23  0  0
19 50 136288 87285288 1744604 48399596    0    0 1234480 786028 269849 967779 36 13 29 23  0  0
17 24 136288 87284544 1744604 48399624    0    0 1231712 753932 268502 963354 36 13 29 23  0  0
14 24 136288 87293712 1744604 48399640    0    0 1206752 809724 267754 950072 35 13 29 23  0  0
33 35 136288 87281036 1744604 48399660    0    0 1240144 752324 272292 996420 36 13 29 22  0  0
20 35 136288 87293540 1744604 48399676    0    0 1205152 792212 267587 949322 35 13 30 23  0  0
12 10 136288 87291336 1744608 48399696    0    0 1158368 758508 259772 906345 34 12 32 22  0  0
30 48 136288 87301508 1744608 48399720    0    0 1197984 742272 266790 949529 35 13 30 23  0  0
31 42 136288 87327784 1744608 48399732    0    0 1200704 806532 263909 938049 34 12 30 24  0  0
20 32 136288 87306420 1744608 48399740    0    0 1216384 758140 276840 1000937 36 12 29 23  0  0
25 32 136288 87292552 1744608 48399760    0    0 1225680 783264 269687 957569 35 13 30 22  0  0
14 23 136288 87281052 1744612 48399780    0    0 1202800 774720 264770 940347 35 13 30 23  0  0
21 44 136288 87279772 1744612 48399796    0    0 1181728 761736 266985 934996 35 13 31 22  0  0
16 48 136288 87286596 1744612 48399820    0    0 1186720 781420 264225 924061 35 12 30 23  0  0
28 45 136288 87286412 1744612 48399840    0    0 1238320 771564 269408 970374 36 13 29 23  0  0
16  5 136288 87284700 1744612 48399852    0    0 1213024 778236 267040 952749 36 13 29 23  0  0
39 16 136288 87293100 1744612 48399876    0    0 1233104 755188 267507 959222 36 13 28 23  0  0
54  6 136288 87308964 1744612 48399892    0    0 1194064 767464 264436 937217 34 12 31 23  0  0
15 10 136288 87332148 1744612 48399908    0    0 1246432 753680 267466 966753 36 12 29 23  0  0
54 22 136288 87293832 1744612 48399924    0    0 1120096 682800 256405 902989 33 12 33 22  0  0
procs -----------memory---------- ---swap-- -----io---- -system-- -------cpu-------
 r  b   swpd   free   buff  cache   si   so    bi    bo   in   cs us sy id wa st gu
60 21 136288 87295724 1744612 48399944    0    0 1174656 742568 261405 917165 34 12 31 23  0  0
53 29 136288 87287168 1744612 48399964    0    0 1195008 772516 264575 933317 34 13 31 22  0  0
27 51 136288 87286976 1744612 48399980    0    0 1202016 772068 265062 943396 35 13 30 23  0  0
28 45 136288 87290284 1744612 48400004    0    0 1206192 761148 269727 970982 35 13 29 23  0  0
30 27 136288 87281176 1744612 48400028    0    0 1192704 768632 263960 937375 35 13 30 22  0  0
28  5 136288 87289344 1744612 48400044    0    0 1153840 762236 261262 911196 34 12 31 23  0  0
53 28 136288 87295604 1744620 48400056    0    0 1170800 747108 260515 912596 34 12 31 23  0  0
22 17 136288 87334528 1744620 48400068    0    0 1202512 787020 264774 938371 34 11 31 24  0  0
54 22 136288 87297124 1744620 48400088    0    0 1181024 747248 270966 1009480 35 12 30 23  0  0
53 21 136288 87287620 1744620 48400108    0    0 1197536 751020 270762 948447 35 13 31 22  0  0
48 22 136288 87282684 1744620 48400128    0    0 1191968 757232 264435 930543 34 13 31 23  0  0
20 54 136288 87284764 1744624 48400140    0    0 1161184 784060 262422 917649 34 12 31 23  0  0
38 26 136288 87290496 1744624 48400164    0    0 1157456 696560 257956 902498 33 12 32 23  0  0
46 25 136288 87289448 1744624 48400192    0    0 1124528 737464 256043 885235 33 12 32 23  0  0
44 27 136288 87290944 1744628 48400208    0    0 1164208 743956 261298 916375 34 12 31 22  0  0
 8  5 136288 87294884 1744628 48400224    0    0 1186240 793548 264231 931908 35 12 30 23  0  0
50 21 136288 87328680 1744628 48400240    0    0 1187712 737388 266271 972419 34 12 32 23  0  0
21 11 136288 87307376 1744628 48400256    0    0 1176976 777548 272371 1002231 35 12 31 22  0  0
41 26 136288 87284784 1744628 48400280    0    0 1169888 723692 262416 933259 34 12 31 23  0  0
34 23 136288 87284580 1744628 48400300    0    0 1156816 790212 263668 944967 34 13 31 23  0  0
47 26 136288 87281044 1744632 48400312    0    0 1220928 744716 269501 968607 35 13 29 23  0  0
procs -----------memory---------- ---swap-- -----io---- -system-- -------cpu-------
 r  b   swpd   free   buff  cache   si   so    bi    bo   in   cs us sy id wa st gu
43 28 136288 87283160 1744632 48400396    0    0 1175312 792212 261497 922378 34 12 30 23  0  0
44 27 136288 87277100 1744632 48400420    0    0 1221952 729556 265278 952565 35 13 29 23  0  0
55 15 136288 87284324 1744632 48400432    0    0 1196336 750604 263550 926705 35 12 30 23  0  0
53 17 136288 87279040 1744632 48400464    0    0 1204848 771968 265253 936878 35 13 30 23  0  0
42 27 136288 87310680 1744632 48400472    0    0 1126752 769332 255655 884049 32 11 32 25  0  0
50 22 136288 87316172 1744632 48400484    0    0 1118224 731196 253386 859420 32 10 34 24  0  0
39 31 136288 87294660 1744632 48400508    0    0 1143600 735184 258222 898740 33 12 32 23  0  0
49 23 136288 87288816 1744632 48400520    0    0 1200912 747356 263668 935799 35 13 29 23  0  0
53 19 136288 87285988 1744632 48400548    0    0 1182944 737388 262873 932072 34 13 30 24  0  0
58 18 136288 87277476 1744636 48400560    0    0 1228496 767204 266883 955546 35 13 28 24  0  0
44 28 136288 87278412 1744636 48400580    0    0 1141664 783244 266148 899857 33 12 31 24  0  0
52 21 136288 87287076 1744636 48400608    0    0 1191072 739896 263150 927363 34 12 29 24  0  0
39 32 136288 87276292 1744636 48400624    0    0 1221552 744988 266342 955231 35 13 29 23  0  0
50 30 136288 87284080 1744636 48400644    0    0 1180784 789864 262995 926642 34 12 30 24  0  0
49 18 136288 87319832 1744644 48400660    0    0 1202144 782476 262169 936879 34 11 30 25  0  0
61 18 136288 87290244 1744644 48400664    0    0 1207824 759388 269398 982255 35 13 29 23  0  0
29 42 136288 87287880 1744644 48400692    0    0 1162256 779736 260279 906469 34 12 30 23  0  0
23 46 136288 87288152 1744644 48400712    0    0 1160928 747052 263322 936308 34 12 31 24  0  0
51 20 136288 87279036 1744644 48400736    0    0 1142032 685704 254919 891907 33 12 32 23  0  0
21 33 136288 87284608 1744648 48400760    0    0 1146384 751732 257357 898489 33 12 31 24  0  0
48 20 136288 87287656 1744648 48400780    0    0 1164832 711348 260061 923860 34 12 30 23  0  0
