procs -----------memory---------- ---swap-- -----io---- -system-- -------cpu-------
 r  b   swpd   free   buff  cache   si   so    bi    bo   in   cs us sy id wa st gu
 4  0 383448 152729900 1998492 32695204    5   10 25519 32342 15565    5  3  1 96  0  0  0
66  0 383448 152700376 1998492 32695260    0    0     0    32 82271 33309 37  1 62  0  0  0
63  0 383448 152690108 1998492 32695304    0    0     0     0 81067 11513 80  1 19  0  0  0
30  0 383448 152679632 1998492 32695324    0    0     0   232 88907 11346 66  1 32  0  0  0
45 23 383448 152418228 1998492 32695344    0    0 955504 93088 259966 537363 36  8 44 12  0  0
59  8 383448 152401384 1998492 32695360    0    0 1218656 442496 325285 1219754 46 13 21 19  0  0
66  4 383448 152355616 1998492 32695388    0    0 896176 584636 330492 1293960 47 14 21 17  0  0
27 46 383448 152331328 1998492 32695396    0    0 847152 512648 319737 1355029 51 14 21 14  0  0
65  7 383448 152333264 1998492 32695412    0    0 820928 447024 324635 1395325 52 16 20 12  0  0
57 12 383448 152379812 1998492 32695432    0    0 932064 598488 326169 1313198 48 14 21 17  0  0
58 10 383448 152386256 1998492 32695452    0    0 916656 592356 325112 1318243 48 15 21 16  0  0
62  6 383448 152396704 1998492 32695472    0    0 902032 580988 322588 1326446 48 15 21 16  0  0
51 12 383448 152383320 1998492 32695492    0    0 904928 573876 325036 1326016 48 15 21 16  0  0
64  5 383448 152408140 1998496 32695508    0    0 947536 591372 321761 1325057 48 14 21 17  0  0
61  7 383448 152418164 1998496 32695520    0    0 915424 568308 323136 1341923 49 14 21 16  0  0
32 41 383448 152405640 1998496 32695540    0    0 842128 472004 322291 1380858 52 15 20 13  0  0
29 40 383448 152387456 1998496 32695560    0    0 846320 491460 309772 1298310 48 14 21 17  0  0
30 40 383448 152391172 1998496 32695580    0    0 857904 513540 314099 1319291 48 14 21 16  0  0
25 44 383448 152365732 1998504 32695600    0    0 859232 488248 320368 1376384 51 15 20 14  0  0
56  6 383448 152384772 1998504 32695612    0    0 860608 492420 323042 1376687 51 15 20 14  0  0
57 14 383448 152375256 1998504 32695636    0    0 874752 507708 326089 1373210 51 15 20 14  0  0
procs -----------memory---------- ---swap-- -----io---- -system-- -------cpu-------
 r  b   swpd   free   buff  cache   si   so    bi    bo   in   cs us sy id wa st gu
56 11 383448 152408124 1998504 32695652    0    0 870080 503076 321545 1388650 51 14 20 14  0  0
63  9 383448 152398024 1998504 32695664    0    0 862128 501352 324069 1383063 51 15 20 14  0  0
45 13 383448 152387964 1998508 32695680    0    0 857440 494116 324875 1383085 51 15 20 14  0  0
53 14 383448 152379916 1998508 32695700    0    0 861344 497136 326682 1382085 51 15 20 14  0  0
57  6 383448 152377700 1998508 32695720    0    0 850288 491560 324479 1373462 51 15 20 13  0  0
58  5 383448 152375340 1998508 32695744    0    0 872432 503172 325402 1374170 51 15 20 14  0  0
61  4 383448 152374580 1998508 32695760    0    0 856992 492980 326424 1382893 51 16 20 14  0  0
60  6 383448 152401780 1998512 32695772    0    0 881392 510856 323058 1386152 51 14 21 15  0  0
47  7 383448 152386784 1998512 32695792    0    0 892256 512424 327556 1374746 51 15 20 14  0  0
49  9 383448 152379272 1998512 32695812    0    0 864544 493720 324231 1379340 51 15 20 13  0  0
41  7 383448 152372828 1998512 32695840    0    0 880240 503212 327777 1377423 51 15 20 14  0  0
29 40 383448 152382076 1998512 32695856    0    0 837936 429248 326948 1417351 52 16 20 12  0  0
60 10 383448 152371028 1998512 32695880    0    0 844272 451268 323741 1407045 52 15 20 13  0  0
41 15 383448 152358976 1998512 32695900    0    0 875104 497780 326789 1376747 51 15 20 14  0  0
55 10 383448 152393872 1998512 32695916    0    0 892640 506672 321457 1376680 51 14 21 15  0  0
56 13 383448 152400568 1998512 32695928    0    0 863664 493092 323910 1385937 51 15 20 14  0  0
53 13 383448 152380464 1998512 32695952    0    0 884544 497276 312401 1319626 48 14 21 17  0  0
48 14 383448 152375924 1998516 32695972    0    0 849072 480448 311755 1329094 49 14 21 16  0  0
62  9 383448 152374608 1998516 32695996    0    0 861536 495676 323119 1366828 51 15 20 14  0  0
37  9 383448 152370220 1998516 32696012    0    0 875504 502312 324287 1365811 50 15 20 14  0  0
48 18 383448 152381160 1998516 32696032    0    0 882576 498732 321237 1373511 50 15 20 14  0  0
procs -----------memory---------- ---swap-- -----io---- -system-- -------cpu-------
 r  b   swpd   free   buff  cache   si   so    bi    bo   in   cs us sy id wa st gu
26 30 383448 152388252 1998516 32696052    0    0 873248 498172 323057 1382812 51 15 20 14  0  0
64  4 383448 152395196 1998516 32696068    0    0 870080 497828 324579 1375675 50 15 20 14  0  0
56  9 383448 152395784 1998516 32696084    0    0 885744 499888 325355 1375776 51 15 20 14  0  0
50 11 383448 152377828 1998516 32696104    0    0 901680 508840 327658 1370097 51 15 20 14  0  0
47 18 383448 152380676 1998516 32696120    0    0 868720 498092 323472 1368048 51 15 20 14  0  0
62  1 383448 152367344 1998516 32696148    0    0 890496 502624 326138 1372225 51 15 20 14  0  0
46 10 383448 152385248 1998516 32696168    0    0 896000 506408 328185 1374327 51 15 20 14  0  0
66  5 383448 152385632 1998516 32696188    0    0 879920 503836 327327 1377379 50 15 20 14  0  0
49 16 383448 152407356 1998516 32696196    0    0 899232 509192 322603 1381006 51 14 20 15  0  0
46 16 383448 152391720 1998516 32696212    0    0 754704 359240 319463 1438826 54 16 20 10  0  0
50 11 383448 152380976 1998516 32696232    0    0 883216 496308 325512 1379059 51 15 20 14  0  0
57 10 383448 152373032 1998516 32696256    0    0 885632 500536 327387 1375496 51 15 20 14  0  0
63 10 383448 152361116 1998516 32696272    0    0 886560 504948 323957 1371092 50 15 20 14  0  0
72  9 383448 152362516 1998516 32696292    0    0 848736 491064 326334 1380367 50 16 21 14  0  0
55 11 383448 152353672 1998516 32696312    0    0 884416 498104 323999 1367979 50 15 21 14  0  0
57  8 383448 152389184 1998516 32696332    0    0 887568 500104 320858 1378494 51 14 21 15  0  0
61  5 383448 152384508 1998520 32696340    0    0 874784 483924 309571 1293378 48 14 21 18  0  0
42 15 383448 152375752 1998520 32696360    0    0 851232 476136 311284 1310362 48 14 21 17  0  0
59  9 383448 152358020 1998520 32696384    0    0 867920 495068 323143 1365445 50 15 20 14  0  0
46 13 383448 152338552 1998520 32696400    0    0 886832 496572 325444 1370849 51 15 20 14  0  0
40 22 383448 152348220 1998520 32696432    0    0 866288 493868 325113 1370499 51 15 20 14  0  0
procs -----------memory---------- ---swap-- -----io---- -system-- -------cpu-------
 r  b   swpd   free   buff  cache   si   so    bi    bo   in   cs us sy id wa st gu
43 10 383448 152370884 1998520 32696452    0    0 873520 493108 322050 1370729 51 15 20 14  0  0
53  9 383448 152401700 1998520 32696464    0    0 903408 508624 321604 1375111 50 14 21 15  0  0
51  8 383448 152400016 1998520 32696476    0    0 886496 503844 326216 1375142 51 15 20 14  0  0
53 11 383448 152376940 1998520 32696500    0    0 904352 508168 326625 1365516 51 15 20 14  0  0
58 13 383448 152359832 1998520 32696520    0    0 879968 494968 327654 1375448 51 15 20 14  0  0
28  3 383448 152361060 1998524 32696540    0    0 876272 499060 326923 1372382 51 15 20 14  0  0
30 40 383448 152360640 1998524 32696564    0    0 883088 498136 325524 1373218 51 15 20 14  0  0
70 17 383448 152351032 1998524 32696580    0    0 765360 350524 317550 1429816 54 16 20 11  0  0
53 15 383448 152384264 1998524 32696596    0    0 832800 469248 308307 1342555 50 13 21 16  0  0
42 17 383448 152401696 1998524 32696612    0    0 840128 467780 311502 1336082 49 14 21 16  0  0
58 10 383448 152398344 1998524 32696632    0    0 831680 463392 312582 1336965 49 14 20 16  0  0
58 12 383448 152363884 1998524 32696648    0    0 822144 461420 313195 1335808 49 15 21 16  0  0
67  5 383448 152369968 1998524 32696672    0    0 830592 460492 313657 1334279 49 15 20 16  0  0
44 19 383448 152364760 1998524 32696688    0    0 846576 471536 313561 1330535 49 14 20 16  0  0
19 54 383448 152375188 1998524 32696708    0    0 833104 456912 309764 1335220 49 14 21 16  0  0
50 19 383448 152392892 1998528 32696728    0    0 822096 376112 305400 1377599 52 13 21 14  0  0
47 13 383448 152402948 1998528 32696740    0    0 861712 474768 310932 1329448 49 13 21 17  0  0
41 27 383448 152384120 1998528 32696760    0    0 876816 484032 313987 1314707 48 14 21 17  0  0
56  4 383448 152370504 1998528 32696780    0    0 857840 475716 308230 1300008 47 14 21 18  0  0
41 33 383448 152365632 1998528 32696800    0    0 835376 466928 313533 1328171 49 14 20 16  0  0
66  3 383448 152371196 1998532 32696820    0    0 874912 482728 313946 1317350 48 14 21 17  0  0
procs -----------memory---------- ---swap-- -----io---- -system-- -------cpu-------
 r  b   swpd   free   buff  cache   si   so    bi    bo   in   cs us sy id wa st gu
59  5 383448 152374148 1998532 32696848    0    0 821728 463104 308497 1331611 49 14 21 16  0  0
48 15 383448 152385872 1998532 32696864    0    0 867104 477404 312106 1326993 48 14 21 17  0  0
53 10 383448 152388848 1998532 32696876    0    0 860608 473592 310099 1328330 49 14 21 17  0  0
50 14 383448 152375596 1998532 32696892    0    0 830624 462896 312777 1335873 49 14 21 16  0  0
56 13 383448 152374120 1998536 32696908    0    0 877008 482112 319069 1343051 49 14 21 16  0  0
47 14 383448 152360128 1998536 32696936    0    0 863104 485876 322819 1364671 50 15 20 15  0  0
16 49 383448 152352168 1998536 32696956    0    0 856464 478820 320499 1356028 50 14 21 14  0  0
37 41 383448 152345560 1998536 32696972    0    0 861600 470464 322642 1367241 51 15 20 14  0  0
24 46 383448 152360520 1998536 32696992    0    0 867008 482640 322708 1376269 51 15 20 15  0  0
26 45 383448 152390708 1998536 32697016    0    0 863136 460728 320477 1395810 51 14 20 14  0  0
22 40 383448 152374000 1998536 32697028    0    0 877392 495132 323639 1358713 50 15 21 15  0  0
57  8 383448 152367652 1998536 32697044    0    0 836096 422808 323960 1404906 52 16 20 13  0  0
54 14 383448 152357576 1998536 32697064    0    0 872320 488552 322119 1362563 51 15 20 14  0  0
50 13 383448 152363516 1998536 32697092    0    0 878352 489124 322711 1359175 50 15 21 15  0  0
41 17 383448 152358388 1998540 32697108    0    0 875136 489488 325503 1373452 50 15 20 15  0  0
48  6 383448 152350372 1998540 32697136    0    0 866832 487052 324418 1370787 50 15 20 14  0  0
56 12 383448 152390628 1998540 32697148    0    0 888224 494824 316912 1364837 50 13 21 16  0  0
37  9 383448 152384488 1998540 32697160    0    0 859040 487296 323570 1368823 50 15 20 14  0  0
57  4 383448 152375956 1998540 32697184    0    0 838720 472740 318137 1344386 49 15 21 15  0  0
54  9 383448 152380048 1998544 32697204    0    0 892016 497592 320999 1350799 50 14 21 15  0  0
37 37 383448 152365016 1998544 32697228    0    0 825104 416616 321348 1403400 53 15 20 12  0  0
procs -----------memory---------- ---swap-- -----io---- -system-- -------cpu-------
 r  b   swpd   free   buff  cache   si   so    bi    bo   in   cs us sy id wa st gu
65  3 383448 152358992 1998544 32697244    0    0 838672 433928 320961 1391319 52 15 20 13  0  0
46 23 383448 152348080 1998544 32697260    0    0 872688 489748 325231 1360625 50 15 20 15  0  0
60  9 383448 152383688 1998544 32697272    0    0 865808 481208 316807 1372029 50 14 21 15  0  0
59  9 383448 152370200 1998544 32697292    0    0 892320 498928 324907 1365433 51 14 20 15  0  0
61  6 383448 152361464 1998544 32697312    0    0 876496 491820 323893 1365290 51 15 20 15  0  0
60  9 383448 152366316 1998544 32697328    0    0 847456 477868 321130 1370768 50 15 20 14  0  0
60 12 383448 152367924 1998544 32697352    0    0 853216 481776 322558 1362234 50 15 20 14  0  0
40 33 383448 152367316 1998544 32697376    0    0 868208 458464 322894 1379127 51 15 20 14  0  0
39 34 383448 152363928 1998548 32697388    0    0 864336 469120 320846 1364269 50 15 20 14  0  0
26 42 383448 152391376 1998548 32697420    0    0 855072 467868 322749 1397599 51 14 20 14  0  0
63  7 383448 152386692 1998548 32697428    0    0 840432 430748 321895 1407671 52 15 20 13  0  0
38 13 383448 152365672 1998548 32697448    0    0 858960 481972 323076 1375735 50 15 20 14  0  0
58 14 383448 152358344 1998548 32697472    0    0 856832 480076 325290 1369939 51 15 20 14  0  0
49 19 383448 152354904 1998552 32697492    0    0 880608 487120 323964 1365829 50 15 20 14  0  0
49 14 383448 152345020 1998552 32697516    0    0 870400 486856 323976 1369742 51 15 20 14  0  0
53 10 383448 152341592 1998552 32697536    0    0 844928 476580 322298 1373774 50 16 20 14  0  0
45 12 383448 152370816 1998552 32697556    0    0 886736 497520 321186 1364227 50 14 20 15  0  0
46  5 383448 152370032 1998552 32697564    0    0 887760 490864 322008 1366641 50 14 21 15  0  0
16 53 383448 152352940 1998556 32697576    0    0 845808 431608 325089 1409024 52 16 20 13  0  0
55 10 383448 152352032 1998556 32697604    0    0 847728 424820 324509 1406368 52 15 20 13  0  0
54 12 383448 152367980 1998556 32697620    0    0 856688 481600 318146 1344911 50 15 21 15  0  0
procs -----------memory---------- ---swap-- -----io---- -system-- -------cpu-------
 r  b   swpd   free   buff  cache   si   so    bi    bo   in   cs us sy id wa st gu
44 34 383448 152375168 1998556 32697644    0    0 856768 477412 317899 1350124 50 15 21 15  0  0
55 10 383448 152366732 1998556 32697664    0    0 890464 491080 320955 1353553 50 14 21 15  0  0
44 13 383448 152376644 1998556 32697684    0    0 876832 487672 318721 1359382 50 14 21 15  0  0
62  7 383448 152391812 1998556 32697700    0    0 878304 488832 320719 1376555 51 14 21 15  0  0
32 40 383448 152363576 1998556 32697716    0    0 887392 489768 321568 1365077 50 14 21 15  0  0
61 12 383448 152348212 1998556 32697736    0    0 812448 371164 324184 1431844 54 15 20 11  0  0
30 38 383448 152351892 1998556 32697752    0    0 923264 587084 326484 1315198 48 15 21 17  0  0
37 35 383448 152361276 1998560 32697768    0    0 868208 472732 325026 1384937 51 15 20 14  0  0
30 39 383448 152355724 1998560 32697796    0    0 872528 474448 320873 1375458 51 15 21 14  0  0
11 57 383448 152369068 1998560 32697820    0    0 876192 475996 320962 1373301 51 15 20 14  0  0
63  6 383448 152399272 1998560 32697836    0    0 880560 457536 312681 1362682 51 13 22 15  0  0
49 11 383448 152379016 1998560 32697848    0    0 883232 491500 323751 1367642 51 14 20 15  0  0
54  7 383448 152385192 1998560 32697868    0    0 895136 492792 316006 1327536 49 14 22 15  0  0
52  6 383448 152367000 1998564 32697888    0    0 862848 481664 322970 1368268 51 15 20 14  0  0
47 18 383448 152354156 1998564 32697908    0    0 883232 489604 320691 1358865 50 15 21 15  0  0
67  6 383448 152346360 1998564 32697924    0    0 879104 489044 322695 1363438 50 14 21 15  0  0
59 19 383448 152351936 1998564 32697944    0    0 827488 465392 315881 1356679 50 15 20 15  0  0
50 18 383448 152379812 1998564 32697956    0    0 895712 482644 303879 1319908 47 13 21 18  0  0
55 14 383448 152374248 1998568 32697972    0    0 856624 466712 310262 1314914 48 14 21 17  0  0
34 37 383448 152360712 1998568 32697996    0    0 876688 480532 317717 1332898 49 14 20 16  0  0
53 12 383448 152358880 1998568 32698016    0    0 793888 353696 313830 1407239 53 15 20 12  0  0
procs -----------memory---------- ---swap-- -----io---- -system-- -------cpu-------
 r  b   swpd   free   buff  cache   si   so    bi    bo   in   cs us sy id wa st gu
56  8 383448 152368216 1998568 32698040    0    0 843152 468136 310193 1324423 48 14 22 16  0  0
52 17 383448 152354600 1998568 32698056    0    0 900000 493176 319609 1328585 49 14 21 16  0  0
51 15 383448 152347988 1998576 32698080    0    0 861984 478688 323430 1364787 50 15 20 15  0  0
53  5 383448 152368348 1998576 32698100    0    0 864896 482300 316824 1372510 51 14 20 15  0  0
47 15 383448 152364788 1998576 32698108    0    0 869984 483544 323565 1373948 51 15 20 14  0  0
60 12 383448 152352836 1998576 32698128    0    0 856496 477184 322325 1371868 50 15 20 14  0  0
53 14 383448 152362804 1998576 32698144    0    0 887856 492720 324185 1371621 51 15 20 14  0  0
58 11 383448 152355704 1998584 32698172    0    0 849696 472964 317247 1341349 49 14 21 16  0  0
52  6 383448 152368440 1998584 32698192    0    0 848032 461620 303112 1293432 48 13 22 17  0  0
48 22 383448 152366092 1998584 32698212    0    0 882416 491268 323078 1366082 51 14 20 15  0  0
43 14 383448 152389080 1998584 32698228    0    0 863440 479524 318693 1360495 50 14 21 15  0  0
28 45 383448 152397148 1998584 32698240    0    0 824832 425908 320295 1401167 52 15 21 13  0  0
32 38 383448 152366584 1998588 32698260    0    0 853376 459928 323373 1382067 51 15 20 14  0  0
45 10 383448 152367812 1998588 32698280    0    0 854496 445508 323822 1392069 52 15 20 13  0  0
55 15 383448 152360860 1998588 32698296    0    0 867680 484996 321088 1365440 51 14 21 14  0  0
57 15 383448 152361604 1998588 32698320    0    0 899792 496504 324613 1356739 50 14 21 15  0  0
53 12 383448 152350716 1998588 32698344    0    0 876608 486836 323573 1365576 51 15 20 14  0  0
56 10 383448 152360076 1998596 32698356    0    0 882480 492200 320474 1371621 50 15 20 15  0  0
51 12 383448 152375140 1998596 32698380    0    0 881120 488084 319692 1376256 51 14 20 15  0  0
49  9 383448 152364748 1998596 32698392    0    0 881648 488772 321425 1358332 50 14 21 15  0  0
55  6 383448 152360852 1998596 32698420    0    0 892832 494932 322050 1351093 50 14 21 15  0  0
procs -----------memory---------- ---swap-- -----io---- -system-- -------cpu-------
 r  b   swpd   free   buff  cache   si   so    bi    bo   in   cs us sy id wa st gu
25 48 383448 152355612 1998596 32698440    0    0 802080 366020 322615 1433104 54 16 19 11  0  0
55 12 383448 152367752 1998604 32698456    0    0 867248 484324 320361 1351606 50 15 20 15  0  0
63  7 383448 152354400 1998604 32698480    0    0 857184 479556 320355 1356777 50 15 20 15  0  0
61  5 383448 152361644 1998604 32698500    0    0 895904 493320 321020 1370086 50 14 21 15  0  0
46 22 383448 152368512 1998604 32698512    0    0 890544 490612 318288 1362208 50 14 21 16  0  0
61  4 383448 152361540 1998604 32698528    0    0 875600 487192 324327 1364707 51 15 20 15  0  0
61  8 383448 152366792 1998608 32698548    0    0 885616 485496 320524 1358221 50 14 21 14  0  0
53 10 383448 152346532 1998608 32698568    0    0 866144 480472 323868 1374125 51 15 20 14  0  0
56 11 383448 152341852 1998608 32698588    0    0 817184 452872 312599 1346075 49 15 21 16  0  0
27 43 383448 152365128 1998608 32698604    0    0 845120 445092 312847 1359533 50 14 20 15  0  0
16 49 383448 152369240 1998608 32698628    0    0 862400 468116 320900 1378416 51 15 21 14  0  0
31 37 383448 152397760 1998612 32698640    0    0 847296 450236 317436 1400223 51 14 21 14  0  0
52 10 383448 152369172 1998612 32698652    0    0 870224 453552 322722 1383180 51 15 20 14  0  0
41 13 383448 152352288 1998612 32698676    0    0 879392 488216 322016 1360154 51 14 20 15  0  0
52 11 383448 152364072 1998612 32698696    0    0 890592 489744 320350 1361666 50 14 21 15  0  0
56 15 383448 152364972 1998612 32698716    0    0 872736 488232 322639 1364987 51 15 20 14  0  0
57 11 383448 152361356 1998612 32698732    0    0 873264 482656 319326 1358561 50 15 21 14  0  0
53 17 383448 152355080 1998612 32698752    0    0 878496 487356 322849 1363872 51 15 21 14  0  0
32 37 383448 152365272 1998612 32698776    0    0 861808 470660 319475 1390617 51 14 21 14  0  0
63 10 383448 152393340 1998612 32698788    0    0 829136 384136 310323 1384449 52 14 23 12  0  0
42 10 383448 152369924 1998612 32698808    0    0 867632 476972 323393 1364521 50 15 21 14  0  0
procs -----------memory---------- ---swap-- -----io---- -system-- -------cpu-------
 r  b   swpd   free   buff  cache   si   so    bi    bo   in   cs us sy id wa st gu
46  4 383448 152364692 1998612 32698828    0    0 866768 481612 320220 1365967 50 15 21 14  0  0
50  8 383448 152351376 1998612 32698844    0    0 871440 485936 324431 1376289 51 15 20 14  0  0
53 10 383448 152367964 1998612 32698876    0    0 918624 502084 326218 1374297 50 15 20 15  0  0
61  2 383448 152360708 1998612 32698888    0    0 867104 480928 324564 1375381 51 15 20 14  0  0
57  9 383448 152371588 1998612 32698908    0    0 878752 490364 322533 1381682 51 14 20 15  0  0
63  6 383448 152384168 1998616 32698912    0    0 869472 484136 319714 1369988 51 14 21 14  0  0
61  4 383448 152370576 1998620 32698936    0    0 875456 488584 322672 1359431 50 14 21 14  0  0
51 17 383448 152357644 1998620 32698968    0    0 865168 482040 322029 1374900 51 15 21 14  0  0
37 33 383448 152346504 1998620 32698988    0    0 872032 486916 322639 1371213 51 15 20 14  0  0
27 47 383448 152344064 1998620 32699004    0    0 816448 408816 311695 1361749 51 14 20 15  0  0
56  4 383448 152339396 1998624 32699028    0    0 849824 427808 320605 1385526 52 15 20 14  0  0
49 10 383448 152373516 1998624 32699056    0    0 871712 486576 324704 1387713 51 15 20 14  0  0
59  7 383448 152381064 1998624 32699072    0    0 847632 473032 321926 1392776 51 15 20 14  0  0
55 10 383448 152375176 1998624 32699088    0    0 895200 495800 324381 1365765 50 15 20 14  0  0
62  9 383448 152358172 1998624 32699108    0    0 887376 491196 325412 1374828 51 15 20 14  0  0
23 16 383448 152343120 1998624 32699124    0    0 873792 486840 325124 1375815 51 15 20 14  0  0
60 10 383448 152352216 1998624 32699148    0    0 895744 494304 325904 1371917 51 15 20 14  0  0
62  5 383448 152348320 1998624 32699168    0    0 790304 360736 321426 1444306 54 16 20 10  0  0
50 15 383448 152352336 1998624 32699188    0    0 887648 492096 325232 1378822 51 15 20 14  0  0
29  4 383448 152381272 1998624 32699200    0    0 868464 480236 321969 1389516 52 14 20 14  0  0
54  9 383448 152359660 1998624 32699208    0    0 884928 495704 325948 1371087 51 15 20 14  0  0
procs -----------memory---------- ---swap-- -----io---- -system-- -------cpu-------
 r  b   swpd   free   buff  cache   si   so    bi    bo   in   cs us sy id wa st gu
61 11 383448 152359280 1998624 32699232    0    0 880896 488036 324570 1373869 51 15 20 14  0  0
61  4 383448 152352784 1998624 32699252    0    0 856928 478376 322595 1364967 51 15 20 13  0  0
56  4 383448 152349412 1998624 32699272    0    0 913808 501904 326308 1360813 50 15 20 15  0  0
51  9 383448 152348980 1998624 32699288    0    0 855248 476904 322422 1368219 50 16 20 14  0  0
56 10 383448 152344816 1998624 32699308    0    0 872128 484428 321890 1368789 50 15 20 14  0  0
45  9 383448 152364952 1998624 32699324    0    0 896384 493528 320465 1384028 51 14 20 15  0  0
56  7 383448 152367084 1998624 32699340    0    0 893456 494508 324507 1369452 51 15 20 14  0  0
24 44 383448 152352464 1998624 32699364    0    0 871136 477740 323039 1370854 51 15 20 14  0  0
35 37 383448 152345692 1998624 32699380    0    0 860080 461816 322733 1389049 51 15 20 13  0  0
29 45 383448 152345084 1998624 32699400    0    0 869136 459844 324481 1391242 52 15 20 13  0  0
22 50 383448 152342152 1998624 32699420    0    0 834624 423100 314583 1365756 51 14 21 14  0  0
49 14 383448 152349288 1998624 32699440    0    0 842592 459588 314606 1342821 50 14 21 16  0  0
59  4 383448 152367428 1998624 32699460    0    0 895248 491160 321957 1387941 50 14 21 15  0  0
51 12 383448 152377436 1998624 32699468    0    0 874112 483204 325561 1386600 52 15 20 14  0  0
51  6 383448 152369948 1998624 32699488    0    0 857952 475276 325137 1381777 51 15 20 14  0  0
61 12 383448 152359416 1998624 32699512    0    0 900832 496780 325100 1371461 51 15 21 14  0  0
41 29 383448 152355764 1998624 32699532    0    0 816416 402304 324267 1430188 53 16 20 11  0  0
20 49 383448 152341912 1998624 32699548    0    0 870768 474824 323222 1376367 51 15 21 14  0  0
61 10 383448 152353084 1998624 32699568    0    0 861776 456756 322422 1380628 51 15 20 13  0  0
48  6 383448 152363848 1998624 32699588    0    0 868480 480716 321670 1380005 51 14 21 14  0  0
54  4 383448 152362844 1998624 32699596    0    0 890512 493376 325564 1379683 51 14 21 14  0  0
procs -----------memory---------- ---swap-- -----io---- -system-- -------cpu-------
 r  b   swpd   free   buff  cache   si   so    bi    bo   in   cs us sy id wa st gu
57  6 383448 152335868 1998624 32699616    0    0 888912 494684 325661 1380170 51 14 20 14  0  0
46 13 383448 152357628 1998624 32699640    0    0 884016 490352 326161 1375230 51 15 20 14  0  0
56 11 383448 152353704 1998624 32699664    0    0 866000 483644 324444 1381630 51 15 20 14  0  0
43 20 383448 152349360 1998628 32699680    0    0 869728 480188 322169 1373995 51 15 20 14  0  0
61  6 383448 152339852 1998628 32699700    0    0 863760 480028 323998 1377503 50 16 20 14  0  0
29 41 383448 152348228 1998628 32699720    0    0 841728 454168 321395 1391415 51 16 20 13  0  0
41 20 383448 152380208 1998632 32699736    0    0 847728 399552 313480 1407161 52 13 22 12  0  0
53  4 383448 152371968 1998632 32699752    0    0 889872 492460 325166 1374011 51 15 20 14  0  0
48 17 383448 152358752 1998632 32699772    0    0 865600 485284 323657 1378749 51 15 20 14  0  0
50 10 383448 152348528 1998632 32699788    0    0 884704 488448 323445 1370008 51 15 20 14  0  0
59 10 383448 152335864 1998632 32699808    0    0 873136 485072 324289 1376664 51 15 20 14  0  0
48 18 383448 152336108 1998632 32699832    0    0 830752 460044 314393 1341495 49 15 20 15  0  0
48 20 383448 152357836 1998632 32699848    0    0 842976 459476 314349 1338382 49 15 21 16  0  0
47  9 383448 152377584 1998632 32699860    0    0 901024 492396 319600 1378239 51 13 21 15  0  0
50 15 383448 152366132 1998632 32699880    0    0 883456 494324 325111 1369897 50 15 21 14  0  0
58  2 383448 152353404 1998632 32699896    0    0 880496 487100 323544 1375957 51 15 21 14  0  0
50  6 383448 152349764 1998632 32699928    0    0 889984 495220 327055 1384620 51 15 20 14  0  0
60  8 383448 152332604 1998632 32699944    0    0 884896 494004 326513 1377573 51 14 20 14  0  0
57 12 383448 152339128 1998632 32699964    0    0 880192 493060 326473 1377994 51 15 20 14  0  0
49 15 383448 152329884 1998632 32699980    0    0 874992 486884 324516 1382892 51 15 20 14  0  0
20 50 383448 152351864 1998632 32700000    0    0 848320 451320 321948 1414558 52 15 20 13  0  0
procs -----------memory---------- ---swap-- -----io---- -system-- -------cpu-------
 r  b   swpd   free   buff  cache   si   so    bi    bo   in   cs us sy id wa st gu
29 43 383448 152346516 1998636 32700008    0    0 850304 444084 323452 1395691 52 15 20 13  0  0
31 12 383448 152337172 1998636 32700032    0    0 840656 439580 323803 1394660 52 15 20 13  0  0
59  6 383448 152333880 1998636 32700048    0    0 871824 480848 328554 1376234 51 15 20 14  0  0
58 12 383448 152333456 1998636 32700068    0    0 893776 495280 326363 1374750 51 15 20 14  0  0
43  4 383448 152341972 1998636 32700092    0    0 886496 489504 325734 1374383 51 15 20 14  0  0
62 10 383448 152344024 1998636 32700112    0    0 922784 508328 329864 1364608 50 15 20 15  0  0
52 14 383448 152361136 1998636 32700132    0    0 880816 491204 319398 1375468 50 14 21 15  0  0
50 24 383448 152368892 1998636 32700144    0    0 853808 477888 323078 1379782 52 14 20 14  0  0
62  2 383448 152346544 1998636 32700160    0    0 881104 487740 328723 1377032 51 15 20 14  0  0
61  7 383448 152336088 1998636 32700176    0    0 902352 494012 325522 1366134 51 15 20 15  0  0
68  6 383448 152352836 1998640 32700192    0    0 853232 477324 322998 1366856 51 15 20 14  0  0
48  7 383448 152346060 1998640 32700224    0    0 872672 486972 326238 1375543 51 15 20 14  0  0
40  8 383448 152338812 1998640 32700240    0    0 835600 467412 318394 1352562 50 15 21 15  0  0
18 49 383448 152349648 1998640 32700260    0    0 817184 419624 310657 1368940 50 14 20 15  0  0
60  9 383448 152358496 1998640 32700272    0    0 811664 399516 316168 1420003 53 14 20 13  0  0
26 14 383448 152337440 1998640 32700288    0    0 893712 493348 328938 1374800 51 15 20 14  0  0
48 13 383448 152345736 1998644 32700308    0    0 886848 492004 327175 1376718 51 15 20 14  0  0
35 17 383448 152344852 1998644 32700332    0    0 862320 482116 325674 1372816 51 15 20 14  0  0
58 16 383448 152337336 1998644 32700352    0    0 902176 499224 330304 1376612 51 14 20 14  0  0
51 18 383448 152325144 1998644 32700376    0    0 885792 491252 326229 1370875 51 15 20 14  0  0
49 16 383448 152343072 1998652 32700384    0    0 887264 491940 323993 1368412 51 14 21 14  0  0
procs -----------memory---------- ---swap-- -----io---- -system-- -------cpu-------
 r  b   swpd   free   buff  cache   si   so    bi    bo   in   cs us sy id wa st gu
59 13 383448 152354124 1998652 32700412    0    0 896176 495756 322310 1390778 51 14 20 15  0  0
50  2 383448 152364456 1998652 32700432    0    0 876288 486640 329437 1379670 51 16 20 14  0  0
38 13 383448 152358292 1998652 32700448    0    0 888256 491508 322174 1352388 50 15 21 14  0  0
56 11 383448 152342152 1998652 32700464    0    0 872736 486892 327634 1378919 51 15 20 14  0  0
68  6 383448 152336632 1998664 32700472    0    0 878112 486308 328268 1377405 51 15 20 14  0  0
34  3 383448 152343432 1998664 32700504    0    0 862144 480280 327338 1382592 51 15 20 14  0  0
17 52 383448 152343824 1998664 32700528    0    0 802080 386492 326030 1432965 54 15 20 11  0  0
54  4 383448 152363796 1998664 32700544    0    0 862496 465688 320543 1397429 52 14 20 14  0  0
57 10 383448 152366136 1998664 32700552    0    0 885472 488888 324752 1367381 51 14 21 15  0  0
52 15 383448 152361256 1998672 32700564    0    0 885152 489144 326856 1360392 50 15 20 15  0  0
54 19 383448 152358960 1998672 32700596    0    0 881664 486164 324053 1367807 50 15 20 14  0  0
52 12 383448 152343016 1998672 32700620    0    0 888464 488892 327904 1371453 51 15 20 14  0  0
61 11 383448 152331992 1998672 32700640    0    0 877280 491688 327121 1378652 51 15 20 14  0  0
52 15 383448 152320368 1998672 32700656    0    0 862032 479160 324093 1366461 51 15 20 14  0  0
42 14 383448 152339264 1998672 32700672    0    0 848944 465016 308480 1329010 48 13 21 17  0  0
41 26 383448 152355264 1998672 32700684    0    0 862416 470300 322580 1381483 51 15 20 14  0  0
54 14 383448 152348332 1998672 32700704    0    0 801680 372892 323774 1433389 54 16 20 11  0  0
58  7 383448 152334168 1998672 32700724    0    0 877200 488116 328477 1380244 51 15 20 14  0  0
57 14 383448 152315820 1998672 32700748    0    0 878864 489140 324743 1376985 51 15 20 14  0  0
28 14 383448 152334976 1998672 32700764    0    0 903088 500852 327098 1375155 50 15 20 14  0  0
56  9 383448 152346480 1998672 32700784    0    0 870224 482076 322609 1372949 51 15 20 14  0  0
procs -----------memory---------- ---swap-- -----io---- -system-- -------cpu-------
 r  b   swpd   free   buff  cache   si   so    bi    bo   in   cs us sy id wa st gu
55 12 383448 152371292 1998672 32700816    0    0 887744 496608 324784 1379260 51 15 20 14  0  0
62  2 383448 152375340 1998672 32700828    0    0 870928 484296 319969 1385047 51 15 20 14  0  0
51 10 383448 152372620 1998672 32700836    0    0 897104 496548 327431 1375608 51 15 20 14  0  0
55  7 383448 152352384 1998672 32700864    0    0 876560 488216 325747 1382224 51 15 20 14  0  0
69  7 383448 152334808 1998672 32700884    0    0 861152 486124 326409 1381983 51 15 20 14  0  0
44  5 383448 152330844 1998672 32700908    0    0 905168 495860 327369 1375879 51 15 20 14  0  0
32 20 383448 152350664 1998672 32700924    0    0 780512 354076 318478 1434210 54 16 20 10  0  0
59  5 383448 152348036 1998672 32700944    0    0 958656 615868 329047 1314328 47 14 21 18  0  0
43 16 383448 152365144 1998672 32700960    0    0 810576 368580 318488 1448177 55 14 20 11  0  0
61  8 383448 152359424 1998676 32700972    0    0 869472 480448 323137 1372070 51 15 20 14  0  0
64  6 383448 152347644 1998676 32700996    0    0 880688 489392 320061 1366298 50 15 21 14  0  0
58  9 383448 152346912 1998676 32701012    0    0 892688 492664 325755 1370239 50 15 20 14  0  0
61  5 383448 152338412 1998676 32701032    0    0 868128 480572 321710 1364386 51 15 21 14  0  0
54  8 383448 152339060 1998676 32701052    0    0 883808 491552 324950 1373912 51 15 20 14  0  0
50 18 383448 152335856 1998676 32701068    0    0 889840 489480 320616 1368615 50 15 21 14  0  0
60  7 383448 152354612 1998676 32701096    0    0 869392 475928 311941 1350941 49 13 21 16  0  0
52  7 383448 152362344 1998676 32701104    0    0 864128 472548 313384 1319932 49 14 21 17  0  0
57 11 383448 152343588 1998676 32701128    0    0 847088 471408 324727 1391508 51 16 20 13  0  0
61 10 383448 152337076 1998676 32701148    0    0 886592 492424 322200 1369452 50 15 21 14  0  0
49 11 383448 152327176 1998676 32701168    0    0 910256 496644 326823 1373666 51 15 20 14  0  0
43  4 383448 152349964 1998676 32701188    0    0 883840 489128 325543 1376256 51 15 20 14  0  0
procs -----------memory---------- ---swap-- -----io---- -system-- -------cpu-------
 r  b   swpd   free   buff  cache   si   so    bi    bo   in   cs us sy id wa st gu
33 35 383448 152342400 1998676 32701208    0    0 813264 387496 325721 1440883 54 16 19 11  0  0
61  6 383448 152365060 1998676 32701232    0    0 899328 479864 322936 1389545 52 14 20 14  0  0
50  9 383448 152355700 1998676 32701240    0    0 883424 490068 322359 1373649 51 15 20 14  0  0
42 12 383448 152349680 1998676 32701256    0    0 885344 494504 324896 1375008 51 15 20 14  0  0
61  9 383448 152344568 1998676 32701280    0    0 887728 489468 319409 1365612 50 15 21 14  0  0
51  8 383448 152334616 1998676 32701300    0    0 870864 485028 325018 1379805 50 16 20 14  0  0
58  7 383448 152335752 1998676 32701320    0    0 885088 492176 325477 1374658 51 15 20 14  0  0
47  6 383448 152342976 1998676 32701336    0    0 891424 490588 325111 1380338 51 15 20 14  0  0
52 12 383448 152357716 1998680 32701352    0    0 880624 487484 322447 1380249 51 14 20 14  0  0
55  9 383448 152364472 1998680 32701364    0    0 893184 488740 322597 1376647 51 14 20 15  0  0
53  9 383448 152364072 1998680 32701388    0    0 857120 478660 324427 1368595 50 15 21 14  0  0
67 15 383448 152362408 1998680 32701404    0    0 860560 483456 320605 1363248 50 15 20 14  0  0
65  9 383448 152347036 1998680 32701428    0    0 907680 497304 326395 1368923 50 15 21 14  0  0
33 38 383448 152338600 1998680 32701452    0    0 863664 474812 323407 1371949 50 15 21 14  0  0
36 36 383448 152345188 1998680 32701472    0    0 778160 369240 321564 1437084 54 15 20 11  0  0
39 29 383448 152331132 1998680 32701488    0    0 866112 481568 323279 1381851 51 15 20 14  0  0
58  4 383448 152354364 1998680 32701508    0    0 894704 493668 319439 1367621 51 13 21 15  0  0
71  0 383448 152357400 1998680 32701520    0    0 816864 455964 309290 1344029 49 15 21 16  0  0
46 21 383448 152355304 1998680 32701540    0    0 907296 506056 325791 1363403 50 15 21 14  0  0
64  3 383448 152341400 1998680 32701556    0    0 869280 490504 325409 1388375 51 15 20 14  0  0
48 14 383448 152342740 1998680 32701580    0    0 874352 492568 325143 1374793 51 15 20 14  0  0
procs -----------memory---------- ---swap-- -----io---- -system-- -------cpu-------
 r  b   swpd   free   buff  cache   si   so    bi    bo   in   cs us sy id wa st gu
49 16 383448 152326952 1998680 32701600    0    0 875056 489148 325730 1378639 51 15 20 14  0  0
51  7 383448 152342476 1998680 32701616    0    0 884672 486740 328560 1380451 51 15 20 14  0  0
42 13 383448 152373396 1998680 32701636    0    0 897360 497316 323229 1385822 51 13 21 15  0  0
61  6 383448 152365316 1998680 32701652    0    0 890352 494040 323204 1368588 51 14 20 14  0  0
37 23 383448 152349308 1998680 32701672    0    0 870384 488300 325207 1383523 50 16 20 14  0  0
58  7 383448 152340608 1998680 32701692    0    0 789712 352160 320732 1441642 54 16 20 10  0  0
58  4 383448 152332312 1998680 32701708    0    0 880880 488120 327627 1375173 51 15 20 14  0  0
47 21 383448 152330548 1998688 32701724    0    0 874240 489924 326677 1378854 51 15 20 14  0  0
43 28 383448 152331804 1998688 32701752    0    0 850128 478024 324155 1383871 51 15 20 13  0  0
46  9 383448 152347756 1998688 32701772    0    0 889680 487476 324169 1386064 51 14 20 14  0  0
61  8 383448 152366616 1998688 32701784    0    0 882064 493148 324511 1376092 51 15 20 14  0  0
51 15 383448 152343808 1998688 32701800    0    0 895552 497920 326817 1376686 50 15 20 14  0  0
59 12 383448 152329428 1998700 32701804    0    0 893280 493880 323870 1365921 50 15 20 15  0  0
53 12 383448 152335192 1998700 32701840    0    0 870912 485668 321978 1363315 50 15 21 14  0  0
52  7 383448 152351596 1998700 32701860    0    0 876448 486060 321998 1360196 50 15 21 14  0  0
54 13 383448 152356856 1998700 32701884    0    0 795520 362016 317282 1423959 53 15 21 11  0  0
52 10 383448 152383852 1998700 32701900    0    0 916880 506076 317409 1343711 50 13 22 15  0  0
43 16 383448 152383632 1998704 32701912    0    0 864960 490256 321890 1390965 51 14 21 14  0  0
51 16 383448 152361120 1998704 32701932    0    0 830512 456856 310389 1324662 49 14 21 16  0  0
65  3 383448 152344424 1998704 32701952    0    0 893040 494380 323560 1365852 51 15 20 15  0  0
52 13 383448 152329060 1998704 32701976    0    0 804336 367664 322469 1439272 54 16 20 11  0  0
procs -----------memory---------- ---swap-- -----io---- -system-- -------cpu-------
 r  b   swpd   free   buff  cache   si   so    bi    bo   in   cs us sy id wa st gu
66  5 383448 152346008 1998704 32701996    0    0 970624 617776 330944 1310669 48 14 21 17  0  0
51 10 383448 152346212 1998704 32702016    0    0 795184 362636 322984 1437441 54 16 20 10  0  0
62  9 383448 152353356 1998704 32702032    0    0 899312 496640 324244 1371122 50 15 20 15  0  0
47 11 383448 152365896 1998704 32702048    0    0 889936 494044 321941 1378066 51 14 21 15  0  0
62  6 383448 152354420 1998704 32702064    0    0 853840 479292 325921 1383754 51 15 20 13  0  0
57  9 383448 152348952 1998704 32702088    0    0 887264 493288 318160 1349340 50 14 22 14  0  0
59  8 383448 152358080 1998708 32702104    0    0 882256 482888 324567 1376156 51 15 20 14  0  0
65  7 383448 152355064 1998708 32702124    0    0 897696 502096 328584 1370710 50 14 21 14  0  0
60  4 383448 152349340 1998708 32702140    0    0 886880 493276 324593 1382921 50 15 20 14  0  0
43  8 383448 152347544 1998708 32702164    0    0 878128 488848 325403 1382997 51 15 20 14  0  0
61  6 383448 152372696 1998708 32702180    0    0 891888 496472 321606 1389180 51 14 20 15  0  0
59  8 383448 152352088 1998712 32702184    0    0 886528 490356 327912 1377832 51 15 20 14  0  0
52 15 383448 152352632 1998712 32702212    0    0 865040 481904 327343 1382167 51 15 20 14  0  0
48 16 383448 152338300 1998712 32702232    0    0 858144 480160 323910 1371224 51 15 20 14  0  0
60 16 383448 152351340 1998712 32702252    0    0 811184 366376 318288 1431606 53 15 20 11  0  0
60  5 383448 152331844 1998712 32702272    0    0 875856 484016 325754 1373091 51 15 20 14  0  0
52 14 383448 152346340 1998712 32702292    0    0 852272 477992 323058 1365935 50 15 20 14  0  0
64  3 383448 152377272 1998712 32702308    0    0 879824 488044 317824 1380997 51 13 21 15  0  0
51 13 383448 152372484 1998712 32702316    0    0 875072 489960 323961 1379556 51 14 20 14  0  0
59 11 383448 152357748 1998712 32702344    0    0 888528 488216 320064 1338443 49 14 20 16  0  0
63  4 383448 152358728 1998712 32702364    0    0 864192 474440 310795 1315578 48 14 22 16  0  0
procs -----------memory---------- ---swap-- -----io---- -system-- -------cpu-------
 r  b   swpd   free   buff  cache   si   so    bi    bo   in   cs us sy id wa st gu
62  7 383448 152332312 1998716 32702376    0    0 872064 482416 325703 1380067 51 15 20 14  0  0
50  4 383448 152338320 1998716 32702400    0    0 892960 500556 328772 1375994 51 15 20 14  0  0
63 10 383448 152345776 1998716 32702420    0    0 872736 486868 326404 1376240 51 15 20 14  0  0
62  4 383448 152351672 1998716 32702444    0    0 853168 481568 322424 1389787 51 15 20 14  0  0
49 23 383448 152367892 1998716 32702452    0    0 806096 366232 317101 1427132 54 14 21 11  0  0
64  9 383448 152365808 1998716 32702468    0    0 883504 487944 326035 1375854 51 15 20 14  0  0
47  4 383448 152345852 1998716 32702484    0    0 873360 485080 326468 1384221 51 15 20 14  0  0
67  5 383448 152346780 1998716 32702508    0    0 875584 485892 326579 1381410 50 15 20 14  0  0
59 14 383448 152343568 1998716 32702528    0    0 867584 485220 326745 1372495 51 15 21 14  0  0
59  9 383448 152343436 1998716 32702544    0    0 884208 487192 327009 1378216 51 15 20 14  0  0
64  6 383448 152354268 1998720 32702560    0    0 887376 489888 326519 1381584 51 15 20 14  0  0
55 13 383448 152378952 1998720 32702576    0    0 884816 489872 324822 1389006 51 15 20 14  0  0
61  7 383448 152363128 1998720 32702596    0    0 878736 487708 328287 1376953 51 15 20 14  0  0
44  4 383448 152351992 1998720 32702620    0    0 857760 479840 324809 1381812 51 15 20 14  0  0
57 12 383448 152351572 1998720 32702640    0    0 902464 500172 328780 1376087 50 15 20 14  0  0
47 11 383448 152358632 1998724 32702656    0    0 841232 465044 306723 1309316 48 14 22 16  0  0
28 41 383448 152346504 1998724 32702684    0    0 790848 372548 314503 1405658 52 15 20 13  0  0
56 11 383448 152339288 1998724 32702704    0    0 882112 468408 324843 1382751 51 14 21 14  0  0
55  3 383448 152362308 1998724 32702720    0    0 870592 487572 321917 1383931 51 14 20 15  0  0
61  7 383448 152345948 1998724 32702732    0    0 900848 491132 322633 1325675 51 15 20 14  0  0
53 10 383448 152357136 1998728 32702748    0    0 866128 481064 315497 1321443 50 15 21 14  0  0
procs -----------memory---------- ---swap-- -----io---- -system-- -------cpu-------
 r  b   swpd   free   buff  cache   si   so    bi    bo   in   cs us sy id wa st gu
54  6 383448 152341072 1998728 32702768    0    0 855344 467928 306517 1313839 49 14 21 17  0  0
41  4 383448 152338320 1998728 32702792    0    0 896064 495412 325306 1367959 51 15 20 14  0  0
59  9 383448 152355284 1998728 32702808    0    0 883616 488984 324170 1362379 50 15 20 14  0  0
55 14 383448 152362816 1998728 32702832    0    0 872656 484576 324735 1374346 51 15 20 14  0  0
57 12 383448 152392584 1998728 32702852    0    0 877104 488660 317473 1375706 51 14 21 14  0  0
29 41 383448 152382212 1998728 32702864    0    0 876800 472624 323244 1374300 52 15 20 14  0  0
23 46 383448 152350248 1998728 32702880    0    0 805712 387004 323185 1424369 54 16 19 11  0  0
59 12 383448 152337548 1998728 32702904    0    0 861952 469428 322962 1372935 51 15 20 14  0  0
53  8 383448 152330716 1998728 32702924    0    0 871968 485724 322503 1368666 51 15 20 14  0  0
50  6 383448 152342672 1998728 32702944    0    0 867872 481672 323853 1368928 50 16 20 14  0  0
54 11 383448 152342100 1998736 32702964    0    0 879616 489680 326969 1382214 51 15 20 14  0  0
38 11 383448 152354620 1998740 32702976    0    0 891344 494128 322030 1379866 51 14 21 14  0  0
33 32 383448 152348552 1998752 32702996    0    0 895696 497812 325271 1370827 50 15 20 14  0  0
43 17 383448 152353712 1998752 32703060    0    0 867008 476324 325468 1381776 51 15 20 13  0  0
56 14 383448 152343916 1998752 32703080    0    0 865536 482368 323909 1376085 51 15 20 14  0  0
56 11 383448 152353524 1998760 32703092    0    0 907264 499340 322007 1361208 50 15 20 15  0  0
51  6 383448 152343724 1998760 32703084    0    0 831632 454384 304537 1306122 48 14 21 17  0  0
56  7 383448 152329864 1998760 32703100    0    0 841664 471428 318334 1369638 50 15 21 14  0  0
46 10 383448 152349052 1998760 32703120    0    0 894240 495188 323223 1366648 51 14 21 15  0  0
48  9 383448 152367560 1998760 32703136    0    0 861648 485412 319229 1381482 51 15 20 14  0  0
57 11 383448 152351264 1998760 32703152    0    0 877072 493712 322544 1376791 50 15 20 14  0  0
procs -----------memory---------- ---swap-- -----io---- -system-- -------cpu-------
 r  b   swpd   free   buff  cache   si   so    bi    bo   in   cs us sy id wa st gu
29 11 383448 152338332 1998760 32703172    0    0 867168 483296 326160 1378634 51 15 20 14  0  0
57 11 383448 152329448 1998760 32703196    0    0 755456 333728 310861 1420745 53 16 20 12  0  0
62  9 383448 152344800 1998760 32703224    0    0 846560 468408 314392 1346888 49 15 21 15  0  0
60  3 383448 152344756 1998760 32703240    0    0 857984 479980 320069 1375854 51 15 20 14  0  0
65  2 383448 152357680 1998760 32703256    0    0 894880 491960 325672 1377811 51 14 20 14  0  0
62  5 383448 152383120 1998760 32703272    0    0 895552 498036 322293 1382659 51 14 20 15  0  0
58 10 383448 152362092 1998760 32703284    0    0 864144 482764 323699 1378977 51 15 20 14  0  0
56  9 383448 152348184 1998760 32703312    0    0 878096 487404 325632 1375374 51 15 20 14  0  0
59  7 383448 152341688 1998760 32703340    0    0 880880 486896 323635 1369352 51 15 20 14  0  0
61  6 383448 152346396 1998760 32703356    0    0 891760 493112 326972 1373449 51 15 20 14  0  0
37 13 383448 152347380 1998760 32703384    0    0 894912 499460 326367 1377347 51 15 20 14  0  0
44 12 383448 152339220 1998760 32703400    0    0 801456 366596 323192 1438984 54 16 20 10  0  0
58  8 383448 152374484 1998760 32703424    0    0 865360 480540 320180 1395506 52 14 20 14  0  0
56 12 383448 152376492 1998760 32703440    0    0 884080 490756 320737 1373230 51 15 20 14  0  0
68  2 383448 152370364 1998760 32703448    0    0 879856 489616 324660 1377003 51 15 20 14  0  0
47 10 383448 152342296 1998760 32703468    0    0 879552 485948 326388 1373681 51 15 20 14  0  0
63 10 383448 152333768 1998760 32703500    0    0 903120 498464 326887 1372751 50 15 20 14  0  0
59  9 383448 152335216 1998760 32703512    0    0 841536 465336 316847 1349938 49 16 20 15  0  0
47 15 383448 152354156 1998760 32703532    0    0 875504 476512 309020 1302033 48 14 21 18  0  0
43 23 383448 152368960 1998764 32703556    0    0 876528 486336 321557 1373537 50 14 21 15  0  0
45 35 383448 152358456 1998764 32703564    0    0 826832 438360 321016 1405408 52 15 20 13  0  0
procs -----------memory---------- ---swap-- -----io---- -system-- -------cpu-------
 r  b   swpd   free   buff  cache   si   so    bi    bo   in   cs us sy id wa st gu
37 37 383448 152343900 1998764 32703584    0    0 824608 419600 322335 1403616 52 16 20 12  0  0
61  3 383448 152333248 1998764 32703608    0    0 850688 455268 324207 1385792 51 16 20 13  0  0
47  5 383448 152351672 1998764 32703628    0    0 855408 465968 312571 1328947 49 14 21 16  0  0
61  3 383448 152347192 1998768 32703656    0    0 843888 466572 313899 1340574 50 14 21 15  0  0
54 12 383448 152333300 1998768 32703668    0    0 870944 485196 324989 1376345 51 15 20 14  0  0
55 12 383448 152353148 1998768 32703696    0    0 875888 483480 324488 1382568 50 15 20 14  0  0
54  9 383448 152379340 1998768 32703708    0    0 877200 485996 321676 1382501 51 14 20 14  0  0
55  7 383448 152367504 1998768 32703716    0    0 883232 486316 324537 1372299 51 15 20 14  0  0
57 11 383448 152355200 1998772 32703732    0    0 868624 484412 324430 1374055 51 15 20 14  0  0
54 11 383448 152356192 1998772 32703756    0    0 871264 484104 326082 1376617 51 15 20 14  0  0
46 22 383448 152327660 1998772 32703772   16    0 778688 356448 322113 1435489 55 16 19 10  0  0
58  3 383448 152334884 1998772 32703848    0    0 859680 479980 323610 1375053 51 15 20 14  0  0
53  9 383448 152343652 1998772 32703856    0    0 888896 492672 325581 1377522 51 15 20 14  0  0
44 13 383448 152370228 1998772 32703872    0    0 896336 497984 323160 1383677 51 14 20 15  0  0
40  8 383448 152357284 1998772 32703888    0    0 872272 484236 325812 1380622 51 15 20 14  0  0
53  8 383448 152341796 1998772 32703908    0    0 874800 487676 324585 1369166 51 15 21 14  0  0
38 13 383448 152350440 1998772 32703928    0    0 878160 490064 325563 1379156 51 15 20 14  0  0
55 10 383448 152341568 1998772 32703956    0    0 878000 483864 325694 1375355 50 15 20 14  0  0
26  9 383448 152342212 1998772 32703972    0    0 921664 506232 325972 1354467 50 15 20 15  0  0
48 17 383448 152353204 1998772 32703996    0    0 822064 454552 306279 1310857 48 14 21 17  0  0
47 13 383448 152394864 1998772 32704020    0    0 870912 485292 316790 1372853 51 14 21 15  0  0
procs -----------memory---------- ---swap-- -----io---- -system-- -------cpu-------
 r  b   swpd   free   buff  cache   si   so    bi    bo   in   cs us sy id wa st gu
61 11 383448 152367496 1998772 32704020    0    0 867232 484860 324371 1370650 51 15 20 14  0  0
58  9 383448 152339320 1998772 32704040    0    0 768896 349216 320306 1448144 54 16 20 10  0  0
39  6 383448 152343780 1998776 32704064    0    0 878800 487340 321874 1367425 51 15 20 14  0  0
62  9 383448 152346492 1998776 32704084    0    0 874336 482716 320315 1353025 50 14 20 15  0  0
60  7 383448 152342280 1998776 32704104    0    0 827680 457192 313008 1333420 50 14 20 16  0  0
60  8 383448 152353672 1998776 32704120    0    0 884288 489924 325859 1377823 51 15 21 14  0  0
62  8 383448 152381044 1998776 32704136    0    0 870176 481508 314760 1358013 50 14 22 14  0  0
44  6 383448 152379316 1998776 32704156    0    0 888064 491548 323150 1372590 51 14 20 14  0  0
55 15 383448 152366648 1998776 32704172    0    0 867040 483924 323806 1371791 50 16 20 14  0  0
20 48 383448 152359580 1998776 32704200    0    0 874752 482356 324837 1376251 51 15 20 14  0  0
65  6 383448 152342792 1998776 32704216    0    0 800432 363580 323680 1438105 55 15 20 11  0  0
61  7 383448 152353648 1998776 32704236    0    0 863728 480100 324427 1380718 51 15 20 14  0  0
61  5 383448 152332732 1998776 32704268    0    0 865408 481168 322500 1368835 51 15 20 14  0  0
54 13 383448 152353684 1998776 32704268    0    0 891456 492684 324150 1378216 51 14 20 14  0  0
46 21 383448 152371212 1998776 32704280    0    0 861136 483516 319255 1376308 51 14 21 14  0  0
58 10 383448 152358140 1998776 32704300    0    0 867584 481040 325243 1376663 51 15 20 13  0  0
63  6 383448 152349980 1998776 32704316    0    0 866352 485476 324882 1380663 51 15 20 14  0  0
24 47 383448 152334960 1998780 32704340    0    0 845664 428400 325242 1410368 53 15 20 12  0  0
28 43 383448 152346592 1998780 32704368    0    0 879984 477940 325423 1380045 51 15 20 14  0  0
19 52 383448 152361172 1998780 32704380    0    0 857360 451852 322057 1388493 52 15 20 13  0  0
51 14 383448 152368452 1998780 32704408    0    0 878992 474716 314027 1356930 50 14 20 15  0  0
procs -----------memory---------- ---swap-- -----io---- -system-- -------cpu-------
 r  b   swpd   free   buff  cache   si   so    bi    bo   in   cs us sy id wa st gu
38 27 383448 152380344 1998780 32704428    0    0 870720 482132 306638 1309962 48 13 21 18  0  0
53  8 383448 152347604 1998780 32704440    0    0 868832 482864 323538 1377117 51 15 20 14  0  0
44  3 383448 152348044 1998780 32704452    0    0 869920 478828 320529 1371879 50 15 20 15  0  0
57  3 383448 152339712 1998780 32704468    0    0 885856 490400 326856 1375874 51 15 20 14  0  0
53  8 383448 152352988 1998780 32704488    0    0 862800 475904 311190 1337084 49 15 20 16  0  0
58  5 383448 152352164 1998780 32704508    0    0 833728 461756 310792 1332981 49 14 21 16  0  0
39 31 383448 152352100 1998780 32704532    0    0 875568 488524 325141 1373468 51 15 20 14  0  0
57  9 383448 152370348 1998780 32704544    0    0 891008 493824 322521 1383960 51 14 20 15  0  0
60  3 383448 152363120 1998780 32704576    0    0 862464 481320 325107 1372638 51 15 20 14  0  0
54  3 383448 152349768 1998780 32704588    0    0 861520 479608 324231 1372364 51 15 20 14  0  0
52  3 383448 152343692 1998780 32704604    0    0 891200 493532 324922 1368632 51 15 20 14  0  0
57  7 383448 152324500 1998784 32704628    0    0 889168 492920 325189 1372560 50 15 20 14  0  0
32 10 383448 152356688 1998784 32704644    0    0 877008 487348 322748 1367931 51 15 20 14  0  0
55 12 383448 152351220 1998784 32704668    0    0 859472 480180 324963 1378489 51 16 20 13  0  0
52 13 383448 152366544 1998784 32704684    0    0 882736 488856 320592 1383649 52 14 20 14  0  0
58  8 383448 152355136 1998784 32704692    0    0 867808 481364 323873 1378251 51 15 20 14  0  0
26 47 383448 152356936 1998792 32704712    0    0 866176 479584 324894 1383745 52 15 20 13  0  0
32 33 383448 152370888 1998792 32704732    0    0 861952 463676 323190 1388507 52 15 20 13  0  0
18 51 383448 152344516 1998792 32704756    0    0 833440 425940 324061 1405745 52 16 20 12  0  0
59  4 383448 152335828 1998792 32704776    0    0 865008 454468 325065 1391286 52 15 20 13  0  0
59 16 383448 152334784 1998792 32704788    0    0 872416 483852 324586 1380572 51 15 20 14  0  0
procs -----------memory---------- ---swap-- -----io---- -system-- -------cpu-------
 r  b   swpd   free   buff  cache   si   so    bi    bo   in   cs us sy id wa st gu
56 14 383448 152367884 1998796 32704804    0    0 856592 477504 316759 1380640 51 14 21 15  0  0
61  9 383448 152370092 1998796 32704828    0    0 824304 457056 305940 1313717 48 13 21 17  0  0
53 10 383448 152371408 1998796 32704852    0    0 909856 499656 318707 1356700 50 14 21 15  0  0
58  5 383448 152349028 1998796 32704868    0    0 887760 489424 323913 1368217 50 15 20 14  0  0
54 10 383448 152339508 1998796 32704884    0    0 874672 484276 322260 1373639 50 15 20 14  0  0
48 18 383448 152341236 1998796 32704904    0    0 835888 470528 316181 1344296 50 14 21 15  0  0
58  8 383448 152342052 1998796 32704936    0    0 821648 448732 307409 1320641 49 14 21 16  0  0
52 13 383448 152356744 1998796 32704956    0    0 887440 490080 324514 1378728 51 15 20 14  0  0
53 16 383448 152369672 1998796 32704964    0    0 891984 495220 322560 1386478 51 14 20 14  0  0
41 34 383448 152357356 1998796 32704988    0    0 846560 458380 326108 1393827 52 15 20 13  0  0
13 54 383448 152348272 1998796 32705000    0    0 874272 470884 323070 1377621 52 15 20 14  0  0
32  6 383448 152337632 1998796 32705020    0    0 829008 405528 322311 1414681 53 16 20 12  0  0
60  6 383448 152344832 1998796 32705040    0    0 877520 485852 324875 1375885 51 15 20 14  0  0
61  6 383448 152353572 1998796 32705056    0    0 863920 483556 326306 1385254 51 15 20 14  0  0
52 11 383448 152347696 1998796 32705080    0    0 875168 488272 325137 1379153 51 15 20 14  0  0
45  8 383448 152378968 1998796 32705096    0    0 896720 495336 323366 1390090 51 13 21 15  0  0
48  9 383448 152368636 1998796 32705108    0    0 853360 476808 323162 1385407 51 16 20 13  0  0
57  4 383448 152350812 1998796 32705124    0    0 873168 487080 327067 1384027 51 15 20 14  0  0
48  6 383448 152357992 1998796 32705148    0    0 870656 486648 322377 1366421 51 15 20 14  0  0
34 33 383448 152358448 1998796 32705164    0    0 853712 464988 323067 1383652 52 15 20 13  0  0
41 28 383448 152340316 1998796 32705196    0    0 823904 417616 324180 1409902 53 15 20 12  0  0
procs -----------memory---------- ---swap-- -----io---- -system-- -------cpu-------
 r  b   swpd   free   buff  cache   si   so    bi    bo   in   cs us sy id wa st gu
52 14 383448 152329200 1998796 32705212    0    0 862160 452876 324059 1387520 52 15 20 13  0  0
49 21 383448 152375392 1998796 32705228    0    0 862352 472784 309411 1349971 49 13 21 17  0  0
58 10 383448 152356332 1998796 32705236    0    0 885744 482032 315229 1345472 50 14 21 16  0  0
56 13 383448 152357228 1998796 32705260    0    0 874880 482196 322896 1367943 51 14 20 14  0  0
49  9 383448 152352672 1998796 32705276    0    0 863632 482248 321152 1369857 51 15 20 14  0  0
54  8 383448 152356368 1998796 32705304    0    0 846560 472972 322289 1373806 50 16 20 14  0  0
34 19 383448 152359824 1998796 32705316    0    0 858928 482732 324794 1379126 51 15 20 14  0  0
57 10 383448 152346976 1998796 32705344    0    0 846688 460784 310382 1321377 49 14 21 16  0  0
32 39 383448 152377276 1998796 32705352    0    0 894816 472152 318896 1378499 51 14 21 15  0  0
28 42 383448 152374472 1998796 32705368    0    0 835312 418608 317132 1414815 53 15 20 12  0  0
55 16 383448 152349080 1998796 32705388    0    0 865696 466100 322959 1385270 52 15 20 13  0  0
58 14 383448 152327864 1998796 32705408    0    0 894432 495884 325886 1371780 50 15 21 14  0  0
59 10 383448 152322832 1998800 32705416    0    0 878304 491048 325042 1376926 51 15 20 14  0  0
44 17 383448 152343008 1998800 32705444    0    0 910944 502928 326484 1366561 50 15 20 14  0  0
47 11 383448 152342500 1998800 32705464    0    0 882736 487732 324995 1377518 51 15 20 14  0  0
50 11 383448 152371404 1998800 32705484    0    0 899600 494948 319663 1369622 51 14 20 15  0  0
60 10 383448 152368264 1998804 32705504    0    0 856160 478368 321464 1388931 52 14 20 14  0  0
37  5 383448 152361652 1998804 32705520    0    0 855456 479196 324064 1383865 51 15 20 14  0  0
48 10 383448 152351088 1998804 32705548    0    0 878464 488508 327666 1379511 51 15 20 14  0  0
37 10 383448 152342456 1998804 32705560    0    0 838208 472580 322485 1382665 51 15 20 13  0  0
27 11 383448 152335216 1998804 32705576    0    0 880656 489528 323092 1373632 51 15 20 14  0  0
procs -----------memory---------- ---swap-- -----io---- -system-- -------cpu-------
 r  b   swpd   free   buff  cache   si   so    bi    bo   in   cs us sy id wa st gu
50  9 383448 152350312 1998804 32705600    0    0 897344 497396 325446 1373452 51 14 20 14  0  0
51 11 383448 152365872 1998804 32705624    0    0 891696 495836 323856 1376947 51 14 20 14  0  0
69 19 383448 152393280 1998804 32705636    0    0 853120 474720 309020 1323005 49 13 22 16  0  0
53 15 383448 152370856 1998804 32705656    0    0 873728 473788 313004 1334142 50 14 20 16  0  0
24 48 383448 152348508 1998804 32705672    0    0 865152 459684 320850 1386150 52 15 20 14  0  0
36 37 383448 152349368 1998804 32705700    0    0 830832 427156 321411 1402294 53 15 20 12  0  0
37 32 383448 152341760 1998804 32705720    0    0 850352 460564 322666 1380411 51 15 20 14  0  0
57 10 383448 152351944 1998804 32705736    0    0 856944 458352 318006 1365287 50 15 20 15  0  0
47 18 383448 152344364 1998804 32705764    0    0 814736 461156 309891 1339748 49 15 20 16  0  0
61  6 383448 152370408 1998804 32705768    0    0 868656 491384 320370 1396148 51 14 21 14  0  0
55  4 383448 152353440 1998812 32705788    0    0 896912 500556 324740 1375565 51 15 20 14  0  0
46 14 383448 152345852 1998812 32705812    0    0 883120 488980 322407 1371439 50 15 21 14  0  0
56  6 383448 152354052 1998816 32705824    0    0 893472 492676 318674 1334973 50 14 23 14  0  0
63  7 383448 152365432 1998816 32705844    0    0 884784 486760 325283 1370311 51 15 20 14  0  0
63  4 383448 152356776 1998816 32705876    0    0 869136 484756 325275 1376030 51 15 20 14  0  0
18  8 383448 152352964 1998820 32705884    0    0 871136 485560 323837 1373929 51 15 20 14  0  0
53 12 383448 152364964 1998820 32705912    0    0 798288 368324 318843 1450168 54 15 20 11  0  0
44  9 383448 152361948 1998820 32705920    0    0 871920 483224 323675 1374913 51 15 20 14  0  0
74  3 383448 152343540 1998820 32705936    0    0 865200 486180 325322 1375734 51 15 20 14  0  0
65 10 383448 152350168 1998820 32705960    0    0 883200 488808 324704 1382780 51 15 20 14  0  0
60  8 383448 152340472 1998824 32705968    0    0 887968 493372 323976 1371099 51 14 21 14  0  0
procs -----------memory---------- ---swap-- -----io---- -system-- -------cpu-------
 r  b   swpd   free   buff  cache   si   so    bi    bo   in   cs us sy id wa st gu
54 12 383448 152344312 1998824 32706000    0    0 871344 488012 326839 1384893 51 15 20 14  0  0
64  8 383448 152347496 1998824 32706012    0    0 896992 496964 323418 1374257 51 15 21 14  0  0
63  9 383448 152368088 1998824 32706024    0    0 895408 499084 322266 1373922 51 14 21 15  0  0
58 11 383448 152378328 1998824 32706044    0    0 857072 475384 319860 1377919 51 15 20 15  0  0
60 10 383448 152367396 1998828 32706060    0    0 832288 459624 313103 1338673 49 15 20 16  0  0
42 10 383448 152346544 1998828 32706080    0    0 887504 490776 324805 1367919 50 15 20 14  0  0
50 11 383448 152330092 1998828 32706104    0    0 865312 484132 324943 1364728 50 15 20 14  0  0
55 11 383448 152331324 1998828 32706128    0    0 780880 360180 321980 1442862 54 16 19 10  0  0
50 16 383448 152356140 1998828 32706144    0    0 872048 485588 323213 1367766 50 15 20 14  0  0
60  3 383448 152362640 1998828 32706160    0    0 840112 462816 308582 1326831 49 14 21 17  0  0
42 14 383448 152369632 1998828 32706168    0    0 871440 485800 317123 1361318 50 14 20 16  0  0
41  9 383448 152353012 1998828 32706192    0    0 879760 491920 324203 1366620 51 15 20 14  0  0
42 18 383448 152355296 1998828 32706212    0    0 876416 488776 323028 1366999 51 14 21 14  0  0
41  9 383448 152356176 1998828 32706236    0    0 872928 489152 323459 1372658 51 15 20 14  0  0
53  9 383448 152351296 1998828 32706252    0    0 882896 484976 326534 1375033 50 16 20 14  0  0
48 11 383448 152349884 1998828 32706272    0    0 887216 493352 327457 1380060 51 15 20 14  0  0
50 10 383448 152360944 1998828 32706288    0    0 876928 488240 324469 1381784 52 14 20 14  0  0
45 15 383448 152387808 1998828 32706304    0    0 886048 495444 319903 1380604 51 14 21 15  0  0
32 12 383448 152363724 1998828 32706328    0    0 870752 488052 326190 1379494 51 15 20 14  0  0
32 37 383448 152350184 1998828 32706336    0    0 846608 436820 325609 1406170 53 15 20 12  0  0
54  9 383448 152342940 1998832 32706356    0    0 908464 536040 326911 1347483 50 15 20 15  0  0
procs -----------memory---------- ---swap-- -----io---- -system-- -------cpu-------
 r  b   swpd   free   buff  cache   si   so    bi    bo   in   cs us sy id wa st gu
39 23 383448 152332820 1998832 32706376    0    0 831216 407660 323835 1425219 54 15 20 12  0  0
53  9 383448 152327936 1998832 32706416    0    0 853824 457348 323921 1389418 52 15 20 13  0  0
55  5 383448 152335348 1998832 32706432    0    0 876288 490420 325244 1377421 51 15 20 14  0  0
58  5 383448 152364480 1998832 32706444    0    0 876208 491316 319335 1382792 51 14 21 15  0  0
54 15 383448 152362548 1998836 32706456    0    0 871216 481136 314557 1330582 49 14 21 16  0  0
60  7 383448 152351272 1998836 32706476    0    0 873664 481836 318168 1342640 49 14 21 16  0  0
37 14 383448 152345664 1998836 32706488    0    0 856240 476576 322465 1367865 51 15 20 14  0  0
59 11 383448 152345824 1998836 32706512    0    0 873104 491824 322404 1363030 51 15 20 14  0  0
32 42 383448 152334548 1998836 32706532    0    0 802112 398648 322981 1417886 54 15 20 11  0  0
62  9 383448 152343164 1998840 32706540    0    0 841712 437116 318349 1378491 51 15 20 14  0  0
58  7 383448 152381532 1998840 32706568    0    0 857568 474096 305355 1321066 48 13 21 17  0  0
52 11 383448 152368216 1998840 32706576    0    0 886832 495648 324225 1380328 51 14 20 14  0  0
63 10 383448 152343804 1998840 32706608    0    0 886320 494532 327857 1374262 51 15 20 14  0  0
55 14 383448 152352500 1998840 32706628    0    0 880688 489400 322336 1372257 50 15 20 14  0  0
55  9 383448 152354432 1998848 32706644    0    0 898480 497984 323294 1364530 50 14 21 14  0  0
53 13 383448 152350548 1998848 32706672    0    0 874960 490624 326236 1379427 51 15 20 14  0  0
49 21 383448 152345480 1998848 32706688    0    0 869712 493380 326519 1377360 51 15 20 14  0  0
56 30 383448 152356856 1998848 32706696    0    0 851872 452076 323886 1405812 52 15 20 13  0  0
53  5 383448 152380144 1998848 32706708    0    0 859328 422396 315931 1399517 52 14 22 13  0  0
64  6 383448 152359440 1998852 32706728    0    0 865248 483840 325976 1379448 51 15 20 14  0  0
60  6 383448 152348064 1998852 32706740    0    0 873056 489348 327900 1380691 51 15 20 14  0  0
procs -----------memory---------- ---swap-- -----io---- -system-- -------cpu-------
 r  b   swpd   free   buff  cache   si   so    bi    bo   in   cs us sy id wa st gu
53 14 383448 152347016 1998852 32706760    0    0 882352 492172 327910 1377100 51 15 20 14  0  0
44 21 383448 152341824 1998852 32706776    0    0 881920 493244 323621 1375003 50 15 20 14  0  0
21 11 383448 152336808 1998852 32706796    0    0 864288 485728 328726 1382434 51 15 20 14  0  0
47  1 383448 152355636 1998860 32706812    0    0 864848 487092 322628 1386285 51 15 20 14  0  0
51 13 383448 152377116 1998860 32706848    0    0 893312 499288 323298 1385020 51 14 20 15  0  0
47 12 383448 152360004 1998860 32706860    0    0 878592 490160 319030 1341331 49 14 21 15  0  0
56  7 383448 152343088 1998860 32706888    0    0 856224 467780 312254 1321436 49 14 20 17  0  0
56  8 383448 152349236 1998860 32706904    0    0 888720 492824 322442 1364026 50 15 20 15  0  0
56  6 383448 152339348 1998864 32706924    0    0 787488 365084 325684 1445853 54 16 19 10  0  0
47 19 383448 152348264 1998864 32706948    0    0 845296 477192 323265 1374260 51 15 20 14  0  0
58  8 383448 152346412 1998864 32706964    0    0 879664 487056 327045 1378194 50 15 20 14  0  0
57  9 383448 152378948 1998864 32706984    0    0 839600 459024 300999 1326316 48 13 21 18  0  0
57 16 383448 152367028 1998864 32707004    0    0 873408 488788 326987 1379967 51 15 20 14  0  0
49 14 383448 152350948 1998864 32707028    0    0 889648 497844 323177 1366992 50 14 21 14  0  0
54 11 383448 152348088 1998864 32707040    0    0 869792 484624 326875 1378403 51 15 20 14  0  0
53  6 383448 152338836 1998864 32707060    0    0 892768 495984 326340 1372446 51 15 20 14  0  0
60  9 383448 152333792 1998864 32707088    0    0 871824 486084 324709 1379736 51 15 20 14  0  0
46  9 383448 152342332 1998864 32707108    0    0 899040 502092 322525 1374499 50 15 21 15  0  0
57 11 383448 152373048 1998864 32707116    0    0 892880 501912 323825 1387360 51 14 20 15  0  0
37 29 383448 152366484 1998864 32707128    0    0 870624 486932 324112 1385096 51 15 20 14  0  0
47 12 383448 152352784 1998864 32707148    0    0 895856 496564 328797 1373373 50 15 20 14  0  0
procs -----------memory---------- ---swap-- -----io---- -system-- -------cpu-------
 r  b   swpd   free   buff  cache   si   so    bi    bo   in   cs us sy id wa st gu
22 46 383448 152332840 1998864 32707168    0    0 813104 395256 324084 1432117 54 16 20 11  0  0
26 47 383448 152327928 1998864 32707184    0    0 881648 485748 325969 1383436 51 15 20 14  0  0
48 23 383448 152336052 1998864 32707200    0    0 844992 467968 326022 1390687 51 16 20 13  0  0
54 12 383448 152338564 1998864 32707228    0    0 888864 492196 325900 1382558 51 15 20 14  0  0
29  6 383448 152342940 1998864 32707236    0    0 883568 493520 322608 1388843 51 14 20 14  0  0
52 13 383448 152362532 1998868 32707256    0    0 885472 494172 322521 1375739 51 14 21 14  0  0
44 11 383448 152355048 1998868 32707280    0    0 838512 463668 311287 1324449 48 15 20 17  0  0
54 19 383448 152349448 1998868 32707304    0    0 831840 476104 322612 1368995 50 16 20 14  0  0
61  8 383448 152351380 1998868 32707316    0    0 898896 501660 325980 1360837 50 14 20 15  0  0
35 10 383448 152334928 1998868 32707352    0    0 870112 485948 323970 1371808 51 15 21 14  0  0
56  8 383448 152341460 1998868 32707360    0    0 874128 489620 324821 1364713 51 15 20 14  0  0
59  8 383448 152350756 1998868 32707376    0    0 862928 482680 322719 1378313 51 15 20 14  0  0
56 12 383448 152367824 1998872 32707376    0    0 845104 468300 303596 1318465 49 13 21 18  0  0
39 35 383448 152340064 1998872 32707400    0    0 836016 423396 324101 1413926 52 15 20 12  0  0
40 15 383448 152354584 1998872 32707432    0    0 844464 445020 325828 1408528 52 15 20 13  0  0
57  7 383448 152352616 1998872 32707460    0    0 887792 498992 326886 1379514 51 15 20 14  0  0
61  9 383448 152343244 1998872 32707460    0    0 871360 491524 327241 1382808 51 15 20 14  0  0
58 12 383448 152340956 1998876 32707484    0    0 875760 491220 325878 1382028 51 14 20 14  0  0
55 12 383448 152341464 1998876 32707520    0    0 872960 491344 322292 1379736 51 15 21 14  0  0
53 11 383448 152381508 1998876 32707528    0    0 886240 492036 323087 1383326 51 14 20 15  0  0
60  7 383448 152361280 1998876 32707540    0    0 889488 499192 326975 1373049 51 15 20 14  0  0
procs -----------memory---------- ---swap-- -----io---- -system-- -------cpu-------
 r  b   swpd   free   buff  cache   si   so    bi    bo   in   cs us sy id wa st gu
50  5 383448 152350960 1998876 32707564    0    0 874288 494356 327098 1376793 51 15 20 14  0  0
28 43 383448 152345292 1998884 32707580    0    0 831728 413012 324870 1419253 53 16 20 12  0  0
65  5 383448 152348176 1998884 32707616    0    0 949440 579116 330103 1333566 49 14 20 16  0  0
55 11 383448 152335320 1998884 32707632    0    0 900992 504804 325342 1374722 50 15 20 14  0  0
50 12 383448 152334416 1998884 32707656    0    0 877872 490340 326898 1381173 51 15 20 14  0  0
59 11 383448 152372504 1998884 32707668    0    0 890496 496056 314830 1361998 50 13 22 15  0  0
48 15 383448 152348624 1998888 32707680    0    0 788416 358340 314797 1420877 53 16 20 12  0  0
59 13 383448 152336552 1998888 32707700    0    0 823232 460492 316028 1345135 49 15 21 15  0  0
44 20 383448 152337100 1998888 32707712    0    0 882048 494440 327798 1374075 51 15 20 14  0  0
59 11 383448 152346212 1998888 32707732    0    0 892144 496728 324295 1357035 50 15 21 15  0  0
47 14 383448 152334800 1998888 32707752    0    0 873840 492092 326859 1377161 51 15 20 14  0  0
51 16 383448 152335428 1998892 32707772    0    0 842352 481464 322718 1371791 51 15 20 14  0  0
63  5 383448 152366644 1998892 32707800    0    0 854160 478060 316069 1361333 50 14 21 16  0  0
40 29 383448 152369068 1998892 32707812    0    0 887344 486240 314539 1334814 49 14 21 16  0  0
61 13 383448 152344200 1998892 32707832    0    0 884944 490656 325420 1376374 51 15 20 14  0  0
42  9 383448 152355564 1998892 32707860    0    0 920784 506336 325165 1357648 50 14 21 15  0  0
30 44 383448 152346336 1998896 32707880    0    0 843472 452444 326156 1392124 52 16 20 13  0  0
58  9 383448 152344812 1998896 32707892    0    0 829664 406564 323822 1425291 53 16 20 12  0  0
56 13 383448 152335616 1998896 32707924    0    0 897536 502264 327492 1375185 51 15 20 14  0  0
50  9 383448 152370116 1998896 32707932    0    0 887264 499524 323292 1383616 51 14 20 14  0  0
48 15 383448 152365912 1998896 32707940    0    0 877040 493508 325150 1380915 51 14 20 14  0  0
procs -----------memory---------- ---swap-- -----io---- -system-- -------cpu-------
 r  b   swpd   free   buff  cache   si   so    bi    bo   in   cs us sy id wa st gu
33 11 383448 152347996 1998896 32707964    0    0 877616 492760 326397 1378001 51 15 20 14  0  0
26  8 383448 152341368 1998896 32707996    0    0 881712 493956 324079 1368686 50 15 20 14  0  0
42 27 383448 152339032 1998896 32708004    0    0 848432 481060 326776 1388549 51 16 20 13  0  0
51 12 383448 152324852 1998896 32708024    0    0 877776 490780 325720 1378527 51 15 20 14  0  0
48  4 383448 152323760 1998896 32708044    0    0 869264 485616 325401 1380729 51 15 20 14  0  0
41 20 383448 152358052 1998904 32708056    0    0 868464 492292 325734 1384643 51 15 20 14  0  0
56  8 383448 152365212 1998904 32708080    0    0 889344 494232 319475 1365261 51 13 21 15  0  0
55 13 383448 152349696 1998904 32708096    0    0 906080 495496 317012 1330168 49 14 20 17  0  0
36 36 383448 152339112 1998904 32708124    0    0 878192 462168 328385 1391507 51 15 20 13  0  0
56 13 383448 152316232 1998904 32708144    0    0 805328 404064 323021 1418667 53 16 20 12  0  0
64  6 383448 152329608 1998904 32708152    0    0 894256 498908 327341 1369487 51 14 20 15  0  0
66  4 383448 152336924 1998904 32708172    0    0 858816 483216 326119 1386214 51 15 20 14  0  0
56 10 383448 152346924 1998904 32708200    0    0 886304 497176 323076 1368936 51 14 21 15  0  0
54 15 383448 152369692 1998904 32708208    0    0 822896 457868 302652 1335113 49 13 21 17  0  0
51 12 383448 152348476 1998904 32708240    0    0 886480 495256 325077 1366481 50 15 20 15  0  0
53 21 383448 152329496 1998904 32708244    0    0 771968 362488 322038 1442805 54 16 20 10  0  0
64  3 383448 152327584 1998904 32708276    0    0 873072 490504 325926 1376351 50 16 20 14  0  0
59 12 383448 152334404 1998904 32708300    0    0 879744 499184 326977 1379391 51 15 20 14  0  0
37 12 383448 152326620 1998904 32708316    0    0 879792 494800 324691 1375379 51 15 20 14  0  0
52 12 383448 152341356 1998904 32708340    0    0 858144 479936 324132 1375356 51 15 20 13  0  0
54 10 383448 152372580 1998904 32708348    0    0 875520 492700 320715 1391398 51 14 21 14  0  0
procs -----------memory---------- ---swap-- -----io---- -system-- -------cpu-------
 r  b   swpd   free   buff  cache   si   so    bi    bo   in   cs us sy id wa st gu
49  9 383448 152359740 1998904 32708364    0    0 883888 495684 327795 1377493 51 15 20 14  0  0
37  7 383448 152357128 1998904 32708380    0    0 886256 500896 324832 1380287 51 15 20 14  0  0
59  9 383448 152344992 1998904 32708404    0    0 778704 363176 319999 1444443 54 15 20 10  0  0
35  9 383448 152338876 1998904 32708420    0    0 968512 619504 329545 1317194 47 15 21 17  0  0
41 35 383448 152348108 1998904 32708440    0    0 857872 467676 327388 1400057 51 15 20 13  0  0
47 29 383448 152324252 1998904 32708460    0    0 841680 447076 326524 1401996 52 15 20 13  0  0
57  5 383448 152350316 1998904 32708484    0    0 837680 437216 321764 1425425 53 14 20 13  0  0
64  6 383448 152344044 1998904 32708500    0    0 886912 486572 319953 1347949 50 14 20 16  0  0
64  4 383448 152360580 1998904 32708516    0    0 832944 465460 311877 1336861 49 15 21 16  0  0
55 10 383448 152342964 1998912 32708540    0    0 856800 483008 326632 1382519 51 16 20 14  0  0
55  5 383448 152336320 1998912 32708564    0    0 873376 488996 324341 1372613 50 15 20 14  0  0
25 46 383448 152332200 1998912 32708572    0    0 863840 457564 325683 1385840 52 15 20 13  0  0
25 46 383448 152341352 1998912 32708592    0    0 888320 488220 326630 1373491 51 15 20 14  0  0
61  6 383448 152349964 1998912 32708620    0    0 847552 423348 320182 1417249 53 14 20 13  0  0
63 15 383448 152358956 1998920 32708632    0    0 880736 487872 316140 1339277 49 14 21 16  0  0
48 17 383448 152342064 1998920 32708656    0    0 830384 462216 313130 1335904 49 15 20 16  0  0
56 13 383448 152341612 1998920 32708668    0    0 868480 488052 324895 1378710 51 15 20 14  0  0
33 20 383448 152331460 1998920 32708700    0    0 877920 492820 324462 1374089 51 15 20 14  0  0
58  8 383448 152329900 1998920 32708720    0    0 882144 490528 327515 1377815 51 15 20 14  0  0
57 13 383448 152335912 1998924 32708744    0    0 858112 483084 326127 1378035 52 15 20 14  0  0
46 12 383448 152352460 1998924 32708760    0    0 872080 489812 323791 1379805 51 14 20 14  0  0
procs -----------memory---------- ---swap-- -----io---- -system-- -------cpu-------
 r  b   swpd   free   buff  cache   si   so    bi    bo   in   cs us sy id wa st gu
69  0 383448 152350884 1998924 32708772    0    0 871008 488856 320977 1381623 51 14 20 14  0  0
47 13 383448 152351920 1998924 32708780    0    0 864256 484244 324455 1373469 51 15 20 14  0  0
63  6 383448 152352028 1998924 32708812    0    0 851296 476712 324689 1381164 50 16 20 14  0  0
52 15 383448 152330688 1998932 32708836    0    0 777296 362424 323004 1447671 55 16 20 10  0  0
20  9 383448 152330844 1998932 32708856    0    0 959792 612392 329834 1317342 48 14 21 17  0  0
58 13 383448 152347132 1998932 32708876    0    0 887008 493756 325877 1372635 51 15 20 14  0  0
12 55 383448 152348380 1998932 32708892    0    0 847376 444272 323238 1404660 53 15 20 13  0  0
31 36 383448 152363816 1998932 32708900    0    0 830032 428712 321149 1419578 53 14 20 12  0  0
54  4 383448 152357968 1998936 32708932    0    0 857744 468136 320833 1375886 51 15 20 14  0  0
50 16 383448 152346264 1998936 32708936    0    0 822224 457392 308932 1325986 49 15 21 16  0  0
48 20 383448 152346272 1998936 32708968    0    0 885376 490984 326686 1375911 51 15 20 14  0  0
53 10 383448 152346816 1998936 32708992    0    0 884832 490880 318742 1358894 50 14 21 14  0  0
54  9 383448 152327672 1998936 32709008    0    0 857952 481004 323963 1379025 51 15 20 14  0  0
52 10 383448 152331988 1998940 32709024    0    0 882144 495396 325964 1366398 51 15 20 14  0  0
56 15 383448 152358644 1998944 32709036    0    0 871888 486836 319260 1385617 51 14 20 15  0  0
46 18 383448 152344268 1998944 32709040    0    0 780416 364844 320982 1446985 54 16 20 10  0  0
45 22 383448 152342676 1998944 32709072    0    0 863824 471008 311405 1316243 48 14 21 17  0  0
62  8 383448 152341628 1998944 32709084    0    0 869856 489384 323320 1366591 51 15 20 14  0  0
60  9 383448 152328568 1998944 32709112    0    0 885744 491212 326714 1378210 51 15 20 14  0  0
58  3 383448 152335292 1998944 32709136    0    0 887648 494700 325800 1375994 51 15 20 14  0  0
60  4 383448 152322696 1998944 32709132    0    0 882384 494124 323112 1374361 51 15 21 14  0  0
procs -----------memory---------- ---swap-- -----io---- -system-- -------cpu-------
 r  b   swpd   free   buff  cache   si   so    bi    bo   in   cs us sy id wa st gu
56 10 383448 152350096 1998944 32709160    0    0 885440 496332 322563 1378901 51 14 21 14  0  0
45  9 383448 152377528 1998944 32709184    0    0 854976 483336 323183 1384386 51 15 21 14  0  0
61  7 383448 152360216 1998944 32709200    0    0 873200 489080 326549 1376753 52 15 20 14  0  0
13  0 383448 152339876 1998944 32709224    0    0 864864 484052 324371 1378874 51 15 20 14  0  0
46 21 383448 152333628 1998944 32709244    0    0 879760 488812 323480 1373769 51 15 20 14  0  0
62  8 383448 152330444 1998944 32709268    0    0 865920 481384 323928 1383494 51 15 20 14  0  0
37 37 383448 152334016 1998944 32709288    0    0 876160 474468 326744 1390130 52 15 20 13  0  0
33 37 383448 152347484 1998948 32709304    0    0 884160 492948 324156 1385645 51 14 20 14  0  0
28 44 383448 152354088 1998948 32709320    0    0 873616 483924 324821 1392106 52 14 20 14  0  0
53 10 383448 152340636 1998948 32709336    0    0 854624 423492 325297 1410599 53 15 20 12  0  0
52 14 383448 152331720 1998948 32709352    0    0 901968 490404 312161 1302988 47 14 21 18  0  0
56  8 383448 152338584 1998948 32709384    0    0 865840 485404 325075 1374461 51 15 20 14  0  0
68  4 383448 152343884 1998952 32709396    0    0 885088 495932 323990 1369456 51 15 20 14  0  0
54 14 383448 152347204 1998952 32709412    0    0 868224 488748 324619 1369735 51 15 20 14  0  0
47 19 383448 152367068 1998952 32709432    0    0 884352 491576 322700 1370188 50 15 20 15  0  0
18 50 383448 152374312 1998952 32709448    0    0 867360 465824 319785 1393097 52 14 21 14  0  0
24 44 383448 152351600 1998952 32709472    0    0 829168 433072 327243 1409964 53 15 20 12  0  0
49 14 383448 152343276 1998952 32709492    0    0 808144 425020 308589 1348852 50 15 21 15  0  0
60 10 383448 152344108 1998952 32709500    0    0 890912 500656 326306 1375974 50 15 20 14  0  0
45 13 383448 152334568 1998952 32709528    0    0 867696 486928 324057 1377495 51 15 20 14  0  0
53 13 383448 152328976 1998952 32709552    0    0 872544 491824 326802 1379567 51 15 20 14  0  0
procs -----------memory---------- ---swap-- -----io---- -system-- -------cpu-------
 r  b   swpd   free   buff  cache   si   so    bi    bo   in   cs us sy id wa st gu
53 13 383448 152327412 1998952 32709572    0    0 873312 491024 324876 1377690 51 15 20 14  0  0
47 16 383448 152359000 1998952 32709584    0    0 876288 490936 321156 1390381 51 14 20 14  0  0
53 18 383448 152348504 1998952 32709600    0    0 863968 486632 324444 1378939 50 15 20 14  0  0
53  9 383448 152333192 1998952 32709620    0    0 866096 486660 324869 1376787 51 15 20 14  0  0
60  5 383448 152326948 1998952 32709640    0    0 873120 488712 325442 1377165 51 15 20 14  0  0
48 10 383448 152330384 1998952 32709660    0    0 887184 499804 328636 1375742 51 15 20 14  0  0
35 38 383448 152343160 1998952 32709676    0    0 899648 486896 321020 1357330 50 14 22 14  0  0
29 42 383448 152344144 1998952 32709692    0    0 855632 466124 325588 1400216 51 16 20 13  0  0
64  3 383448 152370580 1998952 32709708    0    0 826544 412688 320179 1435534 54 14 20 12  0  0
60  4 383448 152357440 1998952 32709724    0    0 867040 488560 325969 1380789 51 15 20 14  0  0
52 12 383448 152348284 1998952 32709748    0    0 870544 490892 321460 1356216 51 14 21 14  0  0
57  4 383448 152336328 1998952 32709768    0    0 813184 452368 306888 1332951 49 14 21 16  0  0
52 13 383448 152324432 1998952 32709792    0    0 863104 478780 320620 1363626 50 15 20 15  0  0
63  6 383448 152325312 1998952 32709812    0    0 854976 485496 325345 1377927 51 15 20 14  0  0
58  8 383448 152331860 1998952 32709824    0    0 869008 490048 323928 1371090 51 15 20 14  0  0
29 40 383448 152365140 1998952 32709844    0    0 853056 444076 324031 1418718 53 14 20 13  0  0
41 13 383448 152356528 1998952 32709860    0    0 849456 435556 323438 1405737 53 15 20 13  0  0
20 50 383448 152351788 1998952 32709880    0    0 888256 528720 325136 1345866 49 15 20 15  0  0
53 14 383448 152345144 1998952 32709900    0    0 836688 437748 315905 1372247 51 14 20 15  0  0
39 10 383448 152341000 1998952 32709916    0    0 848800 477944 314070 1335120 49 14 21 16  0  0
59 10 383448 152334700 1998952 32709940    0    0 854944 482988 326643 1392466 51 15 20 13  0  0
procs -----------memory---------- ---swap-- -----io---- -system-- -------cpu-------
 r  b   swpd   free   buff  cache   si   so    bi    bo   in   cs us sy id wa st gu
61  4 383448 152335700 1998956 32709956    0    0 867520 488504 323027 1377033 51 15 21 14  0  0
57  8 383448 152358868 1998956 32709976    0    0 893952 497016 325192 1380936 51 14 20 14  0  0
24 47 383448 152360972 1998956 32709988    0    0 841584 428928 320744 1419771 53 14 20 12  0  0
53  9 383448 152340740 1998956 32710004    0    0 852080 449436 324566 1395623 52 15 20 13  0  0
62  7 383448 152351532 1998956 32710024    0    0 891728 499232 328237 1378481 51 15 20 14  0  0
58 14 383448 152348292 1998956 32710048    0    0 868352 491456 325430 1377130 51 15 20 14  0  0
45 14 383448 152337232 1998960 32710068    0    0 855584 484008 325120 1377028 51 15 20 14  0  0
60 13 383448 152345968 1998960 32710088    0    0 884544 497084 323905 1370764 51 15 21 14  0  0
46 21 383448 152348628 1998960 32710104    0    0 871888 489688 323401 1377645 51 15 20 14  0  0
55 15 383448 152354652 1998960 32710124    0    0 901488 500920 325041 1386181 51 14 20 15  0  0
52  8 383448 152343528 1998960 32710144    0    0 900128 503556 328147 1373060 50 15 20 14  0  0
55 12 383448 152337776 1998964 32710164    0    0 858784 484332 324301 1375489 51 15 20 14  0  0
41 21 383448 152351448 1998964 32710180    0    0 837648 468648 310588 1329808 49 14 21 16  0  0
50 12 383448 152353828 1998964 32710196    0    0 891104 491616 320651 1347838 50 14 21 15  0  0
33 21 383448 152329128 1998964 32710220    0    0 834160 425792 326475 1415252 53 15 20 12  0  0
28 42 383448 152323748 1998964 32710244    0    0 840640 469192 324430 1375860 51 15 20 14  0  0
39 35 383448 152351476 1998964 32710252    0    0 864112 480940 319369 1390382 51 14 21 15  0  0
71 13 383448 152336844 1998964 32710268    0    0 848800 436588 307442 1324779 49 14 20 17  0  0
60 10 383448 152350760 1998964 32710288    0    0 830656 454480 301487 1295553 48 13 21 18  0  0
59 11 383448 152360436 1998964 32710304    0    0 835504 461312 303786 1294395 47 14 21 18  0  0
43 21 383448 152327724 1998964 32710324    0    0 823952 454468 305182 1310633 48 14 21 17  0  0
procs -----------memory---------- ---swap-- -----io---- -system-- -------cpu-------
 r  b   swpd   free   buff  cache   si   so    bi    bo   in   cs us sy id wa st gu
54 16 383448 152329064 1998964 32710356    0    0 851296 464164 306437 1301142 48 14 21 18  0  0
56 15 383448 152332404 1998964 32710376    0    0 855488 468700 306580 1310841 48 14 21 18  0  0
48 10 383448 152370964 1998964 32710384    0    0 802304 447724 301275 1345156 49 13 22 17  0  0
59  6 383448 152369720 1998964 32710404    0    0 878576 484220 311582 1319779 48 14 21 17  0  0
62 11 383448 152351176 1998964 32710424    0    0 894656 492916 314402 1310740 48 14 21 18  0  0
40 19 383448 152363380 1998968 32710448    0    0 830384 465144 308068 1326361 49 14 21 16  0  0
31 39 383448 152346464 1998968 32710464    0    0 841824 424896 308029 1334411 49 14 21 16  0  0
37 36 383448 152343668 1998968 32710488    0    0 828544 451764 321633 1383378 52 15 20 13  0  0
50 17 383448 152342864 1998968 32710504    0    0 834832 444700 323568 1389668 52 15 20 13  0  0
33  0 383448 152366588 1998968 32710524    0    0 874992 491616 315392 1355826 50 13 22 15  0  0
60  5 383448 152370860 1998968 32710536    0    0 859776 484200 320045 1372201 51 14 20 14  0  0
54  7 383448 152345132 1998968 32710556    0    0 880640 493108 324696 1371555 51 15 20 14  0  0
54  6 383448 152333844 1998968 32710576    0    0 869904 484312 322225 1366698 51 14 21 14  0  0
62  9 383448 152337424 1998968 32710592    0    0 873968 480708 316529 1338640 49 14 21 16  0  0
43 16 383448 152336128 1998968 32710616    0    0 856272 467476 312011 1318181 49 14 21 17  0  0
58  8 383448 152331592 1998968 32710628    0    0 859872 485268 322211 1374625 50 16 20 14  0  0
51 18 383448 152357444 1998968 32710648    0    0 843504 471888 318625 1369638 51 15 20 14  0  0
56 10 383448 152373648 1998968 32710656    0    0 861888 480384 318992 1373945 51 14 20 15  0  0
30 41 383448 152355640 1998968 32710680    0    0 876672 473556 322521 1378417 51 15 20 14  0  0
21 47 383448 152353000 1998968 32710700    0    0 828704 445024 319516 1376582 51 14 21 14  0  0
39  8 383448 152339400 1998968 32710720    0    0 819360 422100 316739 1383269 51 15 20 13  0  0
procs -----------memory---------- ---swap-- -----io---- -system-- -------cpu-------
 r  b   swpd   free   buff  cache   si   so    bi    bo   in   cs us sy id wa st gu
61 10 383448 152351000 1998968 32710740    0    0 860304 484700 323930 1362766 50 15 20 14  0  0
60  9 383448 152338748 1998968 32710764    0    0 867088 484900 322023 1363738 50 15 20 15  0  0
24  4 383448 152347808 1998968 32710784    0    0 863520 488668 320512 1371428 51 14 20 14  0  0
54  5 383448 152361228 1998968 32710796    0    0 868032 489240 316437 1372251 51 14 20 15  0  0
56 12 383448 152351620 1998976 32710820    0    0 856576 471084 312017 1340245 49 15 21 16  0  0
42  8 383448 152341456 1998976 32710836    0    0 833936 463752 314426 1350703 50 15 20 15  0  0
48  9 383448 152328204 1998976 32710856    0    0 847008 474664 322874 1379851 51 15 20 14  0  0
13  0 383448 152328428 1998976 32710872    0    0 868928 486152 321168 1365930 50 14 21 15  0  0
65  8 383448 152338236 1998976 32710892    0    0 870368 485704 320199 1364426 50 15 20 14  0  0
58 10 383448 152333200 1998976 32710912    0    0 799056 376644 317724 1432869 54 15 20 11  0  0
62  5 383448 152369572 1998976 32710932    0    0 880000 489676 314339 1364832 50 13 22 15  0  0
50  8 383448 152365028 1998976 32710944    0    0 875952 492956 320650 1362653 50 15 20 15  0  0
45  4 383448 152349048 1998976 32710964    0    0 860032 487152 322597 1366712 50 15 20 14  0  0
62  5 383448 152342680 1998976 32710988    0    0 857760 480796 322352 1368669 51 15 20 14  0  0
52 14 383448 152338600 1998984 32711012    0    0 864704 487520 319619 1359204 51 14 20 15  0  0
56  5 383448 152342528 1998984 32711028    0    0 842704 461368 306372 1300419 48 14 21 18  0  0
57 11 383448 152353268 1998984 32711044    0    0 851456 480204 322400 1365868 50 15 20 14  0  0
22 49 383448 152377304 1998984 32711060    0    0 850608 462032 314537 1383940 51 14 21 14  0  0
40 26 383448 152367104 1998984 32711076    0    0 817520 398680 319999 1419443 53 15 20 12  0  0
61  8 383448 152343224 1998988 32711100    0    0 890400 496220 322376 1357843 50 15 20 15  0  0
40 31 383448 152335684 1998988 32711120    0    0 848464 482232 319002 1352984 51 14 20 15  0  0
procs -----------memory---------- ---swap-- -----io---- -system-- -------cpu-------
 r  b   swpd   free   buff  cache   si   so    bi    bo   in   cs us sy id wa st gu
68  2 383448 152331932 1998988 32711136    0    0 841952 469832 317287 1358990 50 15 20 15  0  0
60  6 383448 152331532 1998988 32711156    0    0 857536 484912 320283 1365039 51 15 20 14  0  0
48 11 383448 152333936 1998988 32711176    0    0 864096 485360 321441 1362105 50 15 20 15  0  0
55 12 383448 152353956 1998988 32711196    0    0 883216 493324 322489 1373716 51 14 20 15  0  0
50 13 383448 152356204 1998988 32711208    0    0 868128 487052 318881 1378093 51 14 20 15  0  0
54 10 383448 152335884 1998988 32711224    0    0 791984 375172 321903 1436337 54 16 20 11  0  0
51 14 383448 152341892 1998988 32711248    0    0 886016 499580 325340 1373612 50 15 20 15  0  0
53  4 383448 152337600 1998988 32711268    0    0 844560 479792 322255 1372443 51 15 20 14  0  0
60 12 383448 152329368 1998988 32711288    0    0 893952 499820 323910 1364297 50 14 21 15  0  0
53 14 383448 152335964 1998988 32711308    0    0 850832 477992 322394 1369666 51 14 21 14  0  0
58 11 383448 152357364 1998988 32711324    0    0 849520 478680 322225 1371821 50 15 20 15  0  0
49  9 383448 152373056 1998992 32711336    0    0 856464 483916 317925 1386255 51 14 20 14  0  0
27 43 383448 152352748 1998992 32711356    0    0 845424 474932 322825 1382222 51 15 20 14  0  0
65  4 383448 152354136 1998992 32711372    0    0 803776 380792 319293 1422365 53 15 21 11  0  0
50 21 383448 152339004 1998992 32711396    0    0 863104 490812 321223 1372869 51 15 20 14  0  0
37 17 383448 152337912 1998992 32711412    0    0 856480 483216 319093 1366470 51 15 20 14  0  0
48 12 383448 152343140 1998996 32711432    0    0 862848 472588 314609 1332322 49 14 21 16  0  0
46 18 383448 152340024 1998996 32711452    0    0 849456 478556 314946 1350945 50 14 21 15  0  0
65  5 383448 152364796 1998996 32711464    0    0 866288 486912 318667 1378069 51 13 21 15  0  0
36  9 383448 152350296 1998996 32711492    0    0 861088 481828 322342 1363819 51 15 20 14  0  0
57 16 383448 152340732 1998996 32711516    0    0 781904 368624 320095 1431182 54 16 20 11  0  0
procs -----------memory---------- ---swap-- -----io---- -system-- -------cpu-------
 r  b   swpd   free   buff  cache   si   so    bi    bo   in   cs us sy id wa st gu
55  5 383448 152331160 1999004 32711524    0    0 858704 482072 322284 1368992 51 15 20 14  0  0
42 30 383448 152342892 1999004 32711548    0    0 854592 483752 316505 1341668 49 15 21 15  0  0
50 11 383448 152335376 1999004 32711572    0    0 854496 474792 320565 1369069 50 15 20 15  0  0
43 28 383448 152345108 1999004 32711592    0    0 866320 488544 319394 1351121 50 14 21 14  0  0
61  7 383448 152364356 1999004 32711604    0    0 867088 483912 317315 1371632 50 14 21 15  0  0
51 15 383448 152365320 1999008 32711616    0    0 861904 488432 322378 1370436 51 15 20 14  0  0
24 47 383448 152365800 1999008 32711636    0    0 864080 476204 321592 1375667 50 15 20 14  0  0
51 14 383448 152335980 1999008 32711656    0    0 806496 385172 320465 1427919 53 16 20 11  0  0
53  7 383448 152326636 1999008 32711680    0    0 860768 486056 322036 1368900 51 15 20 14  0  0
55  8 383448 152336632 1999008 32711700    0    0 866288 486580 322108 1369182 50 15 20 14  0  0
48 10 383448 152335796 1999012 32711712    0    0 864960 485360 322065 1370083 50 15 20 14  0  0
56  4 383448 152364792 1999012 32711728    0    0 871680 488400 319832 1379065 51 14 20 15  0  0
54  3 383448 152363292 1999012 32711748    0    0 833456 473172 317161 1372957 50 15 21 14  0  0
52  8 383448 152344696 1999012 32711768    0    0 875728 487552 323633 1371642 51 14 20 14  0  0
49  5 383448 152348104 1999012 32711792    0    0 857952 484368 323155 1371188 51 15 20 14  0  0
54  9 383448 152331428 1999020 32711800    0    0 862000 485172 322433 1369375 51 15 21 14  0  0
35 39 383448 152361980 1999020 32711828    0    0 844528 441348 316177 1372665 51 14 22 13  0  0
22 48 383448 152354104 1999020 32711844    0    0 822448 427824 319281 1402583 53 15 20 12  0  0
60 12 383448 152373644 1999020 32711868    0    0 839792 455184 303427 1314521 48 13 21 18  0  0
54  6 383448 152374300 1999020 32711880    0    0 867904 488976 319198 1376183 50 14 21 15  0  0
54 10 383448 152361400 1999024 32711896    0    0 841168 474892 323198 1374692 50 15 21 14  0  0
procs -----------memory---------- ---swap-- -----io---- -system-- -------cpu-------
 r  b   swpd   free   buff  cache   si   so    bi    bo   in   cs us sy id wa st gu
63  6 383448 152343888 1999024 32711912    0    0 850944 481596 319287 1365893 50 15 20 15  0  0
46 15 383448 152351908 1999024 32711932    0    0 867312 485900 318681 1359930 50 14 21 15  0  0
58 13 383448 152347552 1999024 32711960    0    0 832176 473812 316434 1355019 50 15 21 15  0  0
27 38 383448 152331876 1999024 32711984    0    0 826912 444908 320144 1381557 51 15 20 13  0  0
43 42 383448 152341632 1999024 32712000    0    0 879760 510092 320541 1347021 50 14 21 16  0  0
21 49 383448 152366828 1999024 32712008    0    0 834544 460628 315206 1392257 52 14 20 14  0  0
35 35 383448 152353048 1999024 32712032    0    0 859024 482800 322477 1375227 50 15 21 14  0  0
60  4 383448 152345092 1999024 32712052    0    0 810320 392696 321318 1426401 53 16 20 12  0  0
56 11 383448 152330848 1999024 32712076    0    0 859392 478744 318883 1351406 50 15 20 15  0  0
58  8 383448 152325448 1999024 32712092    0    0 800960 446192 303853 1336255 49 14 21 16  0  0
54  9 383448 152341320 1999028 32712112    0    0 833280 463988 308649 1324241 49 14 21 16  0  0
56 12 383448 152340216 1999028 32712132    0    0 818848 455156 306518 1336707 49 14 21 16  0  0
38  7 383448 152363728 1999028 32712144    0    0 884752 492316 313775 1364862 50 13 21 16  0  0
36  9 383448 152349140 1999028 32712160    0    0 781200 366708 322128 1442012 53 16 20 11  0  0
49 19 383448 152333088 1999028 32712180    0    0 861168 487680 322333 1365239 51 15 20 14  0  0
47 12 383448 152333304 1999036 32712204    0    0 874096 487640 325177 1370408 51 15 20 14  0  0
57 13 383448 152327104 1999036 32712224    0    0 863520 484764 324059 1381238 51 15 20 14  0  0
34 18 383448 152329424 1999036 32712240    0    0 855968 480372 321835 1374311 51 15 20 14  0  0
37 30 383448 152340696 1999036 32712260    0    0 862960 488488 322314 1367084 50 15 21 15  0  0
22 46 383448 152364428 1999036 32712276    0    0 768176 378012 305800 1402986 52 14 20 14  0  0
43 16 383448 152362372 1999040 32712292    0    0 855824 459676 321136 1384181 52 14 20 14  0  0
