Linux 6.8.0-60-generic (beast-node3.tp.int.percona.com) 	08/24/2026 	_x86_64_	(80 CPU)

Device            r/s     rMB/s   rrqm/s  %rrqm r_await rareq-sz     w/s     wMB/s   wrqm/s  %wrqm w_await wareq-sz     d/s     dMB/s   drqm/s  %drqm d_await dareq-sz     f/s f_await  aqu-sz  %util
loop0            0.00      0.00     0.00   0.00    0.00     1.00    0.00      0.00     0.00   0.00    0.00     0.00    0.00      0.00     0.00   0.00    0.00     0.00    0.00    0.00    0.00   0.00
nvme0n1       1776.45     28.10     0.01   0.00    0.06    16.20 1816.43     30.87    29.46   1.60    0.06    17.40    0.00      0.00     0.00   0.00    0.00     0.00    0.00    0.00    0.10   4.82
sda            142.83      2.23     0.86   0.60    0.00    16.02   96.56      1.64    38.52  28.52    0.84    17.44    0.02      0.11     0.00   0.00    0.28  7293.94   29.11    0.18    0.09   1.16


Device            r/s     rMB/s   rrqm/s  %rrqm r_await rareq-sz     w/s     wMB/s   wrqm/s  %wrqm w_await wareq-sz     d/s     dMB/s   drqm/s  %drqm d_await dareq-sz     f/s f_await  aqu-sz  %util
loop0            0.00      0.00     0.00   0.00    0.00     0.00    0.00      0.00     0.00   0.00    0.00     0.00    0.00      0.00     0.00   0.00    0.00     0.00    0.00    0.00    0.00   0.00
nvme0n1       6572.28    102.69     0.00   0.00    0.19    16.00 10662.38    235.16     0.00   0.00    0.04    22.58    0.00      0.00     0.00   0.00    0.00     0.00    0.00    0.00    1.73  70.59
sda              0.00      0.00     0.00   0.00    0.00     0.00    1.98      0.06    10.89  84.62    0.50    30.00    0.00      0.00     0.00   0.00    0.00     0.00    0.00    0.00    0.00   0.00


Device            r/s     rMB/s   rrqm/s  %rrqm r_await rareq-sz     w/s     wMB/s   wrqm/s  %wrqm w_await wareq-sz     d/s     dMB/s   drqm/s  %drqm d_await dareq-sz     f/s f_await  aqu-sz  %util
loop0            0.00      0.00     0.00   0.00    0.00     0.00    0.00      0.00     0.00   0.00    0.00     0.00    0.00      0.00     0.00   0.00    0.00     0.00    0.00    0.00    0.00   0.00
nvme0n1       2989.00     46.70     0.00   0.00    0.20    16.00 11339.00    287.75     0.00   0.00    0.05    25.99    0.00      0.00     0.00   0.00    0.00     0.00    0.00    0.00    1.18  55.90
sda              0.00      0.00     0.00   0.00    0.00     0.00    0.00      0.00     0.00   0.00    0.00     0.00    0.00      0.00     0.00   0.00    0.00     0.00    0.00    0.00    0.00   0.00


Device            r/s     rMB/s   rrqm/s  %rrqm r_await rareq-sz     w/s     wMB/s   wrqm/s  %wrqm w_await wareq-sz     d/s     dMB/s   drqm/s  %drqm d_await dareq-sz     f/s f_await  aqu-sz  %util
loop0            0.00      0.00     0.00   0.00    0.00     0.00    0.00      0.00     0.00   0.00    0.00     0.00    0.00      0.00     0.00   0.00    0.00     0.00    0.00    0.00    0.00   0.00
nvme0n1       2842.57     44.42     0.00   0.00    0.19    16.00 10621.78    257.74     0.00   0.00    0.05    24.85    0.00      0.00     0.00   0.00    0.00     0.00    0.00    0.00    1.05  51.58
sda              0.00      0.00     0.00   0.00    0.00     0.00    0.00      0.00     0.00   0.00    0.00     0.00    0.00      0.00     0.00   0.00    0.00     0.00    0.00    0.00    0.00   0.00


Device            r/s     rMB/s   rrqm/s  %rrqm r_await rareq-sz     w/s     wMB/s   wrqm/s  %wrqm w_await wareq-sz     d/s     dMB/s   drqm/s  %drqm d_await dareq-sz     f/s f_await  aqu-sz  %util
loop0            0.00      0.00     0.00   0.00    0.00     0.00    0.00      0.00     0.00   0.00    0.00     0.00    0.00      0.00     0.00   0.00    0.00     0.00    0.00    0.00    0.00   0.00
nvme0n1       3287.13     51.36     0.00   0.00    0.19    16.00 10687.13    257.92     0.00   0.00    0.05    24.71    0.00      0.00     0.00   0.00    0.00     0.00    0.00    0.00    1.12  57.62
sda              0.00      0.00     0.00   0.00    0.00     0.00    0.00      0.00     0.00   0.00    0.00     0.00    0.00      0.00     0.00   0.00    0.00     0.00    0.00    0.00    0.00   0.00


Device            r/s     rMB/s   rrqm/s  %rrqm r_await rareq-sz     w/s     wMB/s   wrqm/s  %wrqm w_await wareq-sz     d/s     dMB/s   drqm/s  %drqm d_await dareq-sz     f/s f_await  aqu-sz  %util
loop0            0.00      0.00     0.00   0.00    0.00     0.00    0.00      0.00     0.00   0.00    0.00     0.00    0.00      0.00     0.00   0.00    0.00     0.00    0.00    0.00    0.00   0.00
nvme0n1       3045.54     47.59     0.00   0.00    0.19    16.00 10870.30    268.21     3.96   0.04    0.05    25.27    0.00      0.00     0.00   0.00    0.00     0.00    0.00    0.00    1.11  56.73
sda              0.00      0.00     0.00   0.00    0.00     0.00    1.98      0.09    19.80  90.91    0.00    44.00    0.00      0.00     0.00   0.00    0.00     0.00    1.98    0.00    0.00   0.00


Device            r/s     rMB/s   rrqm/s  %rrqm r_await rareq-sz     w/s     wMB/s   wrqm/s  %wrqm w_await wareq-sz     d/s     dMB/s   drqm/s  %drqm d_await dareq-sz     f/s f_await  aqu-sz  %util
loop0            0.00      0.00     0.00   0.00    0.00     0.00    0.00      0.00     0.00   0.00    0.00     0.00    0.00      0.00     0.00   0.00    0.00     0.00    0.00    0.00    0.00   0.00
nvme0n1       2907.00     45.42     0.00   0.00    0.19    16.00 10251.00    251.58     0.00   0.00    0.05    25.13    0.00      0.00     0.00   0.00    0.00     0.00    0.00    0.00    1.05  52.30
sda              0.00      0.00     0.00   0.00    0.00     0.00    5.00      0.10     9.00  64.29    1.00    20.00    0.00      0.00     0.00   0.00    0.00     0.00    0.00    0.00    0.01   0.10


Device            r/s     rMB/s   rrqm/s  %rrqm r_await rareq-sz     w/s     wMB/s   wrqm/s  %wrqm w_await wareq-sz     d/s     dMB/s   drqm/s  %drqm d_await dareq-sz     f/s f_await  aqu-sz  %util
loop0            0.00      0.00     0.00   0.00    0.00     0.00    0.00      0.00     0.00   0.00    0.00     0.00    0.00      0.00     0.00   0.00    0.00     0.00    0.00    0.00    0.00   0.00
nvme0n1       2974.00     46.47     0.00   0.00    0.19    16.00 11458.00    284.20     0.00   0.00    0.05    25.40    0.00      0.00     0.00   0.00    0.00     0.00    0.00    0.00    1.14  57.40
sda              0.00      0.00     0.00   0.00    0.00     0.00   21.00      0.10     5.00  19.23    0.38     4.95    0.00      0.00     0.00   0.00    0.00     0.00    0.00    0.00    0.01   0.00


Device            r/s     rMB/s   rrqm/s  %rrqm r_await rareq-sz     w/s     wMB/s   wrqm/s  %wrqm w_await wareq-sz     d/s     dMB/s   drqm/s  %drqm d_await dareq-sz     f/s f_await  aqu-sz  %util
loop0            0.00      0.00     0.00   0.00    0.00     0.00    0.00      0.00     0.00   0.00    0.00     0.00    0.00      0.00     0.00   0.00    0.00     0.00    0.00    0.00    0.00   0.00
nvme0n1       2677.23     41.83     0.00   0.00    0.19    16.00 11364.36    275.30     0.00   0.00    0.05    24.81    0.00      0.00     0.00   0.00    0.00     0.00    0.00    0.00    1.05  55.25
sda              0.00      0.00     0.00   0.00    0.00     0.00    0.00      0.00     0.00   0.00    0.00     0.00    0.00      0.00     0.00   0.00    0.00     0.00    0.00    0.00    0.00   0.00


Device            r/s     rMB/s   rrqm/s  %rrqm r_await rareq-sz     w/s     wMB/s   wrqm/s  %wrqm w_await wareq-sz     d/s     dMB/s   drqm/s  %drqm d_await dareq-sz     f/s f_await  aqu-sz  %util
loop0            0.00      0.00     0.00   0.00    0.00     0.00    0.00      0.00     0.00   0.00    0.00     0.00    0.00      0.00     0.00   0.00    0.00     0.00    0.00    0.00    0.00   0.00
nvme0n1       3026.00     47.28     0.00   0.00    0.19    16.00 11049.00    275.71     0.00   0.00    0.05    25.55    0.00      0.00     0.00   0.00    0.00     0.00    0.00    0.00    1.12  55.50
sda              0.00      0.00     0.00   0.00    0.00     0.00    0.00      0.00     0.00   0.00    0.00     0.00    0.00      0.00     0.00   0.00    0.00     0.00    0.00    0.00    0.00   0.00


Device            r/s     rMB/s   rrqm/s  %rrqm r_await rareq-sz     w/s     wMB/s   wrqm/s  %wrqm w_await wareq-sz     d/s     dMB/s   drqm/s  %drqm d_await dareq-sz     f/s f_await  aqu-sz  %util
loop0            0.00      0.00     0.00   0.00    0.00     0.00    0.00      0.00     0.00   0.00    0.00     0.00    0.00      0.00     0.00   0.00    0.00     0.00    0.00    0.00    0.00   0.00
nvme0n1       2809.00     43.89     0.00   0.00    0.19    16.00 10883.00    268.59     4.00   0.04    0.05    25.27    0.00      0.00     0.00   0.00    0.00     0.00    0.00    0.00    1.06  52.50
sda              0.00      0.00     0.00   0.00    0.00     0.00    2.00      0.06    13.00  86.67    0.50    30.00    0.00      0.00     0.00   0.00    0.00     0.00    2.00    0.00    0.00   0.10


Device            r/s     rMB/s   rrqm/s  %rrqm r_await rareq-sz     w/s     wMB/s   wrqm/s  %wrqm w_await wareq-sz     d/s     dMB/s   drqm/s  %drqm d_await dareq-sz     f/s f_await  aqu-sz  %util
loop0            0.00      0.00     0.00   0.00    0.00     0.00    0.00      0.00     0.00   0.00    0.00     0.00    0.00      0.00     0.00   0.00    0.00     0.00    0.00    0.00    0.00   0.00
nvme0n1       2753.00     43.02     0.00   0.00    0.19    16.00 10888.00    269.87     0.00   0.00    0.05    25.38    0.00      0.00     0.00   0.00    0.00     0.00    0.00    0.00    1.06  51.90
sda              0.00      0.00     0.00   0.00    0.00     0.00    7.00      0.08     1.00  12.50    0.43    12.00    0.00      0.00     0.00   0.00    0.00     0.00    0.00    0.00    0.00   0.00


Device            r/s     rMB/s   rrqm/s  %rrqm r_await rareq-sz     w/s     wMB/s   wrqm/s  %wrqm w_await wareq-sz     d/s     dMB/s   drqm/s  %drqm d_await dareq-sz     f/s f_await  aqu-sz  %util
loop0            0.00      0.00     0.00   0.00    0.00     0.00    0.00      0.00     0.00   0.00    0.00     0.00    0.00      0.00     0.00   0.00    0.00     0.00    0.00    0.00    0.00   0.00
nvme0n1       2935.64     45.87     0.00   0.00    0.19    16.00 10015.84    248.92     0.00   0.00    0.05    25.45    0.00      0.00     0.00   0.00    0.00     0.00    0.00    0.00    1.04  52.97
sda              0.00      0.00     0.00   0.00    0.00     0.00    0.00      0.00     0.00   0.00    0.00     0.00    0.00      0.00     0.00   0.00    0.00     0.00    0.00    0.00    0.00   0.00


Device            r/s     rMB/s   rrqm/s  %rrqm r_await rareq-sz     w/s     wMB/s   wrqm/s  %wrqm w_await wareq-sz     d/s     dMB/s   drqm/s  %drqm d_await dareq-sz     f/s f_await  aqu-sz  %util
loop0            0.00      0.00     0.00   0.00    0.00     0.00    0.00      0.00     0.00   0.00    0.00     0.00    0.00      0.00     0.00   0.00    0.00     0.00    0.00    0.00    0.00   0.00
nvme0n1       3284.00     51.31     0.00   0.00    0.19    16.00 10683.00    258.02     0.00   0.00    0.05    24.73    0.00      0.00     0.00   0.00    0.00     0.00    0.00    0.00    1.13  58.60
sda              0.00      0.00     0.00   0.00    0.00     0.00    0.00      0.00     0.00   0.00    0.00     0.00    0.00      0.00     0.00   0.00    0.00     0.00    0.00    0.00    0.00   0.00


Device            r/s     rMB/s   rrqm/s  %rrqm r_await rareq-sz     w/s     wMB/s   wrqm/s  %wrqm w_await wareq-sz     d/s     dMB/s   drqm/s  %drqm d_await dareq-sz     f/s f_await  aqu-sz  %util
loop0            0.00      0.00     0.00   0.00    0.00     0.00    0.00      0.00     0.00   0.00    0.00     0.00    0.00      0.00     0.00   0.00    0.00     0.00    0.00    0.00    0.00   0.00
nvme0n1       2967.00     46.36     0.00   0.00    0.19    16.00 10864.00    269.10     0.00   0.00    0.05    25.36    0.00      0.00     0.00   0.00    0.00     0.00    0.00    0.00    1.10  54.10
sda              0.00      0.00     0.00   0.00    0.00     0.00    0.00      0.00     0.00   0.00    0.00     0.00    0.00      0.00     0.00   0.00    0.00     0.00    0.00    0.00    0.00   0.00


Device            r/s     rMB/s   rrqm/s  %rrqm r_await rareq-sz     w/s     wMB/s   wrqm/s  %wrqm w_await wareq-sz     d/s     dMB/s   drqm/s  %drqm d_await dareq-sz     f/s f_await  aqu-sz  %util
loop0            0.00      0.00     0.00   0.00    0.00     0.00    0.00      0.00     0.00   0.00    0.00     0.00    0.00      0.00     0.00   0.00    0.00     0.00    0.00    0.00    0.00   0.00
nvme0n1       3029.70     47.34     0.00   0.00    0.21    16.00 11591.09    285.78     3.96   0.03    0.06    25.25    0.00      0.00     0.00   0.00    0.00     0.00    0.00    0.00    1.31  61.09
sda              0.00      0.00     0.00   0.00    0.00     0.00    1.98      0.04     7.92  80.00    0.00    20.00    0.00      0.00     0.00   0.00    0.00     0.00    1.98    0.50    0.00   0.00


Device            r/s     rMB/s   rrqm/s  %rrqm r_await rareq-sz     w/s     wMB/s   wrqm/s  %wrqm w_await wareq-sz     d/s     dMB/s   drqm/s  %drqm d_await dareq-sz     f/s f_await  aqu-sz  %util
loop0            0.00      0.00     0.00   0.00    0.00     0.00    0.00      0.00     0.00   0.00    0.00     0.00    0.00      0.00     0.00   0.00    0.00     0.00    0.00    0.00    0.00   0.00
nvme0n1       4854.00     75.84     0.00   0.00    0.23    16.00 17977.00    454.17     0.00   0.00    0.06    25.87    0.00      0.00     0.00   0.00    0.00     0.00    0.00    0.00    2.13  74.40
sda              0.00      0.00     0.00   0.00    0.00     0.00    5.00      0.09     3.00  37.50    0.80    17.60    0.00      0.00     0.00   0.00    0.00     0.00    0.00    0.00    0.00   0.10


Device            r/s     rMB/s   rrqm/s  %rrqm r_await rareq-sz     w/s     wMB/s   wrqm/s  %wrqm w_await wareq-sz     d/s     dMB/s   drqm/s  %drqm d_await dareq-sz     f/s f_await  aqu-sz  %util
loop0            0.00      0.00     0.00   0.00    0.00     0.00    0.00      0.00     0.00   0.00    0.00     0.00    0.00      0.00     0.00   0.00    0.00     0.00    0.00    0.00    0.00   0.00
nvme0n1       1415.00     22.11     0.00   0.00    0.20    16.00 8331.00    207.74     0.00   0.00    0.05    25.53    0.00      0.00     0.00   0.00    0.00     0.00    0.00    0.00    0.73  36.60
sda              0.00      0.00     0.00   0.00    0.00     0.00    0.00      0.00     0.00   0.00    0.00     0.00    0.00      0.00     0.00   0.00    0.00     0.00    0.00    0.00    0.00   0.00


Device            r/s     rMB/s   rrqm/s  %rrqm r_await rareq-sz     w/s     wMB/s   wrqm/s  %wrqm w_await wareq-sz     d/s     dMB/s   drqm/s  %drqm d_await dareq-sz     f/s f_await  aqu-sz  %util
loop0            0.00      0.00     0.00   0.00    0.00     0.00    0.00      0.00     0.00   0.00    0.00     0.00    0.00      0.00     0.00   0.00    0.00     0.00    0.00    0.00    0.00   0.00
nvme0n1       2633.66     41.15     0.00   0.00    0.20    16.00 10264.36    258.85     0.00   0.00    0.05    25.82    0.00      0.00     0.00   0.00    0.00     0.00    0.00    0.00    1.08  52.57
sda              0.00      0.00     0.00   0.00    0.00     0.00    0.00      0.00     0.00   0.00    0.00     0.00    0.00      0.00     0.00   0.00    0.00     0.00    0.00    0.00    0.00   0.00


Device            r/s     rMB/s   rrqm/s  %rrqm r_await rareq-sz     w/s     wMB/s   wrqm/s  %wrqm w_await wareq-sz     d/s     dMB/s   drqm/s  %drqm d_await dareq-sz     f/s f_await  aqu-sz  %util
loop0            0.00      0.00     0.00   0.00    0.00     0.00    0.00      0.00     0.00   0.00    0.00     0.00    0.00      0.00     0.00   0.00    0.00     0.00    0.00    0.00    0.00   0.00
nvme0n1       2820.00     44.06     0.00   0.00    0.20    16.00 10195.00    246.80     0.00   0.00    0.05    24.79    0.00      0.00     0.00   0.00    0.00     0.00    0.00    0.00    1.09  55.90
sda              0.00      0.00     0.00   0.00    0.00     0.00    0.00      0.00     0.00   0.00    0.00     0.00    0.00      0.00     0.00   0.00    0.00     0.00    0.00    0.00    0.00   0.00


Device            r/s     rMB/s   rrqm/s  %rrqm r_await rareq-sz     w/s     wMB/s   wrqm/s  %wrqm w_await wareq-sz     d/s     dMB/s   drqm/s  %drqm d_await dareq-sz     f/s f_await  aqu-sz  %util
loop0            0.00      0.00     0.00   0.00    0.00     0.00    0.00      0.00     0.00   0.00    0.00     0.00    0.00      0.00     0.00   0.00    0.00     0.00    0.00    0.00    0.00   0.00
nvme0n1       2912.00     45.50     0.00   0.00    0.20    16.00 9911.00    244.34     4.00   0.04    0.05    25.25    0.00      0.00     0.00   0.00    0.00     0.00    0.00    0.00    1.11  56.00
sda              0.00      0.00     0.00   0.00    0.00     0.00    2.00      0.03     5.00  71.43    0.50    14.00    0.00      0.00     0.00   0.00    0.00     0.00    2.00    0.00    0.00   0.10


Device            r/s     rMB/s   rrqm/s  %rrqm r_await rareq-sz     w/s     wMB/s   wrqm/s  %wrqm w_await wareq-sz     d/s     dMB/s   drqm/s  %drqm d_await dareq-sz     f/s f_await  aqu-sz  %util
loop0            0.00      0.00     0.00   0.00    0.00     0.00    0.00      0.00     0.00   0.00    0.00     0.00    0.00      0.00     0.00   0.00    0.00     0.00    0.00    0.00    0.00   0.00
nvme0n1       2890.00     45.16     0.00   0.00    0.20    16.00 10220.00    251.52     0.00   0.00    0.05    25.20    0.00      0.00     0.00   0.00    0.00     0.00    0.00    0.00    1.13  54.90
sda              0.00      0.00     0.00   0.00    0.00     0.00    0.00      0.00     0.00   0.00    0.00     0.00    0.00      0.00     0.00   0.00    0.00     0.00    0.00    0.00    0.00   0.00


Device            r/s     rMB/s   rrqm/s  %rrqm r_await rareq-sz     w/s     wMB/s   wrqm/s  %wrqm w_await wareq-sz     d/s     dMB/s   drqm/s  %drqm d_await dareq-sz     f/s f_await  aqu-sz  %util
loop0            0.00      0.00     0.00   0.00    0.00     0.00    0.00      0.00     0.00   0.00    0.00     0.00    0.00      0.00     0.00   0.00    0.00     0.00    0.00    0.00    0.00   0.00
nvme0n1       3252.00     50.81     0.00   0.00    0.20    16.00 10567.00    261.16     0.00   0.00    0.05    25.31    0.00      0.00     0.00   0.00    0.00     0.00    0.00    0.00    1.21  60.90
sda              0.00      0.00     0.00   0.00    0.00     0.00    6.00      0.08     3.00  33.33    0.50    13.33    0.00      0.00     0.00   0.00    0.00     0.00    0.00    0.00    0.00   0.00


Device            r/s     rMB/s   rrqm/s  %rrqm r_await rareq-sz     w/s     wMB/s   wrqm/s  %wrqm w_await wareq-sz     d/s     dMB/s   drqm/s  %drqm d_await dareq-sz     f/s f_await  aqu-sz  %util
loop0            0.00      0.00     0.00   0.00    0.00     0.00    0.00      0.00     0.00   0.00    0.00     0.00    0.00      0.00     0.00   0.00    0.00     0.00    0.00    0.00    0.00   0.00
nvme0n1       3018.81     47.17     0.00   0.00    0.20    16.00 10623.76    262.27     0.00   0.00    0.05    25.28    0.00      0.00     0.00   0.00    0.00     0.00    0.00    0.00    1.18  59.11
sda              0.00      0.00     0.00   0.00    0.00     0.00    0.00      0.00     0.00   0.00    0.00     0.00    0.00      0.00     0.00   0.00    0.00     0.00    0.00    0.00    0.00   0.00


Device            r/s     rMB/s   rrqm/s  %rrqm r_await rareq-sz     w/s     wMB/s   wrqm/s  %wrqm w_await wareq-sz     d/s     dMB/s   drqm/s  %drqm d_await dareq-sz     f/s f_await  aqu-sz  %util
loop0            0.00      0.00     0.00   0.00    0.00     0.00    0.00      0.00     0.00   0.00    0.00     0.00    0.00      0.00     0.00   0.00    0.00     0.00    0.00    0.00    0.00   0.00
nvme0n1       2873.00     44.89     0.00   0.00    0.20    16.00 10067.00    246.50     0.00   0.00    0.05    25.07    0.00      0.00     0.00   0.00    0.00     0.00    0.00    0.00    1.12  56.80
sda              0.00      0.00     0.00   0.00    0.00     0.00    0.00      0.00     0.00   0.00    0.00     0.00    0.00      0.00     0.00   0.00    0.00     0.00    0.00    0.00    0.00   0.00


Device            r/s     rMB/s   rrqm/s  %rrqm r_await rareq-sz     w/s     wMB/s   wrqm/s  %wrqm w_await wareq-sz     d/s     dMB/s   drqm/s  %drqm d_await dareq-sz     f/s f_await  aqu-sz  %util
loop0            0.00      0.00     0.00   0.00    0.00     0.00    0.00      0.00     0.00   0.00    0.00     0.00    0.00      0.00     0.00   0.00    0.00     0.00    0.00    0.00    0.00   0.00
nvme0n1       2918.00     45.59     0.00   0.00    0.21    16.00 10782.00    264.21     4.00   0.04    0.06    25.09    0.00      0.00     0.00   0.00    0.00     0.00    0.00    0.00    1.21  59.00
sda              0.00      0.00     0.00   0.00    0.00     0.00    2.00      0.05    12.00  85.71    0.00    28.00    0.00      0.00     0.00   0.00    0.00     0.00    2.00    0.00    0.00   0.10


Device            r/s     rMB/s   rrqm/s  %rrqm r_await rareq-sz     w/s     wMB/s   wrqm/s  %wrqm w_await wareq-sz     d/s     dMB/s   drqm/s  %drqm d_await dareq-sz     f/s f_await  aqu-sz  %util
loop0            0.00      0.00     0.00   0.00    0.00     0.00    0.00      0.00     0.00   0.00    0.00     0.00    0.00      0.00     0.00   0.00    0.00     0.00    0.00    0.00    0.00   0.00
nvme0n1       3658.00     57.16     0.00   0.00    0.23    16.00 13273.00    332.47     0.00   0.00    0.06    25.65    0.00      0.00     0.00   0.00    0.00     0.00    0.00    0.00    1.69  66.90
sda              0.00      0.00     0.00   0.00    0.00     0.00    0.00      0.00     0.00   0.00    0.00     0.00    0.00      0.00     0.00   0.00    0.00     0.00    0.00    0.00    0.00   0.00


Device            r/s     rMB/s   rrqm/s  %rrqm r_await rareq-sz     w/s     wMB/s   wrqm/s  %wrqm w_await wareq-sz     d/s     dMB/s   drqm/s  %drqm d_await dareq-sz     f/s f_await  aqu-sz  %util
loop0            0.00      0.00     0.00   0.00    0.00     0.00    0.00      0.00     0.00   0.00    0.00     0.00    0.00      0.00     0.00   0.00    0.00     0.00    0.00    0.00    0.00   0.00
nvme0n1       4066.00     63.53     0.00   0.00    0.23    16.00 12845.00    313.21     0.00   0.00    0.06    24.97    0.00      0.00     0.00   0.00    0.00     0.00    0.00    0.00    1.67  76.10
sda              0.00      0.00     0.00   0.00    0.00     0.00    7.00      0.09     2.00  22.22    0.71    12.57    0.00      0.00     0.00   0.00    0.00     0.00    0.00    0.00    0.01   0.10


Device            r/s     rMB/s   rrqm/s  %rrqm r_await rareq-sz     w/s     wMB/s   wrqm/s  %wrqm w_await wareq-sz     d/s     dMB/s   drqm/s  %drqm d_await dareq-sz     f/s f_await  aqu-sz  %util
loop0            0.00      0.00     0.00   0.00    0.00     0.00    0.00      0.00     0.00   0.00    0.00     0.00    0.00      0.00     0.00   0.00    0.00     0.00    0.00    0.00    0.00   0.00
nvme0n1       4449.00     69.52     0.00   0.00    0.25    16.00 13799.00    341.57     0.00   0.00    0.07    25.35    0.00      0.00     0.00   0.00    0.00     0.00    0.00    0.00    2.01  83.40
sda              0.00      0.00     0.00   0.00    0.00     0.00    0.00      0.00     0.00   0.00    0.00     0.00    0.00      0.00     0.00   0.00    0.00     0.00    0.00    0.00    0.00   0.00


Device            r/s     rMB/s   rrqm/s  %rrqm r_await rareq-sz     w/s     wMB/s   wrqm/s  %wrqm w_await wareq-sz     d/s     dMB/s   drqm/s  %drqm d_await dareq-sz     f/s f_await  aqu-sz  %util
loop0            0.00      0.00     0.00   0.00    0.00     0.00    0.00      0.00     0.00   0.00    0.00     0.00    0.00      0.00     0.00   0.00    0.00     0.00    0.00    0.00    0.00   0.00
nvme0n1       5979.00     93.42     0.00   0.00    0.25    16.00 17246.00    422.57     0.00   0.00    0.07    25.09    0.00      0.00     0.00   0.00    0.00     0.00    0.00    0.00    2.64  89.70
sda              0.00      0.00     0.00   0.00    0.00     0.00    0.00      0.00     0.00   0.00    0.00     0.00    0.00      0.00     0.00   0.00    0.00     0.00    0.00    0.00    0.00   0.00


Device            r/s     rMB/s   rrqm/s  %rrqm r_await rareq-sz     w/s     wMB/s   wrqm/s  %wrqm w_await wareq-sz     d/s     dMB/s   drqm/s  %drqm d_await dareq-sz     f/s f_await  aqu-sz  %util
loop0            0.00      0.00     0.00   0.00    0.00     0.00    0.00      0.00     0.00   0.00    0.00     0.00    0.00      0.00     0.00   0.00    0.00     0.00    0.00    0.00    0.00   0.00
nvme0n1       7354.00    114.91     0.00   0.00    0.19    16.00 13876.00    322.66     4.00   0.03    0.05    23.81    0.00      0.00     0.00   0.00    0.00     0.00    0.00    0.00    2.12  87.00
sda              0.00      0.00     0.00   0.00    0.00     0.00    2.00      0.05    10.00  83.33    0.00    24.00    0.00      0.00     0.00   0.00    0.00     0.00    2.00    0.00    0.00   0.00


Device            r/s     rMB/s   rrqm/s  %rrqm r_await rareq-sz     w/s     wMB/s   wrqm/s  %wrqm w_await wareq-sz     d/s     dMB/s   drqm/s  %drqm d_await dareq-sz     f/s f_await  aqu-sz  %util
loop0            0.00      0.00     0.00   0.00    0.00     0.00    0.00      0.00     0.00   0.00    0.00     0.00    0.00      0.00     0.00   0.00    0.00     0.00    0.00    0.00    0.00   0.00
nvme0n1       8768.00    137.00     0.00   0.00    0.20    16.00 19388.00    474.23     0.00   0.00    0.05    25.05    0.00      0.00     0.00   0.00    0.00     0.00    0.00    0.00    2.78  94.50
sda              0.00      0.00     0.00   0.00    0.00     0.00    0.00      0.00     0.00   0.00    0.00     0.00    0.00      0.00     0.00   0.00    0.00     0.00    0.00    0.00    0.00   0.00

